\OBJNAME = '1SWASP J000119.59-733037.9'
\OBSSTART = '2006-05-11T04:14:48'
\OBSSTOP = '2007-12-12T19:39:43'
\TSTART = 74405757
\TSTOP = 124573037
\JD_REF = 2453005.5
\RA_OBJ = '0.331625'
\DEC_OBJ = '-73.510542'
\WASP_MAG = 14.11392
\HJD_START = 2453866.677743
\HJD_STOP = 2454447.317558
\fixlen = T
\NUMRECORDS = 364
\
\ This file was produced by the NASA Exoplanet Archive  http://exoplanetarchive.ipac.caltech.edu 
\ Wed Sep 18, 20:26:32 2013
\ Documentation for the SuperWASP dataset can be found at http://exoplanetarchive.ipac.caltech.edu/docs/SuperWASPMission.html
\
|TMID      |FLUX2         |FLUX2_ERR     |TAMFLUX2      |TAMFLUX2_ERR  |IMAGEID           |CCDX      |CCDY      |FLAG |           HJD|         MAG2|     MAG2_ERR|      TAMMAG2|  TAMMAG2_ERR|
|int       |float         |float         |float         |float         |char              |int       |int       |int  |        double|        float|        float|        float|        float|
|sec       |micro Vega    |micro Vega    |micro Vega    |micro Vega    |                  |1/16 pixel|1/16 pixel|     |           day|          mag|          mag|          mag|          mag|
|null      |null          |null          |null          |null          |null              |null      |null      |null |          null|         null|         null|         null|         null|
   74405757   2.856906e+00   2.106843e-01   2.856906e+00   2.106843e-01 223200605110414480       4755       5978     0 2453866.677743  1.386026e+01  8.006858e-02  1.386026e+01  8.006858e-02 
   74405810   2.633875e+00   2.291522e-01   2.633875e+00   2.291522e-01 223200605110415410       4760       5975     0 2453866.678356  1.394851e+01  9.446149e-02  1.394851e+01  9.446149e-02 
   74405894   2.408495e+00   2.579926e-01   2.408495e+00   2.579926e-01 223200605110417040       4765       5973     0 2453866.679329  1.404564e+01  1.163020e-01  1.404564e+01  1.163020e-01 
   74405959   2.953687e+00   2.904500e-01   2.953687e+00   2.904500e-01 223200605110418100       4774       5949     0 2453866.680081  1.382409e+01  1.067659e-01  1.382409e+01  1.067659e-01 
   74491870   2.582064e+00   2.290552e-01   2.582064e+00   2.290552e-01 223200605120409570       4780       5912     0 2453867.674421  1.397008e+01  9.631611e-02  1.397008e+01  9.631611e-02 
   74492008   2.720535e+00   2.412059e-01   2.720535e+00   2.412059e-01 223200605120412150       4789       5908     0 2453867.676019  1.391336e+01  9.626301e-02  1.391336e+01  9.626301e-02 
   74492061   2.723840e+00   2.514572e-01   2.723840e+00   2.514572e-01 223200605120413070       4791       5907     0 2453867.676632  1.391205e+01  1.002325e-01  1.391205e+01  1.002325e-01 
   74750393   2.465775e+00   3.265802e-01   2.465775e+00   3.265802e-01 223200605150358270       4777       5915     0 2453870.666586  1.402012e+01  1.438011e-01  1.402012e+01  1.438011e-01 
   74750453   3.065051e+00   3.259673e-01   3.065051e+00   3.259673e-01 223200605150359270       4782       5910     0 2453870.667280  1.378391e+01  1.154682e-01  1.378391e+01  1.154682e-01 
   74750507   2.631212e+00   3.258602e-01   2.631212e+00   3.258602e-01 223200605150400210       4786       5910     0 2453870.667905  1.394961e+01  1.344626e-01  1.394961e+01  1.344626e-01 
   74750566   2.841663e+00   3.261171e-01   2.841663e+00   3.261171e-01 223200605150401200       4788       5908     0 2453870.668588  1.386607e+01  1.246025e-01  1.386607e+01  1.246025e-01 
   75613653   2.094248e+00   1.211046e-01   2.094248e+00   1.211046e-01 223200605250345300       4853       5923     0 2453880.658021  1.419743e+01  6.278538e-02  1.419743e+01  6.278538e-02 
   75613716   2.153114e+00   1.206117e-01   2.153114e+00   1.206117e-01 223200605250346340       4864       5896     0 2453880.658750  1.416733e+01  6.082028e-02  1.416733e+01  6.082028e-02 
   75613774   2.183769e+00   1.207145e-01   2.183769e+00   1.207145e-01 223200605250347310       4867       5895     0 2453880.659421  1.415198e+01  6.001759e-02  1.415198e+01  6.001759e-02 
   75613842   2.068600e+00   1.186282e-01   2.068600e+00   1.186282e-01 223200605250348400       4863       5916     0 2453880.660208  1.421081e+01  6.226402e-02  1.421081e+01  6.226402e-02 
   75700108   2.103194e+00   1.189815e-01   2.103194e+00   1.189815e-01 223200605260346210       4873       5913     0 2453881.658657  1.419280e+01  6.142228e-02  1.419280e+01  6.142228e-02 
   75700171   1.923838e+00   1.164427e-01   1.923838e+00   1.164427e-01 223200605260347250       4881       5884     0 2453881.659387  1.428958e+01  6.571580e-02  1.428958e+01  6.571580e-02 
   75700238   2.121235e+00   1.155840e-01   2.121235e+00   1.155840e-01 223200605260348310       4879       5906     0 2453881.660162  1.418353e+01  5.916087e-02  1.418353e+01  5.916087e-02 
   75700307   2.036629e+00   1.167680e-01   2.036629e+00   1.167680e-01 223200605260349400       4886       5878     0 2453881.660961  1.422772e+01  6.224976e-02  1.422772e+01  6.224976e-02 
   76132327   2.089350e+00   9.871908e-02   2.089350e+00   9.871908e-02 223200605310349440       4936       5884     0 2453886.661192  1.419997e+01  5.129981e-02  1.419997e+01  5.129981e-02 
   76132394   1.969816e+00   9.645754e-02   1.969816e+00   9.645754e-02 223200605310350510       4944       5855     0 2453886.661968  1.426394e+01  5.316630e-02  1.426394e+01  5.316630e-02 
   76132443   1.908704e+00   9.670241e-02   1.908704e+00   9.670241e-02 223200605310351390       4945       5854     0 2453886.662535  1.429815e+01  5.500783e-02  1.429815e+01  5.500783e-02 
   76132505   2.156053e+00   9.841868e-02   2.156053e+00   9.841868e-02 223200605310352410       4948       5852     0 2453886.663252  1.416585e+01  4.956144e-02  1.416585e+01  4.956144e-02 
   76218798   2.035234e+00   1.015230e-01   2.035234e+00   1.015230e-01 223200606010350510       4955       5847     0 2453887.662014  1.422846e+01  5.415965e-02  1.422846e+01  5.415965e-02 
   76218866   1.984648e+00   1.011121e-01   1.984648e+00   1.011121e-01 223200606010351580       4953       5867     0 2453887.662801  1.425579e+01  5.531531e-02  1.425579e+01  5.531531e-02 
   76218936   2.030783e+00   1.011578e-01   2.030783e+00   1.011578e-01 223200606010353090       4957       5865     0 2453887.663611  1.423084e+01  5.408312e-02  1.423084e+01  5.408312e-02 
   76219022   2.043013e+00   1.009919e-01   2.043013e+00   1.009919e-01 223200606010354350       4965       5839     0 2453887.664606  1.422432e+01  5.367119e-02  1.422432e+01  5.367119e-02 
   76478203   2.001136e+00   1.082530e-01   2.001136e+00   1.082530e-01 223200606040354060       4966       5839     0 2453890.664387  1.424681e+01  5.873394e-02  1.424681e+01  5.873394e-02 
   76478276   2.073410e+00   1.096082e-01   2.073410e+00   1.096082e-01 223200606040355190       4965       5859     0 2453890.665231  1.420829e+01  5.739630e-02  1.420829e+01  5.739630e-02 
   76478352   1.799166e+00   1.092437e-01   1.799166e+00   1.092437e-01 223200606040356360       4973       5831     0 2453890.666111  1.436232e+01  6.592515e-02  1.436232e+01  6.592515e-02 
   76478405   2.097243e+00   1.098187e-01   2.097243e+00   1.098187e-01 223200606040357280       4975       5829     0 2453890.666725  1.419588e+01  5.685301e-02  1.419588e+01  5.685301e-02 
   76564546   2.138072e+00   2.592330e-01   2.138072e+00   2.592330e-01 223200606050353060       4992       5823     0 2453891.663727  1.417494e+01  1.316418e-01  1.417494e+01  1.316418e-01 
   76564605   1.843567e+00   2.567403e-01   1.843567e+00   2.567403e-01 223200606050354050       4997       5822     0 2453891.664410  1.433585e+01  1.512032e-01  1.433585e+01  1.512032e-01 
   76650917   1.963696e+00   9.750757e-02   1.963696e+00   9.750757e-02 223200606060352330       4981       5819     0 2453892.663391  1.426731e+01  5.391254e-02  1.426731e+01  5.391254e-02 
   76651051   1.995176e+00   1.005773e-01   1.995176e+00   1.005773e-01 223200606060354480       4987       5818     0 2453892.664942  1.425005e+01  5.473240e-02  1.425005e+01  5.473240e-02 
   76651107   1.902410e+00   9.918824e-02   1.902410e+00   9.918824e-02 223200606060355430       4990       5815     0 2453892.665590  1.430174e+01  5.660852e-02  1.430174e+01  5.660852e-02 
   76651183   1.938863e+00   9.868973e-02   1.938863e+00   9.868973e-02 223200606060357000       4987       5836     0 2453892.666470  1.428113e+01  5.526505e-02  1.428113e+01  5.526505e-02 
   76737411   2.019525e+00   1.032321e-01   2.019525e+00   1.032321e-01 223200606070354040       4991       5822     0 2453893.664479  1.423688e+01  5.549979e-02  1.423688e+01  5.549979e-02 
   76737464   1.959412e+00   1.019397e-01   1.959412e+00   1.019397e-01 223200606070354570       4994       5819     0 2453893.665093  1.426969e+01  5.648631e-02  1.426969e+01  5.648631e-02 
   76737519   1.850988e+00   1.019351e-01   1.850988e+00   1.019351e-01 223200606070355530       4995       5817     0 2453893.665729  1.433149e+01  5.979237e-02  1.433149e+01  5.979237e-02 
   76737575   2.069231e+00   1.029841e-01   2.069231e+00   1.029841e-01 223200606070356480       4997       5816     0 2453893.666377  1.421048e+01  5.403651e-02  1.421048e+01  5.403651e-02 
   76823801   1.984769e+00   1.019414e-01   1.984769e+00   1.019414e-01 223200606080353510       5017       5820     0 2453894.664363  1.425572e+01  5.576565e-02  1.425572e+01  5.576565e-02 
   76823860   2.014687e+00   1.029122e-01   2.014687e+00   1.029122e-01 223200606080354510       5020       5817     0 2453894.665046  1.423948e+01  5.546069e-02  1.423948e+01  5.546069e-02 
   76823919   2.120208e+00   1.034622e-01   2.120208e+00   1.034622e-01 223200606080355500       5022       5815     0 2453894.665729  1.418405e+01  5.298208e-02  1.418405e+01  5.298208e-02 
   76824005   1.964186e+00   1.024871e-01   1.964186e+00   1.024871e-01 223200606080357160       5020       5835     0 2453894.666725  1.426704e+01  5.665166e-02  1.426704e+01  5.665166e-02 
   76910227   1.860099e+00   9.827592e-02   1.860099e+00   9.827592e-02 223200606090354140       5013       5807     0 2453895.664664  1.432616e+01  5.736366e-02  1.432616e+01  5.736366e-02 
   76910281   1.873426e+00   9.869261e-02   1.873426e+00   9.869261e-02 223200606090355080       5015       5805     0 2453895.665289  1.431841e+01  5.719708e-02  1.431841e+01  5.719708e-02 
   76910365   2.108851e+00   1.000085e-01   2.108851e+00   1.000085e-01 223200606090356320       5013       5825     0 2453895.666262  1.418989e+01  5.148928e-02  1.418989e+01  5.148928e-02 
   76910437   1.905170e+00   9.873356e-02   1.905170e+00   9.873356e-02 223200606090357440       5020       5800     0 2453895.667095  1.430017e+01  5.626741e-02  1.430017e+01  5.626741e-02 
   76996582   2.790622e+00   2.098859e-01   2.790622e+00   2.098859e-01 223200606100353270       5018       5808     0 2453896.664144  1.388575e+01  8.165974e-02  1.388575e+01  8.165974e-02 
   76996647   2.631160e+00   2.054663e-01   2.631160e+00   2.054663e-01 223200606100354320       5022       5804     0 2453896.664896  1.394963e+01  8.478504e-02  1.394963e+01  8.478504e-02 
   76996708   2.396993e+00   2.036555e-01   2.396993e+00   2.036555e-01 223200606100355320       5024       5802     0 2453896.665602  1.405083e+01  9.224762e-02  1.405083e+01  9.224762e-02 
   76996763   2.638646e+00   2.030071e-01   2.638646e+00   2.030071e-01 223200606100356270       5026       5801     0 2453896.666238  1.394655e+01  8.353259e-02  1.394655e+01  8.353259e-02 
   77083002   2.818211e+00   3.585210e-01   2.818211e+00   3.585210e-01 223200606110353440       5031       5796     0 2453897.664375  1.387507e+01  1.381233e-01  1.387507e+01  1.381233e-01 
   77083079   2.226129e+00   3.560272e-01   2.226129e+00   3.560272e-01 223200606110355000       5030       5817     0 2453897.665266  1.413112e+01  1.736436e-01  1.413112e+01  1.736436e-01 
   77083160   2.989897e+00   3.495109e-01   2.989897e+00   3.495109e-01 223200606110356210       5037       5790     0 2453897.666204  1.381086e+01  1.269201e-01  1.381086e+01  1.269201e-01 
   77083214   2.670192e+00   3.505003e-01   2.670192e+00   3.505003e-01 223200606110357160       5038       5788     0 2453897.666829  1.393364e+01  1.425186e-01  1.393364e+01  1.425186e-01 
   77169268   2.437655e+00   4.471942e-01   2.437655e+00   4.471942e-01 223200606120351270       5029       5814     0 2453898.662824  1.403257e+01  1.991819e-01  1.403257e+01  1.991819e-01 
   77169448   2.675596e+00   4.439183e-01   2.675596e+00   4.439183e-01 223200606120354260       5040       5783     0 2453898.664907  1.393145e+01  1.801392e-01  1.393145e+01  1.801392e-01 
   77514693   1.412511e+00   2.035445e+00   1.412511e+00   2.035445e+00 223200606160348210       5039       5755     0 2453902.660799  1.462502e+01  1.564564e+00  1.462502e+01  1.564564e+00 
   77514758   3.784635e+00   2.581608e+00   3.784635e+00   2.581608e+00 223200606160349260       5041       5752     0 2453902.661551  1.355494e+01  7.406145e-01  1.355494e+01  7.406145e-01 
   77601378   2.380887e+00   1.796294e-01   2.380887e+00   1.796294e-01 223200606170353030       5053       5738     0 2453903.664097  1.405815e+01  8.191518e-02  1.405815e+01  8.191518e-02 
   77601448   2.177391e+00   1.784011e-01   2.177391e+00   1.784011e-01 223200606170354120       5050       5759     0 2453903.664907  1.415516e+01  8.895840e-02  1.415516e+01  8.895840e-02 
   77601518   2.300868e+00   1.776466e-01   2.300868e+00   1.776466e-01 223200606170355220       5051       5757     0 2453903.665718  1.409527e+01  8.382838e-02  1.409527e+01  8.382838e-02 
   77601575   2.315046e+00   1.774426e-01   2.315046e+00   1.774426e-01 223200606170356190       5058       5731     0 2453903.666377  1.408860e+01  8.321933e-02  1.408860e+01  8.321933e-02 
   77687722   2.160337e+00   1.508801e-01   2.160337e+00   1.508801e-01 223200606180352030       5073       5732     0 2453904.663449  1.416370e+01  7.582916e-02  1.416370e+01  7.582916e-02 
   77687765   2.480784e+00   1.514134e-01   2.480784e+00   1.514134e-01 223200606180352470       5074       5730     0 2453904.663947  1.401353e+01  6.626760e-02  1.401353e+01  6.626760e-02 
   77687833   2.238241e+00   1.505451e-01   2.238241e+00   1.505451e-01 223200606180353550       5076       5729     0 2453904.664734  1.412523e+01  7.302735e-02  1.412523e+01  7.302735e-02 
   77687884   2.181562e+00   1.502265e-01   2.181562e+00   1.502265e-01 223200606180354460       5077       5727     0 2453904.665324  1.415308e+01  7.476614e-02  1.415308e+01  7.476614e-02 
   77774358   2.132158e+00   1.257728e-01   2.132158e+00   1.257728e-01 223200606190355570       5118       5712     0 2453905.666181  1.417795e+01  6.404616e-02  1.417795e+01  6.404616e-02 
   77774414   2.271636e+00   1.259459e-01   2.271636e+00   1.259459e-01 223200606190356530       5118       5712     0 2453905.666829  1.410915e+01  6.019646e-02  1.410915e+01  6.019646e-02 
   77774476   2.258850e+00   1.256677e-01   2.258850e+00   1.256677e-01 223200606190357560       5118       5711     0 2453905.667546  1.411528e+01  6.040349e-02  1.411528e+01  6.040349e-02 
   77774541   2.314994e+00   1.273670e-01   2.314994e+00   1.273670e-01 223200606190359000       5112       5735     0 2453905.668299  1.408863e+01  5.973557e-02  1.408863e+01  5.973557e-02 
   77860772   2.173823e+00   1.101808e-01   2.173823e+00   1.101808e-01 223200606200356080       5102       5707     0 2453906.666343  1.415694e+01  5.503102e-02  1.415694e+01  5.503102e-02 
   77860831   2.094948e+00   1.101057e-01   2.094948e+00   1.101057e-01 223200606200357080       5103       5706     0 2453906.667025  1.419707e+01  5.706403e-02  1.419707e+01  5.706403e-02 
   77860895   2.065313e+00   1.095716e-01   2.065313e+00   1.095716e-01 223200606200358110       5103       5706     0 2453906.667766  1.421253e+01  5.760204e-02  1.421253e+01  5.760204e-02 
   77860960   2.214616e+00   1.108167e-01   2.214616e+00   1.108167e-01 223200606200359170       5096       5731     0 2453906.668519  1.413675e+01  5.432913e-02  1.413675e+01  5.432913e-02 
   77947082   2.082756e+00   1.142951e-01   2.082756e+00   1.142951e-01 223200606210354360       5097       5705     0 2453907.665301  1.420340e+01  5.958197e-02  1.420340e+01  5.958197e-02 
   77947136   2.045594e+00   1.139035e-01   2.045594e+00   1.139035e-01 223200606210355300       5097       5707     0 2453907.665926  1.422295e+01  6.045656e-02  1.422295e+01  6.045656e-02 
   77947214   2.060152e+00   1.138650e-01   2.060152e+00   1.138650e-01 223200606210356480       5092       5729     0 2453907.666829  1.421525e+01  6.000908e-02  1.421525e+01  6.000908e-02 
   77947281   2.142124e+00   1.141525e-01   2.142124e+00   1.141525e-01 223200606210357550       5097       5706     0 2453907.667604  1.417289e+01  5.785845e-02  1.417289e+01  5.785845e-02 
   78119992   1.653960e+00   9.728613e-02   1.653960e+00   9.728613e-02 223200606230356210       5088       5686     0 2453909.666574  1.445369e+01  6.386338e-02  1.445369e+01  6.386338e-02 
   78120046   1.845693e+00   9.775147e-02   1.845693e+00   9.775147e-02 223200606230357150       5088       5687     0 2453909.667199  1.433460e+01  5.750290e-02  1.433460e+01  5.750290e-02 
   78120194   1.903821e+00   9.766590e-02   1.903821e+00   9.766590e-02 223200606230359440       5085       5694     0 2453909.668912  1.430093e+01  5.569841e-02  1.430093e+01  5.569841e-02 
   78120256   1.717727e+00   9.754536e-02   1.717727e+00   9.754536e-02 223200606230400460       5087       5673     0 2453909.669630  1.441261e+01  6.165643e-02  1.441261e+01  6.165643e-02 
   78206451   2.045433e+00   1.052813e-01   2.045433e+00   1.052813e-01 223200606240357190       5107       5671     0 2453910.667257  1.422304e+01  5.588456e-02  1.422304e+01  5.588456e-02 
   78206510   1.867860e+00   1.029622e-01   1.867860e+00   1.029622e-01 223200606240358180       5104       5675     0 2453910.667940  1.432164e+01  5.984934e-02  1.432164e+01  5.984934e-02 
   78206585   2.010170e+00   1.039419e-01   2.010170e+00   1.039419e-01 223200606240359320       5094       5703     0 2453910.668808  1.424192e+01  5.614146e-02  1.424192e+01  5.614146e-02 
   78206644   1.959398e+00   1.045790e-01   1.959398e+00   1.045790e-01 223200606240400310       5090       5689     0 2453910.669491  1.426969e+01  5.794924e-02  1.426969e+01  5.794924e-02 
   78292890   1.767695e+00   9.496730e-02   1.767695e+00   9.496730e-02 223200606250357560       5109       5654     0 2453911.667708  1.438148e+01  5.833007e-02  1.438148e+01  5.833007e-02 
   78292944   1.834595e+00   9.348346e-02   1.834595e+00   9.348346e-02 223200606250358490       5102       5662     0 2453911.668333  1.434115e+01  5.532487e-02  1.434115e+01  5.532487e-02 
   78292995   1.949440e+00   9.555875e-02   1.949440e+00   9.555875e-02 223200606250359400       5092       5675     0 2453911.668924  1.427522e+01  5.322140e-02  1.427522e+01  5.322140e-02 
   78293057   1.803324e+00   9.564528e-02   1.803324e+00   9.564528e-02 223200606250400430       5093       5674     0 2453911.669641  1.435982e+01  5.758584e-02  1.435982e+01  5.758584e-02 
   78724958   1.915992e+00   9.692062e-02   1.915992e+00   9.692062e-02 223200606300358520       5114       5656     0 2453916.668495  1.429402e+01  5.492224e-02  1.429402e+01  5.492224e-02 
   78725035   1.975195e+00   9.553114e-02   1.975195e+00   9.553114e-02 223200606300400090       5122       5629     0 2453916.669387  1.426097e+01  5.251228e-02  1.426097e+01  5.251228e-02 
   78725082   1.741452e+00   9.539974e-02   1.741452e+00   9.539974e-02 223200606300400570       5123       5627     0 2453916.669931  1.439772e+01  5.947869e-02  1.439772e+01  5.947869e-02 
   78725146   1.974238e+00   9.691185e-02   1.974238e+00   9.691185e-02 223200606300402000       5124       5625     0 2453916.670671  1.426150e+01  5.329705e-02  1.426150e+01  5.329705e-02 
   78811394   1.893962e+00   1.010102e-01   1.893962e+00   1.010102e-01 223200607010359260       5115       5622     0 2453917.668912  1.430657e+01  5.790552e-02  1.430657e+01  5.790552e-02 
   78811473   2.061144e+00   1.012410e-01   2.061144e+00   1.012410e-01 223200607010400450       5112       5642     0 2453917.669826  1.421473e+01  5.333031e-02  1.421473e+01  5.333031e-02 
   78811538   1.877612e+00   9.879995e-02   1.877612e+00   9.879995e-02 223200607010401510       5118       5616     0 2453917.670579  1.431599e+01  5.713164e-02  1.431599e+01  5.713164e-02 
   78811589   1.937504e+00   9.949633e-02   1.937504e+00   9.949633e-02 223200607010402420       5119       5614     0 2453917.671169  1.428189e+01  5.575582e-02  1.428189e+01  5.575582e-02 
   78897917   1.591894e+00   2.891077e-01   1.591894e+00   2.891077e-01 223200607020401280       5128       5608     0 2453918.670336  1.449521e+01  1.971839e-01  1.449521e+01  1.971839e-01 
   78897990   1.844615e+00   1.668891e-01   1.844615e+00   1.668891e-01 223200607020402420       5122       5628     0 2453918.671181  1.433524e+01  9.823093e-02  1.433524e+01  9.823093e-02 
   78984206   1.897446e+00   9.381936e-02   1.897446e+00   9.381936e-02 223200607030359350       5134       5598     0 2453919.669051  1.430458e+01  5.368451e-02  1.430458e+01  5.368451e-02 
   78984260   1.824757e+00   9.310617e-02   1.824757e+00   9.310617e-02 223200607030400290       5136       5595     0 2453919.669676  1.434699e+01  5.539866e-02  1.434699e+01  5.539866e-02 
   78984318   1.912837e+00   9.388398e-02   1.912837e+00   9.388398e-02 223200607030401270       5137       5593     0 2453919.670347  1.429580e+01  5.328922e-02  1.429580e+01  5.328922e-02 
   78984373   1.769823e+00   9.385083e-02   1.769823e+00   9.385083e-02 223200607030402220       5137       5591     0 2453919.670984  1.438018e+01  5.757504e-02  1.438018e+01  5.757504e-02 
   79070530   1.936635e+00   9.461938e-02   1.936635e+00   9.461938e-02 223200607040358180       5130       5577     0 2453920.668171  1.428238e+01  5.304666e-02  1.428238e+01  5.304666e-02 
   79070576   1.888562e+00   9.441981e-02   1.888562e+00   9.441981e-02 223200607040359040       5132       5575     0 2453920.668704  1.430967e+01  5.428224e-02  1.430967e+01  5.428224e-02 
   79070642   1.844422e+00   9.488793e-02   1.844422e+00   9.488793e-02 223200607040400090       5133       5573     0 2453920.669468  1.433535e+01  5.585686e-02  1.433535e+01  5.585686e-02 
   79070694   2.017719e+00   9.544466e-02   2.017719e+00   9.544466e-02 223200607040401020       5133       5571     0 2453920.670069  1.423785e+01  5.135902e-02  1.423785e+01  5.135902e-02 
   79415958   1.927800e+00   9.558187e-02   1.927800e+00   9.558187e-02 223200607080355190       5128       5561     0 2453924.666181  1.428734e+01  5.383186e-02  1.428734e+01  5.383186e-02 
   79416115   1.887143e+00   9.440693e-02   1.887143e+00   9.440693e-02 223200607080357570       5130       5582     0 2453924.667998  1.431049e+01  5.431563e-02  1.431049e+01  5.431563e-02 
   79416182   1.839548e+00   9.368768e-02   1.839548e+00   9.368768e-02 223200607080359030       5135       5555     0 2453924.668773  1.433822e+01  5.529645e-02  1.433822e+01  5.529645e-02 
   79416240   1.837439e+00   9.269780e-02   1.837439e+00   9.269780e-02 223200607080400010       5136       5553     0 2453924.669444  1.433947e+01  5.477501e-02  1.433947e+01  5.477501e-02 
   79502446   2.314815e+00   1.506080e-01   2.314815e+00   1.506080e-01 223200607090356460       5140       5554     0 2453925.667199  1.408871e+01  7.064111e-02  1.408871e+01  7.064111e-02 
   79502498   2.345020e+00   1.493219e-01   2.345020e+00   1.493219e-01 223200607090357380       5140       5552     0 2453925.667801  1.407463e+01  6.913576e-02  1.407463e+01  6.913576e-02 
   79502567   2.304255e+00   1.462696e-01   2.304255e+00   1.462696e-01 223200607090358470       5141       5549     0 2453925.668600  1.409367e+01  6.892069e-02  1.409367e+01  6.892069e-02 
   79502721   2.364715e+00   1.421644e-01   2.364715e+00   1.421644e-01 223200607090401200       5138       5531     0 2453925.670382  1.406555e+01  6.527365e-02  1.406555e+01  6.527365e-02 
   80278197   2.233393e+00   1.594893e-01   2.233393e+00   1.594893e-01 223200607180325470       5170       5510     0 2453934.645799  1.412759e+01  7.753402e-02  1.412759e+01  7.753402e-02 
   80278259   2.469164e+00   1.532710e-01   2.469164e+00   1.532710e-01 223200607180326500       5175       5484     0 2453934.646516  1.401863e+01  6.739627e-02  1.401863e+01  6.739627e-02 
   80278334   2.485492e+00   1.733834e-01   2.485492e+00   1.733834e-01 223200607180328050       5169       5505     0 2453934.647384  1.401147e+01  7.573924e-02  1.401147e+01  7.573924e-02 
   80278412   2.127424e+00   2.457183e-01   2.127424e+00   2.457183e-01 223200607180329220       5175       5479     0 2453934.648287  1.418036e+01  1.254034e-01  1.418036e+01  1.254034e-01 
   80364289   2.080736e+00   1.180776e-01   2.080736e+00   1.180776e-01 223200607190320380       5167       5494     0 2453935.642234  1.420446e+01  6.161355e-02  1.420446e+01  6.161355e-02 
   80364345   2.160959e+00   1.178100e-01   2.160959e+00   1.178100e-01 223200607190321350       5167       5493     0 2453935.642882  1.416338e+01  5.919180e-02  1.416338e+01  5.919180e-02 
   80364405   2.160532e+00   1.169734e-01   2.160532e+00   1.169734e-01 223200607190322340       5167       5492     0 2453935.643576  1.416360e+01  5.878308e-02  1.416360e+01  5.878308e-02 
   80364466   2.050101e+00   1.156650e-01   2.050101e+00   1.156650e-01 223200607190323360       5168       5490     0 2453935.644282  1.422056e+01  6.125655e-02  1.422056e+01  6.125655e-02 
   80450505   1.836934e+00   1.054483e-01   1.836934e+00   1.054483e-01 223200607200317340       5172       5486     0 2453936.640104  1.433977e+01  6.232640e-02  1.433977e+01  6.232640e-02 
   80450566   2.007182e+00   1.060770e-01   2.007182e+00   1.060770e-01 223200607200318350       5171       5485     0 2453936.640810  1.424353e+01  5.737997e-02  1.424353e+01  5.737997e-02 
   80450630   2.096586e+00   1.065644e-01   2.096586e+00   1.065644e-01 223200607200319380       5171       5483     0 2453936.641551  1.419622e+01  5.518552e-02  1.419622e+01  5.518552e-02 
   80450687   2.085426e+00   1.070998e-01   2.085426e+00   1.070998e-01 223200607200320360       5171       5481     0 2453936.642211  1.420201e+01  5.575962e-02  1.420201e+01  5.575962e-02 
   80967435   1.952782e+00   9.350806e-02   1.952782e+00   9.350806e-02 223200607260253020       5130       5522     0 2453942.623090  1.427337e+01  5.199015e-02  1.427337e+01  5.199015e-02 
   80967494   1.820896e+00   9.153533e-02   1.820896e+00   9.153533e-02 223200607260254000       5131       5519     0 2453942.623773  1.434929e+01  5.457949e-02  1.434929e+01  5.457949e-02 
   80967554   1.641048e+00   9.054622e-02   1.641048e+00   9.054622e-02 223200607260255010       5132       5517     0 2453942.624468  1.446220e+01  5.990664e-02  1.446220e+01  5.990664e-02 
   80967610   1.805540e+00   9.187225e-02   1.805540e+00   9.187225e-02 223200607260255560       5133       5515     0 2453942.625116  1.435848e+01  5.524628e-02  1.435848e+01  5.524628e-02 
   81053656   2.017997e+00   1.039406e-01   2.017997e+00   1.039406e-01 223200607270250020       5127       5518     0 2453943.621019  1.423770e+01  5.592300e-02  1.423770e+01  5.592300e-02 
   81053718   2.103588e+00   1.084093e-01   2.103588e+00   1.084093e-01 223200607270251040       5127       5515     0 2453943.621736  1.419260e+01  5.595407e-02  1.419260e+01  5.595407e-02 
   81053774   1.879563e+00   1.043039e-01   1.879563e+00   1.043039e-01 223200607270251590       5128       5513     0 2453943.622384  1.431486e+01  6.025172e-02  1.431486e+01  6.025172e-02 
   81053836   1.945878e+00   1.020482e-01   1.945878e+00   1.020482e-01 223200607270253010       5129       5510     0 2453943.623102  1.427721e+01  5.693975e-02  1.427721e+01  5.693975e-02 
   81139833   1.715580e+00   6.744319e-01   1.715580e+00   6.744319e-01 223200607280246190       5144       5509     0 2453944.618438  1.441397e+01  4.268281e-01  1.441397e+01  4.268281e-01 
   81139892   2.981122e+00   1.177155e+00   2.981122e+00   1.177155e+00 223200607280247170       5145       5506     0 2453944.619120  1.381405e+01  4.287260e-01  1.381405e+01  4.287260e-01 
   81140000   1.064139e+00   4.627126e-01   1.064139e+00   4.627126e-01 223200607280249060       5145       5503     0 2453944.620370  1.493250e+01  4.721052e-01  1.493250e+01  4.721052e-01 
   82346066   2.927421e+00   3.672895e-01   2.927421e+00   3.672895e-01 223200608110150170       5139       5548     0 2453958.579468  1.383379e+01  1.362226e-01  1.383379e+01  1.362226e-01 
   82346122   2.338019e+00   3.676206e-01   2.338019e+00   3.676206e-01 223200608110151120       5142       5545     0 2453958.580116  1.407788e+01  1.707174e-01  1.407788e+01  1.707174e-01 
   82346177   2.191285e+00   3.686629e-01   2.191285e+00   3.686629e-01 223200608110152070       5142       5542     0 2453958.580752  1.414825e+01  1.826654e-01  1.414825e+01  1.826654e-01 
   82346236   2.671021e+00   3.682479e-01   2.671021e+00   3.682479e-01 223200608110153070       5142       5540     0 2453958.581435  1.393331e+01  1.496887e-01  1.393331e+01  1.496887e-01 
   82518421   2.934036e+00   2.369552e-01   2.934036e+00   2.369552e-01 223200608130142530       5144       5519     0 2453960.574317  1.383134e+01  8.768529e-02  1.383134e+01  8.768529e-02 
   82518480   2.652163e+00   2.365833e-01   2.652163e+00   2.365833e-01 223200608130143520       5145       5517     0 2453960.575000  1.394100e+01  9.685227e-02  1.394100e+01  9.685227e-02 
   82518542   2.614266e+00   2.353093e-01   2.614266e+00   2.353093e-01 223200608130144550       5144       5512     0 2453960.575718  1.395663e+01  9.772713e-02  1.395663e+01  9.772713e-02 
   82518620   2.198560e+00   2.346789e-01   2.198560e+00   2.346789e-01 223200608130146120       5139       5532     0 2453960.576620  1.414465e+01  1.158942e-01  1.414465e+01  1.158942e-01 
   82604602   2.283805e+00   1.898783e-01   2.283805e+00   1.898783e-01 223200608140139160       5142       5538     0 2453961.571782  1.410335e+01  9.026971e-02  1.410335e+01  9.026971e-02 
   82604658   2.284147e+00   1.893452e-01   2.284147e+00   1.893452e-01 223200608140140120       5149       5534     0 2453961.572431  1.410319e+01  9.000283e-02  1.410319e+01  9.000283e-02 
   82604715   2.334376e+00   1.946342e-01   2.334376e+00   1.946342e-01 223200608140141080       5162       5532     0 2453961.573090  1.407957e+01  9.052617e-02  1.407957e+01  9.052617e-02 
   82604769   2.446819e+00   1.978846e-01   2.446819e+00   1.978846e-01 223200608140142030       5161       5529     0 2453961.573715  1.402850e+01  8.780842e-02  1.402850e+01  8.780842e-02 
   82863074   2.139832e+00   1.238122e-01   2.139832e+00   1.238122e-01 223200608170127120       5132       5547     0 2453964.563356  1.417405e+01  6.282166e-02  1.417405e+01  6.282166e-02 
   82863142   1.946494e+00   1.238066e-01   1.946494e+00   1.238066e-01 223200608170128190       5141       5516     0 2453964.564144  1.427687e+01  6.905842e-02  1.427687e+01  6.905842e-02 
   82863198   2.118905e+00   1.246578e-01   2.118905e+00   1.246578e-01 223200608170129150       5142       5514     0 2453964.564792  1.418472e+01  6.387540e-02  1.418472e+01  6.387540e-02 
   82863258   2.004978e+00   1.240798e-01   2.004978e+00   1.240798e-01 223200608170130160       5142       5512     0 2453964.565486  1.424473e+01  6.719195e-02  1.424473e+01  6.719195e-02 
   82949247   1.915518e+00   9.505239e-02   1.915518e+00   9.505239e-02 223200608180123250       5138       5495     0 2453965.560729  1.429428e+01  5.387689e-02  1.429428e+01  5.387689e-02 
   82949309   1.892562e+00   9.556818e-02   1.892562e+00   9.556818e-02 223200608180124270       5140       5494     0 2453965.561447  1.430737e+01  5.482632e-02  1.430737e+01  5.482632e-02 
   82949372   1.824198e+00   9.439988e-02   1.824198e+00   9.439988e-02 223200608180125310       5140       5490     0 2453965.562176  1.434732e+01  5.618563e-02  1.434732e+01  5.618563e-02 
   82949463   1.872066e+00   9.550249e-02   1.872066e+00   9.550249e-02 223200608180127020       5135       5509     0 2453965.563229  1.431920e+01  5.538848e-02  1.431920e+01  5.538848e-02 
   83724672   1.924145e+00   9.406972e-02   1.924145e+00   9.406972e-02 223200608270047250       5116       5545     0 2453974.535556  1.428941e+01  5.308086e-02  1.428941e+01  5.308086e-02 
   83724736   2.022875e+00   9.439918e-02   2.022875e+00   9.439918e-02 223200608270048280       5120       5512     0 2453974.536296  1.423508e+01  5.066698e-02  1.423508e+01  5.066698e-02 
   83724811   1.945330e+00   9.341303e-02   1.945330e+00   9.341303e-02 223200608270049440       5116       5532     0 2453974.537164  1.427752e+01  5.213628e-02  1.427752e+01  5.213628e-02 
   83724873   1.896035e+00   9.216980e-02   1.896035e+00   9.216980e-02 223200608270050460       5121       5505     0 2453974.537882  1.430538e+01  5.277983e-02  1.430538e+01  5.277983e-02 
   83810838   1.793936e+00   8.788719e-02   1.793936e+00   8.788719e-02 223200608280043330       5121       5535     0 2453975.532847  1.436548e+01  5.319178e-02  1.436548e+01  5.319178e-02 
   83810890   1.797565e+00   8.852862e-02   1.797565e+00   8.852862e-02 223200608280044250       5122       5532     0 2453975.533449  1.436329e+01  5.347180e-02  1.436329e+01  5.347180e-02 
   83810961   1.873133e+00   8.881788e-02   1.873133e+00   8.881788e-02 223200608280045350       5122       5528     0 2453975.534271  1.431858e+01  5.148227e-02  1.431858e+01  5.148227e-02 
   83811018   1.822288e+00   8.894219e-02   1.822288e+00   8.894219e-02 223200608280046320       5122       5525     0 2453975.534931  1.434846e+01  5.299278e-02  1.434846e+01  5.299278e-02 
   84328669   2.521511e+00   2.666170e-01   2.521511e+00   2.666170e-01 223200609030034170       5112       5465     0 2453981.526262  1.399585e+01  1.148029e-01  1.399585e+01  1.148029e-01 
   84328741   2.331946e+00   2.694655e-01   2.331946e+00   2.694655e-01 223200609030035280       5107       5484     0 2453981.527095  1.408070e+01  1.254615e-01  1.408070e+01  1.254615e-01 
   84328808   2.373678e+00   2.843575e-01   2.373678e+00   2.843575e-01 223200609030036350       5108       5451     0 2453981.527870  1.406145e+01  1.300675e-01  1.406145e+01  1.300675e-01 
   84328865   2.434775e+00   2.723820e-01   2.434775e+00   2.723820e-01 223200609030037320       5109       5449     0 2453981.528530  1.403385e+01  1.214634e-01  1.403385e+01  1.214634e-01 
   84500176   2.491909e+00   4.197436e-01   2.491909e+00   4.197436e-01 223200609050012480       5119       5529     0 2453983.511296  1.400867e+01  1.828848e-01  1.400867e+01  1.828848e-01 
   84500236   2.978135e+00   4.200723e-01   2.978135e+00   4.200723e-01 223200609050013480       5120       5526     0 2453983.511991  1.381514e+01  1.531459e-01  1.381514e+01  1.531459e-01 
   84500298   2.526523e+00   4.142385e-01   2.526523e+00   4.142385e-01 223200609050014500       5120       5522     0 2453983.512708  1.399369e+01  1.780135e-01  1.399369e+01  1.780135e-01 
   84500376   2.438669e+00   4.206498e-01   2.438669e+00   4.206498e-01 223200609050016080       5115       5543     0 2453983.513611  1.403212e+01  1.872810e-01  1.403212e+01  1.872810e-01 
   84844849   2.951715e+00   5.771069e-01   2.951715e+00   5.771069e-01 223200609082357310       5129       5537     0 2453987.500567  1.382481e+01  2.122793e-01  1.382481e+01  2.122793e-01 
   84844905   3.061986e+00   5.764029e-01   3.061986e+00   5.764029e-01 223200609082358260       5130       5533     0 2453987.501215  1.378499e+01  2.043849e-01  1.378499e+01  2.043849e-01 
   84844962   2.605210e+00   5.739038e-01   2.605210e+00   5.739038e-01 223200609082359230       5129       5530     0 2453987.501875  1.396039e+01  2.391786e-01  1.396039e+01  2.391786e-01 
   84845024   2.130538e+00   5.725224e-01   2.130538e+00   5.725224e-01 223200609090000260       5129       5527     0 2453987.502593  1.417878e+01  2.917622e-01  1.417878e+01  2.917622e-01 
   85017149   2.219737e+00   3.137986e-01   2.219737e+00   3.137986e-01 223200609102349160       5105       5491     0 2453989.494780  1.413425e+01  1.534883e-01  1.413425e+01  1.534883e-01 
   85017216   2.105481e+00   3.939965e-01   2.105481e+00   3.939965e-01 223200609102350220       5107       5488     0 2453989.495556  1.419162e+01  2.031734e-01  1.419162e+01  2.031734e-01 
   85017275   2.789973e+00   3.512796e-01   2.789973e+00   3.512796e-01 223200609102351210       5107       5486     0 2453989.496238  1.388600e+01  1.367032e-01  1.388600e+01  1.367032e-01 
   85017333   2.989840e+00   3.654800e-01   2.989840e+00   3.654800e-01 223200609102352200       5105       5479     0 2453989.496910  1.381088e+01  1.327216e-01  1.381088e+01  1.327216e-01 
   85361740   1.866551e+00   9.164992e-02   1.866551e+00   9.164992e-02 223200609142332380       5108       5444     0 2453993.483102  1.432240e+01  5.331115e-02  1.432240e+01  5.331115e-02 
   85361797   1.809071e+00   9.133499e-02   1.809071e+00   9.133499e-02 223200609142333360       5109       5441     0 2453993.483762  1.435636e+01  5.481600e-02  1.435636e+01  5.481600e-02 
   85361858   1.897348e+00   9.201962e-02   1.897348e+00   9.201962e-02 223200609142334370       5109       5438     0 2453993.484468  1.430463e+01  5.265738e-02  1.430463e+01  5.265738e-02 
   85361933   1.929708e+00   9.067567e-02   1.929708e+00   9.067567e-02 223200609142335520       5104       5458     0 2453993.485336  1.428627e+01  5.101818e-02  1.428627e+01  5.101818e-02 
   85620637   1.845769e+00   1.043338e-01   1.845769e+00   1.043338e-01 223200609172327440       5077       5450     0 2453996.479595  1.433456e+01  6.137249e-02  1.433456e+01  6.137249e-02 
   85620696   1.904675e+00   1.048001e-01   1.904675e+00   1.048001e-01 223200609172328430       5077       5446     0 2453996.480278  1.430045e+01  5.974018e-02  1.430045e+01  5.974018e-02 
   85620759   1.883640e+00   1.050753e-01   1.883640e+00   1.050753e-01 223200609172329460       5077       5443     0 2453996.481007  1.431250e+01  6.056594e-02  1.431250e+01  6.056594e-02 
   85620813   1.946769e+00   1.051661e-01   1.946769e+00   1.051661e-01 223200609172330410       5077       5440     0 2453996.481632  1.427671e+01  5.865256e-02  1.427671e+01  5.865256e-02 
   85706433   1.792388e+00   1.014537e-01   1.792388e+00   1.014537e-01 223200609182317440       5080       5423     0 2453997.472604  1.436642e+01  6.145560e-02  1.436642e+01  6.145560e-02 
   85706496   1.690120e+00   1.012450e-01   1.690120e+00   1.012450e-01 223200609182318460       5085       5400     0 2453997.473333  1.443021e+01  6.504019e-02  1.443021e+01  6.504019e-02 
   85706551   1.614874e+00   1.002789e-01   1.614874e+00   1.002789e-01 223200609182319410       5086       5398     0 2453997.473970  1.447965e+01  6.742124e-02  1.447965e+01  6.742124e-02 
   85706628   1.872710e+00   1.015005e-01   1.872710e+00   1.015005e-01 223200609182320580       5080       5420     0 2453997.474861  1.431882e+01  5.884686e-02  1.431882e+01  5.884686e-02 
   85878747   2.043671e+00   1.025383e-01   2.043671e+00   1.025383e-01 223200609202309430       5082       5476     0 2453999.466979  1.422397e+01  5.447545e-02  1.422397e+01  5.447545e-02 
   85878804   2.029474e+00   1.021228e-01   2.029474e+00   1.021228e-01 223200609202310400       5084       5473     0 2453999.467639  1.423154e+01  5.463425e-02  1.423154e+01  5.463425e-02 
   85878865   1.903121e+00   1.014062e-01   1.903121e+00   1.014062e-01 223200609202311410       5085       5471     0 2453999.468345  1.430133e+01  5.785271e-02  1.430133e+01  5.785271e-02 
   85878925   1.986051e+00   1.020332e-01   1.986051e+00   1.020332e-01 223200609202312420       5085       5468     0 2453999.469039  1.425502e+01  5.577977e-02  1.425502e+01  5.577977e-02 
   85964870   2.041232e+00   9.495160e-02   2.041232e+00   9.495160e-02 223200609212305090       5096       5471     0 2454000.463773  1.422527e+01  5.050515e-02  1.422527e+01  5.050515e-02 
   85965023   1.910687e+00   9.422245e-02   1.910687e+00   9.422245e-02 223200609212307420       5098       5463     0 2454000.465544  1.429703e+01  5.354151e-02  1.429703e+01  5.354151e-02 
   85965086   1.880354e+00   9.378545e-02   1.880354e+00   9.378545e-02 223200609212308460       5099       5460     0 2454000.466273  1.431440e+01  5.415289e-02  1.431440e+01  5.415289e-02 
   85965142   1.833413e+00   9.298039e-02   1.833413e+00   9.298039e-02 223200609212309410       5099       5458     0 2454000.466921  1.434185e+01  5.506263e-02  1.434185e+01  5.506263e-02 
   86404983   2.026896e+00   9.826267e-02   2.026896e+00   9.826267e-02 223200609270120390       4959       5115     0 2454005.557674  1.423292e+01  5.263600e-02  1.423292e+01  5.263600e-02 
   86405044   1.952548e+00   9.801527e-02   1.952548e+00   9.801527e-02 223200609270121400       4964       5089     0 2454005.558380  1.427350e+01  5.450267e-02  1.427350e+01  5.450267e-02 
   86405112   2.054029e+00   9.783910e-02   2.054029e+00   9.783910e-02 223200609270122490       4962       5087     0 2454005.559167  1.421848e+01  5.171681e-02  1.421848e+01  5.171681e-02 
   86405173   2.048656e+00   9.833586e-02   2.048656e+00   9.833586e-02 223200609270123490       4962       5085     0 2454005.559873  1.422133e+01  5.211571e-02  1.422133e+01  5.211571e-02 
   87688152   1.903600e+00   7.924602e-02   1.903600e+00   7.924602e-02 223200610112147440       4762       5275     0 2454020.409167  1.430106e+01  4.519888e-02  1.430106e+01  4.519888e-02 
   87688226   1.969521e+00   7.863825e-02   1.969521e+00   7.863825e-02 223200610112148580       4766       5248     0 2454020.410023  1.426410e+01  4.335099e-02  1.426410e+01  4.335099e-02 
   87688280   1.902918e+00   7.867260e-02   1.902918e+00   7.867260e-02 223200610112149520       4766       5245     0 2454020.410648  1.430145e+01  4.488789e-02  1.430145e+01  4.488789e-02 
   87860497   1.995072e+00   8.990352e-02   1.995072e+00   8.990352e-02 223200610132140170       4725       5298     0 2454022.403900  1.425010e+01  4.892649e-02  1.425010e+01  4.892649e-02 
   87860564   2.011897e+00   8.949748e-02   2.011897e+00   8.949748e-02 223200610132141240       4725       5294     0 2454022.404676  1.424099e+01  4.829819e-02  1.424099e+01  4.829819e-02 
   87860620   2.000603e+00   8.973590e-02   2.000603e+00   8.973590e-02 223200610132142200       4724       5291     0 2454022.405324  1.424710e+01  4.870025e-02  1.424710e+01  4.870025e-02 
   87860680   1.969899e+00   8.956575e-02   1.969899e+00   8.956575e-02 223200610132143190       4724       5289     0 2454022.406019  1.426389e+01  4.936553e-02  1.426389e+01  4.936553e-02 
   88033109   1.930075e+00   8.396844e-02   1.930075e+00   8.396844e-02 223200610152137170       4721       5328     0 2454024.401725  1.428606e+01  4.723541e-02  1.428606e+01  4.723541e-02 
   88033170   1.977144e+00   8.461905e-02   1.977144e+00   8.461905e-02 223200610152138180       4721       5323     0 2454024.402431  1.425990e+01  4.646819e-02  1.425990e+01  4.646819e-02 
   88033225   1.853574e+00   8.425286e-02   1.853574e+00   8.425286e-02 223200610152139130       4719       5319     0 2454024.403067  1.432998e+01  4.935152e-02  1.432998e+01  4.935152e-02 
   88033284   2.037240e+00   8.430556e-02   2.037240e+00   8.430556e-02 223200610152140120       4719       5315     0 2454024.403750  1.422739e+01  4.493035e-02  1.422739e+01  4.493035e-02 
   88377431   2.102059e+00   8.629634e-02   2.102059e+00   8.629634e-02 223200610192116140       4705       5344     0 2454028.386933  1.419339e+01  4.457315e-02  1.419339e+01  4.457315e-02 
   88377483   2.027936e+00   8.760200e-02   2.027936e+00   8.760200e-02 223200610192117070       4704       5340     0 2454028.387535  1.423236e+01  4.690139e-02  1.423236e+01  4.690139e-02 
   88377568   1.914546e+00   8.824225e-02   1.914546e+00   8.824225e-02 223200610192118310       4698       5360     0 2454028.388519  1.429484e+01  5.004223e-02  1.429484e+01  5.004223e-02 
   88377630   2.009604e+00   8.818036e-02   2.009604e+00   8.818036e-02 223200610192119340       4698       5357     0 2454028.389236  1.424222e+01  4.764169e-02  1.424222e+01  4.764169e-02 
   88463596   2.048687e+00   8.712569e-02   2.048687e+00   8.712569e-02 223200610202112230       4729       5299     0 2454029.384213  1.422131e+01  4.617388e-02  1.422131e+01  4.617388e-02 
   88463668   1.916696e+00   8.628566e-02   1.916696e+00   8.628566e-02 223200610202113350       4726       5294     0 2454029.385046  1.429362e+01  4.887775e-02  1.429362e+01  4.887775e-02 
   88463731   1.929189e+00   8.641312e-02   1.929189e+00   8.641312e-02 223200610202114380       4726       5291     0 2454029.385775  1.428656e+01  4.863298e-02  1.428656e+01  4.863298e-02 
   88463790   1.984510e+00   8.628461e-02   1.984510e+00   8.628461e-02 223200610202115380       4725       5289     0 2454029.386458  1.425587e+01  4.720695e-02  1.425587e+01  4.720695e-02 
   88551544   2.092509e+00   9.444267e-02   2.092509e+00   9.444267e-02 223200610212138150       4723       5238     0 2454030.402130  1.419833e+01  4.900346e-02  1.419833e+01  4.900346e-02 
   88551676   1.977502e+00   9.287293e-02   1.977502e+00   9.287293e-02 223200610212140270       4720       5228     0 2454030.403657  1.425971e+01  5.099153e-02  1.425971e+01  5.099153e-02 
   88551748   1.941865e+00   9.455273e-02   1.941865e+00   9.455273e-02 223200610212141400       4713       5248     0 2454030.404491  1.427945e+01  5.286654e-02  1.427945e+01  5.286654e-02 
   88637754   3.364105e+00   1.340640e+00   3.364105e+00   1.340640e+00 223200610222135100       4715       5270     0 2454031.399931  1.368283e+01  4.326816e-01  1.368283e+01  4.326816e-01 
   88637816   2.673427e+00   2.129663e+00   2.673427e+00   2.129663e+00 223200610222136110       4714       5268     0 2454031.400648  1.393233e+01  8.649051e-01  1.393233e+01  8.649051e-01 
   88640067   2.901237e+00   2.057745e+00   2.901237e+00   2.057745e+00 223200610222213430       4713       5145     0 2454031.426701  1.384354e+01  7.700772e-01  1.384354e+01  7.700772e-01 
   88722096   2.026699e+00   8.885936e-02   2.026699e+00   8.885936e-02 223200610232100550       4712       5330     0 2454032.376111  1.423303e+01  4.760359e-02  1.423303e+01  4.760359e-02 
   88722150   2.101778e+00   8.911841e-02   2.101778e+00   8.911841e-02 223200610232101500       4713       5327     0 2454032.376736  1.419353e+01  4.603694e-02  1.419353e+01  4.603694e-02 
   88722212   1.970027e+00   8.933915e-02   1.970027e+00   8.933915e-02 223200610232102520       4712       5324     0 2454032.377454  1.426382e+01  4.923743e-02  1.426382e+01  4.923743e-02 
   88722279   2.133419e+00   8.984291e-02   2.133419e+00   8.984291e-02 223200610232103590       4713       5321     0 2454032.378229  1.417731e+01  4.572287e-02  1.417731e+01  4.572287e-02 
   88980541   2.136768e+00   1.017735e-01   2.136768e+00   1.017735e-01 223200610262048320       4710       5387     0 2454035.367373  1.417561e+01  5.171343e-02  1.417561e+01  5.171343e-02 
   88980595   1.967333e+00   1.008450e-01   1.967333e+00   1.008450e-01 223200610262049260       4710       5383     0 2454035.367998  1.426531e+01  5.565473e-02  1.426531e+01  5.565473e-02 
   88980655   2.193885e+00   1.015572e-01   2.193885e+00   1.015572e-01 223200610262050270       4710       5381     0 2454035.368692  1.414697e+01  5.026003e-02  1.414697e+01  5.026003e-02 
   88980719   2.118152e+00   1.005822e-01   2.118152e+00   1.005822e-01 223200610262051300       4706       5372     0 2454035.369433  1.418511e+01  5.155724e-02  1.418511e+01  5.155724e-02 
   89066657   2.238902e+00   1.125261e-01   2.238902e+00   1.125261e-01 223200610272043520       4731       5358     0 2454036.364086  1.412491e+01  5.456874e-02  1.412491e+01  5.456874e-02 
   89066720   2.050839e+00   1.132341e-01   2.050839e+00   1.132341e-01 223200610272044550       4730       5355     0 2454036.364815  1.422017e+01  5.994753e-02  1.422017e+01  5.994753e-02 
   89066776   2.104051e+00   1.138710e-01   2.104051e+00   1.138710e-01 223200610272045520       4730       5351     0 2454036.365463  1.419236e+01  5.876011e-02  1.419236e+01  5.876011e-02 
   89066841   2.215260e+00   1.143419e-01   2.215260e+00   1.143419e-01 223200610272046560       4729       5349     0 2454036.366215  1.413644e+01  5.604107e-02  1.413644e+01  5.604107e-02 
   89152855   2.924315e+00   1.885822e-01   2.924315e+00   1.885822e-01 223200610282040350       4716       5371     0 2454037.361748  1.383494e+01  7.001680e-02  1.383494e+01  7.001680e-02 
   89152928   2.363873e+00   1.708563e-01   2.363873e+00   1.708563e-01 223200610282041480       4719       5340     0 2454037.362593  1.406594e+01  7.847527e-02  1.406594e+01  7.847527e-02 
   89152989   2.478003e+00   1.473020e-01   2.478003e+00   1.473020e-01 223200610282042490       4719       5337     0 2454037.363299  1.401475e+01  6.454055e-02  1.401475e+01  6.454055e-02 
   89238976   2.548703e+00   1.566518e-01   2.548703e+00   1.566518e-01 223200610292035590       4712       5330     0 2454038.358519  1.398420e+01  6.673319e-02  1.398420e+01  6.673319e-02 
   89239031   2.746139e+00   1.568283e-01   2.746139e+00   1.568283e-01 223200610292036550       4713       5327     0 2454038.359155  1.390319e+01  6.200516e-02  1.390319e+01  6.200516e-02 
   89239078   2.354500e+00   1.555482e-01   2.354500e+00   1.555482e-01 223200610292037410       4711       5319     0 2454038.359699  1.407025e+01  7.172858e-02  1.407025e+01  7.172858e-02 
   89239156   2.277353e+00   1.562722e-01   2.277353e+00   1.562722e-01 223200610292038590       4711       5317     0 2454038.360602  1.410642e+01  7.450359e-02  1.410642e+01  7.450359e-02 
   89411352   2.966477e+00   2.490320e-01   2.966477e+00   2.490320e-01 223200610312029020       4705       5331     0 2454040.353611  1.381940e+01  9.114648e-02  1.381940e+01  9.114648e-02 
   89411425   2.644078e+00   2.485507e-01   2.644078e+00   2.485507e-01 223200610312030160       4700       5349     0 2454040.354456  1.394431e+01  1.020626e-01  1.394431e+01  1.020626e-01 
   89411495   2.961901e+00   2.533275e-01   2.961901e+00   2.533275e-01 223200610312031250       4704       5319     0 2454040.355266  1.382107e+01  9.286191e-02  1.382107e+01  9.286191e-02 
   89411552   3.167848e+00   2.498239e-01   3.167848e+00   2.498239e-01 223200610312032230       4704       5316     0 2454040.355926  1.374809e+01  8.562397e-02  1.374809e+01  8.562397e-02 
   89506210   2.766728e+00   2.572306e-01   2.766728e+00   2.572306e-01 223200611012250050       4631       4951     0 2454041.451505  1.389508e+01  1.009443e-01  1.389508e+01  1.009443e-01 
   89506283   2.819941e+00   2.593636e-01   2.819941e+00   2.593636e-01 223200611012251190       4635       4922     0 2454041.452350  1.387440e+01  9.986076e-02  1.387440e+01  9.986076e-02 
   89506340   2.794695e+00   2.603846e-01   2.794695e+00   2.603846e-01 223200611012252160       4635       4920     0 2454041.453009  1.388416e+01  1.011595e-01  1.388416e+01  1.011595e-01 
   89506402   3.065402e+00   2.621550e-01   3.065402e+00   2.621550e-01 223200611012253170       4633       4917     0 2454041.453727  1.378378e+01  9.285313e-02  1.378378e+01  9.285313e-02 
   89842111   2.707251e+00   3.641713e-01   2.707251e+00   3.641713e-01 223200611052008420       4716       5333     0 2454045.339248  1.391868e+01  1.460505e-01  1.391868e+01  1.460505e-01 
   89842169   2.947051e+00   3.607094e-01   2.947051e+00   3.607094e-01 223200611052009400       4717       5329     0 2454045.339919  1.382653e+01  1.328910e-01  1.382653e+01  1.328910e-01 
   89842242   2.761327e+00   3.626038e-01   2.761327e+00   3.626038e-01 223200611052010530       4716       5325     0 2454045.340764  1.389721e+01  1.425740e-01  1.389721e+01  1.425740e-01 
   89842301   2.890829e+00   3.652675e-01   2.890829e+00   3.652675e-01 223200611052011520       4717       5323     0 2454045.341447  1.384744e+01  1.371875e-01  1.384744e+01  1.371875e-01 
   89928295   2.869828e+00   2.802735e-01   2.869828e+00   2.802735e-01 223200611062005110       4718       5350     0 2454046.336748  1.385536e+01  1.060357e-01  1.385536e+01  1.060357e-01 
   89928364   2.626822e+00   2.763702e-01   2.626822e+00   2.763702e-01 223200611062006190       4719       5346     0 2454046.337546  1.395142e+01  1.142316e-01  1.395142e+01  1.142316e-01 
   89928418   2.862371e+00   2.758329e-01   2.862371e+00   2.758329e-01 223200611062007140       4719       5344     0 2454046.338171  1.385818e+01  1.046275e-01  1.385818e+01  1.046275e-01 
   89928482   2.774351e+00   2.774687e-01   2.774351e+00   2.774687e-01 223200611062008180       4719       5341     0 2454046.338912  1.389210e+01  1.085871e-01  1.389210e+01  1.085871e-01 
   90014483   2.177325e+00   1.877492e-01   2.177325e+00   1.877492e-01 223200611072001430       4726       5357     0 2454047.334294  1.415519e+01  9.362259e-02  1.415519e+01  9.362259e-02 
   90014537   2.345880e+00   1.677704e-01   2.345880e+00   1.677704e-01 223200611072002370       4726       5354     0 2454047.334919  1.407424e+01  7.764893e-02  1.407424e+01  7.764893e-02 
   90014626   2.691741e+00   1.627805e-01   2.691741e+00   1.627805e-01 223200611072004050       4720       5374     0 2454047.335949  1.392492e+01  6.565909e-02  1.392492e+01  6.565909e-02 
   90014688   2.562047e+00   1.683497e-01   2.562047e+00   1.683497e-01 223200611072005080       4719       5370     0 2454047.336667  1.397853e+01  7.134292e-02  1.397853e+01  7.134292e-02 
   90272972   2.033699e+00   9.743424e-02   2.033699e+00   9.743424e-02 223200611101950030       4723       5341     0 2454050.326065  1.422928e+01  5.201765e-02  1.422928e+01  5.201765e-02 
   90273026   1.997566e+00   9.774237e-02   1.997566e+00   9.774237e-02 223200611101950570       4723       5338     0 2454050.326690  1.424875e+01  5.312606e-02  1.424875e+01  5.312606e-02 
   90273074   1.989518e+00   1.004226e-01   1.989518e+00   1.004226e-01 223200611101951450       4722       5334     0 2454050.327245  1.425313e+01  5.480362e-02  1.425313e+01  5.480362e-02 
   90273139   2.078178e+00   9.708478e-02   2.078178e+00   9.708478e-02 223200611101952500       4721       5332     0 2454050.327998  1.420579e+01  5.072176e-02  1.420579e+01  5.072176e-02 
   90617587   2.075581e+00   9.354795e-02   2.075581e+00   9.354795e-02 223200611141933540       4712       5365     0 2454054.314664  1.420715e+01  4.893509e-02  1.420715e+01  4.893509e-02 
   90617649   1.994133e+00   9.289642e-02   1.994133e+00   9.289642e-02 223200611141934560       4712       5362     0 2454054.315382  1.425062e+01  5.057907e-02  1.425062e+01  5.057907e-02 
   90617709   2.087262e+00   9.314125e-02   2.087262e+00   9.314125e-02 223200611141935570       4718       5334     0 2454054.316076  1.420106e+01  4.844969e-02  1.420106e+01  4.844969e-02 
   90617760   2.058993e+00   9.274730e-02   2.058993e+00   9.274730e-02 223200611141936470       4717       5332     0 2454054.316667  1.421586e+01  4.890713e-02  1.421586e+01  4.890713e-02 
   93120130   2.600423e+00   2.197168e-01   2.600423e+00   2.197168e-01 223200612131844400       5382       5173     0 2454083.279282  1.396239e+01  9.173713e-02  1.396239e+01  9.173713e-02 
   93120189   2.613400e+00   2.055856e-01   2.613400e+00   2.055856e-01 223200612131845380       5383       5171     0 2454083.279965  1.395699e+01  8.541077e-02  1.395699e+01  8.541077e-02 
   93120265   2.587016e+00   1.867584e-01   2.587016e+00   1.867584e-01 223200612131846550       5378       5191     0 2454083.280845  1.396800e+01  7.838029e-02  1.396800e+01  7.838029e-02 
   93120329   2.494097e+00   1.746392e-01   2.494097e+00   1.746392e-01 223200612131847580       5383       5165     0 2454083.281586  1.400772e+01  7.602462e-02  1.400772e+01  7.602462e-02 
   93292965   2.527910e+00   2.661133e-01   2.527910e+00   2.661133e-01 223200612151845190       5356       5145     0 2454085.279688  1.399310e+01  1.142959e-01  1.399310e+01  1.142959e-01 
   93293019   2.886349e+00   2.499138e-01   2.886349e+00   2.499138e-01 223200612151846130       5355       5143     0 2454085.280312  1.384913e+01  9.400851e-02  1.384913e+01  9.400851e-02 
   93293073   2.550984e+00   2.336039e-01   2.550984e+00   2.336039e-01 223200612151847070       5355       5140     0 2454085.280937  1.398323e+01  9.942557e-02  1.398323e+01  9.942557e-02 
   93293127   2.793264e+00   2.195140e-01   2.793264e+00   2.195140e-01 223200612151848010       5355       5138     0 2454085.281563  1.388472e+01  8.532497e-02  1.388472e+01  8.532497e-02 
   93467306   2.173395e+00   1.033321e-01   2.173395e+00   1.033321e-01 223200612171911070       5708       4970     0 2454087.297523  1.415715e+01  5.162049e-02  1.415715e+01  5.162049e-02 
   93467362   2.073175e+00   1.016673e-01   2.073175e+00   1.016673e-01 223200612171912030       5706       4967     0 2454087.298171  1.420841e+01  5.324405e-02  1.420841e+01  5.324405e-02 
   93467422   2.255641e+00   1.013325e-01   2.255641e+00   1.013325e-01 223200612171913020       5705       4964     0 2454087.298866  1.411683e+01  4.877581e-02  1.411683e+01  4.877581e-02 
   93467492   2.116408e+00   1.000826e-01   2.116408e+00   1.000826e-01 223200612171914130       5697       4984     0 2454087.299676  1.418600e+01  5.134346e-02  1.418600e+01  5.134346e-02 
   93556663   2.054243e+00   9.288027e-02   2.054243e+00   9.288027e-02 223200612182000260       4767       4903     0 2454088.331748  1.421837e+01  4.909052e-02  1.421837e+01  4.909052e-02 
   93556721   1.990183e+00   9.219609e-02   1.990183e+00   9.219609e-02 223200612182001250       4767       4901     0 2454088.332419  1.425277e+01  5.029738e-02  1.425277e+01  5.029738e-02 
   93556790   1.968037e+00   9.203462e-02   1.968037e+00   9.203462e-02 223200612182002330       4766       4898     0 2454088.333218  1.426492e+01  5.077427e-02  1.426492e+01  5.077427e-02 
   93556854   2.035017e+00   9.276109e-02   2.035017e+00   9.276109e-02 223200612182003370       4764       4896     0 2454088.333958  1.422858e+01  4.949070e-02  1.422858e+01  4.949070e-02 
   93725363   2.450273e+00   2.178952e-01   2.450273e+00   2.178952e-01 223200612201852110       4826       5059     0 2454090.284294  1.402696e+01  9.655149e-02  1.402696e+01  9.655149e-02 
   93725422   2.560019e+00   2.043778e-01   2.560019e+00   2.043778e-01 223200612201853100       4826       5057     0 2454090.284977  1.397939e+01  8.667947e-02  1.397939e+01  8.667947e-02 
   93725479   2.625059e+00   1.929540e-01   2.625059e+00   1.929540e-01 223200612201854080       4825       5054     0 2454090.285637  1.395215e+01  7.980692e-02  1.395215e+01  7.980692e-02 
   93725541   2.561519e+00   1.814318e-01   2.561519e+00   1.814318e-01 223200612201855100       4824       5052     0 2454090.286354  1.397876e+01  7.690271e-02  1.397876e+01  7.690271e-02 
   94935170   2.755888e+00   4.034899e-01   2.755888e+00   4.034899e-01 223200701031856070       4767       4905     0 2454104.286690  1.389935e+01  1.589633e-01  1.389935e+01  1.589633e-01 
   94935236   2.825803e+00   3.987445e-01   2.825803e+00   3.987445e-01 223200701031857140       4767       4904     0 2454104.287454  1.387215e+01  1.532070e-01  1.387215e+01  1.532070e-01 
   94935294   2.524022e+00   3.921227e-01   2.524022e+00   3.921227e-01 223200701031858120       4766       4902     0 2454104.288125  1.399477e+01  1.686765e-01  1.399477e+01  1.686765e-01 
   94935359   2.989115e+00   3.851415e-01   2.989115e+00   3.851415e-01 223200701031859170       4765       4900     0 2454104.288877  1.381114e+01  1.398954e-01  1.381114e+01  1.398954e-01 
   95021599   3.163140e+00   3.017343e-01   3.163140e+00   3.017343e-01 223200701041856390       4763       4920     0 2454105.287025  1.374970e+01  1.035696e-01  1.374970e+01  1.035696e-01 
   95021671   2.625722e+00   2.790778e-01   2.625722e+00   2.790778e-01 223200701041857500       4768       4894     0 2454105.287859  1.395188e+01  1.153991e-01  1.395188e+01  1.153991e-01 
   95021736   2.930479e+00   2.671243e-01   2.930479e+00   2.671243e-01 223200701041858560       4767       4892     0 2454105.288611  1.383265e+01  9.896933e-02  1.383265e+01  9.896933e-02 
   95021792   2.372018e+00   2.584245e-01   2.372018e+00   2.584245e-01 223200701041859510       4766       4891     0 2454105.289259  1.406221e+01  1.182882e-01  1.406221e+01  1.182882e-01 
   95107900   2.537235e+00   2.621785e-01   2.537235e+00   2.621785e-01 223200701051855020       4741       4887     0 2454106.285880  1.398910e+01  1.121921e-01  1.398910e+01  1.121921e-01 
   95107956   2.567126e+00   2.450783e-01   2.567126e+00   2.450783e-01 223200701051855570       4741       4885     0 2454106.286528  1.397638e+01  1.036534e-01  1.397638e+01  1.036534e-01 
   95108010   2.759881e+00   2.296921e-01   2.759881e+00   2.296921e-01 223200701051856510       4740       4884     0 2454106.287153  1.389777e+01  9.036110e-02  1.389777e+01  9.036110e-02 
   95108064   2.638650e+00   2.140913e-01   2.638650e+00   2.140913e-01 223200701051857460       4739       4882     0 2454106.287778  1.394655e+01  8.809332e-02  1.394655e+01  8.809332e-02 
   95280690   2.634718e+00   2.323420e-01   2.634718e+00   2.323420e-01 223200701071854540       4719       4869     0 2454108.285764  1.394816e+01  9.574571e-02  1.394816e+01  9.574571e-02 
   95280819   2.196488e+00   1.959097e-01   2.196488e+00   1.959097e-01 223200701071857030       4737       4892     0 2454108.287257  1.414568e+01  9.683961e-02  1.414568e+01  9.683961e-02 
   95280875   2.265525e+00   1.847478e-01   2.265525e+00   1.847478e-01 223200701071857590       4735       4889     0 2454108.287905  1.411208e+01  8.853934e-02  1.411208e+01  8.853934e-02 
   95280931   2.569341e+00   1.746127e-01   2.569341e+00   1.746127e-01 223200701071858540       4735       4887     0 2454108.288553  1.397545e+01  7.378703e-02  1.397545e+01  7.378703e-02 
   95367152   2.182731e+00   2.611338e-01   2.182731e+00   2.611338e-01 223200701081855580       4721       4859     0 2454109.286481  1.415250e+01  1.298939e-01  1.415250e+01  1.298939e-01 
   95367208   2.496658e+00   2.454451e-01   2.496658e+00   2.454451e-01 223200701081856530       4721       4858     0 2454109.287130  1.400660e+01  1.067385e-01  1.400660e+01  1.067385e-01 
   95367263   2.769492e+00   2.297128e-01   2.769492e+00   2.297128e-01 223200701081857490       4719       4856     0 2454109.287766  1.389400e+01  9.005567e-02  1.389400e+01  9.005567e-02 
   95367319   2.702142e+00   2.154647e-01   2.702142e+00   2.154647e-01 223200701081858450       4719       4855     0 2454109.288414  1.392073e+01  8.657527e-02  1.392073e+01  8.657527e-02 
   95453538   2.926914e+00   2.557651e-01   2.926914e+00   2.557651e-01 223200701091855450       4724       4855     0 2454110.286319  1.383397e+01  9.487616e-02  1.383397e+01  9.487616e-02 
   95453594   2.658195e+00   2.386994e-01   2.658195e+00   2.386994e-01 223200701091856400       4723       4854     0 2454110.286968  1.393853e+01  9.749680e-02  1.393853e+01  9.749680e-02 
   95453648   2.400135e+00   2.229175e-01   2.400135e+00   2.229175e-01 223200701091857350       4722       4853     0 2454110.287593  1.404941e+01  1.008404e-01  1.404941e+01  1.008404e-01 
   95453704   2.534117e+00   2.078258e-01   2.534117e+00   2.078258e-01 223200701091858300       4721       4852     0 2454110.288241  1.399043e+01  8.904275e-02  1.399043e+01  8.904275e-02 
   95539928   2.572595e+00   2.488354e-01   2.572595e+00   2.488354e-01 223200701101855350       4721       4849     0 2454111.286204  1.397407e+01  1.050187e-01  1.397407e+01  1.050187e-01 
   95539982   2.411069e+00   2.329503e-01   2.411069e+00   2.329503e-01 223200701101856300       4720       4848     0 2454111.286829  1.404448e+01  1.049010e-01  1.404448e+01  1.049010e-01 
   95540036   2.583647e+00   2.186865e-01   2.583647e+00   2.186865e-01 223200701101857240       4720       4846     0 2454111.287454  1.396942e+01  9.189980e-02  1.396942e+01  9.189980e-02 
   95540092   2.617146e+00   2.063027e-01   2.617146e+00   2.063027e-01 223200701101858190       4718       4845     0 2454111.288102  1.395543e+01  8.558603e-02  1.395543e+01  8.558603e-02 
   95626311   2.877784e+00   2.608641e-01   2.877784e+00   2.608641e-01 223200701111855210       4703       4829     0 2454112.286007  1.385235e+01  9.841967e-02  1.385235e+01  9.841967e-02 
   95626367   2.529893e+00   2.436903e-01   2.529893e+00   2.436903e-01 223200701111856160       4702       4828     0 2454112.286655  1.399224e+01  1.045832e-01  1.399224e+01  1.045832e-01 
   95626421   2.243637e+00   2.290371e-01   2.243637e+00   2.290371e-01 223200701111857110       4701       4827     0 2454112.287280  1.412262e+01  1.108356e-01  1.412262e+01  1.108356e-01 
   95626477   2.410541e+00   2.165120e-01   2.410541e+00   2.165120e-01 223200701111858070       4701       4826     0 2454112.287928  1.404471e+01  9.751990e-02  1.404471e+01  9.751990e-02 
   95712694   2.614851e+00   2.441896e-01   2.614851e+00   2.441896e-01 223200701121855050       4731       4823     0 2454113.285810  1.395638e+01  1.013926e-01  1.395638e+01  1.013926e-01 
   95712750   2.810046e+00   2.293313e-01   2.810046e+00   2.293313e-01 223200701121856000       4731       4823     0 2454113.286458  1.387822e+01  8.860855e-02  1.387822e+01  8.860855e-02 
   95712804   2.713213e+00   2.156647e-01   2.713213e+00   2.156647e-01 223200701121856550       4730       4821     0 2454113.287083  1.391629e+01  8.630203e-02  1.391629e+01  8.630203e-02 
   95712858   2.466275e+00   2.031921e-01   2.466275e+00   2.031921e-01 223200701121857490       4730       4820     0 2454113.287708  1.401990e+01  8.945222e-02  1.401990e+01  8.945222e-02 
   95799116   2.643261e+00   2.160705e-01   2.643261e+00   2.160705e-01 223200701131855270       4727       4838     0 2454114.286065  1.394465e+01  8.875263e-02  1.394465e+01  8.875263e-02 
   95799170   2.626423e+00   2.040452e-01   2.626423e+00   2.040452e-01 223200701131856210       4727       4837     0 2454114.286690  1.395159e+01  8.435050e-02  1.395159e+01  8.435050e-02 
   95799294   2.598205e+00   1.784473e-01   2.598205e+00   1.784473e-01 223200701131858250       4728       4841     0 2454114.288125  1.396332e+01  7.456971e-02  1.396332e+01  7.456971e-02 
   95799348   2.343358e+00   1.683093e-01   2.343358e+00   1.683093e-01 223200701131859190       4728       4839     0 2454114.288750  1.407540e+01  7.798215e-02  1.407540e+01  7.798215e-02 
   95885586   2.568122e+00   2.013947e-01   2.568122e+00   2.013947e-01 223200701141856390       4723       4817     0 2454115.286875  1.397596e+01  8.514485e-02  1.397596e+01  8.514485e-02 
   95885642   2.405261e+00   1.888609e-01   2.405261e+00   1.888609e-01 223200701141857340       4723       4816     0 2454115.287523  1.404709e+01  8.525224e-02  1.404709e+01  8.525224e-02 
   95885696   2.380563e+00   1.776455e-01   2.380563e+00   1.776455e-01 223200701141858290       4722       4815     0 2454115.288148  1.405830e+01  8.102153e-02  1.405830e+01  8.102153e-02 
   95885828   2.394292e+00   1.551701e-01   2.394292e+00   1.551701e-01 223200701141900410       4720       4815     0 2454115.289676  1.405206e+01  7.036503e-02  1.405206e+01  7.036503e-02 
  105941761   2.736583e+00   2.700669e-01   2.736583e+00   2.700669e-01 223200705110414520       4702       5658     0 2454231.677789  1.390698e+01  1.071491e-01  1.390698e+01  1.071491e-01 
  105941817   2.735009e+00   2.889440e-01   2.735009e+00   2.889440e-01 223200705110415490       4705       5657     0 2454231.678437  1.390760e+01  1.147046e-01  1.390760e+01  1.147046e-01 
  105941876   2.604076e+00   3.066952e-01   2.604076e+00   3.066952e-01 223200705110416470       4708       5656     0 2454231.679120  1.396087e+01  1.278731e-01  1.396087e+01  1.278731e-01 
  105941931   3.192499e+00   3.275741e-01   3.192499e+00   3.275741e-01 223200705110417430       4710       5655     0 2454231.679757  1.373967e+01  1.114050e-01  1.373967e+01  1.114050e-01 
  106027816   2.414845e+00   1.666292e-01   2.414845e+00   1.666292e-01 223200705120409040       4727       5634     0 2454232.673796  1.404278e+01  7.491824e-02  1.404278e+01  7.491824e-02 
  106027942   2.594963e+00   1.801294e-01   2.594963e+00   1.801294e-01 223200705120411090       4714       5646     0 2454232.675255  1.396467e+01  7.536666e-02  1.396467e+01  7.536666e-02 
  106027996   2.403769e+00   1.871578e-01   2.403769e+00   1.871578e-01 223200705120412040       4716       5645     0 2454232.675880  1.404777e+01  8.453587e-02  1.404777e+01  8.453587e-02 
  106028050   2.757818e+00   1.965696e-01   2.757818e+00   1.965696e-01 223200705120412580       4718       5645     0 2454232.676505  1.389859e+01  7.738855e-02  1.389859e+01  7.738855e-02 
  106114071   2.352217e+00   1.652170e-01   2.352217e+00   1.652170e-01 223200705130406340       4703       5658     0 2454233.672118  1.407131e+01  7.626111e-02  1.407131e+01  7.626111e-02 
  106114125   2.670662e+00   1.710836e-01   2.670662e+00   1.710836e-01 223200705130407290       4706       5657     0 2454233.672743  1.393345e+01  6.955292e-02  1.393345e+01  6.955292e-02 
  106114181   2.236190e+00   1.749848e-01   2.236190e+00   1.749848e-01 223200705130408240       4709       5657     0 2454233.673391  1.412623e+01  8.496060e-02  1.412623e+01  8.496060e-02 
  106114235   2.507465e+00   1.807117e-01   2.507465e+00   1.807117e-01 223200705130409190       4710       5656     0 2454233.674016  1.400191e+01  7.824873e-02  1.400191e+01  7.824873e-02 
  124569520   2.480278e+00   3.090030e-01   2.480278e+00   3.090030e-01 221200712121841060      15409       2920     0 2454447.276852  1.401375e+01  1.352658e-01  1.401375e+01  1.352658e-01 
  124569713   3.152016e+00   2.684719e-01   3.152016e+00   2.684719e-01 223200712121844190       3971       9333     0 2454447.279086  1.375353e+01  9.247756e-02  1.375353e+01  9.247756e-02 
  124571643   3.073719e+00   9.480249e-02   3.073719e+00   9.480249e-02 221200712121916280      15361       3049     0 2454447.301424  1.378084e+01  3.348740e-02  1.378084e+01  3.348740e-02 
  124571703   2.088367e+00   8.286317e-02   2.088367e+00   8.286317e-02 223200712121917280       3983       9292     0 2454447.302118  1.420048e+01  4.308048e-02  1.420048e+01  4.308048e-02 
  124572978   2.721042e+00   9.246238e-02   2.721042e+00   9.246238e-02 221200712121938430      15401       3119     0 2454447.316875  1.391316e+01  3.689399e-02  1.391316e+01  3.689399e-02 
  124573037   2.173590e+00   8.178363e-02   2.173590e+00   8.178363e-02 223200712121939430       3968       9218     0 2454447.317558  1.415706e+01  4.085212e-02  1.415706e+01  4.085212e-02 
