\OBJNAME = '1SWASP J001658.92-745256.2'
\OBSSTART = '2006-05-11T04:17:04'
\OBSSTOP = '2007-12-12T19:38:43'
\TSTART = 74405897
\TSTOP = 124572983
\JD_REF = 2453005.5
\RA_OBJ = '4.245525'
\DEC_OBJ = '-74.882294'
\WASP_MAG = 15.55809
\HJD_START = 2453866.679363
\HJD_STOP = 2454447.316933
\fixlen = T
\NUMRECORDS = 278
\
\ This file was produced by the NASA Exoplanet Archive  http://exoplanetarchive.ipac.caltech.edu 
\ Sun Sep 15, 19:00:41 2013
\ Documentation for the SuperWASP dataset can be found at http://exoplanetarchive.ipac.caltech.edu/docs/SuperWASPMission.html
\
|TMID      |FLUX2         |FLUX2_ERR     |TAMFLUX2      |TAMFLUX2_ERR  |IMAGEID           |CCDX      |CCDY      |FLAG |           HJD|         MAG2|     MAG2_ERR|      TAMMAG2|  TAMMAG2_ERR|
|int       |float         |float         |float         |float         |char              |int       |int       |int  |        double|        float|        float|        float|        float|
|sec       |micro Vega    |micro Vega    |micro Vega    |micro Vega    |                  |1/16 pixel|1/16 pixel|     |           day|          mag|          mag|          mag|          mag|
|null      |null          |null          |null          |null          |null              |null      |null      |null |          null|         null|         null|         null|         null|
   74405897   8.192232e-01   3.058817e-01   8.192232e-01   3.058817e-01 223200605110417040        153        699     0 2453866.679363  1.521649e+01  4.053938e-01  1.521649e+01  4.053938e-01 
   74491872   4.209325e-01   2.651199e-01   4.209325e-01   2.651199e-01 223200605120409570        162        642     0 2453867.674444  1.593947e+01  6.838418e-01  1.593947e+01  6.838418e-01 
   74492010   5.953682e-01   2.806037e-01   5.953682e-01   2.806037e-01 223200605120412150        171        638     0 2453867.676042  1.556304e+01  5.117215e-01  1.556304e+01  5.117215e-01 
   74492063   5.410478e-01   2.896913e-01   5.410478e-01   2.896913e-01 223200605120413070        174        637     0 2453867.676655  1.566691e+01  5.813341e-01  1.566691e+01  5.813341e-01 
   74750394   2.416870e-01   3.857404e-01   2.416870e-01   3.857404e-01 223200605150358270        160        646     0 2453870.666597  1.654187e+01  1.732877e+00  1.654187e+01  1.732877e+00 
   74750454   2.826469e-01   3.833539e-01   2.826469e-01   3.833539e-01 223200605150359270        165        641     0 2453870.667292  1.637189e+01  1.472589e+00  1.637189e+01  1.472589e+00 
   74750508   4.019092e-01   3.843468e-01   4.019092e-01   3.843468e-01 223200605150400210        169        641     0 2453870.667917  1.598968e+01  1.038296e+00  1.598968e+01  1.038296e+00 
   75613652   5.672286e-01   1.353358e-01   5.672286e-01   1.353358e-01 223200605250345300        240        650     0 2453880.658009  1.561560e+01  2.590481e-01  1.561560e+01  2.590481e-01 
   75613715   4.860900e-01   1.347678e-01   4.860900e-01   1.347678e-01 223200605250346340        249        625     0 2453880.658738  1.578321e+01  3.010198e-01  1.578321e+01  3.010198e-01 
   75613773   3.381144e-01   1.321901e-01   3.381144e-01   1.321901e-01 223200605250347310        252        624     0 2453880.659410  1.617734e+01  4.244838e-01  1.617734e+01  4.244838e-01 
   75613841   6.269940e-01   1.344810e-01   6.269940e-01   1.344810e-01 223200605250348400        251        644     0 2453880.660197  1.550684e+01  2.328753e-01  1.550684e+01  2.328753e-01 
   75700107   5.118352e-01   1.300266e-01   5.118352e-01   1.300266e-01 223200605260346210        260        640     0 2453881.658646  1.572717e+01  2.758213e-01  1.572717e+01  2.758213e-01 
   75700170   4.625770e-01   1.299972e-01   4.625770e-01   1.299972e-01 223200605260347250        267        613     0 2453881.659375  1.583704e+01  3.051236e-01  1.583704e+01  3.051236e-01 
   76132392   4.455162e-01   1.091224e-01   4.455162e-01   1.091224e-01 223200605310350510        331        583     0 2453886.661944  1.587784e+01  2.659355e-01  1.587784e+01  2.659355e-01 
   76132441   4.868430e-01   1.092463e-01   4.868430e-01   1.092463e-01 223200605310351390        333        581     0 2453886.662512  1.578153e+01  2.436372e-01  1.578153e+01  2.436372e-01 
   76218933   4.609953e-01   1.113062e-01   4.609953e-01   1.113062e-01 223200606010353090        346        591     0 2453887.663576  1.584076e+01  2.621492e-01  1.584076e+01  2.621492e-01 
   76219019   3.662466e-01   1.118891e-01   3.662466e-01   1.118891e-01 223200606010354350        353        567     0 2453887.664572  1.609057e+01  3.316960e-01  1.609057e+01  3.316960e-01 
   76478200   4.229326e-01   1.219510e-01   4.229326e-01   1.219510e-01 223200606040354060        354        565     0 2453890.664352  1.593432e+01  3.130689e-01  1.593432e+01  3.130689e-01 
   76478273   5.019933e-01   1.203806e-01   5.019933e-01   1.203806e-01 223200606040355190        355        584     0 2453890.665197  1.574825e+01  2.603661e-01  1.574825e+01  2.603661e-01 
   76478349   4.855890e-01   1.203626e-01   4.855890e-01   1.203626e-01 223200606040356360        362        557     0 2453890.666076  1.578433e+01  2.691216e-01  1.578433e+01  2.691216e-01 
   76564601   6.088002e-01   2.948264e-01   6.088002e-01   2.948264e-01 223200606050354050        385        548     0 2453891.664363  1.553881e+01  5.257963e-01  1.553881e+01  5.257963e-01 
   76564661   5.044713e-01   2.986598e-01   5.044713e-01   2.986598e-01 223200606050355050        388        545     0 2453891.665058  1.574291e+01  6.427855e-01  1.574291e+01  6.427855e-01 
   76564719   6.372407e-01   2.645195e-01   6.372407e-01   2.645195e-01 223200606050356020        389        544     0 2453891.665729  1.548924e+01  4.506921e-01  1.548924e+01  4.506921e-01 
   76650913   3.448108e-01   1.066335e-01   3.448108e-01   1.066335e-01 223200606060352330        369        545     0 2453892.663345  1.615605e+01  3.357674e-01  1.615605e+01  3.357674e-01 
   76651103   4.110209e-01   1.107464e-01   4.110209e-01   1.107464e-01 223200606060355430        378        541     0 2453892.665544  1.596534e+01  2.925443e-01  1.596534e+01  2.925443e-01 
   76651179   3.276983e-01   1.093824e-01   3.276983e-01   1.093824e-01 223200606060357000        377        560     0 2453892.666424  1.621132e+01  3.624092e-01  1.621132e+01  3.624092e-01 
   76737407   4.133130e-01   1.165384e-01   4.133130e-01   1.165384e-01 223200606070354040        380        547     0 2453893.664433  1.595930e+01  3.061371e-01  1.595930e+01  3.061371e-01 
   76737515   4.522175e-01   1.115524e-01   4.522175e-01   1.115524e-01 223200606070355530        384        543     0 2453893.665683  1.586163e+01  2.678288e-01  1.586163e+01  2.678288e-01 
   76737571   4.894316e-01   1.129077e-01   4.894316e-01   1.129077e-01 223200606070356480        386        541     0 2453893.666331  1.577577e+01  2.504710e-01  1.577577e+01  2.504710e-01 
   76823797   4.201210e-01   1.135918e-01   4.201210e-01   1.135918e-01 223200606080353510        406        545     0 2453894.664317  1.594156e+01  2.935611e-01  1.594156e+01  2.935611e-01 
   76823915   4.534654e-01   1.138195e-01   4.534654e-01   1.138195e-01 223200606080355500        412        540     0 2453894.665683  1.585864e+01  2.725200e-01  1.585864e+01  2.725200e-01 
   76824001   4.293500e-01   1.129728e-01   4.293500e-01   1.129728e-01 223200606080357160        411        559     0 2453894.666678  1.591797e+01  2.856857e-01  1.591797e+01  2.856857e-01 
   76910277   4.110962e-01   1.094864e-01   4.110962e-01   1.094864e-01 223200606090355080        405        530     0 2453895.665243  1.596514e+01  2.891628e-01  1.596514e+01  2.891628e-01 
   76910361   4.782583e-01   1.115344e-01   4.782583e-01   1.115344e-01 223200606090356320        404        548     0 2453895.666215  1.580084e+01  2.532049e-01  1.580084e+01  2.532049e-01 
   76910433   4.722253e-01   1.107548e-01   4.722253e-01   1.107548e-01 223200606090357440        410        524     0 2453895.667049  1.581463e+01  2.546474e-01  1.581463e+01  2.546474e-01 
   76996578   4.337152e-01   2.414898e-01   4.337152e-01   2.414898e-01 223200606100353270        408        533     0 2453896.664097  1.590699e+01  6.045328e-01  1.590699e+01  6.045328e-01 
   76996759   4.655726e-01   2.262227e-01   4.655726e-01   2.262227e-01 223200606100356270        416        526     0 2453896.666192  1.583003e+01  5.275635e-01  1.583003e+01  5.275635e-01 
   77082997   4.389957e-01   4.145674e-01   4.389957e-01   4.145674e-01 223200606110353440        421        521     0 2453897.664317  1.589385e+01  1.025323e+00  1.589385e+01  1.025323e+00 
   77083155   6.282307e-01   4.092056e-01   6.282307e-01   4.092056e-01 223200606110356210        427        515     0 2453897.666146  1.550470e+01  7.072097e-01  1.550470e+01  7.072097e-01 
   77083209   5.214782e-01   4.061080e-01   5.214782e-01   4.061080e-01 223200606110357160        429        513     0 2453897.666771  1.570691e+01  8.455343e-01  1.570691e+01  8.455343e-01 
   77169325   7.917342e-01   5.153821e-01   7.917342e-01   5.153821e-01 223200606120352290        427        513     0 2453898.663484  1.525355e+01  7.067661e-01  1.525355e+01  7.067661e-01 
   77169383   6.693248e-01   5.104987e-01   6.693248e-01   5.104987e-01 223200606120353260        429        510     0 2453898.664155  1.543591e+01  8.281016e-01  1.543591e+01  8.281016e-01 
   77169443   6.051590e-01   5.110626e-01   6.051590e-01   5.110626e-01 223200606120354260        431        507     0 2453898.664850  1.554533e+01  9.169179e-01  1.554533e+01  9.169179e-01 
   77514687  -1.225456e+00   2.394813e+00  -1.225456e+00   2.394813e+00 223200606160348210        430        478     0 2453902.660729          null          null          null          null 
   77514752   1.661687e+00   2.947113e+00   1.661687e+00   2.947113e+00 223200606160349260        431        475     0 2453902.661481  1.444863e+01  1.925633e+00  1.444863e+01  1.925633e+00 
   77601442   3.517781e-01   1.993585e-01   3.517781e-01   1.993585e-01 223200606170354120        442        480     0 2453903.664838  1.613433e+01  6.153070e-01  1.613433e+01  6.153070e-01 
   77601569   5.372076e-01   2.001980e-01   5.372076e-01   2.001980e-01 223200606170356190        449        454     0 2453903.666308  1.567464e+01  4.046164e-01  1.567464e+01  4.046164e-01 
   77687715   5.176448e-01   1.698247e-01   5.176448e-01   1.698247e-01 223200606180352030        464        454     0 2453904.663368  1.571492e+01  3.562009e-01  1.571492e+01  3.562009e-01 
   77687758   5.310694e-01   1.693885e-01   5.310694e-01   1.693885e-01 223200606180352470        466        453     0 2453904.663866  1.568712e+01  3.463049e-01  1.568712e+01  3.463049e-01 
   77687877   5.917750e-01   1.679637e-01   5.917750e-01   1.679637e-01 223200606180354460        468        450     0 2453904.665243  1.556961e+01  3.081660e-01  1.556961e+01  3.081660e-01 
   77774352   4.943439e-01   1.411185e-01   4.943439e-01   1.411185e-01 223200606190355570        509        435     0 2453905.666111  1.576493e+01  3.099422e-01  1.576493e+01  3.099422e-01 
   77774408   6.840981e-01   1.416573e-01   6.840981e-01   1.416573e-01 223200606190356530        510        435     0 2453905.666759  1.541220e+01  2.248259e-01  1.541220e+01  2.248259e-01 
   77774470   4.161566e-01   1.405581e-01   4.161566e-01   1.405581e-01 223200606190357560        509        434     0 2453905.667477  1.595186e+01  3.667119e-01  1.595186e+01  3.667119e-01 
   77774535   5.598200e-01   1.424565e-01   5.598200e-01   1.424565e-01 223200606190359000        505        456     0 2453905.668229  1.562988e+01  2.762866e-01  1.562988e+01  2.762866e-01 
   77860765   4.529137e-01   1.206499e-01   4.529137e-01   1.206499e-01 223200606200356080        494        429     0 2453906.666262  1.585996e+01  2.892261e-01  1.585996e+01  2.892261e-01 
   77860824   5.075936e-01   1.215042e-01   5.075936e-01   1.215042e-01 223200606200357080        495        428     0 2453906.666944  1.573621e+01  2.598969e-01  1.573621e+01  2.598969e-01 
   77860888   5.296390e-01   1.215176e-01   5.296390e-01   1.215176e-01 223200606200358110        494        429     0 2453906.667685  1.569005e+01  2.491065e-01  1.569005e+01  2.491065e-01 
   77947075   5.169403e-01   1.269633e-01   5.169403e-01   1.269633e-01 223200606210354360        489        427     0 2453907.665220  1.571640e+01  2.666635e-01  1.571640e+01  2.666635e-01 
   77947129   6.119350e-01   1.271874e-01   6.119350e-01   1.271874e-01 223200606210355300        489        429     0 2453907.665845  1.553324e+01  2.256653e-01  1.553324e+01  2.256653e-01 
   77947207   3.933406e-01   1.266874e-01   3.933406e-01   1.266874e-01 223200606210356480        486        450     0 2453907.666748  1.601308e+01  3.496957e-01  1.601308e+01  3.496957e-01 
   77947274   3.867030e-01   1.266788e-01   3.867030e-01   1.266788e-01 223200606210357550        490        428     0 2453907.667523  1.603156e+01  3.556741e-01  1.603156e+01  3.556741e-01 
   78119985   3.696251e-01   1.084242e-01   3.696251e-01   1.084242e-01 223200606230356210        480        407     0 2453909.666493  1.608060e+01  3.184862e-01  1.608060e+01  3.184862e-01 
   78120039   4.612480e-01   1.089743e-01   4.612480e-01   1.089743e-01 223200606230357150        479        409     0 2453909.667118  1.584016e+01  2.565166e-01  1.584016e+01  2.565166e-01 
   78120187   4.121062e-01   1.075730e-01   4.121062e-01   1.075730e-01 223200606230359440        478        414     0 2453909.668831  1.596248e+01  2.834130e-01  1.596248e+01  2.834130e-01 
   78206444   5.662044e-01   1.175351e-01   5.662044e-01   1.175351e-01 223200606240357190        499        392     0 2453910.667176  1.561757e+01  2.253825e-01  1.561757e+01  2.253825e-01 
   78206503   4.824731e-01   1.146218e-01   4.824731e-01   1.146218e-01 223200606240358180        496        396     0 2453910.667859  1.579132e+01  2.579406e-01  1.579132e+01  2.579406e-01 
   78206578   5.494790e-01   1.164682e-01   5.494790e-01   1.164682e-01 223200606240359320        488        422     0 2453910.668727  1.565012e+01  2.301348e-01  1.565012e+01  2.301348e-01 
   78292883   4.831541e-01   1.071165e-01   4.831541e-01   1.071165e-01 223200606250357560        501        375     0 2453911.667627  1.578979e+01  2.407114e-01  1.578979e+01  2.407114e-01 
   78292937   2.790839e-01   1.035017e-01   2.790839e-01   1.035017e-01 223200606250358490        495        383     0 2453911.668252  1.638566e+01  4.026599e-01  1.638566e+01  4.026599e-01 
   78292988   4.043624e-01   1.062053e-01   4.043624e-01   1.062053e-01 223200606250359400        485        396     0 2453911.668843  1.598307e+01  2.851682e-01  1.598307e+01  2.851682e-01 
   78293050   3.575467e-01   1.055589e-01   3.575467e-01   1.055589e-01 223200606250400430        485        394     0 2453911.669560  1.611667e+01  3.205441e-01  1.611667e+01  3.205441e-01 
   78724949   3.829436e-01   1.068250e-01   3.829436e-01   1.068250e-01 223200606300358520        509        375     0 2453916.668391  1.604216e+01  3.028753e-01  1.604216e+01  3.028753e-01 
   78725026   4.262488e-01   1.055987e-01   4.262488e-01   1.055987e-01 223200606300400090        515        349     0 2453916.669282  1.592584e+01  2.689807e-01  1.592584e+01  2.689807e-01 
   78725073   4.919390e-01   1.068549e-01   4.919390e-01   1.068549e-01 223200606300400570        516        347     0 2453916.669826  1.577022e+01  2.358354e-01  1.577022e+01  2.358354e-01 
   78725137   3.386071e-01   1.063624e-01   3.386071e-01   1.063624e-01 223200606300402000        517        345     0 2453916.670567  1.617576e+01  3.410498e-01  1.617576e+01  3.410498e-01 
   78811385   4.753490e-01   1.121279e-01   4.753490e-01   1.121279e-01 223200607010359260        509        342     0 2453917.668808  1.580747e+01  2.561103e-01  1.580747e+01  2.561103e-01 
   78811464   4.774483e-01   1.124002e-01   4.774483e-01   1.124002e-01 223200607010400450        507        361     0 2453917.669722  1.580268e+01  2.556034e-01  1.580268e+01  2.556034e-01 
   78811529   3.399664e-01   1.088326e-01   3.399664e-01   1.088326e-01 223200607010401510        511        336     0 2453917.670475  1.617141e+01  3.475752e-01  1.617141e+01  3.475752e-01 
   78811580   4.060490e-01   1.095117e-01   4.060490e-01   1.095117e-01 223200607010402420        512        334     0 2453917.671065  1.597855e+01  2.928249e-01  1.597855e+01  2.928249e-01 
   78897855   8.482929e-01   5.870596e-01   8.482929e-01   5.870596e-01 223200607020400340        521        330     0 2453918.669618  1.517864e+01  7.513843e-01  1.517864e+01  7.513843e-01 
   78897909   2.397285e-02   3.308291e-01   2.397285e-02   3.308291e-01 223200607020401280        520        327     0 2453918.670243  1.905070e+01  1.498338e+01  1.905070e+01  1.498338e+01 
   78897982   2.173062e-01   1.907990e-01   2.173062e-01   1.907990e-01 223200607020402420        518        346     0 2453918.671088  1.665732e+01  9.533005e-01  1.665732e+01  9.533005e-01 
   78984251   3.697677e-01   1.025074e-01   3.697677e-01   1.025074e-01 223200607030400290        529        315     0 2453919.669572  1.608018e+01  3.009901e-01  1.608018e+01  3.009901e-01 
   78984309   4.122838e-01   1.038593e-01   4.122838e-01   1.038593e-01 223200607030401270        530        313     0 2453919.670243  1.596201e+01  2.735112e-01  1.596201e+01  2.735112e-01 
   78984364   4.073031e-01   1.043129e-01   4.073031e-01   1.043129e-01 223200607030402220        530        311     0 2453919.670880  1.597521e+01  2.780649e-01  1.597521e+01  2.780649e-01 
   79070567   3.707672e-01   1.052841e-01   3.707672e-01   1.052841e-01 223200607040359040        525        295     0 2453920.668600  1.607725e+01  3.083097e-01  1.607725e+01  3.083097e-01 
   79070633   2.963313e-01   1.038048e-01   2.963313e-01   1.038048e-01 223200607040400090        526        293     0 2453920.669363  1.632056e+01  3.803346e-01  1.632056e+01  3.803346e-01 
   79415948   4.407836e-01   1.052749e-01   4.407836e-01   1.052749e-01 223200607080355190        522        280     0 2453924.666065  1.588944e+01  2.593136e-01  1.588944e+01  2.593136e-01 
   79416172   4.681768e-01   1.032893e-01   4.681768e-01   1.032893e-01 223200607080359030        529        274     0 2453924.668657  1.582398e+01  2.395362e-01  1.582398e+01  2.395362e-01 
   79416230   4.752873e-01   1.026216e-01   4.752873e-01   1.026216e-01 223200607080400010        530        272     0 2453924.669329  1.580761e+01  2.344275e-01  1.580761e+01  2.344275e-01 
   79502435   5.115821e-01   1.689966e-01   5.115821e-01   1.689966e-01 223200607090356460        534        273     0 2453925.667072  1.572771e+01  3.586646e-01  1.572771e+01  3.586646e-01 
   79502556   5.174077e-01   1.641965e-01   5.174077e-01   1.641965e-01 223200607090358470        535        268     0 2453925.668472  1.571542e+01  3.445537e-01  1.571542e+01  3.445537e-01 
   79502710   2.586862e-01   1.599808e-01   2.586862e-01   1.599808e-01 223200607090401200        532        250     0 2453925.670255  1.646807e+01  6.714603e-01  1.646807e+01  6.714603e-01 
   80278186   7.678710e-01   1.896371e-01   7.678710e-01   1.896371e-01 223200607180325470        565        228     0 2453934.645671  1.528678e+01  2.681395e-01  1.528678e+01  2.681395e-01 
   80278323   8.695863e-01   1.983123e-01   8.695863e-01   1.983123e-01 223200607180328050        564        223     0 2453934.647257  1.515172e+01  2.476070e-01  1.515172e+01  2.476070e-01 
   80278401   1.320749e-01   2.608828e-01   1.320749e-01   2.608828e-01 223200607180329220        568        198     0 2453934.648160  1.719795e+01  2.144623e+00  1.719795e+01  2.144623e+00 
   80364277   5.029814e-01   1.318997e-01   5.029814e-01   1.318997e-01 223200607190320380        560        213     0 2453935.642095  1.574612e+01  2.847198e-01  1.574612e+01  2.847198e-01 
   80364393   5.237589e-01   1.309313e-01   5.237589e-01   1.309313e-01 223200607190322340        560        210     0 2453935.643438  1.570217e+01  2.714175e-01  1.570217e+01  2.714175e-01 
   80364454   4.080217e-01   1.298450e-01   4.080217e-01   1.298450e-01 223200607190323360        561        209     0 2453935.644144  1.597329e+01  3.455156e-01  1.597329e+01  3.455156e-01 
   80450493   5.014035e-01   1.193010e-01   5.014035e-01   1.193010e-01 223200607200317340        565        205     0 2453936.639965  1.574953e+01  2.583346e-01  1.574953e+01  2.583346e-01 
   80450618   4.402120e-01   1.192269e-01   4.402120e-01   1.192269e-01 223200607200319380        564        202     0 2453936.641412  1.589085e+01  2.940617e-01  1.589085e+01  2.940617e-01 
   80450675   3.982311e-01   1.192446e-01   3.982311e-01   1.192446e-01 223200607200320360        565        200     0 2453936.642072  1.599966e+01  3.251094e-01  1.599966e+01  3.251094e-01 
   80967482   4.527644e-01   1.013462e-01   4.527644e-01   1.013462e-01 223200607260254000        525        239     0 2453942.623634  1.586032e+01  2.430308e-01  1.586032e+01  2.430308e-01 
   80967542   4.626834e-01   1.011961e-01   4.626834e-01   1.011961e-01 223200607260255010        526        236     0 2453942.624329  1.583679e+01  2.374683e-01  1.583679e+01  2.374683e-01 
   80967598   4.848828e-01   1.021830e-01   4.848828e-01   1.021830e-01 223200607260255560        527        234     0 2453942.624977  1.578591e+01  2.288061e-01  1.578591e+01  2.288061e-01 
   81053643   6.021750e-01   1.160765e-01   6.021750e-01   1.160765e-01 223200607270250020        520        237     0 2453943.620868  1.555069e+01  2.092895e-01  1.555069e+01  2.092895e-01 
   81053705   3.975195e-01   1.194831e-01   3.975195e-01   1.194831e-01 223200607270251040        521        234     0 2453943.621586  1.600160e+01  3.263428e-01  1.600160e+01  3.263428e-01 
   81053761   6.116049e-01   1.175961e-01   6.116049e-01   1.175961e-01 223200607270251590        521        232     0 2453943.622234  1.553382e+01  2.087603e-01  1.553382e+01  2.087603e-01 
   81053823   5.300865e-01   1.141769e-01   5.300865e-01   1.141769e-01 223200607270253010        522        229     0 2453943.622951  1.568913e+01  2.338607e-01  1.568913e+01  2.338607e-01 
   81139820   6.655101e-01   7.992418e-01   6.655101e-01   7.992418e-01 223200607280246190        537        227     0 2453944.618287  1.544211e+01  1.303915e+00  1.544211e+01  1.303915e+00 
   81139879   2.949785e-02   1.384996e+00   2.949785e-02   1.384996e+00 223200607280247170        538        225     0 2453944.618970  1.882552e+01  5.097815e+01  1.882552e+01  5.097815e+01 
   81139933   4.888676e-01   8.543127e-01   4.888676e-01   8.543127e-01 223200607280248110        538        223     0 2453944.619595  1.577702e+01  1.897367e+00  1.577702e+01  1.897367e+00 
   81139987   1.534459e-01   5.483587e-01   1.534459e-01   5.483587e-01 223200607280249060        539        221     0 2453944.620220  1.703511e+01  3.880031e+00  1.703511e+01  3.880031e+00 
   82346052   4.750454e-01   3.708528e-01   4.750454e-01   3.708528e-01 224200608110150170      31142       2356     0 2453958.579306  1.580816e+01  8.476026e-01  1.580816e+01  8.476026e-01 
   82346052   6.406711e-01   4.205600e-01   6.406711e-01   4.205600e-01 223200608110150170        536        263     0 2453958.579306  1.548341e+01  7.127196e-01  1.548341e+01  7.127196e-01 
   82346108   1.067828e+00   3.692070e-01   1.067828e+00   3.692070e-01 224200608110151120      31137       2358     0 2453958.579954  1.492875e+01  3.754003e-01  1.492875e+01  3.754003e-01 
   82346108   1.315799e+00   4.213076e-01   1.315799e+00   4.213076e-01 223200608110151120        539        261     0 2453958.579954  1.470203e+01  3.476445e-01  1.470203e+01  3.476445e-01 
   82346163   5.177940e-01   3.696989e-01   5.177940e-01   3.696989e-01 224200608110152070      31136       2359     0 2453958.580590  1.571461e+01  7.752057e-01  1.571461e+01  7.752057e-01 
   82346163   2.443991e-02   4.184585e-01   2.443991e-02   4.184585e-01 223200608110152070        539        257     0 2453958.580590  1.902975e+01  1.858997e+01  1.902975e+01  1.858997e+01 
   82346222   5.663797e-01   3.682521e-01   5.663797e-01   3.682521e-01 224200608110153070      31134       2361     0 2453958.581273  1.561723e+01  7.059329e-01  1.561723e+01  7.059329e-01 
   82346222   6.689682e-01   4.167112e-01   6.689682e-01   4.167112e-01 223200608110153070        539        255     0 2453958.581273  1.543649e+01  6.763252e-01  1.543649e+01  6.763252e-01 
   82518407   1.685013e+00   3.742788e-01   1.685013e+00   3.742788e-01 224200608130142530      31100       2433     0 2453960.574155  1.443349e+01  2.411670e-01  1.443349e+01  2.411670e-01 
   82518466   1.234186e+00   3.782001e-01   1.234186e+00   3.782001e-01 224200608130143530      31096       2435     0 2453960.574838  1.477155e+01  3.327108e-01  1.477155e+01  3.327108e-01 
   82518466   8.704513e-01   2.687150e-01   8.704513e-01   2.687150e-01 223200608130143520        539        235     0 2453960.574838  1.515064e+01  3.351763e-01  1.515064e+01  3.351763e-01 
   82518528   1.264484e+00   3.775056e-01   1.264484e+00   3.775056e-01 224200608130144550      31095       2437     0 2453960.575556  1.474522e+01  3.241425e-01  1.474522e+01  3.241425e-01 
   82518528   7.062916e-01   2.684623e-01   7.062916e-01   2.684623e-01 223200608130144550        537        230     0 2453960.575556  1.537754e+01  4.126911e-01  1.537754e+01  4.126911e-01 
   82518606   1.697179e+00   3.775200e-01   1.697179e+00   3.775200e-01 224200608130146120      31097       2417     0 2453960.576458  1.442568e+01  2.415117e-01  1.442568e+01  2.415117e-01 
   82518606   6.490391e-01   2.675100e-01   6.490391e-01   2.675100e-01 223200608130146120        535        248     0 2453960.576458  1.546932e+01  4.475020e-01  1.546932e+01  4.475020e-01 
   82604588   8.048061e-01   1.974978e-01   8.048061e-01   1.974978e-01 224200608140139160      31074       2445     0 2453961.571620  1.523577e+01  2.664383e-01  1.523577e+01  2.664383e-01 
   82604588   3.494588e-01   2.138703e-01   3.494588e-01   2.138703e-01 223200608140139160        538        254     0 2453961.571620  1.614151e+01  6.644774e-01  1.614151e+01  6.644774e-01 
   82604644   7.278834e-01   1.976954e-01   7.278834e-01   1.976954e-01 224200608140140120      31070       2444     0 2453961.572269  1.534485e+01  2.948903e-01  1.534485e+01  2.948903e-01 
   82604644   4.715313e-01   2.155775e-01   4.715313e-01   2.155775e-01 223200608140140120        545        251     0 2453961.572269  1.581622e+01  4.963852e-01  1.581622e+01  4.963852e-01 
   82604701   6.771738e-01   2.016181e-01   6.771738e-01   2.016181e-01 224200608140141080      31066       2441     0 2453961.572928  1.542325e+01  3.232625e-01  1.542325e+01  3.232625e-01 
   82604755   5.373904e-01   2.020765e-01   5.373904e-01   2.020765e-01 224200608140142030      31066       2443     0 2453961.573553  1.567428e+01  4.082740e-01  1.567428e+01  4.082740e-01 
   82604755   5.539643e-01   2.240414e-01   5.539643e-01   2.240414e-01 223200608140142030        558        246     0 2453961.573553  1.564130e+01  4.391091e-01  1.564130e+01  4.391091e-01 
   82863061   4.245884e-01   1.374400e-01   4.245884e-01   1.374400e-01 223200608170127120        528        263     0 2453964.563206  1.593008e+01  3.514558e-01  1.593008e+01  3.514558e-01 
   82863129   7.069002e-01   1.317674e-01   7.069002e-01   1.317674e-01 224200608170128190      31076       2443     0 2453964.563993  1.537661e+01  2.023838e-01  1.537661e+01  2.023838e-01 
   82863129   5.777646e-01   1.395748e-01   5.777646e-01   1.395748e-01 223200608170128190        535        234     0 2453964.563993  1.559562e+01  2.622901e-01  1.559562e+01  2.622901e-01 
   82863185   3.925946e-01   1.386671e-01   3.925946e-01   1.386671e-01 223200608170129150        536        231     0 2453964.564641  1.601514e+01  3.834908e-01  1.601514e+01  3.834908e-01 
   82863245   7.511190e-01   1.306679e-01   7.511190e-01   1.306679e-01 224200608170130160      31074       2444     0 2453964.565336  1.531073e+01  1.888800e-01  1.531073e+01  1.888800e-01 
   82863245   6.677458e-01   1.405911e-01   6.677458e-01   1.405911e-01 223200608170130160        536        229     0 2453964.565336  1.543847e+01  2.285980e-01  1.543847e+01  2.285980e-01 
   82949233   8.220637e-01   1.039800e-01   8.220637e-01   1.039800e-01 224200608180123250      31146       2390     0 2453965.560567  1.521274e+01  1.373315e-01  1.521274e+01  1.373315e-01 
   82949233   6.116386e-01   1.073892e-01   6.116386e-01   1.073892e-01 223200608180123250        531        213     0 2453965.560567  1.553376e+01  1.906301e-01  1.553376e+01  1.906301e-01 
   82949295   7.141451e-01   1.039188e-01   7.141451e-01   1.039188e-01 224200608180124270      31141       2391     0 2453965.561285  1.536553e+01  1.579913e-01  1.536553e+01  1.579913e-01 
   82949295   4.940237e-01   1.070597e-01   4.940237e-01   1.070597e-01 223200608180124270        534        213     0 2453965.561285  1.576563e+01  2.352902e-01  1.576563e+01  2.352902e-01 
   82949358   8.054964e-01   1.039984e-01   8.054964e-01   1.039984e-01 224200608180125310      31140       2393     0 2453965.562014  1.523484e+01  1.401809e-01  1.523484e+01  1.401809e-01 
   82949358   4.967356e-01   1.065345e-01   4.967356e-01   1.065345e-01 223200608180125310        534        209     0 2453965.562014  1.575969e+01  2.328578e-01  1.575969e+01  2.328578e-01 
   82949449   5.596969e-01   1.040061e-01   5.596969e-01   1.040061e-01 224200608180127020      31143       2374     0 2453965.563067  1.563012e+01  2.017585e-01  1.563012e+01  2.017585e-01 
   82949449   3.601113e-01   1.059497e-01   3.601113e-01   1.059497e-01 223200608180127020        531        226     0 2453965.563067  1.610891e+01  3.194396e-01  1.610891e+01  3.194396e-01 
   83724658   8.098214e-01   1.009033e-01   8.098214e-01   1.009033e-01 224200608270047250      31122       2429     0 2453974.535394  1.522903e+01  1.352826e-01  1.522903e+01  1.352826e-01 
   83724658   4.493279e-01   1.040598e-01   4.493279e-01   1.040598e-01 223200608270047250        512        262     0 2453974.535394  1.586859e+01  2.514465e-01  1.586859e+01  2.514465e-01 
   83724722   7.339177e-01   1.013769e-01   7.339177e-01   1.013769e-01 224200608270048280      31116       2451     0 2453974.536134  1.533588e+01  1.499745e-01  1.533588e+01  1.499745e-01 
   83724722   4.238970e-01   1.044940e-01   4.238970e-01   1.044940e-01 223200608270048280        515        230     0 2453974.536134  1.593185e+01  2.676437e-01  1.593185e+01  2.676437e-01 
   83724797   6.931768e-01   1.000784e-01   6.931768e-01   1.000784e-01 224200608270049440      31118       2432     0 2453974.537002  1.539789e+01  1.567553e-01  1.539789e+01  1.567553e-01 
   83724797   3.816467e-01   1.033379e-01   3.816467e-01   1.033379e-01 223200608270049440        512        249     0 2453974.537002  1.604585e+01  2.939842e-01  1.604585e+01  2.939842e-01 
   83724859   4.035449e-01   1.027882e-01   4.035449e-01   1.027882e-01 223200608270050460        515        223     0 2453974.537720  1.598527e+01  2.765524e-01  1.598527e+01  2.765524e-01 
   83810824   7.324552e-01   9.457581e-02   7.324552e-01   9.457581e-02 224200608280043330      31119       2432     0 2453975.532685  1.533805e+01  1.401925e-01  1.533805e+01  1.401925e-01 
   83810824   4.986492e-01   9.943649e-02   4.986492e-01   9.943649e-02 223200608280043330        516        252     0 2453975.532685  1.575551e+01  2.165093e-01  1.575551e+01  2.165093e-01 
   83810876   6.686210e-01   9.571569e-02   6.686210e-01   9.571569e-02 224200608280044250      31116       2434     0 2453975.533287  1.543705e+01  1.554279e-01  1.543705e+01  1.554279e-01 
   83810947   4.708229e-01   9.893599e-02   4.708229e-01   9.893599e-02 223200608280045350        517        245     0 2453975.534109  1.581786e+01  2.281511e-01  1.581786e+01  2.281511e-01 
   83810948   7.149719e-01   9.593274e-02   7.149719e-01   9.593274e-02 224200608280045360      31116       2436     0 2453975.534120  1.536428e+01  1.456813e-01  1.536428e+01  1.456813e-01 
   83811004   7.540345e-01   9.656266e-02   7.540345e-01   9.656266e-02 224200608280046320      31116       2437     0 2453975.534769  1.530652e+01  1.390413e-01  1.530652e+01  1.390413e-01 
   83811004   4.633695e-01   9.961279e-02   4.633695e-01   9.961279e-02 223200608280046320        517        243     0 2453975.534769  1.583518e+01  2.334068e-01  1.583518e+01  2.334068e-01 
   84328656   1.120489e+00   2.734047e-01   1.120489e+00   2.734047e-01 224200609030034170      31123       2492     0 2453981.526111  1.487648e+01  2.649259e-01  1.487648e+01  2.649259e-01 
   84328656   9.623603e-01   3.058102e-01   9.623603e-01   3.058102e-01 223200609030034170        506        183     0 2453981.526111  1.504166e+01  3.450166e-01  1.504166e+01  3.450166e-01 
   84328728   8.516741e-01   2.783906e-01   8.516741e-01   2.783906e-01 224200609030035290      31125       2472     0 2453981.526944  1.517432e+01  3.549007e-01  1.517432e+01  3.549007e-01 
   84328728   6.178080e-01   3.111948e-01   6.178080e-01   3.111948e-01 223200609030035280        502        200     0 2453981.526944  1.552287e+01  5.468958e-01  1.552287e+01  5.468958e-01 
   84328795   2.961279e-01   2.848167e-01   2.961279e-01   2.848167e-01 224200609030036350      31124       2493     0 2453981.527720  1.632130e+01  1.044268e+00  1.632130e+01  1.044268e+00 
   84328795   1.294161e+00   3.284374e-01   1.294161e+00   3.284374e-01 223200609030036350        502        168     0 2453981.527720  1.472003e+01  2.755436e-01  1.472003e+01  2.755436e-01 
   84328852   7.391160e-01   2.866127e-01   7.391160e-01   2.866127e-01 224200609030037320      31122       2494     0 2453981.528380  1.532822e+01  4.210258e-01  1.532822e+01  4.210258e-01 
   84328852   3.741746e-01   3.151524e-01   3.741746e-01   3.151524e-01 223200609030037320        503        167     0 2453981.528380  1.606731e+01  9.144757e-01  1.606731e+01  9.144757e-01 
   84500162   8.120022e-01   4.076967e-01   8.120022e-01   4.076967e-01 224200609050012480      31122       2443     0 2453983.511134  1.522611e+01  5.451372e-01  1.522611e+01  5.451372e-01 
   84500162   7.308111e-01   4.821632e-01   7.308111e-01   4.821632e-01 223200609050012480        514        246     0 2453983.511134  1.534049e+01  7.163327e-01  1.534049e+01  7.163327e-01 
   84500222   8.330185e-01   4.054651e-01   8.330185e-01   4.054651e-01 224200609050013480      31118       2444     0 2453983.511829  1.519836e+01  5.284752e-01  1.519836e+01  5.284752e-01 
   84500222   4.409169e-01   4.793132e-01   4.409169e-01   4.793132e-01 223200609050013480        515        243     0 2453983.511829  1.588911e+01  1.180290e+00  1.588911e+01  1.180290e+00 
   84500284   5.456747e-01   4.754978e-01   5.456747e-01   4.754978e-01 223200609050014500        515        239     0 2453983.512546  1.565767e+01  9.461077e-01  1.565767e+01  9.461077e-01 
   84500362   9.277838e-01   4.080351e-01   9.277838e-01   4.080351e-01 224200609050016080      31119       2425     0 2453983.513449  1.508138e+01  4.775034e-01  1.508138e+01  4.775034e-01 
   84500362   7.017627e-01   4.719777e-01   7.017627e-01   4.719777e-01 223200609050016080        512        258     0 2453983.513449  1.538452e+01  7.302256e-01  1.538452e+01  7.302256e-01 
   84844892   1.497583e+00   6.638886e-01   1.497583e+00   6.638886e-01 223200609082358260        526        250     0 2453987.501065  1.456152e+01  4.813158e-01  1.456152e+01  4.813158e-01 
   84844949   3.768181e-01   5.549749e-01   3.768181e-01   5.549749e-01 224200609082359230      31121       2416     0 2453987.501725  1.605967e+01  1.599070e+00  1.605967e+01  1.599070e+00 
   84844949   8.350690e-01   6.636059e-01   8.350690e-01   6.636059e-01 223200609082359230        526        247     0 2453987.501725  1.519569e+01  8.628072e-01  1.519569e+01  8.628072e-01 
   84845011   1.119730e+00   5.566642e-01   1.119730e+00   5.566642e-01 224200609090000260      31120       2418     0 2453987.502442  1.487722e+01  5.397666e-01  1.487722e+01  5.397666e-01 
   84845011   1.099872e+00   6.599182e-01   1.099872e+00   6.599182e-01 223200609090000260        525        244     0 2453987.502442  1.489664e+01  6.514392e-01  1.489664e+01  6.514392e-01 
   85017135   3.230472e-01   3.570341e-01   3.230472e-01   3.570341e-01 223200609102349160        499        208     0 2453989.494618  1.622684e+01  1.199968e+00  1.622684e+01  1.199968e+00 
   85017202   1.280827e+00   4.010467e-01   1.280827e+00   4.010467e-01 224200609102350220      31133       2458     0 2453989.495394  1.473127e+01  3.399618e-01  1.473127e+01  3.399618e-01 
   85017202   5.703599e-01   4.666402e-01   5.703599e-01   4.666402e-01 223200609102350220        500        205     0 2453989.495394  1.560963e+01  8.882986e-01  1.560963e+01  8.882986e-01 
   85017261   6.546641e-01   3.689527e-01   6.546641e-01   3.689527e-01 224200609102351210      31130       2459     0 2453989.496076  1.545995e+01  6.118965e-01  1.545995e+01  6.118965e-01 
   85017319   5.478357e-01   3.553701e-01   5.478357e-01   3.553701e-01 224200609102352200      31131       2459     0 2453989.496748  1.565337e+01  7.042980e-01  1.565337e+01  7.042980e-01 
   85017319   4.605422e-01   4.216630e-01   4.605422e-01   4.216630e-01 223200609102352200        499        196     0 2453989.496748  1.584183e+01  9.940813e-01  1.584183e+01  9.940813e-01 
   85361728   6.367116e-01   1.012410e-01   6.367116e-01   1.012410e-01 224200609142332380      31108       2440     0 2453993.482963  1.549014e+01  1.726392e-01  1.549014e+01  1.726392e-01 
   85361728   5.775486e-01   1.039099e-01   5.775486e-01   1.039099e-01 223200609142332380        502        161     0 2453993.482963  1.559603e+01  1.953414e-01  1.559603e+01  1.953414e-01 
   85361781   7.712716e-01   1.012271e-01   7.712716e-01   1.012271e-01 224200609142333310      31104       2440     0 2453993.483576  1.528198e+01  1.425001e-01  1.528198e+01  1.425001e-01 
   85361785   3.104052e-01   1.030247e-01   3.104052e-01   1.030247e-01 223200609142333360        504        158     0 2453993.483623  1.627018e+01  3.603613e-01  1.627018e+01  3.603613e-01 
   85361846   6.826186e-01   1.008991e-01   6.826186e-01   1.008991e-01 224200609142334370      31102       2442     0 2453993.484329  1.541455e+01  1.604853e-01  1.541455e+01  1.604853e-01 
   85361846   4.035162e-01   1.035613e-01   4.035162e-01   1.035613e-01 223200609142334370        504        155     0 2453993.484329  1.598535e+01  2.786520e-01  1.598535e+01  2.786520e-01 
   85361921   7.051687e-01   1.010858e-01   7.051687e-01   1.010858e-01 224200609142335520      31104       2421     0 2453993.485197  1.537927e+01  1.556407e-01  1.537927e+01  1.556407e-01 
   85361921   5.394078e-01   1.029457e-01   5.394078e-01   1.029457e-01 223200609142335520        500        173     0 2453993.485197  1.567021e+01  2.072130e-01  1.567021e+01  2.072130e-01 
   85620625   6.177666e-01   1.171752e-01   6.177666e-01   1.171752e-01 224200609172327440      31138       2405     0 2453996.479456  1.552294e+01  2.059382e-01  1.552294e+01  2.059382e-01 
   85620625   4.634150e-01   1.184613e-01   4.634150e-01   1.184613e-01 223200609172327440        472        165     0 2453996.479456  1.583507e+01  2.775442e-01  1.583507e+01  2.775442e-01 
   85620684   7.269585e-01   1.177860e-01   7.269585e-01   1.177860e-01 224200609172328430      31136       2406     0 2453996.480139  1.534623e+01  1.759178e-01  1.534623e+01  1.759178e-01 
   85620684   5.271139e-01   1.189699e-01   5.271139e-01   1.189699e-01 223200609172328430        473        162     0 2453996.480139  1.569524e+01  2.450521e-01  1.569524e+01  2.450521e-01 
   85620747   8.262529e-01   1.187574e-01   8.262529e-01   1.187574e-01 224200609172329460      31135       2408     0 2453996.480868  1.520722e+01  1.560535e-01  1.520722e+01  1.560535e-01 
   85620801   7.435277e-01   1.187192e-01   7.435277e-01   1.187192e-01 224200609172330410      31134       2410     0 2453996.481493  1.532176e+01  1.733604e-01  1.532176e+01  1.733604e-01 
   85620801   4.775773e-01   1.194599e-01   4.775773e-01   1.194599e-01 223200609172330410        473        155     0 2453996.481493  1.580239e+01  2.715842e-01  1.580239e+01  2.715842e-01 
   85706421   7.576602e-01   1.164567e-01   7.576602e-01   1.164567e-01 224200609182317440      31138       2362     0 2453997.472465  1.530131e+01  1.668844e-01  1.530131e+01  1.668844e-01 
   85706421   5.608093e-01   1.160800e-01   5.608093e-01   1.160800e-01 223200609182317440        476        138     0 2453997.472465  1.562796e+01  2.247337e-01  1.562796e+01  2.247337e-01 
   85706484   8.035318e-01   1.158118e-01   8.035318e-01   1.158118e-01 224200609182318460      31131       2384     0 2453997.473194  1.523749e+01  1.564861e-01  1.523749e+01  1.564861e-01 
   85706484   4.872846e-01   1.160774e-01   4.872846e-01   1.160774e-01 223200609182318460        480        117     0 2453997.473194  1.578054e+01  2.586371e-01  1.578054e+01  2.586371e-01 
   85706539   7.667470e-01   1.161849e-01   7.667470e-01   1.161849e-01 224200609182319420      31129       2385     0 2453997.473831  1.528837e+01  1.645218e-01  1.528837e+01  1.645218e-01 
   85706539   4.360816e-01   1.141787e-01   4.360816e-01   1.141787e-01 223200609182319410        481        114     0 2453997.473831  1.590108e+01  2.842779e-01  1.590108e+01  2.842779e-01 
   85706616   9.333555e-01   1.162651e-01   9.333555e-01   1.162651e-01 224200609182320580      31131       2366     0 2453997.474722  1.507488e+01  1.352472e-01  1.507488e+01  1.352472e-01 
   85706616   3.400258e-01   1.150036e-01   3.400258e-01   1.150036e-01 223200609182320580        477        135     0 2453997.474722  1.617122e+01  3.672191e-01  1.617122e+01  3.672191e-01 
   85878735   7.051466e-01   1.115654e-01   7.051466e-01   1.115654e-01 224200609202309430      31113       2407     0 2453999.466840  1.537930e+01  1.717812e-01  1.537930e+01  1.717812e-01 
   85878735   4.979320e-01   1.139010e-01   4.979320e-01   1.139010e-01 223200609202309430        477        192     0 2453999.466840  1.575708e+01  2.483609e-01  1.575708e+01  2.483609e-01 
   85878792   6.682627e-01   1.117366e-01   6.682627e-01   1.117366e-01 224200609202310410      31107       2408     0 2453999.467500  1.543763e+01  1.815407e-01  1.543763e+01  1.815407e-01 
   85878792   4.089717e-01   1.138677e-01   4.089717e-01   1.138677e-01 223200609202310400        480        189     0 2453999.467500  1.597077e+01  3.022964e-01  1.597077e+01  3.022964e-01 
   85878853   7.658093e-01   1.115635e-01   7.658093e-01   1.115635e-01 224200609202311410      31104       2409     0 2453999.468206  1.528970e+01  1.581711e-01  1.528970e+01  1.581711e-01 
   85878853   3.829211e-01   1.153020e-01   3.829211e-01   1.153020e-01 223200609202311410        480        186     0 2453999.468206  1.604223e+01  3.269290e-01  1.604223e+01  3.269290e-01 
   85878913   9.290139e-01   1.110149e-01   9.290139e-01   1.110149e-01 224200609202312420      31102       2412     0 2453999.468900  1.507994e+01  1.297433e-01  1.507994e+01  1.297433e-01 
   85878913   5.330600e-01   1.162117e-01   5.330600e-01   1.162117e-01 223200609202312420        481        183     0 2453999.468900  1.568306e+01  2.367006e-01  1.568306e+01  2.367006e-01 
   85964858   5.829592e-01   1.068724e-01   5.829592e-01   1.068724e-01 223200609212305090        492        186     0 2454000.463634  1.558590e+01  1.990459e-01  1.558590e+01  1.990459e-01 
   85965011   6.103900e-01   1.055808e-01   6.103900e-01   1.055808e-01 224200609212307420      31101       2428     0 2454000.465405  1.553598e+01  1.878034e-01  1.553598e+01  1.878034e-01 
   85965011   4.206471e-01   1.048323e-01   4.206471e-01   1.048323e-01 223200609212307420        494        178     0 2454000.465405  1.594021e+01  2.705847e-01  1.594021e+01  2.705847e-01 
   85965074   6.843274e-01   1.056822e-01   6.843274e-01   1.056822e-01 224200609212308460      31099       2431     0 2454000.466134  1.541184e+01  1.676733e-01  1.541184e+01  1.676733e-01 
   85965074   4.827000e-01   1.044862e-01   4.827000e-01   1.044862e-01 223200609212308460        495        175     0 2454000.466134  1.579081e+01  2.350215e-01  1.579081e+01  2.350215e-01 
   85965130   5.806451e-01   1.054714e-01   5.806451e-01   1.054714e-01 224200609212309410      31098       2432     0 2454000.466782  1.559022e+01  1.972195e-01  1.559022e+01  1.972195e-01 
   85965130   5.114620e-01   1.044818e-01   5.114620e-01   1.044818e-01 223200609212309410        495        173     0 2454000.466782  1.572797e+01  2.217958e-01  1.572797e+01  2.217958e-01 
   86404971   5.120212e-01   1.051146e-01   5.120212e-01   1.051146e-01 224200609270120390      31205       2652     0 2454005.557535  1.572678e+01  2.228954e-01  1.572678e+01  2.228954e-01 
   86405030   7.706771e-01   1.049262e-01   7.706771e-01   1.049262e-01 224200609270121390      31202       2674     0 2454005.558218  1.528282e+01  1.478214e-01  1.528282e+01  1.478214e-01 
   86405100   7.687539e-01   1.055792e-01   7.687539e-01   1.055792e-01 224200609270122490      31203       2672     0 2454005.559028  1.528553e+01  1.491135e-01  1.528553e+01  1.491135e-01 
   86405159   3.598671e-01   1.046002e-01   3.598671e-01   1.046002e-01 224200609270123480      31203       2672     0 2454005.559711  1.610964e+01  3.155850e-01  1.610964e+01  3.155850e-01 
   88980535   6.576452e-01   1.224553e-01   6.576452e-01   1.224553e-01 223200610262048320        106        103     0 2454035.367303  1.545502e+01  2.021678e-01  1.545502e+01  2.021678e-01 
   88980589   7.013299e-01   1.225206e-01   7.013299e-01   1.225206e-01 223200610262049260        106         99     0 2454035.367928  1.538519e+01  1.896761e-01  1.538519e+01  1.896761e-01 
   88980649   5.487691e-01   1.210887e-01   5.487691e-01   1.210887e-01 223200610262050270        106         97     0 2454035.368623  1.565153e+01  2.395741e-01  1.565153e+01  2.395741e-01 
   94935179   6.600527e-01   3.635230e-01   6.600527e-01   3.635230e-01 224200701031856070      30348       2317     0 2454104.286794  1.545105e+01  5.979697e-01  1.545105e+01  5.979697e-01 
   94935245   1.256009e+00   3.603129e-01   1.256009e+00   3.603129e-01 224200701031857140      30348       2316     0 2454104.287558  1.475252e+01  3.114675e-01  1.475252e+01  3.114675e-01 
   94935368   9.221318e-01   3.494777e-01   9.221318e-01   3.494777e-01 224200701031859170      30348       2316     0 2454104.288981  1.508802e+01  4.114834e-01  1.508802e+01  4.114834e-01 
   95021608   6.412258e-01   2.709140e-01   6.412258e-01   2.709140e-01 224200701041856390      30350       2305     0 2454105.287130  1.548247e+01  4.587185e-01  1.548247e+01  4.587185e-01 
   95021680   1.261664e+00   2.616832e-01   1.261664e+00   2.616832e-01 224200701041857500      30346       2326     0 2454105.287963  1.474764e+01  2.251946e-01  1.474764e+01  2.251946e-01 
   95021745   7.720637e-01   2.511007e-01   7.720637e-01   2.511007e-01 224200701041858560      30346       2326     0 2454105.288715  1.528087e+01  3.531187e-01  1.528087e+01  3.531187e-01 
   95108020   9.312102e-01   2.117618e-01   9.312102e-01   2.117618e-01 224200701051856510      30370       2338     0 2454106.287269  1.507738e+01  2.469027e-01  1.507738e+01  2.469027e-01 
   95108074   1.167865e+00   2.015017e-01   1.167865e+00   2.015017e-01 224200701051857460      30370       2339     0 2454106.287894  1.483152e+01  1.873320e-01  1.483152e+01  1.873320e-01 
   95280698   6.824872e-01   2.132025e-01   6.824872e-01   2.132025e-01 224200701071854530      30391       2327     0 2454108.285856  1.541476e+01  3.391748e-01  1.541476e+01  3.391748e-01 
   95280828   6.968378e-01   1.854431e-01   6.968378e-01   1.854431e-01 224200701071857030      30379       2272     0 2454108.287361  1.539217e+01  2.889380e-01  1.539217e+01  2.889380e-01 
   95280940   7.031306e-01   1.657870e-01   7.031306e-01   1.657870e-01 224200701071858540      30381       2272     0 2454108.288657  1.538241e+01  2.560002e-01  1.538241e+01  2.560002e-01 
   95367216   7.028491e-01   2.188600e-01   7.028491e-01   2.188600e-01 224200701081856520      30387       2348     0 2454109.287222  1.538284e+01  3.380882e-01  1.538284e+01  3.380882e-01 
   95367273   5.155022e-01   2.066486e-01   5.155022e-01   2.066486e-01 224200701081857490      30388       2348     0 2454109.287882  1.571942e+01  4.352391e-01  1.571942e+01  4.352391e-01 
   95367329   6.574647e-01   1.958305e-01   6.574647e-01   1.958305e-01 224200701081858450      30388       2347     0 2454109.288530  1.545532e+01  3.233953e-01  1.545532e+01  3.233953e-01 
   95453548   6.243080e-01   2.287380e-01   6.243080e-01   2.287380e-01 224200701091855450      30382       2369     0 2454110.286435  1.551150e+01  3.978004e-01  1.551150e+01  3.978004e-01 
   95453714   5.779448e-01   1.930567e-01   5.779448e-01   1.930567e-01 224200701091858300      30383       2367     0 2454110.288356  1.559528e+01  3.626807e-01  1.559528e+01  3.626807e-01 
   95539938   5.500429e-01   2.306913e-01   5.500429e-01   2.306913e-01 224200701101855350      30387       2376     0 2454111.286319  1.564901e+01  4.553659e-01  1.564901e+01  4.553659e-01 
   95539992   6.476235e-01   2.180253e-01   6.476235e-01   2.180253e-01 224200701101856300      30387       2375     0 2454111.286944  1.547169e+01  3.655191e-01  1.547169e+01  3.655191e-01 
   95540046   4.805666e-01   2.062678e-01   4.805666e-01   2.062678e-01 224200701101857240      30386       2375     0 2454111.287569  1.579562e+01  4.660192e-01  1.579562e+01  4.660192e-01 
   95540102   4.965459e-01   1.955580e-01   4.965459e-01   1.955580e-01 224200701101858190      30387       2375     0 2454111.288218  1.576010e+01  4.276042e-01  1.576010e+01  4.276042e-01 
   95626321   8.834712e-01   2.468626e-01   8.834712e-01   2.468626e-01 224200701111855200      30409       2366     0 2454112.286123  1.513452e+01  3.033812e-01  1.513452e+01  3.033812e-01 
   95626378   7.871679e-01   2.331792e-01   7.871679e-01   2.331792e-01 224200701111856160      30408       2365     0 2454112.286782  1.525983e+01  3.216238e-01  1.525983e+01  3.216238e-01 
   95626432   7.924541e-01   2.210359e-01   7.924541e-01   2.210359e-01 224200701111857110      30408       2365     0 2454112.287407  1.525256e+01  3.028410e-01  1.525256e+01  3.028410e-01 
   95626488   8.047376e-01   2.097660e-01   8.047376e-01   2.097660e-01 224200701111858070      30408       2365     0 2454112.288056  1.523586e+01  2.830132e-01  1.523586e+01  2.830132e-01 
   95712707   6.655320e-01   2.264556e-01   6.655320e-01   2.264556e-01 224200701121855060      30380       2367     0 2454113.285961  1.544208e+01  3.694367e-01  1.544208e+01  3.694367e-01 
   95712761   6.107826e-01   2.151663e-01   6.107826e-01   2.151663e-01 224200701121856000      30380       2366     0 2454113.286586  1.553528e+01  3.824841e-01  1.553528e+01  3.824841e-01 
   95712815   7.620122e-01   2.039912e-01   7.620122e-01   2.039912e-01 224200701121856550      30381       2365     0 2454113.287211  1.529510e+01  2.906534e-01  1.529510e+01  2.906534e-01 
   95712871   7.654622e-01   1.940317e-01   7.654622e-01   1.940317e-01 224200701121857500      30380       2366     0 2454113.287859  1.529019e+01  2.752167e-01  1.529019e+01  2.752167e-01 
   95799127   9.054043e-01   1.970042e-01   9.054043e-01   1.970042e-01 224200701131855270      30381       2382     0 2454114.286192  1.510789e+01  2.362429e-01  1.510789e+01  2.362429e-01 
   95799181   5.404235e-01   1.871859e-01   5.404235e-01   1.871859e-01 224200701131856210      30380       2382     0 2454114.286817  1.566816e+01  3.760665e-01  1.566816e+01  3.760665e-01 
   95799305   6.725039e-01   1.695906e-01   6.725039e-01   1.695906e-01 224200701131858250      30371       2390     0 2454114.288252  1.543076e+01  2.737995e-01  1.543076e+01  2.737995e-01 
   95799359   6.057317e-01   1.622149e-01   6.057317e-01   1.622149e-01 224200701131859190      30372       2389     0 2454114.288877  1.554430e+01  2.907611e-01  1.554430e+01  2.907611e-01 
   95885597   1.050189e+00   1.900792e-01   1.050189e+00   1.900792e-01 224200701141856390      30383       2388     0 2454115.287002  1.494683e+01  1.965138e-01  1.494683e+01  1.965138e-01 
   95885652   8.283186e-01   1.802125e-01   8.283186e-01   1.802125e-01 224200701141857330      30382       2387     0 2454115.287639  1.520451e+01  2.362182e-01  1.520451e+01  2.362182e-01 
   95885707   6.264445e-01   1.712055e-01   6.264445e-01   1.712055e-01 224200701141858280      30382       2387     0 2454115.288275  1.550779e+01  2.967297e-01  1.550779e+01  2.967297e-01 
   95885838   7.811884e-01   1.528801e-01   7.811884e-01   1.528801e-01 224200701141900400      30385       2384     0 2454115.289792  1.526811e+01  2.124814e-01  1.526811e+01  2.124814e-01 
  106027818   5.657852e-01   1.948111e-01   5.657852e-01   1.948111e-01 223200705120409040        106        365     0 2454232.673819  1.561837e+01  3.738420e-01  1.561837e+01  3.738420e-01 
  106027998   7.871445e-01   2.227975e-01   7.871445e-01   2.227975e-01 223200705120412040         96        376     0 2454232.675903  1.525986e+01  3.073135e-01  1.525986e+01  3.073135e-01 
  106028052   6.682411e-01   2.357053e-01   6.682411e-01   2.357053e-01 223200705120412580         98        375     0 2454232.676528  1.543767e+01  3.829677e-01  1.543767e+01  3.829677e-01 
  124570452   1.170813e+00   1.401353e-01   1.170813e+00   1.401353e-01 222200712121856320       3830      18165     0 2454447.287639  1.482878e+01  1.299529e-01  1.482878e+01  1.299529e-01 
  124571584   6.810111e-01   9.831556e-02   6.810111e-01   9.831556e-02 222200712121915250       3851      18113     0 2454447.300741  1.541711e+01  1.567451e-01  1.541711e+01  1.567451e-01 
  124571648   6.290694e-01   8.211208e-02   6.290694e-01   8.211208e-02 221200712121916280      20307       8003     0 2454447.301481  1.550325e+01  1.417210e-01  1.550325e+01  1.417210e-01 
  124572792   9.242827e-01   9.715428e-02   9.242827e-01   9.715428e-02 222200712121935320       3833      18127     0 2454447.314722  1.508549e+01  1.141256e-01  1.508549e+01  1.141256e-01 
  124572983   7.564176e-01   8.096725e-02   7.564176e-01   8.096725e-02 221200712121938430      20346       8075     0 2454447.316933  1.530310e+01  1.162181e-01  1.530310e+01  1.162181e-01 
