\OBJNAME = '1SWASP J001816.58-751312.9'
\OBSSTART = '2006-08-11T01:50:17'
\OBSSTOP = '2007-12-12T19:35:32'
\TSTART = 82346050
\TSTOP = 124572791
\JD_REF = 2453005.5
\RA_OBJ = '4.569108'
\DEC_OBJ = '-75.220269'
\WASP_MAG = 9.072845
\HJD_START = 2453958.579282
\HJD_STOP = 2454447.314711
\fixlen = T
\NUMRECORDS = 86
\
\ This file was produced by the NASA Exoplanet Archive  http://exoplanetarchive.ipac.caltech.edu 
\ Wed Sep 11, 13:32:42 2013
\ Documentation for the SuperWASP dataset can be found at http://exoplanetarchive.ipac.caltech.edu/docs/SuperWASPMission.html
\
|TMID      |FLUX2         |FLUX2_ERR     |TAMFLUX2      |TAMFLUX2_ERR  |IMAGEID           |CCDX      |CCDY      |FLAG |           HJD|         MAG2|     MAG2_ERR|      TAMMAG2|  TAMMAG2_ERR|
|int       |float         |float         |float         |float         |char              |int       |int       |int  |        double|        float|        float|        float|        float|
|sec       |micro Vega    |micro Vega    |micro Vega    |micro Vega    |                  |1/16 pixel|1/16 pixel|     |           day|          mag|          mag|          mag|          mag|
|null      |null          |null          |null          |null          |null              |null      |null      |null |          null|         null|         null|         null|         null|
   82346050   2.396016e+02   5.336802e-01   2.396016e+02   5.336802e-01 224200608110150170      32419       2941     0 2453958.579282  9.051275e+00  2.418339e-03  9.051275e+00  2.418339e-03 
   82346106   2.393865e+02   5.298089e-01   2.393865e+02   5.298089e-01 224200608110151120      32415       2942     0 2453958.579931  9.052251e+00  2.402954e-03  9.052251e+00  2.402954e-03 
   82346161   2.443483e+02   5.344139e-01   2.443483e+02   5.344139e-01 224200608110152070      32413       2944     0 2453958.580567  9.029977e+00  2.374621e-03  9.029977e+00  2.374621e-03 
   82346220   2.469707e+02   5.364316e-01   2.469707e+02   5.364316e-01 224200608110153070      32412       2946     0 2453958.581250  9.018386e+00  2.358276e-03  9.018386e+00  2.358276e-03 
   82518405   3.586681e+02   6.894749e-01   3.586681e+02   6.894749e-01 224200608130142530      32378       3017     0 2453960.574132  8.613268e+00  2.087140e-03  8.613268e+00  2.087140e-03 
   82518464   3.609282e+02   6.909115e-01   3.609282e+02   6.909115e-01 224200608130143530      32374       3019     0 2453960.574815  8.606448e+00  2.078392e-03  8.606448e+00  2.078392e-03 
   82518526   3.604597e+02   6.891104e-01   3.604597e+02   6.891104e-01 224200608130144550      32373       3020     0 2453960.575532  8.607859e+00  2.075668e-03  8.607859e+00  2.075668e-03 
   82518604   3.599686e+02   6.902820e-01   3.599686e+02   6.902820e-01 224200608130146120      32374       3001     0 2453960.576435  8.609339e+00  2.082034e-03  8.609339e+00  2.082034e-03 
   82604586   2.352419e+02   4.233583e-01   2.352419e+02   4.233583e-01 224200608140139160      32352       3029     0 2453961.571597  9.071214e+00  1.953976e-03  9.071214e+00  1.953976e-03 
   82604642   2.338490e+02   4.231919e-01   2.338490e+02   4.231919e-01 224200608140140120      32348       3028     0 2453961.572245  9.077662e+00  1.964842e-03  9.077662e+00  1.964842e-03 
   82604699   2.375571e+02   4.288034e-01   2.375571e+02   4.288034e-01 224200608140141080      32344       3025     0 2453961.572905  9.060580e+00  1.959820e-03  9.060580e+00  1.959820e-03 
   82604753   2.356297e+02   4.285495e-01   2.356297e+02   4.285495e-01 224200608140142030      32344       3027     0 2453961.573530  9.069426e+00  1.974681e-03  9.069426e+00  1.974681e-03 
   82863058   2.310748e+02   3.967177e-01   2.310748e+02   3.967177e-01 224200608170127120      32363       3005     0 2453964.563171  9.090618e+00  1.864038e-03  9.090618e+00  1.864038e-03 
   82863126   2.319313e+02   3.968113e-01   2.319313e+02   3.968113e-01 224200608170128190      32354       3026     0 2453964.563958  9.086601e+00  1.857592e-03  9.086601e+00  1.857592e-03 
   82863182   2.313549e+02   3.958287e-01   2.313549e+02   3.958287e-01 224200608170129150      32353       3026     0 2453964.564606  9.089303e+00  1.857609e-03  9.089303e+00  1.857609e-03 
   82863242   2.317043e+02   3.963955e-01   2.317043e+02   3.963955e-01 224200608170130160      32352       3028     0 2453964.565301  9.087665e+00  1.857465e-03  9.087665e+00  1.857465e-03 
   82949231   2.341808e+02   3.902689e-01   2.341808e+02   3.902689e-01 224200608180123250      32424       2974     0 2453965.560544  9.076121e+00  1.809416e-03  9.076121e+00  1.809416e-03 
   82949293   2.359840e+02   3.913740e-01   2.359840e+02   3.913740e-01 224200608180124270      32419       2975     0 2453965.561262  9.067794e+00  1.800674e-03  9.067794e+00  1.800674e-03 
   82949356   2.332356e+02   3.882775e-01   2.332356e+02   3.882775e-01 224200608180125310      32418       2977     0 2453965.561991  9.080513e+00  1.807478e-03  9.080513e+00  1.807478e-03 
   82949447   2.341844e+02   3.901724e-01   2.341844e+02   3.901724e-01 224200608180127020      32420       2958     0 2453965.563044  9.076105e+00  1.808941e-03  9.076105e+00  1.808941e-03 
   83724655   2.300423e+02   3.825767e-01   2.300423e+02   3.825767e-01 224200608270047250      32400       3013     0 2453974.535359  9.095481e+00  1.805663e-03  9.095481e+00  1.805663e-03 
   83724719   2.279325e+02   3.807926e-01   2.279325e+02   3.807926e-01 224200608270048280      32394       3035     0 2453974.536100  9.105484e+00  1.813878e-03  9.105484e+00  1.813878e-03 
   83724794   2.287934e+02   3.815488e-01   2.287934e+02   3.815488e-01 224200608270049440      32396       3016     0 2453974.536968  9.101392e+00  1.810641e-03  9.101392e+00  1.810641e-03 
   83724856   2.294641e+02   3.816711e-01   2.294641e+02   3.816711e-01 224200608270050460      32392       3038     0 2453974.537685  9.098213e+00  1.805928e-03  9.098213e+00  1.805928e-03 
   83810822   2.275161e+02   3.788585e-01   2.275161e+02   3.788585e-01 224200608280043330      32397       3016     0 2453975.532662  9.107470e+00  1.807968e-03  9.107470e+00  1.807968e-03 
   83810874   2.277712e+02   3.788058e-01   2.277712e+02   3.788058e-01 224200608280044250      32394       3018     0 2453975.533264  9.106253e+00  1.805692e-03  9.106253e+00  1.805692e-03 
   83810946   2.259322e+02   3.765352e-01   2.259322e+02   3.765352e-01 224200608280045360      32394       3020     0 2453975.534097  9.115055e+00  1.809479e-03  9.115055e+00  1.809479e-03 
   83811002   2.250579e+02   3.760690e-01   2.250579e+02   3.760690e-01 224200608280046320      32393       3021     0 2453975.534745  9.119265e+00  1.814259e-03  9.119265e+00  1.814259e-03 
   84328653   2.327206e+02   4.891293e-01   2.327206e+02   4.891293e-01 224200609030034170      32401       3076     0 2453981.526076  9.082913e+00  2.281996e-03  9.082913e+00  2.281996e-03 
   84328725   2.302582e+02   4.895979e-01   2.302582e+02   4.895979e-01 224200609030035290      32403       3056     0 2453981.526910  9.094462e+00  2.308608e-03  9.094462e+00  2.308608e-03 
   84328792   2.269354e+02   4.975600e-01   2.269354e+02   4.975600e-01 224200609030036350      32402       3077     0 2453981.527685  9.110245e+00  2.380505e-03  9.110245e+00  2.380505e-03 
   84328849   2.353073e+02   5.099833e-01   2.353073e+02   5.099833e-01 224200609030037320      32400       3078     0 2453981.528345  9.070911e+00  2.353132e-03  9.070911e+00  2.353132e-03 
   84500160   2.238787e+02   5.557868e-01   2.238787e+02   5.557868e-01 224200609050012480      32400       3027     0 2453983.511111  9.124969e+00  2.695388e-03  9.124969e+00  2.695388e-03 
   84500220   2.233915e+02   5.572161e-01   2.233915e+02   5.572161e-01 224200609050013480      32396       3028     0 2453983.511806  9.127334e+00  2.708213e-03  9.127334e+00  2.708213e-03 
   84500282   2.238682e+02   5.583974e-01   2.238682e+02   5.583974e-01 224200609050014500      32394       3028     0 2453983.512523  9.125019e+00  2.708175e-03  9.125019e+00  2.708175e-03 
   84500360   2.228045e+02   5.536938e-01   2.228045e+02   5.536938e-01 224200609050016080      32397       3009     0 2453983.513426  9.130190e+00  2.698184e-03  9.130190e+00  2.698184e-03 
   84844833   2.182343e+02   6.865988e-01   2.182343e+02   6.865988e-01 224200609082357310      32401       2997     0 2453987.500382  9.152693e+00  3.415907e-03  9.152693e+00  3.415907e-03 
   84844890   2.187607e+02   6.887844e-01   2.187607e+02   6.887844e-01 224200609082358270      32399       2999     0 2453987.501042  9.150077e+00  3.418533e-03  9.150077e+00  3.418533e-03 
   84844946   2.188470e+02   6.873637e-01   2.188470e+02   6.873637e-01 224200609082359230      32399       3000     0 2453987.501690  9.149649e+00  3.410137e-03  9.149649e+00  3.410137e-03 
   84845008   2.208236e+02   6.864261e-01   2.208236e+02   6.864261e-01 224200609090000260      32398       3002     0 2453987.502407  9.139887e+00  3.375003e-03  9.139887e+00  3.375003e-03 
   85017133   2.268603e+02   4.942180e-01   2.268603e+02   4.942180e-01 224200609102349160      32413       3041     0 2453989.494595  9.110603e+00  2.365298e-03  9.110603e+00  2.365298e-03 
   85017200   2.175264e+02   5.771907e-01   2.175264e+02   5.771907e-01 224200609102350220      32411       3042     0 2453989.495370  9.156219e+00  2.880933e-03  9.156219e+00  2.880933e-03 
   85017259   2.346328e+02   5.637116e-01   2.346328e+02   5.637116e-01 224200609102351210      32408       3043     0 2453989.496053  9.074028e+00  2.608520e-03  9.074028e+00  2.608520e-03 
   85017317   2.273607e+02   5.410033e-01   2.273607e+02   5.410033e-01 224200609102352200      32409       3043     0 2453989.496725  9.108212e+00  2.583511e-03  9.108212e+00  2.583511e-03 
   85361725   2.298650e+02   3.818311e-01   2.298650e+02   3.818311e-01 224200609142332380      32386       3024     0 2453993.482928  9.096317e+00  1.803534e-03  9.096317e+00  1.803534e-03 
   85361778   2.287991e+02   3.808721e-01   2.287991e+02   3.808721e-01 224200609142333310      32383       3024     0 2453993.483542  9.101364e+00  1.807385e-03  9.101364e+00  1.807385e-03 
   85361843   2.296826e+02   3.817113e-01   2.296826e+02   3.817113e-01 224200609142334370      32380       3026     0 2453993.484294  9.097180e+00  1.804400e-03  9.097180e+00  1.804400e-03 
   85361918   2.301852e+02   3.820538e-01   2.301852e+02   3.820538e-01 224200609142335520      32382       3006     0 2453993.485162  9.094807e+00  1.802076e-03  9.094807e+00  1.802076e-03 
   85620622   2.539052e+02   4.281779e-01   2.539052e+02   4.281779e-01 224200609172327440      32416       2989     0 2453996.479421  8.988321e+00  1.830959e-03  8.988321e+00  1.830959e-03 
   85620681   2.566546e+02   4.305627e-01   2.566546e+02   4.305627e-01 224200609172328430      32414       2990     0 2453996.480104  8.976627e+00  1.821433e-03  8.976627e+00  1.821433e-03 
   85620744   2.604598e+02   4.340685e-01   2.604598e+02   4.340685e-01 224200609172329460      32414       2992     0 2453996.480833  8.960649e+00  1.809437e-03  8.960649e+00  1.809437e-03 
   85620798   2.564736e+02   4.326759e-01   2.564736e+02   4.326759e-01 224200609172330410      32413       2994     0 2453996.481458  8.977393e+00  1.831664e-03  8.977393e+00  1.831664e-03 
   85706418   2.662823e+02   4.397512e-01   2.662823e+02   4.397512e-01 224200609182317440      32416       2946     0 2453997.472431  8.936644e+00  1.793042e-03  8.936644e+00  1.793042e-03 
   85706481   2.613971e+02   4.382536e-01   2.613971e+02   4.382536e-01 224200609182318460      32409       2968     0 2453997.473160  8.956748e+00  1.820332e-03  8.956748e+00  1.820332e-03 
   85706536   2.601803e+02   4.366051e-01   2.601803e+02   4.366051e-01 224200609182319420      32407       2969     0 2453997.473796  8.961814e+00  1.821966e-03  8.961814e+00  1.821966e-03 
   85706613   2.631975e+02   4.398151e-01   2.631975e+02   4.398151e-01 224200609182320580      32409       2951     0 2453997.474687  8.949295e+00  1.814321e-03  8.949295e+00  1.814321e-03 
   85878732   2.444068e+02   4.073664e-01   2.444068e+02   4.073664e-01 224200609202309430      32391       2991     0 2453999.466806  9.029716e+00  1.809663e-03  9.029716e+00  1.809663e-03 
   85878789   2.450435e+02   4.062821e-01   2.450435e+02   4.062821e-01 224200609202310410      32385       2992     0 2453999.467465  9.026892e+00  1.800157e-03  9.026892e+00  1.800157e-03 
   85878850   2.444882e+02   4.055838e-01   2.444882e+02   4.055838e-01 224200609202311410      32382       2993     0 2453999.468171  9.029355e+00  1.801145e-03  9.029355e+00  1.801145e-03 
   85878910   2.458895e+02   4.079201e-01   2.458895e+02   4.079201e-01 224200609202312420      32380       2997     0 2453999.468866  9.023150e+00  1.801196e-03  9.023150e+00  1.801196e-03 
   85964855   2.356007e+02   3.921756e-01   2.356007e+02   3.921756e-01 224200609212305090      32384       3011     0 2454000.463600  9.069559e+00  1.807298e-03  9.069559e+00  1.807298e-03 
   85965008   2.375762e+02   3.945988e-01   2.375762e+02   3.945988e-01 224200609212307420      32379       3012     0 2454000.465370  9.060493e+00  1.803345e-03  9.060493e+00  1.803345e-03 
   85965071   2.375851e+02   3.941400e-01   2.375851e+02   3.941400e-01 224200609212308460      32377       3015     0 2454000.466100  9.060452e+00  1.801181e-03  9.060452e+00  1.801181e-03 
   85965127   2.359129e+02   3.925940e-01   2.359129e+02   3.925940e-01 224200609212309410      32376       3016     0 2454000.466748  9.068121e+00  1.806832e-03  9.068121e+00  1.806832e-03 
   86404969   2.291863e+02   3.850507e-01   2.291863e+02   3.850507e-01 224200609270120390      32483       3238     0 2454005.557512  9.099528e+00  1.824127e-03  9.099528e+00  1.824127e-03 
   86405028   2.260797e+02   3.819605e-01   2.260797e+02   3.819605e-01 224200609270121390      32479       3259     0 2454005.558194  9.114346e+00  1.834352e-03  9.114346e+00  1.834352e-03 
   86405098   2.309088e+02   3.865241e-01   2.309088e+02   3.865241e-01 224200609270122490      32481       3258     0 2454005.559005  9.091398e+00  1.817447e-03  9.091398e+00  1.817447e-03 
   86405157   2.306535e+02   3.866539e-01   2.306535e+02   3.866539e-01 224200609270123480      32480       3258     0 2454005.559687  9.092600e+00  1.820070e-03  9.092600e+00  1.820070e-03 
   95108075   2.316325e+02   3.954227e-01   2.316325e+02   3.954227e-01 224200701051857460      31647       2926     0 2454106.287905  9.088001e+00  1.853480e-03  9.088001e+00  1.853480e-03 
   95280699   2.315278e+02   4.055050e-01   2.315278e+02   4.055050e-01 224200701071854530      31668       2914     0 2454108.285868  9.088491e+00  1.901598e-03  9.088491e+00  1.901598e-03 
   95280829   2.297596e+02   3.919795e-01   2.297596e+02   3.919795e-01 224200701071857030      31656       2859     0 2454108.287373  9.096816e+00  1.852318e-03  9.096816e+00  1.852318e-03 
   95280885   2.314360e+02   3.886565e-01   2.314360e+02   3.886565e-01 224200701071857590      31657       2860     0 2454108.288021  9.088923e+00  1.823311e-03  9.088923e+00  1.823311e-03 
   95280941   2.310894e+02   3.845627e-01   2.310894e+02   3.845627e-01 224200701071858540      31658       2859     0 2454108.288669  9.090549e+00  1.806812e-03  9.090549e+00  1.806812e-03 
   95367163   2.214221e+02   4.035141e-01   2.214221e+02   4.035141e-01 224200701081855580      31665       2936     0 2454109.286609  9.136948e+00  1.978625e-03  9.136948e+00  1.978625e-03 
   95367217   2.227390e+02   3.965051e-01   2.227390e+02   3.965051e-01 224200701081856520      31664       2935     0 2454109.287234  9.130509e+00  1.932762e-03  9.130509e+00  1.932762e-03 
   95367274   2.236228e+02   3.903596e-01   2.236228e+02   3.903596e-01 224200701081857490      31665       2935     0 2454109.287894  9.126210e+00  1.895286e-03  9.126210e+00  1.895286e-03 
   95367330   2.237477e+02   3.849003e-01   2.237477e+02   3.849003e-01 224200701081858450      31665       2934     0 2454109.288542  9.125604e+00  1.867736e-03  9.125604e+00  1.867736e-03 
   95626322   2.298320e+02   4.239973e-01   2.298320e+02   4.239973e-01 224200701111855200      31686       2953     0 2454112.286134  9.096474e+00  2.002989e-03  9.096474e+00  2.002989e-03 
   95626379   2.337305e+02   4.186423e-01   2.337305e+02   4.186423e-01 224200701111856160      31685       2952     0 2454112.286794  9.078212e+00  1.944705e-03  9.078212e+00  1.944705e-03 
   95626433   2.276486e+02   4.083786e-01   2.276486e+02   4.083786e-01 224200701111857110      31685       2952     0 2454112.287419  9.106837e+00  1.947708e-03  9.106837e+00  1.947708e-03 
   95626489   2.319698e+02   4.054318e-01   2.319698e+02   4.054318e-01 224200701111858070      31685       2952     0 2454112.288067  9.086422e+00  1.897633e-03  9.086422e+00  1.897633e-03 
   95799306   2.286184e+02   3.788840e-01   2.286184e+02   3.788840e-01 224200701131858250      31648       2977     0 2454114.288264  9.102222e+00  1.799372e-03  9.102222e+00  1.799372e-03 
   95799360   2.279904e+02   3.754041e-01   2.279904e+02   3.754041e-01 224200701131859190      31649       2976     0 2454114.288889  9.105208e+00  1.787756e-03  9.105208e+00  1.787756e-03 
  124570451   2.610329e+02   3.674558e-01   2.610329e+02   3.674558e-01 222200712121856320       2783      17234     0 2454447.287627  8.958261e+00  1.528395e-03  8.958261e+00  1.528395e-03 
  124571583   2.655813e+02   3.568972e-01   2.655813e+02   3.568972e-01 222200712121915250       2804      17181     0 2454447.300729  8.939507e+00  1.459054e-03  8.939507e+00  1.459054e-03 
  124572791   2.661047e+02   3.593244e-01   2.661047e+02   3.593244e-01 222200712121935320       2787      17195     0 2454447.314711  8.937368e+00  1.466088e-03  8.937368e+00  1.466088e-03 
