\OBJNAME = '1SWASP J002139.48-751544.3'
\OBSSTART = '2006-08-11T01:50:17'
\OBSSTOP = '2007-12-12T19:38:43'
\TSTART = 82346048
\TSTOP = 124572984
\JD_REF = 2453005.5
\RA_OBJ = '5.414519'
\DEC_OBJ = '-75.262322'
\WASP_MAG = 12.80038
\HJD_START = 2453958.579259
\HJD_STOP = 2454447.316944
\fixlen = T
\NUMRECORDS = 100
\
\ This file was produced by the NASA Exoplanet Archive  http://exoplanetarchive.ipac.caltech.edu 
\ Sat Sep 14, 03:37:34 2013
\ Documentation for the SuperWASP dataset can be found at http://exoplanetarchive.ipac.caltech.edu/docs/SuperWASPMission.html
\
|TMID      |FLUX2         |FLUX2_ERR     |TAMFLUX2      |TAMFLUX2_ERR  |IMAGEID           |CCDX      |CCDY      |FLAG |           HJD|         MAG2|     MAG2_ERR|      TAMMAG2|  TAMMAG2_ERR|
|int       |float         |float         |float         |float         |char              |int       |int       |int  |        double|        float|        float|        float|        float|
|sec       |micro Vega    |micro Vega    |micro Vega    |micro Vega    |                  |1/16 pixel|1/16 pixel|     |           day|          mag|          mag|          mag|          mag|
|null      |null          |null          |null          |null          |null              |null      |null      |null |          null|         null|         null|         null|         null|
   82346048   6.868902e+00   3.667237e-01   6.868902e+00   3.667237e-01 224200608110150170      32432       3827     0 2453958.579259  1.290778e+01  5.796656e-02  1.290778e+01  5.796656e-02 
   82346159   7.333590e+00   3.722944e-01   7.333590e+00   3.722944e-01 224200608110152070      32426       3829     0 2453958.580544  1.283671e+01  5.511828e-02  1.283671e+01  5.511828e-02 
   82518403   1.050364e+01   3.842786e-01   1.050364e+01   3.842786e-01 224200608130142530      32392       3903     0 2453960.574109  1.244665e+01  3.972211e-02  1.244665e+01  3.972211e-02 
   82518462   1.062891e+01   3.812051e-01   1.062891e+01   3.812051e-01 224200608130143530      32387       3905     0 2453960.574792  1.243378e+01  3.893999e-02  1.243378e+01  3.893999e-02 
   82518524   1.044631e+01   3.804796e-01   1.044631e+01   3.804796e-01 224200608130144550      32387       3906     0 2453960.575509  1.245259e+01  3.954525e-02  1.245259e+01  3.954525e-02 
   82604584   7.613332e+00   2.070943e-01   7.613332e+00   2.070943e-01 224200608140139160      32365       3914     0 2453961.571574  1.279606e+01  2.953379e-02  1.279606e+01  2.953379e-02 
   82604640   7.902388e+00   2.087707e-01   7.902388e+00   2.087707e-01 224200608140140120      32362       3913     0 2453961.572222  1.275560e+01  2.868382e-02  1.275560e+01  2.868382e-02 
   82604697   7.237824e+00   2.091140e-01   7.237824e+00   2.091140e-01 224200608140141080      32358       3911     0 2453961.572882  1.285098e+01  3.136902e-02  1.285098e+01  3.136902e-02 
   82604751   7.509484e+00   2.101282e-01   7.509484e+00   2.101282e-01 224200608140142030      32357       3913     0 2453961.573507  1.281098e+01  3.038087e-02  1.281098e+01  3.038087e-02 
   82863057   7.115121e+00   1.441534e-01   7.115121e+00   1.441534e-01 224200608170127120      32376       3890     0 2453964.563160  1.286954e+01  2.199725e-02  1.286954e+01  2.199725e-02 
   82863125   7.579308e+00   1.453079e-01   7.579308e+00   1.453079e-01 224200608170128190      32368       3912     0 2453964.563947  1.280093e+01  2.081544e-02  1.280093e+01  2.081544e-02 
   82863181   7.353880e+00   1.450376e-01   7.353880e+00   1.450376e-01 224200608170129150      32366       3912     0 2453964.564595  1.283371e+01  2.141361e-02  1.283371e+01  2.141361e-02 
   82863241   7.201838e+00   1.448948e-01   7.201838e+00   1.448948e-01 224200608170130160      32365       3913     0 2453964.565289  1.285639e+01  2.184415e-02  1.285639e+01  2.184415e-02 
   82949229   7.048836e+00   1.199028e-01   7.048836e+00   1.199028e-01 224200608180123250      32438       3859     0 2453965.560521  1.287971e+01  1.846876e-02  1.287971e+01  1.846876e-02 
   82949291   7.211344e+00   1.195885e-01   7.211344e+00   1.195885e-01 224200608180124270      32433       3860     0 2453965.561238  1.285496e+01  1.800525e-02  1.285496e+01  1.800525e-02 
   82949445   7.356829e+00   1.207861e-01   7.356829e+00   1.207861e-01 224200608180127020      32434       3844     0 2453965.563021  1.283327e+01  1.782593e-02  1.283327e+01  1.782593e-02 
   83724654   7.590545e+00   1.189416e-01   7.590545e+00   1.189416e-01 224200608270047250      32413       3899     0 2453974.535347  1.279932e+01  1.701323e-02  1.279932e+01  1.701323e-02 
   83724718   7.198272e+00   1.180059e-01   7.198272e+00   1.180059e-01 224200608270048280      32408       3920     0 2453974.536088  1.285693e+01  1.779924e-02  1.285693e+01  1.779924e-02 
   83724855   7.212056e+00   1.182220e-01   7.212056e+00   1.182220e-01 224200608270050460      32406       3923     0 2453974.537674  1.285485e+01  1.779775e-02  1.285485e+01  1.779775e-02 
   83810944   7.125244e+00   1.132962e-01   7.125244e+00   1.132962e-01 224200608280045360      32407       3906     0 2453975.534074  1.286800e+01  1.726401e-02  1.286800e+01  1.726401e-02 
   83811000   7.296124e+00   1.136544e-01   7.296124e+00   1.136544e-01 224200608280046320      32407       3907     0 2453975.534722  1.284227e+01  1.691296e-02  1.284227e+01  1.691296e-02 
   84328652   7.350399e+00   2.785252e-01   7.350399e+00   2.785252e-01 224200609030034170      32415       3962     0 2453981.526065  1.283422e+01  4.114142e-02  1.283422e+01  4.114142e-02 
   84328724   6.858430e+00   2.815567e-01   6.858430e+00   2.815567e-01 224200609030035290      32417       3942     0 2453981.526898  1.290944e+01  4.457249e-02  1.290944e+01  4.457249e-02 
   84328791   7.361286e+00   2.894742e-01   7.361286e+00   2.894742e-01 224200609030036350      32416       3962     0 2453981.527674  1.283262e+01  4.269548e-02  1.283262e+01  4.269548e-02 
   84328848   7.833467e+00   2.934728e-01   7.833467e+00   2.934728e-01 224200609030037320      32414       3963     0 2453981.528333  1.276511e+01  4.067614e-02  1.276511e+01  4.067614e-02 
   84500219   7.383609e+00   4.099452e-01   7.383609e+00   4.099452e-01 224200609050013480      32410       3913     0 2453983.511794  1.282933e+01  6.028134e-02  1.282933e+01  6.028134e-02 
   84500281   7.595646e+00   4.091223e-01   7.595646e+00   4.091223e-01 224200609050014500      32407       3914     0 2453983.512512  1.279859e+01  5.848092e-02  1.279859e+01  5.848092e-02 
   84500359   7.552860e+00   4.091140e-01   7.552860e+00   4.091140e-01 224200609050016080      32410       3895     0 2453983.513414  1.280472e+01  5.881103e-02  1.280472e+01  5.881103e-02 
   84844832   8.405007e+00   5.606532e-01   8.405007e+00   5.606532e-01 224200609082357310      32414       3883     0 2453987.500370  1.268865e+01  7.242392e-02  1.268865e+01  7.242392e-02 
   84844945   7.256747e+00   5.559515e-01   7.256747e+00   5.559515e-01 224200609082359230      32412       3886     0 2453987.501678  1.284814e+01  8.318035e-02  1.284814e+01  8.318035e-02 
   84845007   8.042099e+00   5.563978e-01   8.042099e+00   5.563978e-01 224200609090000260      32412       3888     0 2453987.502396  1.273658e+01  7.511762e-02  1.273658e+01  7.511762e-02 
   85017132   6.922224e+00   3.126732e-01   6.922224e+00   3.126732e-01 224200609102349160      32426       3926     0 2453989.494583  1.289939e+01  4.904230e-02  1.289939e+01  4.904230e-02 
   85017199   6.863636e+00   4.001106e-01   6.863636e+00   4.001106e-01 224200609102350220      32424       3927     0 2453989.495359  1.290861e+01  6.329241e-02  1.290861e+01  6.329241e-02 
   85017258   7.504487e+00   3.722346e-01   7.504487e+00   3.722346e-01 224200609102351210      32422       3929     0 2453989.496042  1.281170e+01  5.385445e-02  1.281170e+01  5.385445e-02 
   85017316   7.444393e+00   3.588792e-01   7.444393e+00   3.588792e-01 224200609102352200      32423       3929     0 2453989.496713  1.282043e+01  5.234135e-02  1.282043e+01  5.234135e-02 
   85361724   7.439690e+00   1.181280e-01   7.439690e+00   1.181280e-01 224200609142332380      32400       3910     0 2453993.482917  1.282111e+01  1.723948e-02  1.282111e+01  1.723948e-02 
   85361777   7.454922e+00   1.185532e-01   7.454922e+00   1.185532e-01 224200609142333310      32396       3910     0 2453993.483530  1.281889e+01  1.726617e-02  1.281889e+01  1.726617e-02 
   85361842   7.347577e+00   1.184738e-01   7.347577e+00   1.184738e-01 224200609142334370      32394       3911     0 2453993.484282  1.283464e+01  1.750668e-02  1.283464e+01  1.750668e-02 
   85361917   7.387332e+00   1.183763e-01   7.387332e+00   1.183763e-01 224200609142335520      32395       3892     0 2453993.485150  1.282878e+01  1.739814e-02  1.282878e+01  1.739814e-02 
   85620621   7.352906e+00   1.334667e-01   7.352906e+00   1.334667e-01 224200609172327440      32430       3875     0 2453996.479410  1.283385e+01  1.970788e-02  1.283385e+01  1.970788e-02 
   85620680   7.724177e+00   1.353997e-01   7.724177e+00   1.353997e-01 224200609172328430      32428       3876     0 2453996.480093  1.278037e+01  1.903230e-02  1.278037e+01  1.903230e-02 
   85620743   7.550393e+00   1.359115e-01   7.550393e+00   1.359115e-01 224200609172329460      32427       3878     0 2453996.480822  1.280508e+01  1.954396e-02  1.280508e+01  1.954396e-02 
   85620797   7.718431e+00   1.369050e-01   7.718431e+00   1.369050e-01 224200609172330410      32426       3880     0 2453996.481447  1.278118e+01  1.925821e-02  1.278118e+01  1.925821e-02 
   85706417   7.617922e+00   1.346540e-01   7.617922e+00   1.346540e-01 224200609182317440      32429       3832     0 2453997.472419  1.279541e+01  1.919149e-02  1.279541e+01  1.919149e-02 
   85706535   7.519744e+00   1.333091e-01   7.519744e+00   1.333091e-01 224200609182319420      32421       3855     0 2453997.473785  1.280949e+01  1.924786e-02  1.280949e+01  1.924786e-02 
   85706612   7.523977e+00   1.344222e-01   7.523977e+00   1.344222e-01 224200609182320580      32423       3837     0 2453997.474676  1.280888e+01  1.939767e-02  1.280888e+01  1.939767e-02 
   85878731   7.177912e+00   1.278284e-01   7.177912e+00   1.278284e-01 224200609202309430      32405       3877     0 2453999.466794  1.286000e+01  1.933549e-02  1.286000e+01  1.933549e-02 
   85878788   7.534686e+00   1.282308e-01   7.534686e+00   1.282308e-01 224200609202310410      32399       3878     0 2453999.467454  1.280734e+01  1.847791e-02  1.280734e+01  1.847791e-02 
   85878849   7.405417e+00   1.286353e-01   7.405417e+00   1.286353e-01 224200609202311410      32395       3880     0 2453999.468160  1.282613e+01  1.885977e-02  1.282613e+01  1.885977e-02 
   85878909   7.557636e+00   1.287583e-01   7.557636e+00   1.287583e-01 224200609202312420      32393       3883     0 2453999.468854  1.280404e+01  1.849758e-02  1.280404e+01  1.849758e-02 
   85964854   8.050359e+00   1.250009e-01   8.050359e+00   1.250009e-01 224200609212305090      32397       3896     0 2454000.463588  1.273546e+01  1.685869e-02  1.273546e+01  1.685869e-02 
   85965007   8.034792e+00   1.252947e-01   8.034792e+00   1.252947e-01 224200609212307420      32393       3898     0 2454000.465359  1.273756e+01  1.693106e-02  1.273756e+01  1.693106e-02 
   85965070   7.600760e+00   1.237472e-01   7.600760e+00   1.237472e-01 224200609212308460      32390       3901     0 2454000.466088  1.279786e+01  1.767682e-02  1.279786e+01  1.767682e-02 
   85965126   7.675359e+00   1.229370e-01   7.675359e+00   1.229370e-01 224200609212309410      32389       3902     0 2454000.466736  1.278725e+01  1.739041e-02  1.278725e+01  1.739041e-02 
   86404968   7.790956e+00   1.218643e-01   7.790956e+00   1.218643e-01 224200609270120390      32495       4124     0 2454005.557500  1.277102e+01  1.698290e-02  1.277102e+01  1.698290e-02 
   86405027   7.408706e+00   1.214508e-01   7.408706e+00   1.214508e-01 224200609270121390      32492       4145     0 2454005.558183  1.282564e+01  1.779852e-02  1.282564e+01  1.779852e-02 
   86405097   7.642702e+00   1.217771e-01   7.642702e+00   1.217771e-01 224200609270122490      32493       4144     0 2454005.558993  1.279188e+01  1.729994e-02  1.279188e+01  1.729994e-02 
   86405156   7.604264e+00   1.220303e-01   7.604264e+00   1.220303e-01 224200609270123480      32493       4144     0 2454005.559676  1.279736e+01  1.742354e-02  1.279736e+01  1.742354e-02 
   94935181   7.595454e+00   3.643202e-01   7.595454e+00   3.643202e-01 224200701031856070      31637       3789     0 2454104.286817  1.279862e+01  5.207812e-02  1.279862e+01  5.207812e-02 
   94935247   7.667407e+00   3.598855e-01   7.667407e+00   3.598855e-01 224200701031857140      31636       3789     0 2454104.287581  1.278838e+01  5.096143e-02  1.278838e+01  5.096143e-02 
   94935305   8.013311e+00   3.556247e-01   8.013311e+00   3.556247e-01 224200701031858120      31637       3789     0 2454104.288252  1.274047e+01  4.818432e-02  1.274047e+01  4.818432e-02 
   94935370   8.359581e+00   3.519992e-01   8.359581e+00   3.519992e-01 224200701031859170      31637       3789     0 2454104.289005  1.269454e+01  4.571756e-02  1.269454e+01  4.571756e-02 
   95021611   7.267436e+00   2.771871e-01   7.267436e+00   2.771871e-01 224200701041856390      31638       3778     0 2454105.287164  1.284655e+01  4.141119e-02  1.284655e+01  4.141119e-02 
   95021683   8.036254e+00   2.642786e-01   8.036254e+00   2.642786e-01 224200701041857500      31635       3799     0 2454105.287998  1.273737e+01  3.570542e-02  1.273737e+01  3.570542e-02 
   95021804   7.849034e+00   2.469471e-01   7.849034e+00   2.469471e-01 224200701041859510      31636       3799     0 2454105.289398  1.276296e+01  3.415966e-02  1.276296e+01  3.415966e-02 
   95107913   8.170739e+00   2.431261e-01   8.170739e+00   2.431261e-01 224200701051855020      31658       3811     0 2454106.286030  1.271935e+01  3.230695e-02  1.271935e+01  3.230695e-02 
   95107969   7.548913e+00   2.299170e-01   7.548913e+00   2.299170e-01 224200701051855570      31658       3811     0 2454106.286678  1.280529e+01  3.306835e-02  1.280529e+01  3.306835e-02 
   95108023   7.796666e+00   2.181005e-01   7.796666e+00   2.181005e-01 224200701051856510      31659       3811     0 2454106.287303  1.277023e+01  3.037201e-02  1.277023e+01  3.037201e-02 
   95108077   7.603668e+00   2.074469e-01   7.603668e+00   2.074469e-01 224200701051857460      31659       3811     0 2454106.287928  1.279744e+01  2.962168e-02  1.279744e+01  2.962168e-02 
   95280701   7.596911e+00   2.178114e-01   7.596911e+00   2.178114e-01 224200701071854530      31680       3800     0 2454108.285891  1.279841e+01  3.112930e-02  1.279841e+01  3.112930e-02 
   95280831   7.071490e+00   1.909951e-01   7.071490e+00   1.909951e-01 224200701071857030      31667       3745     0 2454108.287396  1.287622e+01  2.932495e-02  1.287622e+01  2.932495e-02 
   95280887   7.015029e+00   1.825069e-01   7.015029e+00   1.825069e-01 224200701071857590      31668       3746     0 2454108.288044  1.288493e+01  2.824722e-02  1.288493e+01  2.824722e-02 
   95280943   7.006140e+00   1.747350e-01   7.006140e+00   1.747350e-01 224200701071858540      31670       3745     0 2454108.288692  1.288630e+01  2.707865e-02  1.288630e+01  2.707865e-02 
   95367165   7.500808e+00   2.341134e-01   7.500808e+00   2.341134e-01 224200701081855580      31677       3822     0 2454109.286632  1.281223e+01  3.388785e-02  1.281223e+01  3.388785e-02 
   95367219   7.322658e+00   2.219011e-01   7.322658e+00   2.219011e-01 224200701081856520      31676       3821     0 2454109.287257  1.283833e+01  3.290156e-02  1.283833e+01  3.290156e-02 
   95367332   7.470256e+00   1.998541e-01   7.470256e+00   1.998541e-01 224200701081858450      31676       3820     0 2454109.288565  1.281666e+01  2.904714e-02  1.281666e+01  2.904714e-02 
   95453551   7.637460e+00   2.362857e-01   7.637460e+00   2.362857e-01 224200701091855450      31670       3842     0 2454110.286470  1.279263e+01  3.359033e-02  1.279263e+01  3.359033e-02 
   95453607   7.651582e+00   2.238710e-01   7.651582e+00   2.238710e-01 224200701091856400      31670       3841     0 2454110.287118  1.279062e+01  3.176672e-02  1.279062e+01  3.176672e-02 
   95453717   7.838229e+00   2.025585e-01   7.838229e+00   2.025585e-01 224200701091858300      31671       3840     0 2454110.288391  1.276445e+01  2.805810e-02  1.276445e+01  2.805810e-02 
   95539941   7.831447e+00   2.348202e-01   7.831447e+00   2.348202e-01 224200701101855350      31675       3849     0 2454111.286354  1.276540e+01  3.255513e-02  1.276540e+01  3.255513e-02 
   95540049   7.693240e+00   2.119796e-01   7.693240e+00   2.119796e-01 224200701101857240      31675       3848     0 2454111.287604  1.278473e+01  2.991649e-02  1.278473e+01  2.991649e-02 
   95540105   7.608811e+00   2.017786e-01   7.608811e+00   2.017786e-01 224200701101858190      31675       3847     0 2454111.288252  1.279671e+01  2.879281e-02  1.279671e+01  2.879281e-02 
   95626324   7.788948e+00   2.456404e-01   7.788948e+00   2.456404e-01 224200701111855200      31697       3839     0 2454112.286157  1.277130e+01  3.424102e-02  1.277130e+01  3.424102e-02 
   95626381   8.096243e+00   2.327574e-01   8.096243e+00   2.327574e-01 224200701111856160      31696       3838     0 2454112.286817  1.272929e+01  3.121374e-02  1.272929e+01  3.121374e-02 
   95626435   7.547968e+00   2.208855e-01   7.547968e+00   2.208855e-01 224200701111857110      31697       3838     0 2454112.287442  1.280542e+01  3.177335e-02  1.280542e+01  3.177335e-02 
   95626491   8.275736e+00   2.113997e-01   8.275736e+00   2.113997e-01 224200701111858070      31696       3838     0 2454112.288090  1.270548e+01  2.773471e-02  1.270548e+01  2.773471e-02 
   95712710   7.725804e+00   2.322023e-01   7.725804e+00   2.322023e-01 224200701121855060      31669       3840     0 2454113.285995  1.278014e+01  3.263237e-02  1.278014e+01  3.263237e-02 
   95712764   7.554083e+00   2.199176e-01   7.554083e+00   2.199176e-01 224200701121856000      31668       3839     0 2454113.286620  1.280455e+01  3.160852e-02  1.280455e+01  3.160852e-02 
   95712818   7.603370e+00   2.101003e-01   7.603370e+00   2.101003e-01 224200701121856550      31669       3838     0 2454113.287245  1.279748e+01  3.000174e-02  1.279748e+01  3.000174e-02 
   95799130   7.713672e+00   2.037774e-01   7.713672e+00   2.037774e-01 224200701131855270      31669       3855     0 2454114.286227  1.278185e+01  2.868275e-02  1.278185e+01  2.868275e-02 
   95799184   7.595632e+00   1.942367e-01   7.595632e+00   1.942367e-01 224200701131856210      31669       3855     0 2454114.286852  1.279859e+01  2.776472e-02  1.279859e+01  2.776472e-02 
   95799308   8.149685e+00   1.780927e-01   8.149685e+00   1.780927e-01 224200701131858250      31660       3863     0 2454114.288287  1.272215e+01  2.372636e-02  1.272215e+01  2.372636e-02 
   95799362   7.774939e+00   1.705803e-01   7.774939e+00   1.705803e-01 224200701131859190      31660       3862     0 2454114.288912  1.277326e+01  2.382088e-02  1.277326e+01  2.382088e-02 
   95885655   8.064269e+00   1.892041e-01   8.064269e+00   1.892041e-01 224200701141857330      31670       3860     0 2454115.287674  1.273359e+01  2.547366e-02  1.273359e+01  2.547366e-02 
   95885710   7.901397e+00   1.810507e-01   7.901397e+00   1.810507e-01 224200701141858280      31670       3860     0 2454115.288310  1.275574e+01  2.487838e-02  1.275574e+01  2.487838e-02 
   95885841   7.859118e+00   1.643241e-01   7.859118e+00   1.643241e-01 224200701141900400      31673       3857     0 2454115.289826  1.276157e+01  2.270144e-02  1.276157e+01  2.270144e-02 
  124571585   7.767751e+00   1.137889e-01   7.767751e+00   1.137889e-01 222200712121915250       3050      16333     0 2454447.300752  1.277426e+01  1.590488e-02  1.277426e+01  1.590488e-02 
  124571649   8.399369e+00   9.711437e-02   8.399369e+00   9.711437e-02 221200712121916280      21734       9339     0 2454447.301493  1.268938e+01  1.255344e-02  1.268938e+01  1.255344e-02 
  124571709   7.865815e+00   1.287785e-01   7.865815e+00   1.287785e-01 224200712121917280      32600        657     0 2454447.302188  1.276064e+01  1.777565e-02  1.276064e+01  1.777565e-02 
  124572984   8.475342e+00   9.590985e-02   8.475342e+00   9.590985e-02 221200712121938430      21771       9412     0 2454447.316944  1.267961e+01  1.228660e-02  1.267961e+01  1.228660e-02 
