\OBJNAME = '1SWASP J001459.87-735712.4'
\OBSSTART = '2006-05-11T04:14:48'
\OBSSTOP = '2007-12-12T19:39:43'
\TSTART = 74405754
\TSTOP = 124573043
\JD_REF = 2453005.5
\RA_OBJ = '3.749497'
\DEC_OBJ = '-73.953458'
\WASP_MAG = 16.21216
\HJD_START = 2453866.677708
\HJD_STOP = 2454447.317627
\fixlen = T
\NUMRECORDS = 426
\
\ This file was produced by the NASA Exoplanet Archive  http://exoplanetarchive.ipac.caltech.edu 
\ Thu Sep 12, 19:59:34 2013
\ Documentation for the SuperWASP dataset can be found at http://exoplanetarchive.ipac.caltech.edu/docs/SuperWASPMission.html
\
|TMID      |FLUX2         |FLUX2_ERR     |TAMFLUX2      |TAMFLUX2_ERR  |IMAGEID           |CCDX      |CCDY      |FLAG |           HJD|         MAG2|     MAG2_ERR|      TAMMAG2|  TAMMAG2_ERR|
|int       |float         |float         |float         |float         |char              |int       |int       |int  |        double|        float|        float|        float|        float|
|sec       |micro Vega    |micro Vega    |micro Vega    |micro Vega    |                  |1/16 pixel|1/16 pixel|     |           day|          mag|          mag|          mag|          mag|
|null      |null          |null          |null          |null          |null              |null      |null      |null |          null|         null|         null|         null|         null|
   74405754  -1.489349e-02   2.232228e-01  -1.489349e-02   2.232228e-01 223200605110414480       3755       1844     0 2453866.677708          null          null          null          null 
   74405891   2.980094e-02   2.741188e-01   2.980094e-02   2.741188e-01 223200605110417040       3764       1840     0 2453866.679294  1.881442e+01  9.986995e+00  1.881442e+01  9.986995e+00 
   74405956   4.080442e-01   3.115060e-01   4.080442e-01   3.115060e-01 223200605110418100       3772       1816     0 2453866.680046  1.597323e+01  8.288674e-01  1.597323e+01  8.288674e-01 
   74491867   2.949306e-01   2.407880e-01   2.949306e-01   2.407880e-01 223200605120409570       3775       1779     0 2453867.674387  1.632570e+01  8.864225e-01  1.632570e+01  8.864225e-01 
   74492005   6.166290e-01   2.567799e-01   6.166290e-01   2.567799e-01 223200605120412150       3784       1776     0 2453867.675984  1.552494e+01  4.521296e-01  1.552494e+01  4.521296e-01 
   74750389   3.038991e-01   3.491914e-01   3.038991e-01   3.491914e-01 223200605150358270       3772       1783     0 2453870.666539  1.629318e+01  1.247556e+00  1.629318e+01  1.247556e+00 
   74750449   3.552680e-02   3.436851e-01   3.552680e-02   3.436851e-01 223200605150359270       3777       1778     0 2453870.667234  1.862361e+01  1.050341e+01  1.862361e+01  1.050341e+01 
   74750503   3.834643e-01   3.482887e-01   3.834643e-01   3.482887e-01 223200605150400210       3781       1778     0 2453870.667859  1.604069e+01  9.861439e-01  1.604069e+01  9.861439e-01 
   74750562   5.421176e-01   3.484686e-01   5.421176e-01   3.484686e-01 223200605150401200       3784       1777     0 2453870.668542  1.566477e+01  6.979045e-01  1.566477e+01  6.979045e-01 
   75613649   1.151416e-01   1.241591e-01   1.151416e-01   1.241591e-01 223200605250345300       3852       1790     0 2453880.657975  1.734692e+01  1.170772e+00  1.734692e+01  1.170772e+00 
   75613712   1.380997e-01   1.250245e-01   1.380997e-01   1.250245e-01 223200605250346340       3861       1764     0 2453880.658704  1.714952e+01  9.829423e-01  1.714952e+01  9.829423e-01 
   75613770   5.014108e-02   1.245926e-01   5.014108e-02   1.245926e-01 223200605250347310       3864       1763     0 2453880.659375  1.824952e+01  2.697891e+00  1.824952e+01  2.697891e+00 
   75613838   1.206908e-01   1.241846e-01   1.206908e-01   1.241846e-01 223200605250348400       3862       1784     0 2453880.660162  1.729581e+01  1.117171e+00  1.729581e+01  1.117171e+00 
   75700103   8.969226e-02   1.213359e-01   8.969226e-02   1.213359e-01 223200605260346210       3871       1780     0 2453881.658600  1.761811e+01  1.468791e+00  1.761811e+01  1.468791e+00 
   75700166   2.529113e-01   1.213690e-01   2.529113e-01   1.213690e-01 223200605260347250       3878       1752     0 2453881.659329  1.649258e+01  5.210330e-01  1.649258e+01  5.210330e-01 
   75700233   2.118603e-01   1.200547e-01   2.118603e-01   1.200547e-01 223200605260348310       3877       1773     0 2453881.660104  1.668488e+01  6.152555e-01  1.668488e+01  6.152555e-01 
   75700302   1.140196e-01   1.204350e-01   1.140196e-01   1.204350e-01 223200605260349400       3883       1746     0 2453881.660903  1.735755e+01  1.146830e+00  1.735755e+01  1.146830e+00 
   76132322   2.716054e-01   1.009197e-01   2.716054e-01   1.009197e-01 223200605310349440       3935       1751     0 2453886.661134  1.641515e+01  4.034255e-01  1.641515e+01  4.034255e-01 
   76132389   2.446981e-01   1.010150e-01   2.446981e-01   1.010150e-01 223200605310350510       3943       1723     0 2453886.661910  1.652842e+01  4.482095e-01  1.652842e+01  4.482095e-01 
   76218930   1.625997e-01   1.035336e-01   1.625997e-01   1.035336e-01 223200606010353090       3957       1732     0 2453887.663542  1.697220e+01  6.913328e-01  1.697220e+01  6.913328e-01 
   76219016   1.933221e-01   1.043436e-01   1.933221e-01   1.043436e-01 223200606010354350       3964       1707     0 2453887.664537  1.678430e+01  5.860171e-01  1.678430e+01  5.860171e-01 
   76478198   1.024899e-01   1.118865e-01   1.024899e-01   1.118865e-01 223200606040354060       3965       1706     0 2453890.664329  1.747330e+01  1.185284e+00  1.747330e+01  1.185284e+00 
   76478271  -8.023830e-04   1.098828e-01  -8.023830e-04   1.098828e-01 223200606040355190       3965       1726     0 2453890.665174          null          null          null          null 
   76478347   1.327260e-01   1.123951e-01   1.327260e-01   1.123951e-01 223200606040356360       3973       1698     0 2453890.666053  1.719261e+01  9.194267e-01  1.719261e+01  9.194267e-01 
   76478400  -3.005424e-02   1.127763e-01  -3.005424e-02   1.127763e-01 223200606040357280       3975       1696     0 2453890.666667          null          null          null          null 
   76564540   1.408131e-01   2.813837e-01   1.408131e-01   2.813837e-01 223200606050353060       3992       1690     0 2453891.663657  1.712839e+01  2.169610e+00  1.712839e+01  2.169610e+00 
   76564599  -2.267649e-02   2.739635e-01  -2.267649e-02   2.739635e-01 223200606050354050       3996       1689     0 2453891.664340          null          null          null          null 
   76564659   1.318740e-01   2.782239e-01   1.318740e-01   2.782239e-01 223200606050355050       3998       1686     0 2453891.665035  1.719960e+01  2.290662e+00  1.719960e+01  2.290662e+00 
   76564717   5.619354e-01   2.472940e-01   5.619354e-01   2.472940e-01 223200606050356020       4000       1685     0 2453891.665706  1.562578e+01  4.778076e-01  1.562578e+01  4.778076e-01 
   76650911   2.017340e-01   9.992163e-02   2.017340e-01   9.992163e-02 223200606060352330       3980       1686     0 2453892.663322  1.673805e+01  5.377820e-01  1.673805e+01  5.377820e-01 
   76651045   2.027715e-01   1.036504e-01   2.027715e-01   1.036504e-01 223200606060354480       3987       1685     0 2453892.664873  1.673248e+01  5.549960e-01  1.673248e+01  5.549960e-01 
   76651101   2.733933e-01   1.030503e-01   2.733933e-01   1.030503e-01 223200606060355430       3990       1682     0 2453892.665521  1.640803e+01  4.092487e-01  1.640803e+01  4.092487e-01 
   76737405   6.487229e-02   1.070868e-01   6.487229e-02   1.070868e-01 223200606070354040       3991       1689     0 2453893.664410  1.796985e+01  1.792267e+00  1.796985e+01  1.792267e+00 
   76737458   2.129464e-01   1.057994e-01   2.129464e-01   1.057994e-01 223200606070354570       3993       1686     0 2453893.665023  1.667933e+01  5.394346e-01  1.667933e+01  5.394346e-01 
   76737513   1.083265e-01   1.050576e-01   1.083265e-01   1.050576e-01 223200606070355530       3995       1684     0 2453893.665660  1.741316e+01  1.052976e+00  1.741316e+01  1.052976e+00 
   76737569   2.012084e-01   1.046753e-01   2.012084e-01   1.046753e-01 223200606070356480       3997       1682     0 2453893.666308  1.674088e+01  5.648383e-01  1.674088e+01  5.648383e-01 
   76823795   2.135412e-01   1.053836e-01   2.135412e-01   1.053836e-01 223200606080353510       4017       1687     0 2453894.664294  1.667630e+01  5.358179e-01  1.667630e+01  5.358179e-01 
   76823854   9.882621e-02   1.054410e-01   9.882621e-02   1.054410e-01 223200606080354510       4021       1684     0 2453894.664977  1.751282e+01  1.158413e+00  1.751282e+01  1.158413e+00 
   76823913   1.305548e-01   1.058515e-01   1.305548e-01   1.058515e-01 223200606080355500       4023       1682     0 2453894.665660  1.721052e+01  8.802982e-01  1.721052e+01  8.802982e-01 
   76823999   1.301594e-01   1.058384e-01   1.301594e-01   1.058384e-01 223200606080357160       4022       1702     0 2453894.666655  1.721381e+01  8.828638e-01  1.721381e+01  8.828638e-01 
   76910221   2.258501e-01   1.010641e-01   2.258501e-01   1.010641e-01 223200606090354140       4013       1674     0 2453895.664595  1.661545e+01  4.858501e-01  1.661545e+01  4.858501e-01 
   76910275   1.784787e-01   1.012855e-01   1.784787e-01   1.012855e-01 223200606090355080       4016       1672     0 2453895.665220  1.687103e+01  6.161503e-01  1.687103e+01  6.161503e-01 
   76910359   1.897452e-01   1.012583e-01   1.897452e-01   1.012583e-01 223200606090356320       4015       1691     0 2453895.666192  1.680457e+01  5.794094e-01  1.680457e+01  5.794094e-01 
   76910431   1.475052e-01   1.009458e-01   1.475052e-01   1.009458e-01 223200606090357440       4021       1666     0 2453895.667025  1.707798e+01  7.430310e-01  1.707798e+01  7.430310e-01 
   76996576   4.346114e-01   2.226961e-01   4.346114e-01   2.226961e-01 223200606100353270       4019       1674     0 2453896.664074  1.590475e+01  5.563362e-01  1.590475e+01  5.563362e-01 
   76996641   4.055933e-01   2.196657e-01   4.055933e-01   2.196657e-01 223200606100354320       4023       1671     0 2453896.664826  1.597977e+01  5.880270e-01  1.597977e+01  5.880270e-01 
   76996702   1.232098e-01   2.167685e-01   1.232098e-01   2.167685e-01 223200606100355320       4024       1669     0 2453896.665532  1.727339e+01  1.910191e+00  1.727339e+01  1.910191e+00 
   77082996   2.312225e-02   3.749168e-01   2.312225e-02   3.749168e-01 223200606110353440       4031       1663     0 2453897.664306  1.908992e+01  1.760478e+01  1.908992e+01  1.760478e+01 
   77083073   1.459400e-01   3.763055e-01   1.459400e-01   3.763055e-01 223200606110355000       4032       1683     0 2453897.665197  1.708956e+01  2.799575e+00  1.708956e+01  2.799575e+00 
   77083154  -1.909400e-02   3.784205e-01  -1.909400e-02   3.784205e-01 223200606110356210       4038       1657     0 2453897.666134          null          null          null          null 
   77083208   3.788798e-01   3.780251e-01   3.788798e-01   3.780251e-01 223200606110357160       4039       1655     0 2453897.666759  1.605375e+01  1.083291e+00  1.605375e+01  1.083291e+00 
   77169262  -1.495351e-01   4.684384e-01  -1.495351e-01   4.684384e-01 223200606120351270       4031       1680     0 2453898.662755          null          null          null          null 
   77169324   6.380760e-01   4.786169e-01   6.380760e-01   4.786169e-01 223200606120352290       4038       1655     0 2453898.663472  1.548782e+01  8.144069e-01  1.548782e+01  8.144069e-01 
   77169382   4.221150e-01   4.768936e-01   4.221150e-01   4.768936e-01 223200606120353260       4039       1652     0 2453898.664144  1.593642e+01  1.226639e+00  1.593642e+01  1.226639e+00 
   77169442   4.344909e-01   4.741400e-01   4.344909e-01   4.741400e-01 223200606120354260       4041       1649     0 2453898.664838  1.590505e+01  1.184819e+00  1.590505e+01  1.184819e+00 
   77514686  -1.874929e+00   2.245671e+00  -1.874929e+00   2.245671e+00 223200606160348210       4040       1621     0 2453902.660718          null          null          null          null 
   77514751   2.805960e+00   2.773015e+00   2.805960e+00   2.773015e+00 223200606160349260       4042       1618     0 2453902.661470  1.387980e+01  1.072992e+00  1.387980e+01  1.072992e+00 
   77601371   2.888070e-01   1.892051e-01   2.888070e-01   1.892051e-01 223200606170353030       4055       1604     0 2453903.664016  1.634848e+01  7.112970e-01  1.634848e+01  7.112970e-01 
   77601441   1.840541e-01   1.885536e-01   1.840541e-01   1.885536e-01 223200606170354120       4053       1624     0 2453903.664826  1.683764e+01  1.112283e+00  1.683764e+01  1.112283e+00 
   77601511   4.503435e-01   1.880314e-01   4.503435e-01   1.880314e-01 223200606170355220       4054       1622     0 2453903.665637  1.586614e+01  4.533279e-01  1.586614e+01  4.533279e-01 
   77601568  -9.801275e-02   1.858961e-01  -9.801275e-02   1.858961e-01 223200606170356190       4059       1597     0 2453903.666296          null          null          null          null 
   77687715   2.085316e-01   1.578681e-01   2.085316e-01   1.578681e-01 223200606180352030       4075       1597     0 2453904.663368  1.670207e+01  8.219557e-01  1.670207e+01  8.219557e-01 
   77687758   2.256179e-01   1.577702e-01   2.256179e-01   1.577702e-01 223200606180352470       4076       1596     0 2453904.663866  1.661657e+01  7.592369e-01  1.661657e+01  7.592369e-01 
   77687877   2.642048e-01   1.579025e-01   2.642048e-01   1.579025e-01 223200606180354460       4079       1593     0 2453904.665243  1.644515e+01  6.488944e-01  1.644515e+01  6.488944e-01 
   77774351   4.709027e-02   1.324292e-01   4.709027e-02   1.324292e-01 223200606190355570       4120       1578     0 2453905.666100  1.831767e+01  3.053363e+00  1.831767e+01  3.053363e+00 
   77774407   2.125929e-01   1.328603e-01   2.125929e-01   1.328603e-01 223200606190356530       4120       1578     0 2453905.666748  1.668113e+01  6.785352e-01  1.668113e+01  6.785352e-01 
   77774469   3.629676e-01   1.328741e-01   3.629676e-01   1.328741e-01 223200606190357560       4120       1577     0 2453905.667465  1.610033e+01  3.974644e-01  1.610033e+01  3.974644e-01 
   77860764   2.413418e-01   1.146873e-01   2.413418e-01   1.146873e-01 223200606200356080       4104       1572     0 2453906.666250  1.654342e+01  5.159513e-01  1.654342e+01  5.159513e-01 
   77860823   1.071851e-01   1.137215e-01   1.071851e-01   1.137215e-01 223200606200357080       4105       1571     0 2453906.666933  1.742466e+01  1.151951e+00  1.742466e+01  1.151951e+00 
   77860887   1.972087e-01   1.140814e-01   1.972087e-01   1.140814e-01 223200606200358110       4105       1572     0 2453906.667674  1.676269e+01  6.280794e-01  1.676269e+01  6.280794e-01 
   77860952   8.793493e-02   1.131141e-01   8.793493e-02   1.131141e-01 223200606200359170       4100       1596     0 2453906.668426  1.763960e+01  1.396629e+00  1.763960e+01  1.396629e+00 
   77947075   8.884641e-02   1.166271e-01   8.884641e-02   1.166271e-01 223200606210354360       4099       1571     0 2453907.665220  1.762840e+01  1.425231e+00  1.762840e+01  1.425231e+00 
   77947129   3.330791e-01   1.176018e-01   3.330791e-01   1.176018e-01 223200606210355300       4100       1572     0 2453907.665845  1.619363e+01  3.833473e-01  1.619363e+01  3.833473e-01 
   77947207   1.058522e-01   1.168468e-01   1.058522e-01   1.168468e-01 223200606210356480       4096       1595     0 2453907.666748  1.743825e+01  1.198513e+00  1.743825e+01  1.198513e+00 
   77947274   1.429249e-01   1.176566e-01   1.429249e-01   1.176566e-01 223200606210357550       4100       1572     0 2453907.667523  1.711223e+01  8.937871e-01  1.711223e+01  8.937871e-01 
   78119985   1.080475e-01   1.003528e-01   1.080475e-01   1.003528e-01 223200606230356210       4090       1551     0 2453909.666493  1.741596e+01  1.008418e+00  1.741596e+01  1.008418e+00 
   78120039   1.831982e-02   9.978059e-02   1.831982e-02   9.978059e-02 223200606230357150       4090       1553     0 2453909.667118  1.934270e+01  5.913581e+00  1.934270e+01  5.913581e+00 
   78120187   1.794101e-01   1.011408e-01   1.794101e-01   1.011408e-01 223200606230359440       4088       1559     0 2453909.668831  1.686538e+01  6.120762e-01  1.686538e+01  6.120762e-01 
   78120249   5.374336e-02   1.009289e-01   5.374336e-02   1.009289e-01 223200606230400460       4090       1539     0 2453909.669549  1.817419e+01  2.038998e+00  1.817419e+01  2.038998e+00 
   78206444   2.752990e-01   1.071861e-01   2.752990e-01   1.071861e-01 223200606240357190       4109       1537     0 2453910.667176  1.640049e+01  4.227267e-01  1.640049e+01  4.227267e-01 
   78206503   1.753609e-01   1.073549e-01   1.753609e-01   1.073549e-01 223200606240358180       4106       1540     0 2453910.667859  1.689017e+01  6.646835e-01  1.689017e+01  6.646835e-01 
   78206578   2.284571e-01   1.054088e-01   2.284571e-01   1.054088e-01 223200606240359320       4098       1568     0 2453910.668727  1.660299e+01  5.009544e-01  1.660299e+01  5.009544e-01 
   78206637   1.765555e-01   1.068480e-01   1.765555e-01   1.068480e-01 223200606240400310       4093       1554     0 2453910.669410  1.688280e+01  6.570691e-01  1.688280e+01  6.570691e-01 
   78292883   1.961980e-01   9.611352e-02   1.961980e-01   9.611352e-02 223200606250357560       4111       1519     0 2453911.667627  1.676826e+01  5.318825e-01  1.676826e+01  5.318825e-01 
   78292937   1.461677e-01   9.749506e-02   1.461677e-01   9.749506e-02 223200606250358490       4105       1527     0 2453911.668252  1.708787e+01  7.241973e-01  1.708787e+01  7.241973e-01 
   78292988   1.788155e-01   9.712827e-02   1.788155e-01   9.712827e-02 223200606250359400       4095       1540     0 2453911.668843  1.686899e+01  5.897477e-01  1.686899e+01  5.897477e-01 
   78293050   1.415777e-01   9.655759e-02   1.415777e-01   9.655759e-02 223200606250400430       4096       1539     0 2453911.669560  1.712251e+01  7.404872e-01  1.712251e+01  7.404872e-01 
   78724950   6.689778e-02   9.822012e-02   6.689778e-02   9.822012e-02 223200606300358520       4119       1521     0 2453916.668403  1.793647e+01  1.594096e+00  1.793647e+01  1.594096e+00 
   78725027   1.742596e-01   9.856209e-02   1.742596e-01   9.856209e-02 223200606300400090       4125       1494     0 2453916.669294  1.689701e+01  6.141001e-01  1.689701e+01  6.141001e-01 
   78725074   1.534257e-01   9.794940e-02   1.534257e-01   9.794940e-02 223200606300400570       4126       1492     0 2453916.669838  1.703526e+01  6.931535e-01  1.703526e+01  6.931535e-01 
   78725138   1.783091e-01   9.709661e-02   1.783091e-01   9.709661e-02 223200606300402000       4127       1490     0 2453916.670579  1.687207e+01  5.912298e-01  1.687207e+01  5.912298e-01 
   78811386   1.652223e-01   1.036500e-01   1.652223e-01   1.036500e-01 223200607010359260       4119       1487     0 2453917.668819  1.695483e+01  6.811242e-01  1.695483e+01  6.811242e-01 
   78811465   1.428798e-01   1.029458e-01   1.428798e-01   1.029458e-01 223200607010400450       4117       1507     0 2453917.669734  1.711257e+01  7.822825e-01  1.711257e+01  7.822825e-01 
   78811530   2.938615e-02   1.020221e-01   2.938615e-02   1.020221e-01 223200607010401510       4121       1481     0 2453917.670486  1.882964e+01  3.769447e+00  1.882964e+01  3.769447e+00 
   78811581   3.996857e-02   1.025650e-01   3.996857e-02   1.025650e-01 223200607010402420       4122       1479     0 2453917.671076  1.849570e+01  2.786162e+00  1.849570e+01  2.786162e+00 
   78897797   8.115193e-02   2.615467e-01   8.115193e-02   2.615467e-01 223200607020359350       4129       1476     0 2453918.668947  1.772675e+01  3.499260e+00  1.772675e+01  3.499260e+00 
   78897856   4.007493e-01   5.334627e-01   4.007493e-01   5.334627e-01 223200607020400340       4131       1475     0 2453918.669630  1.599282e+01  1.445297e+00  1.599282e+01  1.445297e+00 
   78897910  -1.789115e-01   3.064703e-01  -1.789115e-01   3.064703e-01 223200607020401280       4131       1472     0 2453918.670255          null          null          null          null 
   78897983   7.990728e-02   1.755118e-01   7.990728e-02   1.755118e-01 223200607020402420       4127       1492     0 2453918.671100  1.774353e+01  2.384766e+00  1.774353e+01  2.384766e+00 
   78984198   1.608884e-01   9.736086e-02   1.608884e-01   9.736086e-02 223200607030359350       4137       1463     0 2453919.668958  1.698369e+01  6.570303e-01  1.698369e+01  6.570303e-01 
   78984252   2.993412e-02   9.547397e-02   2.993412e-02   9.547397e-02 223200607030400290       4139       1460     0 2453919.669583  1.880958e+01  3.462935e+00  1.880958e+01  3.462935e+00 
   78984310   7.221062e-02   9.453599e-02   7.221062e-02   9.453599e-02 223200607030401270       4140       1458     0 2453919.670255  1.785350e+01  1.421418e+00  1.785350e+01  1.421418e+00 
   78984365   9.102291e-02   9.512524e-02   9.102291e-02   9.512524e-02 223200607030402220       4140       1456     0 2453919.670891  1.760212e+01  1.134673e+00  1.760212e+01  1.134673e+00 
   79070522   2.482690e-01   9.785644e-02   2.482690e-01   9.785644e-02 223200607040358180       4133       1442     0 2453920.668079  1.651269e+01  4.279496e-01  1.651269e+01  4.279496e-01 
   79070568   1.054934e-01   9.686328e-02   1.054934e-01   9.686328e-02 223200607040359040       4135       1440     0 2453920.668611  1.744194e+01  9.969186e-01  1.744194e+01  9.969186e-01 
   79070634   2.005641e-01   9.669744e-02   2.005641e-01   9.669744e-02 223200607040400090       4136       1438     0 2453920.669375  1.674437e+01  5.234650e-01  1.674437e+01  5.234650e-01 
   79070686   2.560000e-01   9.738962e-02   2.560000e-01   9.738962e-02 223200607040401020       4136       1436     0 2453920.669977  1.647940e+01  4.130462e-01  1.647940e+01  4.130462e-01 
   79415950   1.920742e-01   9.681961e-02   1.920742e-01   9.681961e-02 223200607080355190       4132       1426     0 2453924.666088  1.679133e+01  5.472934e-01  1.679133e+01  5.472934e-01 
   79416107   1.468728e-01   9.663178e-02   1.468728e-01   9.663178e-02 223200607080357570       4135       1447     0 2453924.667905  1.708265e+01  7.143393e-01  1.708265e+01  7.143393e-01 
   79416174   2.299863e-02   9.557910e-02   2.299863e-02   9.557910e-02 223200607080359030       4139       1420     0 2453924.668681  1.909575e+01  4.512184e+00  1.909575e+01  4.512184e+00 
   79416232   4.519297e-02   9.580234e-02   4.519297e-02   9.580234e-02 223200607080400010       4140       1417     0 2453924.669352  1.836232e+01  2.301607e+00  1.836232e+01  2.301607e+00 
   79502437   4.200288e-01   1.561646e-01   4.200288e-01   1.561646e-01 223200607090356460       4144       1419     0 2453925.667095  1.594180e+01  4.036726e-01  1.594180e+01  4.036726e-01 
   79502489   3.198321e-02   1.549935e-01   3.198321e-02   1.549935e-01 223200607090357380       4144       1417     0 2453925.667697  1.873770e+01  5.261595e+00  1.873770e+01  5.261595e+00 
   79502558   2.077991e-01   1.513541e-01   2.077991e-01   1.513541e-01 223200607090358470       4145       1414     0 2453925.668495  1.670589e+01  7.908177e-01  1.670589e+01  7.908177e-01 
   79502712   2.590827e-01   1.469721e-01   2.590827e-01   1.469721e-01 223200607090401200       4142       1396     0 2453925.670278  1.646640e+01  6.159171e-01  1.646640e+01  6.159171e-01 
   80278189   7.335137e-02   1.637914e-01   7.335137e-02   1.637914e-01 223200607180325470       4175       1375     0 2453934.645706  1.783648e+01  2.424424e+00  1.783648e+01  2.424424e+00 
   80278251   1.359664e-01   1.570663e-01   1.359664e-01   1.570663e-01 223200607180326500       4178       1348     0 2453934.646424  1.716642e+01  1.254230e+00  1.716642e+01  1.254230e+00 
   80278326   2.182158e-01   1.821348e-01   2.182158e-01   1.821348e-01 223200607180328050       4174       1370     0 2453934.647292  1.665278e+01  9.062179e-01  1.665278e+01  9.062179e-01 
   80278404   3.119710e-01   2.472870e-01   3.119710e-01   2.472870e-01 223200607180329220       4179       1344     0 2453934.648194  1.626472e+01  8.606227e-01  1.626472e+01  8.606227e-01 
   80364281   1.671119e-01   1.210632e-01   1.671119e-01   1.210632e-01 223200607190320380       4170       1359     0 2453935.642141  1.694248e+01  7.865582e-01  1.694248e+01  7.865582e-01 
   80364337   9.516281e-02   1.212271e-01   9.516281e-02   1.212271e-01 223200607190321350       4170       1358     0 2453935.642789  1.755383e+01  1.383115e+00  1.755383e+01  1.383115e+00 
   80364397   9.353141e-02   1.211904e-01   9.353141e-02   1.211904e-01 223200607190322340       4170       1356     0 2453935.643484  1.757261e+01  1.406814e+00  1.757261e+01  1.406814e+00 
   80364458   2.179497e-01   1.214207e-01   2.179497e-01   1.214207e-01 223200607190323360       4171       1354     0 2453935.644190  1.665411e+01  6.048706e-01  1.665411e+01  6.048706e-01 
   80450496   1.860214e-01   1.089616e-01   1.860214e-01   1.089616e-01 223200607200317340       4175       1351     0 2453936.640000  1.682609e+01  6.359695e-01  1.682609e+01  6.359695e-01 
   80450557   1.894926e-01   1.089095e-01   1.894926e-01   1.089095e-01 223200607200318350       4175       1349     0 2453936.640706  1.680602e+01  6.240213e-01  1.680602e+01  6.240213e-01 
   80450621   2.074721e-01   1.081234e-01   2.074721e-01   1.081234e-01 223200607200319380       4175       1347     0 2453936.641447  1.670760e+01  5.658295e-01  1.670760e+01  5.658295e-01 
   80450678   1.053900e-01   1.070711e-01   1.053900e-01   1.070711e-01 223200607200320360       4175       1345     0 2453936.642106  1.744300e+01  1.103060e+00  1.744300e+01  1.103060e+00 
   80967427   2.232543e-01   9.515551e-02   2.232543e-01   9.515551e-02 223200607260253020       4133       1386     0 2453942.622998  1.662800e+01  4.627644e-01  1.662800e+01  4.627644e-01 
   80967486   1.911955e-01   9.376872e-02   1.911955e-01   9.376872e-02 223200607260254000       4135       1384     0 2453942.623681  1.679631e+01  5.324836e-01  1.679631e+01  5.324836e-01 
   80967546   1.641659e-01   9.327772e-02   1.641659e-01   9.327772e-02 223200607260255010       4136       1382     0 2453942.624375  1.696179e+01  6.169085e-01  1.696179e+01  6.169085e-01 
   80967602   1.041263e-01   9.347425e-02   1.041263e-01   9.347425e-02 223200607260255560       4137       1379     0 2453942.625023  1.745610e+01  9.746694e-01  1.745610e+01  9.746694e-01 
   81053647   9.933433e-02   1.057712e-01   9.933433e-02   1.057712e-01 223200607270250020       4130       1382     0 2453943.620914  1.750725e+01  1.156096e+00  1.750725e+01  1.156096e+00 
   81053709   6.904100e-02   1.087882e-01   6.904100e-02   1.087882e-01 223200607270251040       4131       1379     0 2453943.621632  1.790223e+01  1.710806e+00  1.790223e+01  1.710806e+00 
   81053765   7.263708e-02   1.051430e-01   7.263708e-02   1.051430e-01 223200607270251590       4132       1377     0 2453943.622280  1.784710e+01  1.571621e+00  1.784710e+01  1.571621e+00 
   81053827   7.023908e-02   1.032539e-01   7.023908e-02   1.032539e-01 223200607270253010       4132       1375     0 2453943.622998  1.788355e+01  1.596076e+00  1.788355e+01  1.596076e+00 
   81139824   7.049296e-01   7.272208e-01   7.049296e-01   7.272208e-01 223200607280246190       4148       1373     0 2453944.618333  1.537964e+01  1.120073e+00  1.537964e+01  1.120073e+00 
   81139883   6.434751e-01   1.264974e+00   6.434751e-01   1.264974e+00 223200607280247170       4148       1371     0 2453944.619016  1.547867e+01  2.134400e+00  1.547867e+01  2.134400e+00 
   82346058   2.887022e-01   3.655157e-01   2.887022e-01   3.655157e-01 224200608110150170      27568       1107     0 2453958.579375  1.634888e+01  1.374617e+00  1.634888e+01  1.374617e+00 
   82346058   7.093364e-01   3.885930e-01   7.093364e-01   3.885930e-01 223200608110150170       4145       1411     0 2453958.579375  1.537287e+01  5.947968e-01  1.537287e+01  5.947968e-01 
   82346114   1.442036e-01   3.678586e-01   1.442036e-01   3.678586e-01 224200608110151120      27564       1109     0 2453958.580023  1.710256e+01  2.769686e+00  1.710256e+01  2.769686e+00 
   82346114   9.806240e-02   3.875914e-01   9.806240e-02   3.875914e-01 223200608110151120       4148       1409     0 2453958.580023  1.752124e+01  4.291385e+00  1.752124e+01  4.291385e+00 
   82346169   1.520692e-01   3.698502e-01   1.520692e-01   3.698502e-01 224200608110152070      27562       1110     0 2453958.580660  1.704490e+01  2.640647e+00  1.704490e+01  2.640647e+00 
   82346169   2.216050e-01   3.892544e-01   2.216050e-01   3.892544e-01 223200608110152070       4148       1405     0 2453958.580660  1.663605e+01  1.907128e+00  1.663605e+01  1.907128e+00 
   82346228   1.962695e-01   3.677070e-01   1.962695e-01   3.677070e-01 224200608110153070      27561       1112     0 2453958.581343  1.676787e+01  2.034112e+00  1.676787e+01  2.034112e+00 
   82346228   3.210469e-01   3.897459e-01   3.210469e-01   3.897459e-01 223200608110153070       4149       1404     0 2453958.581343  1.623358e+01  1.318071e+00  1.623358e+01  1.318071e+00 
   82518413   5.347915e-01   3.767726e-01   5.347915e-01   3.767726e-01 224200608130142530      27526       1188     0 2453960.574225  1.567954e+01  7.649283e-01  1.567954e+01  7.649283e-01 
   82518413   5.939081e-01   2.503614e-01   5.939081e-01   2.503614e-01 223200608130142530       4148       1384     0 2453960.574225  1.556570e+01  4.576927e-01  1.556570e+01  4.576927e-01 
   82518472   8.478790e-01   3.757479e-01   8.478790e-01   3.757479e-01 224200608130143530      27522       1189     0 2453960.574907  1.517916e+01  4.811589e-01  1.517916e+01  4.811589e-01 
   82518472   3.470821e-01   2.491991e-01   3.470821e-01   2.491991e-01 223200608130143520       4149       1381     0 2453960.574907  1.614892e+01  7.795430e-01  1.614892e+01  7.795430e-01 
   82518534   2.762588e-01   3.749034e-01   2.762588e-01   3.749034e-01 224200608130144550      27521       1190     0 2453960.575625  1.639671e+01  1.473429e+00  1.639671e+01  1.473429e+00 
   82518534   1.292799e-01   2.459168e-01   1.292799e-01   2.459168e-01 223200608130144550       4148       1376     0 2453960.575625  1.722117e+01  2.065298e+00  1.722117e+01  2.065298e+00 
   82518612   3.032151e-01   3.719682e-01   3.032151e-01   3.719682e-01 224200608130146120      27523       1170     0 2453960.576528  1.629562e+01  1.331928e+00  1.629562e+01  1.331928e+00 
   82518612   9.574626e-02   2.464262e-01   9.574626e-02   2.464262e-01 223200608130146120       4144       1396     0 2453960.576528  1.754720e+01  2.794415e+00  1.754720e+01  2.794415e+00 
   82604594   2.261513e-01   1.956711e-01   2.261513e-01   1.956711e-01 224200608140139160      27500       1199     0 2453961.571690  1.661400e+01  9.394060e-01  1.661400e+01  9.394060e-01 
   82604594   4.256564e-01   1.998654e-01   4.256564e-01   1.998654e-01 223200608140139160       4148       1401     0 2453961.571690  1.592735e+01  5.098051e-01  1.592735e+01  5.098051e-01 
   82604650   1.326713e-01   1.986732e-01   1.326713e-01   1.986732e-01 224200608140140120      27496       1198     0 2453961.572338  1.719306e+01  1.625878e+00  1.719306e+01  1.625878e+00 
   82604650   3.179911e-02   2.011185e-01   3.179911e-02   2.011185e-01 223200608140140120       4155       1398     0 2453961.572338  1.874396e+01  6.866933e+00  1.874396e+01  6.866933e+00 
   82604707   1.541664e-01   1.999547e-01   1.541664e-01   1.999547e-01 224200608140141080      27492       1195     0 2453961.572998  1.703003e+01  1.408211e+00  1.703003e+01  1.408211e+00 
   82604707   4.626697e-01   2.048372e-01   4.626697e-01   2.048372e-01 223200608140141080       4167       1396     0 2453961.572998  1.583682e+01  4.806885e-01  1.583682e+01  4.806885e-01 
   82604761   3.456688e-01   1.994523e-01   3.456688e-01   1.994523e-01 224200608140142030      27492       1197     0 2453961.573623  1.615335e+01  6.264763e-01  1.615335e+01  6.264763e-01 
   82604761   2.553777e-01   2.077227e-01   2.553777e-01   2.077227e-01 223200608140142030       4167       1393     0 2453961.573623  1.648204e+01  8.831346e-01  1.648204e+01  8.831346e-01 
   82863067   2.563959e-01   1.304022e-01   2.563959e-01   1.304022e-01 224200608170127120      27511       1174     0 2453964.563275  1.647772e+01  5.522044e-01  1.647772e+01  5.522044e-01 
   82863067   1.274956e-01   1.275157e-01   1.274956e-01   1.275157e-01 223200608170127120       4138       1411     0 2453964.563275  1.723626e+01  1.085911e+00  1.723626e+01  1.085911e+00 
   82863135   1.794700e-01   1.293159e-01   1.794700e-01   1.293159e-01 224200608170128190      27502       1197     0 2453964.564062  1.686502e+01  7.823228e-01  1.686502e+01  7.823228e-01 
   82863135   1.507061e-01   1.276479e-01   1.507061e-01   1.276479e-01 223200608170128190       4145       1380     0 2453964.564062  1.705467e+01  9.196206e-01  1.705467e+01  9.196206e-01 
   82863191   3.548226e-01   1.299575e-01   3.548226e-01   1.299575e-01 224200608170129150      27500       1197     0 2453964.564711  1.612497e+01  3.976635e-01  1.612497e+01  3.976635e-01 
   82863191   2.882020e-01   1.271267e-01   2.882020e-01   1.271267e-01 223200608170129150       4146       1378     0 2453964.564711  1.635076e+01  4.789229e-01  1.635076e+01  4.789229e-01 
   82863251   3.190204e-01   1.299260e-01   3.190204e-01   1.299260e-01 224200608170130160      27500       1198     0 2453964.565405  1.624045e+01  4.421844e-01  1.624045e+01  4.421844e-01 
   82863251   2.435573e-01   1.266413e-01   2.435573e-01   1.266413e-01 223200608170130160       4146       1376     0 2453964.565405  1.653350e+01  5.645470e-01  1.653350e+01  5.645470e-01 
   82949240   4.014549e-01   1.035744e-01   4.014549e-01   1.035744e-01 224200608180123250      27572       1145     0 2453965.560648  1.599091e+01  2.801183e-01  1.599091e+01  2.801183e-01 
   82949240   2.327368e-01   9.562091e-02   2.327368e-01   9.562091e-02 223200608180123250       4142       1359     0 2453965.560648  1.658284e+01  4.460809e-01  1.658284e+01  4.460809e-01 
   82949302   4.896258e-01   1.037093e-01   4.896258e-01   1.037093e-01 224200608180124270      27567       1146     0 2453965.561366  1.577534e+01  2.299743e-01  1.577534e+01  2.299743e-01 
   82949302   1.828287e-01   9.550653e-02   1.828287e-01   9.550653e-02 223200608180124270       4144       1358     0 2453965.561366  1.684489e+01  5.671717e-01  1.684489e+01  5.671717e-01 
   82949365   4.943421e-01   1.026083e-01   4.943421e-01   1.026083e-01 224200608180125310      27566       1148     0 2453965.562095  1.576493e+01  2.253621e-01  1.576493e+01  2.253621e-01 
   82949365   1.981408e-01   9.622023e-02   1.981408e-01   9.622023e-02 223200608180125310       4144       1355     0 2453965.562095  1.675756e+01  5.272520e-01  1.675756e+01  5.272520e-01 
   82949456   1.353299e-01   1.038241e-01   1.353299e-01   1.038241e-01 224200608180127020      27569       1128     0 2453965.563148  1.717151e+01  8.329716e-01  1.717151e+01  8.329716e-01 
   82949456   2.427478e-01   9.750340e-02   2.427478e-01   9.750340e-02 223200608180127020       4140       1373     0 2453965.563148  1.653711e+01  4.361042e-01  1.653711e+01  4.361042e-01 
   83724665   4.390405e-01   1.009847e-01   4.390405e-01   1.009847e-01 224200608270047250      27548       1183     0 2453974.535475  1.589374e+01  2.497335e-01  1.589374e+01  2.497335e-01 
   83724665   2.791681e-01   9.566423e-02   2.791681e-01   9.566423e-02 223200608270047250       4122       1409     0 2453974.535475  1.638534e+01  3.720572e-01  1.638534e+01  3.720572e-01 
   83724729   4.741451e-01   1.021984e-01   4.741451e-01   1.021984e-01 224200608270048280      27542       1206     0 2453974.536215  1.581022e+01  2.340230e-01  1.581022e+01  2.340230e-01 
   83724729   2.623267e-01   9.452349e-02   2.623267e-01   9.452349e-02 223200608270048280       4125       1376     0 2453974.536215  1.645289e+01  3.912218e-01  1.645289e+01  3.912218e-01 
   83724804   6.125571e-01   1.023605e-01   6.125571e-01   1.023605e-01 224200608270049440      27544       1185     0 2453974.537083  1.553213e+01  1.814311e-01  1.553213e+01  1.814311e-01 
   83724804   6.297275e-02   9.480105e-02   6.297275e-02   9.480105e-02 223200608270049440       4121       1396     0 2453974.537083  1.800212e+01  1.634505e+00  1.800212e+01  1.634505e+00 
   83724866   4.757563e-01   1.018967e-01   4.757563e-01   1.018967e-01 224200608270050460      27540       1208     0 2453974.537801  1.580654e+01  2.325420e-01  1.580654e+01  2.325420e-01 
   83724866   1.488980e-01   9.473006e-02   1.488980e-01   9.473006e-02 223200608270050460       4125       1369     0 2453974.537801  1.706778e+01  6.907562e-01  1.706778e+01  6.907562e-01 
   83810831   4.277327e-01   9.633731e-02   4.277327e-01   9.633731e-02 224200608280043330      27545       1186     0 2453975.532766  1.592207e+01  2.445388e-01  1.592207e+01  2.445388e-01 
   83810831   1.530381e-01   9.039022e-02   1.530381e-01   9.039022e-02 223200608280043330       4126       1399     0 2453975.532766  1.703800e+01  6.412799e-01  1.703800e+01  6.412799e-01 
   83810883   2.787050e-01   9.608644e-02   2.787050e-01   9.608644e-02 224200608280044250      27542       1188     0 2453975.533368  1.638714e+01  3.743201e-01  1.638714e+01  3.743201e-01 
   83810883   1.541334e-01   8.974376e-02   1.541334e-01   8.974376e-02 223200608280044250       4127       1396     0 2453975.533368  1.703026e+01  6.321691e-01  1.703026e+01  6.321691e-01 
   83810954   3.253149e-01   8.929224e-02   3.253149e-01   8.929224e-02 223200608280045350       4127       1392     0 2453975.534190  1.621924e+01  2.980133e-01  1.621924e+01  2.980133e-01 
   83810955   4.187392e-01   9.605183e-02   4.187392e-01   9.605183e-02 224200608280045360      27542       1190     0 2453975.534201  1.594514e+01  2.490508e-01  1.594514e+01  2.490508e-01 
   83811011   4.987881e-01   9.604531e-02   4.987881e-01   9.604531e-02 224200608280046320      27542       1191     0 2453975.534850  1.575521e+01  2.090672e-01  1.575521e+01  2.090672e-01 
   83811011   2.385059e-01   8.917340e-02   2.385059e-01   8.917340e-02 223200608280046320       4127       1389     0 2453975.534850  1.655625e+01  4.059402e-01  1.655625e+01  4.059402e-01 
   84328663   7.258769e-01   2.695450e-01   7.258769e-01   2.695450e-01 224200609030034170      27549       1247     0 2453981.526192  1.534784e+01  4.031756e-01  1.534784e+01  4.031756e-01 
   84328663   1.205931e-01   2.759796e-01   1.205931e-01   2.759796e-01 223200609030034170       4116       1329     0 2453981.526192  1.729669e+01  2.484736e+00  1.729669e+01  2.484736e+00 
   84328735   4.897110e-01   2.749996e-01   4.897110e-01   2.749996e-01 224200609030035290      27551       1225     0 2453981.527025  1.577515e+01  6.097025e-01  1.577515e+01  6.097025e-01 
   84328735   3.779707e-01   2.810890e-01   3.779707e-01   2.810890e-01 223200609030035280       4112       1348     0 2453981.527025  1.605635e+01  8.074425e-01  1.605635e+01  8.074425e-01 
   84328802   7.272117e-01   2.815064e-01   7.272117e-01   2.815064e-01 224200609030036350      27549       1248     0 2453981.527801  1.534585e+01  4.202941e-01  1.534585e+01  4.202941e-01 
   84328802   3.443170e-01   2.945419e-01   3.443170e-01   2.945419e-01 223200609030036350       4112       1315     0 2453981.527801  1.615760e+01  9.287834e-01  1.615760e+01  9.287834e-01 
   84328859   6.801531e-01   2.891858e-01   6.801531e-01   2.891858e-01 224200609030037320      27547       1249     0 2453981.528461  1.541848e+01  4.616322e-01  1.541848e+01  4.616322e-01 
   84328859   1.822503e-01   2.862642e-01   1.822503e-01   2.862642e-01 223200609030037320       4114       1313     0 2453981.528461  1.684833e+01  1.705393e+00  1.684833e+01  1.705393e+00 
   84500170   6.436611e-01   4.052723e-01   6.436611e-01   4.052723e-01 224200609050012480      27548       1197     0 2453983.511227  1.547836e+01  6.836211e-01  1.547836e+01  6.836211e-01 
   84500170   4.423862e-01   4.400317e-01   4.423862e-01   4.400317e-01 223200609050012480       4124       1393     0 2453983.511227  1.588550e+01  1.079961e+00  1.588550e+01  1.079961e+00 
   84500230   8.926170e-01   4.093228e-01   8.926170e-01   4.093228e-01 224200609050013480      27544       1197     0 2453983.511921  1.512334e+01  4.978822e-01  1.512334e+01  4.978822e-01 
   84500230   1.514287e-01   4.371197e-01   1.514287e-01   4.371197e-01 223200609050013480       4125       1390     0 2453983.511921  1.704948e+01  3.134137e+00  1.704948e+01  3.134137e+00 
   84500292   3.237610e-01   4.063742e-01   3.237610e-01   4.063742e-01 224200609050014500      27541       1199     0 2453983.512639  1.622444e+01  1.362785e+00  1.622444e+01  1.362785e+00 
   84500292   4.915087e-01   4.416467e-01   4.915087e-01   4.416467e-01 223200609050014500       4125       1386     0 2453983.512639  1.577117e+01  9.755953e-01  1.577117e+01  9.755953e-01 
   84500370   9.839707e-01   4.081423e-01   9.839707e-01   4.081423e-01 224200609050016080      27545       1178     0 2453983.513542  1.501754e+01  4.503553e-01  1.501754e+01  4.503553e-01 
   84500370   4.686898e-01   4.411777e-01   4.686898e-01   4.411777e-01 223200609050016080       4122       1406     0 2453983.513542  1.582279e+01  1.022007e+00  1.582279e+01  1.022007e+00 
   84844843   8.509284e-01   5.558679e-01   8.509284e-01   5.558679e-01 224200609082357310      27549       1167     0 2453987.500498  1.517527e+01  7.092583e-01  1.517527e+01  7.092583e-01 
   84844843   1.466417e+00   6.162441e-01   1.466417e+00   6.162441e-01 223200609082357310       4134       1402     0 2453987.500498  1.458436e+01  4.562693e-01  1.458436e+01  4.562693e-01 
   84844899   1.078045e-01   6.155584e-01   1.078045e-01   6.155584e-01 223200609082358260       4136       1397     0 2453987.501146  1.741841e+01  6.199524e+00  1.741841e+01  6.199524e+00 
   84844900   8.102469e-01   5.612485e-01   8.102469e-01   5.612485e-01 224200609082358270      27547       1169     0 2453987.501157  1.522846e+01  7.520794e-01  1.522846e+01  7.520794e-01 
   84844956   1.533485e+00   5.615066e-01   1.533485e+00   5.615066e-01 224200609082359230      27547       1170     0 2453987.501806  1.453580e+01  3.975586e-01  1.453580e+01  3.975586e-01 
   84844956   8.245127e-01   6.126673e-01   8.245127e-01   6.126673e-01 223200609082359230       4135       1394     0 2453987.501806  1.520951e+01  8.067764e-01  1.520951e+01  8.067764e-01 
   84845018   1.172900e+00   5.633768e-01   1.172900e+00   5.633768e-01 224200609090000260      27547       1172     0 2453987.502523  1.482685e+01  5.215116e-01  1.482685e+01  5.215116e-01 
   84845018   4.015253e-01   6.109176e-01   4.015253e-01   6.109176e-01 223200609090000260       4135       1391     0 2453987.502523  1.599072e+01  1.651945e+00  1.599072e+01  1.651945e+00 
   85017143   4.796007e-01   3.308849e-01   4.796007e-01   3.308849e-01 223200609102349160       4109       1355     0 2453989.494711  1.579780e+01  7.490709e-01  1.579780e+01  7.490709e-01 
   85017269   5.964161e-01   3.620657e-01   5.964161e-01   3.620657e-01 224200609102351210      27556       1213     0 2453989.496169  1.556113e+01  6.591191e-01  1.556113e+01  6.591191e-01 
   85361735   4.967658e-01   1.009576e-01   4.967658e-01   1.009576e-01 224200609142332380      27533       1194     0 2453993.483044  1.575962e+01  2.206547e-01  1.575962e+01  2.206547e-01 
   85361735   1.799559e-01   9.264890e-02   1.799559e-01   9.264890e-02 223200609142332380       4112       1308     0 2453993.483044  1.686209e+01  5.589848e-01  1.686209e+01  5.589848e-01 
   85361788   4.117730e-01   1.013131e-01   4.117730e-01   1.013131e-01 224200609142333310      27529       1194     0 2453993.483657  1.596336e+01  2.671366e-01  1.596336e+01  2.671366e-01 
   85361792   1.777284e-01   9.355185e-02   1.777284e-01   9.355185e-02 223200609142333360       4114       1305     0 2453993.483704  1.687561e+01  5.715068e-01  1.687561e+01  5.715068e-01 
   85361853   4.822049e-01   1.014880e-01   4.822049e-01   1.014880e-01 224200609142334370      27527       1196     0 2453993.484410  1.579192e+01  2.285119e-01  1.579192e+01  2.285119e-01 
   85361853   2.525601e-01   9.385348e-02   2.525601e-01   9.385348e-02 223200609142334370       4114       1302     0 2453993.484410  1.649409e+01  4.034702e-01  1.649409e+01  4.034702e-01 
   85361928   3.579403e-01   1.008597e-01   3.579403e-01   1.008597e-01 224200609142335520      27529       1174     0 2453993.485278  1.611547e+01  3.059375e-01  1.611547e+01  3.059375e-01 
   85361928   3.075565e-01   9.360404e-02   3.075565e-01   9.360404e-02 223200609142335520       4110       1321     0 2453993.485278  1.628019e+01  3.304422e-01  1.628019e+01  3.304422e-01 
   85620633   1.523699e-01   1.173997e-01   1.523699e-01   1.173997e-01 224200609172327440      27563       1158     0 2453996.479549  1.704275e+01  8.365535e-01  1.704275e+01  8.365535e-01 
   85620633   1.464143e-02   1.051467e-01   1.464143e-02   1.051467e-01 223200609172327440       4082       1313     0 2453996.479549  1.958604e+01  7.797187e+00  1.958604e+01  7.797187e+00 
   85620692   1.746560e-01   1.173904e-01   1.746560e-01   1.173904e-01 224200609172328430      27561       1159     0 2453996.480231  1.689454e+01  7.297510e-01  1.689454e+01  7.297510e-01 
   85620692   6.546853e-02   1.057393e-01   6.546853e-02   1.057393e-01 223200609172328430       4083       1309     0 2453996.480231  1.795992e+01  1.753596e+00  1.795992e+01  1.753596e+00 
   85620755   2.175303e-01   1.178835e-01   2.175303e-01   1.178835e-01 224200609172329460      27560       1161     0 2453996.480961  1.665620e+01  5.883815e-01  1.665620e+01  5.883815e-01 
   85620755   1.229855e-01   1.074571e-01   1.229855e-01   1.074571e-01 223200609172329460       4083       1306     0 2453996.480961  1.727537e+01  9.486520e-01  1.727537e+01  9.486520e-01 
   85620809   2.303414e-01   1.190395e-01   2.303414e-01   1.190395e-01 224200609172330410      27559       1163     0 2453996.481586  1.659407e+01  5.611057e-01  1.659407e+01  5.611057e-01 
   85620809   8.062488e-02   1.080763e-01   8.062488e-02   1.080763e-01 223200609172330410       4083       1303     0 2453996.481586  1.773383e+01  1.455416e+00  1.773383e+01  1.455416e+00 
   85706429   2.929968e-01   1.165058e-01   2.929968e-01   1.165058e-01 224200609182317440      27563       1114     0 2453997.472558  1.633284e+01  4.317282e-01  1.633284e+01  4.317282e-01 
   85706429   1.274147e-01   1.037186e-01   1.274147e-01   1.037186e-01 223200609182317440       4086       1286     0 2453997.472558  1.723695e+01  8.838181e-01  1.723695e+01  8.838181e-01 
   85706492   2.036218e-01   1.150715e-01   2.036218e-01   1.150715e-01 224200609182318460      27556       1137     0 2453997.473287  1.672794e+01  6.135771e-01  1.672794e+01  6.135771e-01 
   85706547   1.579159e-01   1.143802e-01   1.579159e-01   1.143802e-01 224200609182319420      27553       1139     0 2453997.473924  1.700393e+01  7.864130e-01  1.700393e+01  7.864130e-01 
   85706547   1.526258e-01   1.027804e-01   1.526258e-01   1.027804e-01 223200609182319410       4091       1262     0 2453997.473924  1.704093e+01  7.311529e-01  1.704093e+01  7.311529e-01 
   85706624   1.795868e-01   1.153478e-01   1.795868e-01   1.153478e-01 224200609182320580      27557       1119     0 2453997.474815  1.686432e+01  6.973658e-01  1.686432e+01  6.973658e-01 
   85706624   7.965302e-02   1.036061e-01   7.965302e-02   1.036061e-01 223200609182320580       4087       1283     0 2453997.474815  1.774699e+01  1.412241e+00  1.774699e+01  1.412241e+00 
   85878743   1.476605e-01   1.110990e-01   1.476605e-01   1.110990e-01 224200609202309430      27538       1159     0 2453999.466933  1.707684e+01  8.169055e-01  1.707684e+01  8.169055e-01 
   85878743   1.125633e-01   1.046683e-01   1.125633e-01   1.046683e-01 223200609202309430       4088       1339     0 2453999.466933  1.737151e+01  1.009589e+00  1.737151e+01  1.009589e+00 
   85878800   9.605166e-02   1.110703e-01   9.605166e-02   1.110703e-01 224200609202310410      27532       1161     0 2453999.467593  1.754374e+01  1.255507e+00  1.754374e+01  1.255507e+00 
   85878800   4.315497e-02   1.047089e-01   4.315497e-02   1.047089e-01 223200609202310400       4090       1337     0 2453999.467593  1.841242e+01  2.634382e+00  1.841242e+01  2.634382e+00 
   85878861   4.369465e-01   1.119461e-01   4.369465e-01   1.119461e-01 224200609202311410      27528       1163     0 2453999.468299  1.589893e+01  2.781676e-01  1.589893e+01  2.781676e-01 
   85878861   8.859079e-02   1.051377e-01   8.859079e-02   1.051377e-01 223200609202311410       4091       1334     0 2453999.468299  1.763153e+01  1.288534e+00  1.763153e+01  1.288534e+00 
   85878921   3.927041e-01   1.122359e-01   3.927041e-01   1.122359e-01 224200609202312420      27527       1165     0 2453999.468993  1.601484e+01  3.103075e-01  1.601484e+01  3.103075e-01 
   85878921   9.445830e-02   1.051314e-01   9.445830e-02   1.051314e-01 223200609202312420       4091       1331     0 2453999.468993  1.756190e+01  1.208421e+00  1.756190e+01  1.208421e+00 
   85964866   5.751117e-01   1.066376e-01   5.751117e-01   1.066376e-01 224200609212305090      27531       1180     0 2454000.463727  1.560062e+01  2.013186e-01  1.560062e+01  2.013186e-01 
   85964866   2.114462e-01   9.656138e-02   2.114462e-01   9.656138e-02 223200609212305090       4102       1334     0 2454000.463727  1.668700e+01  4.958261e-01  1.668700e+01  4.958261e-01 
   85965019   5.789606e-01   1.064335e-01   5.789606e-01   1.064335e-01 224200609212307420      27526       1182     0 2454000.465498  1.559338e+01  1.995976e-01  1.559338e+01  1.995976e-01 
   85965019   2.478574e-01   9.598129e-02   2.478574e-01   9.598129e-02 223200609212307420       4104       1326     0 2454000.465498  1.651450e+01  4.204463e-01  1.651450e+01  4.204463e-01 
   85965082   5.314872e-01   1.054304e-01   5.314872e-01   1.054304e-01 224200609212308460      27524       1184     0 2454000.466227  1.568627e+01  2.153767e-01  1.568627e+01  2.153767e-01 
   85965082   1.469413e-01   9.585572e-02   1.469413e-01   9.585572e-02 223200609212308460       4105       1323     0 2454000.466227  1.708214e+01  7.082716e-01  1.708214e+01  7.082716e-01 
   85965138   4.133595e-01   1.047217e-01   4.133595e-01   1.047217e-01 224200609212309410      27523       1185     0 2454000.466875  1.595918e+01  2.750646e-01  1.595918e+01  2.750646e-01 
   86404979   3.134293e-01   1.048373e-01   3.134293e-01   1.048373e-01 224200609270120390      27632       1401     0 2454005.557627  1.625965e+01  3.631634e-01  1.625965e+01  3.631634e-01 
   86404979   2.082155e-01   9.770960e-02   2.082155e-01   9.770960e-02 223200609270120390       3967        978     0 2454005.557627  1.670372e+01  5.095068e-01  1.670372e+01  5.095068e-01 
   86405038   3.595277e-01   1.039040e-01   3.595277e-01   1.039040e-01 224200609270121390      27628       1423     0 2454005.558310  1.611067e+01  3.137805e-01  1.611067e+01  3.137805e-01 
   86405040   3.158492e-01   1.003690e-01   3.158492e-01   1.003690e-01 223200609270121400       3971        952     0 2454005.558333  1.625130e+01  3.450212e-01  1.625130e+01  3.450212e-01 
   86405108   4.696191e-01   1.046175e-01   4.696191e-01   1.046175e-01 224200609270122490      27629       1422     0 2454005.559120  1.582064e+01  2.418713e-01  1.582064e+01  2.418713e-01 
   86405108   2.263029e-01   1.002429e-01   2.263029e-01   1.002429e-01 223200609270122490       3969        950     0 2454005.559120  1.661328e+01  4.809382e-01  1.661328e+01  4.809382e-01 
   86405167   4.765354e-01   1.050666e-01   4.765354e-01   1.050666e-01 224200609270123480      27629       1422     0 2454005.559803  1.580476e+01  2.393841e-01  1.580476e+01  2.393841e-01 
   86405169   1.340246e-01   9.933548e-02   1.340246e-01   9.933548e-02 223200609270123490       3968        948     0 2454005.559826  1.718204e+01  8.047216e-01  1.718204e+01  8.047216e-01 
   87688151   3.535105e-01   8.009379e-02   3.535105e-01   8.009379e-02 223200610112147440       3765       1140     0 2454020.409155  1.612899e+01  2.459928e-01  1.612899e+01  2.459928e-01 
   87688225   2.893819e-01   7.994056e-02   2.893819e-01   7.994056e-02 223200610112148580       3768       1113     0 2454020.410012  1.634632e+01  2.999313e-01  1.634632e+01  2.999313e-01 
   87688279   2.983471e-01   8.016335e-02   2.983471e-01   8.016335e-02 223200610112149520       3768       1110     0 2454020.410637  1.631320e+01  2.917292e-01  1.631320e+01  2.917292e-01 
   87860496   3.450950e-01   9.107986e-02   3.450950e-01   9.107986e-02 223200610132140170       3727       1162     0 2454022.403889  1.615515e+01  2.865560e-01  1.615515e+01  2.865560e-01 
   87860563   3.081601e-01   9.098128e-02   3.081601e-01   9.098128e-02 223200610132141240       3727       1158     0 2454022.404664  1.627806e+01  3.205542e-01  1.627806e+01  3.205542e-01 
   87860619   3.252786e-01   8.998302e-02   3.252786e-01   8.998302e-02 223200610132142200       3727       1155     0 2454022.405312  1.621936e+01  3.003523e-01  1.621936e+01  3.003523e-01 
   87860679   3.633907e-01   8.934541e-02   3.633907e-01   8.934541e-02 223200610132143190       3727       1153     0 2454022.406007  1.609907e+01  2.669465e-01  1.609907e+01  2.669465e-01 
   88033108   2.899107e-01   8.612266e-02   2.899107e-01   8.612266e-02 223200610152137170       3723       1192     0 2454024.401713  1.634434e+01  3.225366e-01  1.634434e+01  3.225366e-01 
   88033283   2.814110e-01   8.513655e-02   2.814110e-01   8.513655e-02 223200610152140120       3722       1179     0 2454024.403738  1.637665e+01  3.284739e-01  1.637665e+01  3.284739e-01 
   88377431   2.322047e-01   8.802529e-02   2.322047e-01   8.802529e-02 223200610192116140       3707       1207     0 2454028.386933  1.658532e+01  4.115876e-01  1.658532e+01  4.115876e-01 
   88377483   3.600684e-01   8.978132e-02   3.600684e-01   8.978132e-02 223200610192117070       3707       1204     0 2454028.387535  1.610904e+01  2.707241e-01  1.610904e+01  2.707241e-01 
   88377568   3.031447e-01   8.972636e-02   3.031447e-01   8.972636e-02 223200610192118310       3703       1224     0 2454028.388519  1.629588e+01  3.213630e-01  1.629588e+01  3.213630e-01 
   88463596   2.545978e-01   8.708543e-02   2.545978e-01   8.708543e-02 223200610202112230       3731       1163     0 2454029.384213  1.648536e+01  3.713785e-01  1.648536e+01  3.713785e-01 
   88463668   2.944499e-01   8.740892e-02   2.944499e-01   8.740892e-02 223200610202113350       3728       1158     0 2454029.385046  1.632747e+01  3.223073e-01  1.632747e+01  3.223073e-01 
   88463731   3.914577e-01   8.772090e-02   3.914577e-01   8.772090e-02 223200610202114380       3728       1156     0 2454029.385775  1.601829e+01  2.433011e-01  1.601829e+01  2.433011e-01 
   88463790   3.650190e-01   8.643920e-02   3.650190e-01   8.643920e-02 223200610202115380       3728       1154     0 2454029.386458  1.609421e+01  2.571113e-01  1.609421e+01  2.571113e-01 
   88551544   3.330267e-01   9.490532e-02   3.330267e-01   9.490532e-02 223200610212138150       3726       1102     0 2454030.402130  1.619380e+01  3.094121e-01  1.619380e+01  3.094121e-01 
   88551676   2.475797e-01   9.557419e-02   2.475797e-01   9.557419e-02 223200610212140270       3723       1092     0 2454030.403657  1.651571e+01  4.191326e-01  1.651571e+01  4.191326e-01 
   88551748   3.573708e-01   9.689662e-02   3.573708e-01   9.689662e-02 223200610212141400       3718       1111     0 2454030.404491  1.611720e+01  2.943848e-01  1.611720e+01  2.943848e-01 
   88637606   1.494247e+00   1.149331e+00   1.494247e+00   1.149331e+00 223200610222132420       3724       1144     0 2454031.398218  1.456394e+01  8.351198e-01  1.456394e+01  8.351198e-01 
   88637816   1.766062e+00   2.284612e+00   1.766062e+00   2.284612e+00 223200610222136110       3719       1131     0 2454031.400648  1.438249e+01  1.404534e+00  1.438249e+01  1.404534e+00 
   88722096   3.663629e-01   9.041058e-02   3.663629e-01   9.041058e-02 223200610232100550       3714       1194     0 2454032.376111  1.609022e+01  2.679375e-01  1.609022e+01  2.679375e-01 
   88722150   3.505277e-01   9.043965e-02   3.505277e-01   9.043965e-02 223200610232101500       3715       1191     0 2454032.376736  1.613820e+01  2.801318e-01  1.613820e+01  2.801318e-01 
   88722212   2.472782e-01   8.990036e-02   2.472782e-01   8.990036e-02 223200610232102520       3715       1188     0 2454032.377454  1.651703e+01  3.947311e-01  1.651703e+01  3.947311e-01 
   88722279   3.691723e-01   9.011327e-02   3.691723e-01   9.011327e-02 223200610232103590       3715       1185     0 2454032.378229  1.608193e+01  2.650242e-01  1.608193e+01  2.650242e-01 
   88980542   2.531970e-01   1.026756e-01   2.531970e-01   1.026756e-01 223200610262048320       3716       1250     0 2454035.367384  1.649135e+01  4.402859e-01  1.649135e+01  4.402859e-01 
   88980596   3.873976e-01   1.028892e-01   3.873976e-01   1.028892e-01 223200610262049260       3716       1246     0 2454035.368009  1.602961e+01  2.883625e-01  1.602961e+01  2.883625e-01 
   88980656   2.454149e-01   1.026392e-01   2.454149e-01   1.026392e-01 223200610262050270       3716       1244     0 2454035.368704  1.652525e+01  4.540861e-01  1.652525e+01  4.540861e-01 
   88980720   3.253040e-01   1.017650e-01   3.253040e-01   1.017650e-01 223200610262051300       3712       1235     0 2454035.369444  1.621928e+01  3.396527e-01  1.621928e+01  3.396527e-01 
   89066658   2.577389e-01   1.156238e-01   2.577389e-01   1.156238e-01 223200610272043520       3736       1221     0 2454036.364097  1.647205e+01  4.870721e-01  1.647205e+01  4.870721e-01 
   89066721   3.889161e-01   1.168298e-01   3.889161e-01   1.168298e-01 223200610272044550       3736       1219     0 2454036.364826  1.602536e+01  3.261547e-01  1.602536e+01  3.261547e-01 
   89066777   4.238269e-01   1.169306e-01   4.238269e-01   1.169306e-01 223200610272045520       3735       1215     0 2454036.365475  1.593203e+01  2.995473e-01  1.593203e+01  2.995473e-01 
   89066842   4.363431e-01   1.175326e-01   4.363431e-01   1.175326e-01 223200610272046560       3735       1213     0 2454036.366227  1.590043e+01  2.924530e-01  1.590043e+01  2.924530e-01 
   89152856   3.851726e-01   1.914587e-01   3.851726e-01   1.914587e-01 223200610282040350       3720       1234     0 2454037.361759  1.603586e+01  5.396915e-01  1.603586e+01  5.396915e-01 
   89152929   5.333904e-01   1.822065e-01   5.333904e-01   1.822065e-01 223200610282041480       3722       1204     0 2454037.362604  1.568239e+01  3.708895e-01  1.568239e+01  3.708895e-01 
   89152990   3.097699e-01   1.516536e-01   3.097699e-01   1.516536e-01 223200610282042490       3722       1202     0 2454037.363310  1.627240e+01  5.315441e-01  1.627240e+01  5.315441e-01 
   89238977   4.447359e-01   1.615026e-01   4.447359e-01   1.615026e-01 223200610292035590       3714       1195     0 2454038.358530  1.587974e+01  3.942786e-01  1.587974e+01  3.942786e-01 
   89239157   4.020301e-01   1.598438e-01   4.020301e-01   1.598438e-01 223200610292038590       3713       1181     0 2454038.360613  1.598935e+01  4.316812e-01  1.598935e+01  4.316812e-01 
   89411353   3.366731e-01   2.624009e-01   3.366731e-01   2.624009e-01 223200610312029020       3707       1195     0 2454040.353623  1.618198e+01  8.462188e-01  1.618198e+01  8.462188e-01 
   89411426   3.419263e-01   2.605495e-01   3.419263e-01   2.605495e-01 223200610312030160       3704       1213     0 2454040.354468  1.616517e+01  8.273389e-01  1.616517e+01  8.273389e-01 
   89411496   3.939117e-01   2.648415e-01   3.939117e-01   2.648415e-01 223200610312031250       3706       1183     0 2454040.355278  1.601150e+01  7.299834e-01  1.601150e+01  7.299834e-01 
   89506212   6.141502e-01   2.677506e-01   6.141502e-01   2.677506e-01 223200611012250050       3637        814     0 2454041.451528  1.552931e+01  4.733492e-01  1.552931e+01  4.733492e-01 
   89506285   3.470127e-01   2.707872e-01   3.470127e-01   2.707872e-01 223200611012251190       3639        786     0 2454041.452373  1.614914e+01  8.472441e-01  1.614914e+01  8.472441e-01 
   89506404   2.304620e-01   2.717484e-01   2.304620e-01   2.717484e-01 223200611012253170       3637        781     0 2454041.453750  1.659350e+01  1.280246e+00  1.659350e+01  1.280246e+00 
   89842113   7.440696e-01   3.884407e-01   7.440696e-01   3.884407e-01 223200611052008420       3718       1197     0 2454045.339271  1.532097e+01  5.668094e-01  1.532097e+01  5.668094e-01 
   89842171   2.416769e-01   3.887530e-01   2.416769e-01   3.887530e-01 223200611052009400       3719       1193     0 2454045.339942  1.654191e+01  1.746483e+00  1.654191e+01  1.746483e+00 
   89928366   7.674820e-01   2.971837e-01   7.674820e-01   2.971837e-01 223200611062006190       3722       1210     0 2454046.337569  1.528733e+01  4.204193e-01  1.528733e+01  4.204193e-01 
   89928420   6.903767e-01   2.973585e-01   6.903767e-01   2.973585e-01 223200611062007140       3722       1207     0 2454046.338194  1.540228e+01  4.676490e-01  1.540228e+01  4.676490e-01 
   89928484   4.339888e-01   2.983915e-01   4.339888e-01   2.983915e-01 223200611062008180       3722       1205     0 2454046.338935  1.590630e+01  7.465068e-01  1.590630e+01  7.465068e-01 
   90014485   5.011200e-01   1.919618e-01   5.011200e-01   1.919618e-01 223200611072001430       3729       1221     0 2454047.334317  1.575015e+01  4.159096e-01  1.575015e+01  4.159096e-01 
   90014539   5.689475e-01   1.744328e-01   5.689475e-01   1.744328e-01 223200611072002370       3729       1218     0 2454047.334942  1.561232e+01  3.328755e-01  1.561232e+01  3.328755e-01 
   90014628   3.045470e-01   1.708957e-01   3.045470e-01   1.708957e-01 223200611072004050       3725       1238     0 2454047.335972  1.629086e+01  6.092598e-01  1.629086e+01  6.092598e-01 
   90014690   3.478650e-01   1.743768e-01   3.478650e-01   1.743768e-01 223200611072005080       3724       1234     0 2454047.336690  1.614647e+01  5.442568e-01  1.614647e+01  5.442568e-01 
   90272975   3.551205e-01   9.979158e-02   3.551205e-01   9.979158e-02 223200611101950030       3725       1205     0 2454050.326100  1.612406e+01  3.051012e-01  1.612406e+01  3.051012e-01 
   90273029   3.962257e-01   9.928452e-02   3.962257e-01   9.928452e-02 223200611101950570       3725       1202     0 2454050.326725  1.600514e+01  2.720600e-01  1.600514e+01  2.720600e-01 
   90273077   2.393605e-01   1.013481e-01   2.393605e-01   1.013481e-01 223200611101951450       3724       1199     0 2454050.327280  1.655237e+01  4.597152e-01  1.655237e+01  4.597152e-01 
   90273142   2.645575e-01   9.868437e-02   2.645575e-01   9.868437e-02 223200611101952500       3724       1196     0 2454050.328032  1.644370e+01  4.049991e-01  1.644370e+01  4.049991e-01 
   90617590   2.503217e-01   9.395554e-02   2.503217e-01   9.395554e-02 223200611141933540       3716       1229     0 2454054.314699  1.650375e+01  4.075208e-01  1.650375e+01  4.075208e-01 
   90617652   4.808764e-01   9.491035e-02   4.808764e-01   9.491035e-02 223200611141934560       3716       1225     0 2454054.315417  1.579492e+01  2.142920e-01  1.579492e+01  2.142920e-01 
   90617712   3.747309e-01   9.457587e-02   3.747309e-01   9.457587e-02 223200611141935570       3720       1199     0 2454054.316111  1.606570e+01  2.740228e-01  1.606570e+01  2.740228e-01 
   90617763   3.665238e-01   9.481085e-02   3.665238e-01   9.481085e-02 223200611141936470       3720       1197     0 2454054.316701  1.608974e+01  2.808547e-01  1.608974e+01  2.808547e-01 
   93120137   4.519456e-01   2.293188e-01   4.519456e-01   2.293188e-01 223200612131844400       4389       1037     0 2454083.279363  1.586228e+01  5.509084e-01  1.586228e+01  5.509084e-01 
   93120196   3.767970e-01   2.141736e-01   3.767970e-01   2.141736e-01 223200612131845380       4390       1035     0 2454083.280046  1.605973e+01  6.171408e-01  1.605973e+01  6.171408e-01 
   93120272   3.500037e-01   1.916765e-01   3.500037e-01   1.916765e-01 223200612131846550       4386       1054     0 2454083.280926  1.613982e+01  5.945962e-01  1.613982e+01  5.945962e-01 
   93120336   6.155409e-01   1.820634e-01   6.155409e-01   1.820634e-01 223200612131847580       4389       1029     0 2454083.281667  1.552686e+01  3.211378e-01  1.552686e+01  3.211378e-01 
   93293025   3.747982e-01   2.588542e-01   3.747982e-01   2.588542e-01 223200612151846130       4362       1007     0 2454085.280382  1.606551e+01  7.498659e-01  1.606551e+01  7.498659e-01 
   93293133   5.892972e-01   2.297422e-01   5.892972e-01   2.297422e-01 223200612151848010       4362       1002     0 2454085.281632  1.557416e+01  4.232843e-01  1.557416e+01  4.232843e-01 
   93467313   1.949574e-01   1.050533e-01   1.949574e-01   1.050533e-01 223200612171911070       4712        834     0 2454087.297604  1.677515e+01  5.850539e-01  1.677515e+01  5.850539e-01 
   93467369   3.536440e-01   1.037961e-01   3.536440e-01   1.037961e-01 223200612171912030       4710        831     0 2454087.298252  1.612858e+01  3.186696e-01  1.612858e+01  3.186696e-01 
   93467429   2.588470e-01   1.025073e-01   2.588470e-01   1.025073e-01 223200612171913020       4709        828     0 2454087.298947  1.646739e+01  4.299695e-01  1.646739e+01  4.299695e-01 
   93467499   3.927053e-01   1.006308e-01   3.927053e-01   1.006308e-01 223200612171914130       4703        847     0 2454087.299757  1.601483e+01  2.782212e-01  1.601483e+01  2.782212e-01 
   93556670   2.322884e-01   9.210636e-02   2.322884e-01   9.210636e-02 223200612182000260       3772        766     0 2454088.331829  1.658493e+01  4.305147e-01  1.658493e+01  4.305147e-01 
   93556728   3.034349e-01   9.285320e-02   3.034349e-01   9.285320e-02 223200612182001250       3771        765     0 2454088.332500  1.629484e+01  3.322440e-01  1.629484e+01  3.322440e-01 
   93556797   5.530178e-01   9.499206e-02   5.530178e-01   9.499206e-02 223200612182002330       3770        762     0 2454088.333299  1.564315e+01  1.864980e-01  1.564315e+01  1.864980e-01 
   93556861   2.302790e-01   9.406852e-02   2.302790e-01   9.406852e-02 223200612182003370       3769        760     0 2454088.334039  1.659436e+01  4.435226e-01  1.659436e+01  4.435226e-01 
   93725548   7.170774e-01   1.885859e-01   7.170774e-01   1.885859e-01 223200612201855100       3829        916     0 2454090.286435  1.536108e+01  2.855414e-01  1.536108e+01  2.855414e-01 
   94935177   3.665428e-01   3.669993e-01   3.665428e-01   3.669993e-01 224200701031856070      26776       1063     0 2454104.286771  1.608969e+01  1.087092e+00  1.608969e+01  1.087092e+00 
   94935177   6.428190e-01   4.228097e-01   6.428190e-01   4.228097e-01 223200701031856070       3771        769     0 2454104.286771  1.547978e+01  7.141379e-01  1.547978e+01  7.141379e-01 
   94935243   5.026479e-01   4.162369e-01   5.026479e-01   4.162369e-01 223200701031857140       3771        768     0 2454104.287535  1.574684e+01  8.990887e-01  1.574684e+01  8.990887e-01 
   94935366   5.785672e-01   3.536620e-01   5.785672e-01   3.536620e-01 224200701031859170      26776       1062     0 2454104.288958  1.559412e+01  6.636825e-01  1.559412e+01  6.636825e-01 
   94935366   8.882435e-01   4.077407e-01   8.882435e-01   4.077407e-01 223200701031859170       3769        764     0 2454104.288958  1.512867e+01  4.983998e-01  1.512867e+01  4.983998e-01 
   95021607   5.329678e-01   2.779466e-01   5.329678e-01   2.779466e-01 224200701041856390      26778       1050     0 2454105.287118  1.568325e+01  5.662212e-01  1.568325e+01  5.662212e-01 
   95021607   4.843810e-01   3.123220e-01   4.843810e-01   3.123220e-01 223200701041856390       3768        783     0 2454105.287118  1.578703e+01  7.000699e-01  1.578703e+01  7.000699e-01 
   95021744   7.330883e-01   2.517905e-01   7.330883e-01   2.517905e-01 224200701041858560      26774       1072     0 2454105.288704  1.533711e+01  3.729142e-01  1.533711e+01  3.729142e-01 
   95021744   4.731692e-01   2.802719e-01   4.731692e-01   2.802719e-01 223200701041858560       3771        756     0 2454105.288704  1.581246e+01  6.431152e-01  1.581246e+01  6.431152e-01 
   95021800   6.084750e-01   2.441959e-01   6.084750e-01   2.441959e-01 224200701041859510      26775       1072     0 2454105.289352  1.553939e+01  4.357340e-01  1.553939e+01  4.357340e-01 
   95021800   5.324771e-01   2.701498e-01   5.324771e-01   2.701498e-01 223200701041859510       3770        755     0 2454105.289352  1.568425e+01  5.508450e-01  1.568425e+01  5.508450e-01 
   95107908   3.423071e-01   2.371261e-01   3.423071e-01   2.371261e-01 224200701051855020      26797       1085     0 2454106.285972  1.616396e+01  7.521235e-01  1.616396e+01  7.521235e-01 
   95107964   4.325972e-01   2.503268e-01   4.325972e-01   2.503268e-01 223200701051855570       3744        749     0 2454106.286620  1.590979e+01  6.282745e-01  1.590979e+01  6.282745e-01 
   95108018   9.261175e-01   2.125216e-01   9.261175e-01   2.125216e-01 224200701051856510      26798       1085     0 2454106.287245  1.508333e+01  2.491511e-01  1.508333e+01  2.491511e-01 
   95108072   4.488502e-01   2.007129e-01   4.488502e-01   2.007129e-01 224200701051857460      26798       1085     0 2454106.287870  1.586975e+01  4.855116e-01  1.586975e+01  4.855116e-01 
   95108072   4.144990e-01   2.224659e-01   4.144990e-01   2.224659e-01 223200701051857460       3743        746     0 2454106.287870  1.595619e+01  5.827278e-01  1.595619e+01  5.827278e-01 
   95280697   4.820526e-01   2.405864e-01   4.820526e-01   2.405864e-01 223200701071854540       3722        733     0 2454108.285845  1.579226e+01  5.418791e-01  1.579226e+01  5.418791e-01 
   95280826   3.297126e-01   1.886310e-01   3.297126e-01   1.886310e-01 224200701071857030      26807       1017     0 2454108.287338  1.620466e+01  6.211597e-01  1.620466e+01  6.211597e-01 
   95280826   5.277221e-01   2.040676e-01   5.277221e-01   2.040676e-01 223200701071857030       3741        756     0 2454108.287338  1.569399e+01  4.198505e-01  1.569399e+01  4.198505e-01 
   95280882   5.326956e-01   1.796535e-01   5.326956e-01   1.796535e-01 224200701071857590      26808       1018     0 2454108.287986  1.568380e+01  3.661697e-01  1.568380e+01  3.661697e-01 
   95280882   5.766184e-01   1.897855e-01   5.766184e-01   1.897855e-01 223200701071857590       3740        753     0 2454108.287986  1.559778e+01  3.573554e-01  1.559778e+01  3.573554e-01 
   95280938   5.598039e-01   1.701378e-01   5.598039e-01   1.701378e-01 224200701071858540      26808       1017     0 2454108.288634  1.562991e+01  3.299823e-01  1.562991e+01  3.299823e-01 
   95280938   5.273418e-01   1.777642e-01   5.273418e-01   1.777642e-01 223200701071858540       3739        751     0 2454108.288634  1.569477e+01  3.659975e-01  1.569477e+01  3.659975e-01 
   95367160   4.694302e-01   2.348452e-01   4.694302e-01   2.348452e-01 224200701081855580      26816       1094     0 2454109.286574  1.582107e+01  5.431709e-01  1.582107e+01  5.431709e-01 
   95367160   5.288921e-01   2.714060e-01   5.288921e-01   2.714060e-01 223200701081855580       3725        723     0 2454109.286574  1.569158e+01  5.571578e-01  1.569158e+01  5.571578e-01 
   95367214   3.654944e-01   2.205841e-01   3.654944e-01   2.205841e-01 224200701081856520      26815       1094     0 2454109.287199  1.609280e+01  6.552685e-01  1.609280e+01  6.552685e-01 
   95367271   6.251125e-01   2.080241e-01   6.251125e-01   2.080241e-01 224200701081857490      26816       1093     0 2454109.287859  1.551010e+01  3.613110e-01  1.551010e+01  3.613110e-01 
   95367271   5.701391e-01   2.358118e-01   5.701391e-01   2.358118e-01 223200701081857490       3723        720     0 2454109.287859  1.561005e+01  4.490665e-01  1.561005e+01  4.490665e-01 
   95367327   5.385388e-01   1.964016e-01   5.385388e-01   1.964016e-01 224200701081858450      26816       1092     0 2454109.288507  1.567196e+01  3.959624e-01  1.567196e+01  3.959624e-01 
   95367327   5.687771e-01   2.210624e-01   5.687771e-01   2.210624e-01 223200701081858450       3722        719     0 2454109.288507  1.561264e+01  4.219866e-01  1.561264e+01  4.219866e-01 
   95453546   6.584458e-01   2.347335e-01   6.584458e-01   2.347335e-01 224200701091855450      26810       1115     0 2454110.286412  1.545370e+01  3.870624e-01  1.545370e+01  3.870624e-01 
   95453546   4.032404e-01   2.587389e-01   4.032404e-01   2.587389e-01 223200701091855450       3728        720     0 2454110.286412  1.598609e+01  6.966642e-01  1.598609e+01  6.966642e-01 
   95453602   9.249973e-01   2.220070e-01   9.249973e-01   2.220070e-01 224200701091856400      26809       1113     0 2454110.287060  1.508465e+01  2.605865e-01  1.508465e+01  2.605865e-01 
   95453602   4.438984e-01   2.416976e-01   4.438984e-01   2.416976e-01 223200701091856400       3727        719     0 2454110.287060  1.588179e+01  5.911729e-01  1.588179e+01  5.911729e-01 
   95453656   4.678636e-01   2.093047e-01   4.678636e-01   2.093047e-01 224200701091857350      26810       1113     0 2454110.287685  1.582470e+01  4.857195e-01  1.582470e+01  4.857195e-01 
   95453656   4.932281e-01   2.269998e-01   4.932281e-01   2.269998e-01 223200701091857350       3726        717     0 2454110.287685  1.576738e+01  4.996933e-01  1.576738e+01  4.996933e-01 
   95453712   6.824679e-01   1.990953e-01   6.824679e-01   1.990953e-01 224200701091858300      26811       1113     0 2454110.288333  1.541479e+01  3.167412e-01  1.541479e+01  3.167412e-01 
   95539936   7.346771e-01   2.281777e-01   7.346771e-01   2.281777e-01 224200701101855350      26815       1122     0 2454111.286296  1.533476e+01  3.372116e-01  1.533476e+01  3.372116e-01 
   95539936   5.305458e-01   2.626694e-01   5.305458e-01   2.626694e-01 223200701101855350       3725        713     0 2454111.286296  1.568819e+01  5.375422e-01  1.568819e+01  5.375422e-01 
   95539990   6.040986e-01   2.151960e-01   6.040986e-01   2.151960e-01 224200701101856300      26815       1121     0 2454111.286921  1.554723e+01  3.867694e-01  1.554723e+01  3.867694e-01 
   95540044   4.830796e-01   2.038811e-01   4.830796e-01   2.038811e-01 224200701101857240      26814       1120     0 2454111.287546  1.578995e+01  4.582306e-01  1.578995e+01  4.582306e-01 
   95540044   4.344083e-01   2.299304e-01   4.344083e-01   2.299304e-01 223200701101857240       3724        711     0 2454111.287546  1.590525e+01  5.746772e-01  1.590525e+01  5.746772e-01 
   95540100   5.141695e-01   1.931820e-01   5.141695e-01   1.931820e-01 224200701101858190      26815       1120     0 2454111.288194  1.572223e+01  4.079306e-01  1.572223e+01  4.079306e-01 
   95540100   4.600511e-01   2.162179e-01   4.600511e-01   2.162179e-01 223200701101858190       3723        710     0 2454111.288194  1.584299e+01  5.102834e-01  1.584299e+01  5.102834e-01 
   95626318   5.450480e-01   2.486767e-01   5.450480e-01   2.486767e-01 224200701111855200      26837       1111     0 2454112.286088  1.565891e+01  4.953660e-01  1.565891e+01  4.953660e-01 
   95626319   4.036220e-01   2.733934e-01   4.036220e-01   2.733934e-01 223200701111855210       3707        693     0 2454112.286100  1.598506e+01  7.354261e-01  1.598506e+01  7.354261e-01 
   95626375   5.184053e-01   2.347009e-01   5.184053e-01   2.347009e-01 224200701111856160      26836       1110     0 2454112.286748  1.571333e+01  4.915538e-01  1.571333e+01  4.915538e-01 
   95626375   2.002933e-01   2.549131e-01   2.002933e-01   2.549131e-01 223200701111856160       3706        692     0 2454112.286748  1.674583e+01  1.381820e+00  1.674583e+01  1.381820e+00 
   95626429   5.954285e-01   2.223179e-01   5.954285e-01   2.223179e-01 224200701111857110      26836       1110     0 2454112.287373  1.556293e+01  4.053878e-01  1.556293e+01  4.053878e-01 
   95626429   3.656855e-01   2.382529e-01   3.656855e-01   2.382529e-01 223200701111857110       3705        691     0 2454112.287373  1.609223e+01  7.073858e-01  1.609223e+01  7.073858e-01 
   95626485   5.178955e-01   2.107004e-01   5.178955e-01   2.107004e-01 224200701111858070      26836       1110     0 2454112.288021  1.571439e+01  4.417219e-01  1.571439e+01  4.417219e-01 
   95626485   5.637287e-01   2.240344e-01   5.637287e-01   2.240344e-01 223200701111858070       3705        690     0 2454112.288021  1.562232e+01  4.314898e-01  1.562232e+01  4.314898e-01 
   95712702   5.646352e-01   2.515206e-01   5.646352e-01   2.515206e-01 223200701121855050       3735        687     0 2454113.285903  1.562058e+01  4.836503e-01  1.562058e+01  4.836503e-01 
   95712758   5.781264e-01   2.184396e-01   5.781264e-01   2.184396e-01 224200701121856000      26808       1111     0 2454113.286551  1.559494e+01  4.102366e-01  1.559494e+01  4.102366e-01 
   95712758   5.105107e-01   2.355725e-01   5.105107e-01   2.355725e-01 223200701121856000       3735        687     0 2454113.286551  1.572999e+01  5.010092e-01  1.572999e+01  5.010092e-01 
   95712866   2.852325e-01   2.090151e-01   2.852325e-01   2.090151e-01 223200701121857490       3734        684     0 2454113.287801  1.636200e+01  7.956176e-01  1.636200e+01  7.956176e-01 
   95712868   6.012335e-01   1.972564e-01   6.012335e-01   1.972564e-01 224200701121857500      26808       1111     0 2454113.287824  1.555239e+01  3.562162e-01  1.555239e+01  3.562162e-01 
   95799124   4.816986e-01   2.007713e-01   4.816986e-01   2.007713e-01 224200701131855270      26809       1127     0 2454114.286157  1.579306e+01  4.525348e-01  1.579306e+01  4.525348e-01 
   95799124   4.342575e-01   2.207106e-01   4.342575e-01   2.207106e-01 223200701131855270       3731        703     0 2454114.286157  1.590563e+01  5.518255e-01  1.590563e+01  5.518255e-01 
   95799178   5.183588e-01   1.907531e-01   5.183588e-01   1.907531e-01 224200701131856210      26809       1127     0 2454114.286782  1.571342e+01  3.995461e-01  1.571342e+01  3.995461e-01 
   95799178   5.948195e-01   2.081039e-01   5.948195e-01   2.081039e-01 223200701131856210       3731        701     0 2454114.286782  1.556404e+01  3.798577e-01  1.556404e+01  3.798577e-01 
   95799302   2.799639e-01   1.676511e-01   2.799639e-01   1.676511e-01 224200701131858250      26800       1134     0 2454114.288218  1.638225e+01  6.501750e-01  1.638225e+01  6.501750e-01 
   95799302   3.933924e-01   1.815766e-01   3.933924e-01   1.815766e-01 223200701131858250       3732        705     0 2454114.288218  1.601294e+01  5.011408e-01  1.601294e+01  5.011408e-01 
   95799356   4.214272e-01   1.605110e-01   4.214272e-01   1.605110e-01 224200701131859190      26800       1134     0 2454114.288843  1.593819e+01  4.135312e-01  1.593819e+01  4.135312e-01 
   95885594   6.755134e-01   2.094948e-01   6.755134e-01   2.094948e-01 223200701141856390       3726        681     0 2454115.286968  1.542591e+01  3.367170e-01  1.542591e+01  3.367170e-01 
   95885650   6.774623e-01   1.969622e-01   6.774623e-01   1.969622e-01 223200701141857340       3726        680     0 2454115.287616  1.542279e+01  3.156630e-01  1.542279e+01  3.156630e-01 
   95885704   5.134985e-01   1.749089e-01   5.134985e-01   1.749089e-01 224200701141858280      26810       1131     0 2454115.288241  1.572365e+01  3.698269e-01  1.572365e+01  3.698269e-01 
   95885704   4.558722e-01   1.843000e-01   4.558722e-01   1.843000e-01 223200701141858290       3726        679     0 2454115.288241  1.585289e+01  4.389430e-01  1.585289e+01  4.389430e-01 
   95885835   6.133249e-01   1.574817e-01   6.133249e-01   1.574817e-01 224200701141900400      26813       1128     0 2454115.289757  1.553077e+01  2.787823e-01  1.553077e+01  2.787823e-01 
   95885836   3.621550e-01   1.613823e-01   3.621550e-01   1.613823e-01 223200701141900410       3723        680     0 2454115.289769  1.610276e+01  4.838238e-01  1.610276e+01  4.838238e-01 
  105941758   2.391688e-01   2.893700e-01   2.391688e-01   2.893700e-01 223200705110414520       3696       1525     0 2454231.677755  1.655324e+01  1.313635e+00  1.655324e+01  1.313635e+00 
  105941928   6.120834e-01   3.545506e-01   6.120834e-01   3.545506e-01 223200705110417430       3703       1523     0 2454231.679722  1.553297e+01  6.289172e-01  1.553297e+01  6.289172e-01 
  106027813   4.780213e-01   1.763353e-01   4.780213e-01   1.763353e-01 223200705120409040       3720       1501     0 2454232.673762  1.580138e+01  4.005140e-01  1.580138e+01  4.005140e-01 
  106027993   5.441608e-01   2.003906e-01   5.441608e-01   2.003906e-01 223200705120412040       3710       1512     0 2454232.675845  1.566068e+01  3.998304e-01  1.566068e+01  3.998304e-01 
  106028047   3.091001e-01   2.108769e-01   3.091001e-01   2.108769e-01 223200705120412580       3712       1512     0 2454232.676470  1.627475e+01  7.407226e-01  1.627475e+01  7.407226e-01 
  106114122   2.619839e-01   1.790988e-01   2.619839e-01   1.790988e-01 223200705130407290       3700       1524     0 2454233.672708  1.645431e+01  7.422391e-01  1.645431e+01  7.422391e-01 
  106114178   3.195184e-01   1.845989e-01   3.195184e-01   1.845989e-01 223200705130408240       3703       1524     0 2454233.673356  1.623876e+01  6.272766e-01  1.623876e+01  6.272766e-01 
  124569526   5.430208e-01   2.842075e-01   5.430208e-01   2.842075e-01 221200712121841060      16685       6977     0 2454447.276921  1.566296e+01  5.682572e-01  1.566296e+01  5.682572e-01 
  124569719   4.681889e-01   2.736465e-01   4.681889e-01   2.736465e-01 223200712121844190       3217       5151     0 2454447.279155  1.582395e+01  6.345922e-01  1.582395e+01  6.345922e-01 
  124570453   7.455831e-01   1.395711e-01   7.455831e-01   1.395711e-01 222200712121856320       6873      20401     0 2454447.287650  1.531876e+01  2.032475e-01  1.531876e+01  2.032475e-01 
  124571585   5.569740e-01   9.821251e-02   5.569740e-01   9.821251e-02 222200712121915250       6893      20351     0 2454447.300752  1.563541e+01  1.914510e-01  1.563541e+01  1.914510e-01 
  124571709   4.169294e-01   8.370996e-02   4.169294e-01   8.370996e-02 223200712121917280       3232       5109     0 2454447.302188  1.594984e+01  2.179919e-01  1.594984e+01  2.179919e-01 
  124572793   6.910993e-01   9.767912e-02   6.910993e-01   9.767912e-02 222200712121935320       6871      20368     0 2454447.314734  1.540115e+01  1.534571e-01  1.540115e+01  1.534571e-01 
  124572984   5.483515e-01   8.310673e-02   5.483515e-01   8.310673e-02 221200712121938430      16673       7178     0 2454447.316944  1.565235e+01  1.645519e-01  1.565235e+01  1.645519e-01 
  124573043   3.043433e-01   8.203205e-02   3.043433e-01   8.203205e-02 223200712121939430       3217       5035     0 2454447.317627  1.629159e+01  2.926481e-01  1.629159e+01  2.926481e-01 
