\OBJNAME = '1SWASP J001822.69-721745.1'
\OBSSTART = '2006-05-11T04:14:48'
\OBSSTOP = '2007-12-12T19:39:43'
\TSTART = 74405742
\TSTOP = 124573050
\JD_REF = 2453005.5
\RA_OBJ = '4.594542'
\DEC_OBJ = '-72.295886'
\WASP_MAG = 14.01427
\HJD_START = 2453866.677569
\HJD_STOP = 2454447.317708
\fixlen = T
\NUMRECORDS = 478
\
\ This file was produced by the NASA Exoplanet Archive  http://exoplanetarchive.ipac.caltech.edu 
\ Fri Sep 13, 22:54:12 2013
\ Documentation for the SuperWASP dataset can be found at http://exoplanetarchive.ipac.caltech.edu/docs/SuperWASPMission.html
\
|TMID      |FLUX2         |FLUX2_ERR     |TAMFLUX2      |TAMFLUX2_ERR  |IMAGEID           |CCDX      |CCDY      |FLAG |           HJD|         MAG2|     MAG2_ERR|      TAMMAG2|  TAMMAG2_ERR|
|int       |float         |float         |float         |float         |char              |int       |int       |int  |        double|        float|        float|        float|        float|
|sec       |micro Vega    |micro Vega    |micro Vega    |micro Vega    |                  |1/16 pixel|1/16 pixel|     |           day|          mag|          mag|          mag|          mag|
|null      |null          |null          |null          |null          |null              |null      |null      |null |          null|         null|         null|         null|         null|
   74405742   2.755357e+00   2.132038e-01   2.755357e+00   2.132038e-01 223200605110414480      10509       1941     0 2453866.677569  1.389956e+01  8.401231e-02  1.389956e+01  8.401231e-02 
   74405795   2.478701e+00   2.301397e-01   2.478701e+00   2.301397e-01 223200605110415410      10514       1938     0 2453866.678183  1.401444e+01  1.008076e-01  1.401444e+01  1.008076e-01 
   74405879   2.697834e+00   2.618818e-01   2.697834e+00   2.618818e-01 223200605110417040      10519       1936     0 2453866.679155  1.392246e+01  1.053940e-01  1.392246e+01  1.053940e-01 
   74405944   2.680049e+00   2.939230e-01   2.680049e+00   2.939230e-01 223200605110418100      10527       1910     0 2453866.679907  1.392964e+01  1.190739e-01  1.392964e+01  1.190739e-01 
   74491855   2.924222e+00   2.296438e-01   2.924222e+00   2.296438e-01 223200605120409570      10530       1868     0 2453867.674248  1.383497e+01  8.526489e-02  1.383497e+01  8.526489e-02 
   74491993   2.781474e+00   2.444324e-01   2.781474e+00   2.444324e-01 223200605120412150      10539       1865     0 2453867.675845  1.388931e+01  9.541345e-02  1.388931e+01  9.541345e-02 
   74492046   2.709633e+00   2.539193e-01   2.709633e+00   2.539193e-01 223200605120413070      10542       1864     0 2453867.676458  1.391772e+01  1.017445e-01  1.391772e+01  1.017445e-01 
   74750378   3.499243e+00   3.224396e-01   3.499243e+00   3.224396e-01 223200605150358270      10526       1872     0 2453870.666412  1.364006e+01  1.000461e-01  1.364006e+01  1.000461e-01 
   74750438   3.399615e+00   3.243231e-01   3.399615e+00   3.243231e-01 223200605150359270      10530       1868     0 2453870.667106  1.367143e+01  1.035795e-01  1.367143e+01  1.035795e-01 
   74750492   3.406384e+00   3.274793e-01   3.406384e+00   3.274793e-01 223200605150400210      10535       1868     0 2453870.667731  1.366927e+01  1.043797e-01  1.366927e+01  1.043797e-01 
   74750551   2.825753e+00   3.269780e-01   2.825753e+00   3.269780e-01 223200605150401200      10537       1866     0 2453870.668414  1.387216e+01  1.256348e-01  1.387216e+01  1.256348e-01 
   75613638   2.355848e+00   1.229475e-01   2.355848e+00   1.229475e-01 223200605250345300      10605       1884     0 2453880.657847  1.406963e+01  5.666285e-02  1.406963e+01  5.666285e-02 
   75613701   2.156380e+00   1.226852e-01   2.156380e+00   1.226852e-01 223200605250346340      10614       1856     0 2453880.658576  1.416569e+01  6.177215e-02  1.416569e+01  6.177215e-02 
   75613759   2.199773e+00   1.225844e-01   2.199773e+00   1.225844e-01 223200605250347310      10617       1855     0 2453880.659248  1.414406e+01  6.050388e-02  1.414406e+01  6.050388e-02 
   75613827   2.313861e+00   1.231327e-01   2.313861e+00   1.231327e-01 223200605250348400      10615       1877     0 2453880.660035  1.408916e+01  5.777795e-02  1.408916e+01  5.777795e-02 
   75700093   2.220377e+00   1.195905e-01   2.220377e+00   1.195905e-01 223200605260346210      10624       1874     0 2453881.658484  1.413393e+01  5.847843e-02  1.413393e+01  5.847843e-02 
   75700156   2.097440e+00   1.200177e-01   2.097440e+00   1.200177e-01 223200605260347250      10631       1843     0 2453881.659213  1.419578e+01  6.212715e-02  1.419578e+01  6.212715e-02 
   75700223   2.321594e+00   1.197979e-01   2.321594e+00   1.197979e-01 223200605260348310      10630       1868     0 2453881.659988  1.408553e+01  5.602589e-02  1.408553e+01  5.602589e-02 
   75700292   2.172281e+00   1.183286e-01   2.172281e+00   1.183286e-01 223200605260349400      10636       1838     0 2453881.660787  1.415771e+01  5.914247e-02  1.415771e+01  5.914247e-02 
   76132313   2.096955e+00   1.003604e-01   2.096955e+00   1.003604e-01 223200605310349440      10688       1847     0 2453886.661030  1.419603e+01  5.196358e-02  1.419603e+01  5.196358e-02 
   76132380   2.093072e+00   1.004452e-01   2.093072e+00   1.004452e-01 223200605310350510      10695       1817     0 2453886.661806  1.419804e+01  5.210398e-02  1.419804e+01  5.210398e-02 
   76132429   2.092494e+00   1.010740e-01   2.092494e+00   1.010740e-01 223200605310351390      10697       1815     0 2453886.662373  1.419834e+01  5.244462e-02  1.419834e+01  5.244462e-02 
   76132491   2.096714e+00   1.008781e-01   2.096714e+00   1.008781e-01 223200605310352410      10699       1814     0 2453886.663090  1.419615e+01  5.223763e-02  1.419615e+01  5.223763e-02 
   76218783   2.027529e+00   1.020001e-01   2.027529e+00   1.020001e-01 223200606010350510      10706       1809     0 2453887.661840  1.423258e+01  5.462096e-02  1.423258e+01  5.462096e-02 
   76218851   2.113011e+00   1.037058e-01   2.113011e+00   1.037058e-01 223200606010351580      10706       1831     0 2453887.662627  1.418775e+01  5.328771e-02  1.418775e+01  5.328771e-02 
   76218921   2.193314e+00   1.033496e-01   2.193314e+00   1.033496e-01 223200606010353090      10710       1829     0 2453887.663438  1.414725e+01  5.116037e-02  1.414725e+01  5.116037e-02 
   76219007   2.062576e+00   1.033826e-01   2.062576e+00   1.033826e-01 223200606010354350      10717       1801     0 2453887.664433  1.421397e+01  5.442059e-02  1.421397e+01  5.442059e-02 
   76478189   2.085271e+00   1.106567e-01   2.085271e+00   1.106567e-01 223200606040354060      10718       1801     0 2453890.664225  1.420209e+01  5.761572e-02  1.420209e+01  5.761572e-02 
   76478262   2.114892e+00   1.092803e-01   2.114892e+00   1.092803e-01 223200606040355190      10718       1823     0 2453890.665069  1.418678e+01  5.610216e-02  1.418678e+01  5.610216e-02 
   76478338   2.411879e+00   1.124511e-01   2.411879e+00   1.124511e-01 223200606040356360      10726       1793     0 2453890.665949  1.404411e+01  5.062141e-02  1.404411e+01  5.062141e-02 
   76478391   2.230888e+00   1.124225e-01   2.230888e+00   1.124225e-01 223200606040357280      10727       1791     0 2453890.666562  1.412881e+01  5.471437e-02  1.412881e+01  5.471437e-02 
   76564532   2.185210e+00   2.729420e-01   2.185210e+00   2.729420e-01 223200606050353060      10744       1785     0 2453891.663565  1.415127e+01  1.356135e-01  1.415127e+01  1.356135e-01 
   76564591   2.333319e+00   2.652138e-01   2.333319e+00   2.652138e-01 223200606050354050      10749       1785     0 2453891.664248  1.408006e+01  1.234093e-01  1.408006e+01  1.234093e-01 
   76564651   2.155928e+00   2.637154e-01   2.155928e+00   2.637154e-01 223200606050355050      10751       1782     0 2453891.664942  1.416591e+01  1.328088e-01  1.416591e+01  1.328088e-01 
   76564709   2.217364e+00   2.424614e-01   2.217364e+00   2.424614e-01 223200606050356020      10753       1781     0 2453891.665613  1.413541e+01  1.187220e-01  1.413541e+01  1.187220e-01 
   76650903   2.058742e+00   1.000124e-01   2.058742e+00   1.000124e-01 223200606060352330      10733       1781     0 2453892.663229  1.421599e+01  5.274455e-02  1.421599e+01  5.274455e-02 
   76651037   2.172887e+00   1.037583e-01   2.172887e+00   1.037583e-01 223200606060354480      10740       1781     0 2453892.664780  1.415741e+01  5.184556e-02  1.415741e+01  5.184556e-02 
   76651093   2.010487e+00   1.024341e-01   2.010487e+00   1.024341e-01 223200606060355430      10743       1778     0 2453892.665428  1.424175e+01  5.531833e-02  1.424175e+01  5.531833e-02 
   76651169   2.095508e+00   1.020780e-01   2.095508e+00   1.020780e-01 223200606060357000      10741       1801     0 2453892.666308  1.419678e+01  5.288944e-02  1.419678e+01  5.288944e-02 
   76737397   2.122097e+00   1.064934e-01   2.122097e+00   1.064934e-01 223200606070354040      10744       1785     0 2453893.664317  1.418309e+01  5.448576e-02  1.418309e+01  5.448576e-02 
   76737450   2.039743e+00   1.050765e-01   2.039743e+00   1.050765e-01 223200606070354570      10746       1782     0 2453893.664931  1.422606e+01  5.593142e-02  1.422606e+01  5.593142e-02 
   76737505   1.877284e+00   1.037614e-01   1.877284e+00   1.037614e-01 223200606070355530      10748       1780     0 2453893.665567  1.431617e+01  6.001113e-02  1.431617e+01  6.001113e-02 
   76737561   2.134789e+00   1.048031e-01   2.134789e+00   1.048031e-01 223200606070356480      10750       1779     0 2453893.666215  1.417661e+01  5.330219e-02  1.417661e+01  5.330219e-02 
   76823787   2.017808e+00   1.041463e-01   2.017808e+00   1.041463e-01 223200606080353510      10770       1784     0 2453894.664201  1.423780e+01  5.603892e-02  1.423780e+01  5.603892e-02 
   76823846   2.060496e+00   1.047779e-01   2.060496e+00   1.047779e-01 223200606080354510      10774       1781     0 2453894.664884  1.421507e+01  5.521077e-02  1.421507e+01  5.521077e-02 
   76823905   2.132874e+00   1.053526e-01   2.132874e+00   1.053526e-01 223200606080355500      10776       1779     0 2453894.665567  1.417759e+01  5.362977e-02  1.417759e+01  5.362977e-02 
   76823991   2.047392e+00   1.046041e-01   2.047392e+00   1.046041e-01 223200606080357160      10775       1801     0 2453894.666562  1.422200e+01  5.547196e-02  1.422200e+01  5.547196e-02 
   76910214   2.158901e+00   1.010638e-01   2.158901e+00   1.010638e-01 223200606090354140      10766       1771     0 2453895.664514  1.416442e+01  5.082635e-02  1.416442e+01  5.082635e-02 
   76910268   1.978146e+00   1.010133e-01   1.978146e+00   1.010133e-01 223200606090355080      10769       1769     0 2453895.665139  1.425935e+01  5.544290e-02  1.425935e+01  5.544290e-02 
   76910352   2.030982e+00   1.002565e-01   2.030982e+00   1.002565e-01 223200606090356320      10768       1791     0 2453895.666111  1.423073e+01  5.359599e-02  1.423073e+01  5.359599e-02 
   76910424   2.014697e+00   1.007290e-01   2.014697e+00   1.007290e-01 223200606090357440      10773       1764     0 2453895.666944  1.423948e+01  5.428384e-02  1.423948e+01  5.428384e-02 
   76996569   2.664433e+00   2.097942e-01   2.664433e+00   2.097942e-01 223200606100353270      10772       1772     0 2453896.663993  1.393599e+01  8.548988e-02  1.393599e+01  8.548988e-02 
   76996634   2.357386e+00   2.062638e-01   2.357386e+00   2.062638e-01 223200606100354320      10775       1768     0 2453896.664745  1.406892e+01  9.499881e-02  1.406892e+01  9.499881e-02 
   76996695   2.613293e+00   2.048679e-01   2.613293e+00   2.048679e-01 223200606100355320      10777       1766     0 2453896.665451  1.395703e+01  8.511610e-02  1.395703e+01  8.511610e-02 
   76996750   2.519451e+00   2.019257e-01   2.519451e+00   2.019257e-01 223200606100356270      10779       1765     0 2453896.666088  1.399674e+01  8.701849e-02  1.399674e+01  8.701849e-02 
   77082989   2.855352e+00   3.474362e-01   2.855352e+00   3.474362e-01 223200606110353440      10784       1760     0 2453897.664225  1.386085e+01  1.321117e-01  1.386085e+01  1.321117e-01 
   77083066   2.801890e+00   3.523878e-01   2.801890e+00   3.523878e-01 223200606110355000      10784       1783     0 2453897.665116  1.388137e+01  1.365512e-01  1.388137e+01  1.365512e-01 
   77083147   2.848209e+00   3.521116e-01   2.848209e+00   3.521116e-01 223200606110356210      10791       1754     0 2453897.666053  1.386357e+01  1.342252e-01  1.386357e+01  1.342252e-01 
   77083201   2.859825e+00   3.513055e-01   2.859825e+00   3.513055e-01 223200606110357160      10792       1752     0 2453897.666678  1.385915e+01  1.333741e-01  1.385915e+01  1.333741e-01 
   77169255   3.535296e+00   4.384902e-01   3.535296e+00   4.384902e-01 223200606120351270      10784       1780     0 2453898.662674  1.362894e+01  1.346666e-01  1.362894e+01  1.346666e-01 
   77169317   2.885986e+00   4.407976e-01   2.885986e+00   4.407976e-01 223200606120352290      10791       1752     0 2453898.663391  1.384926e+01  1.658330e-01  1.384926e+01  1.658330e-01 
   77169375   2.933616e+00   4.403571e-01   2.933616e+00   4.403571e-01 223200606120353260      10793       1750     0 2453898.664062  1.383149e+01  1.629775e-01  1.383149e+01  1.629775e-01 
   77169435   3.336440e+00   4.395873e-01   3.336440e+00   4.395873e-01 223200606120354260      10794       1747     0 2453898.664757  1.369179e+01  1.430499e-01  1.369179e+01  1.430499e-01 
   77514681   3.727666e+00   2.038577e+00   3.727666e+00   2.038577e+00 223200606160348210      10794       1719     0 2453902.660660  1.357141e+01  5.937670e-01  1.357141e+01  5.937670e-01 
   77514746   2.036031e+00   2.580160e+00   2.036031e+00   2.580160e+00 223200606160349260      10795       1717     0 2453902.661412  1.422804e+01  1.375904e+00  1.422804e+01  1.375904e+00 
   77601365   2.373909e+00   1.805629e-01   2.373909e+00   1.805629e-01 223200606170353030      10808       1703     0 2453903.663947  1.406134e+01  8.258292e-02  1.406134e+01  8.258292e-02 
   77601435   2.547929e+00   1.805877e-01   2.547929e+00   1.805877e-01 223200606170354120      10806       1726     0 2453903.664757  1.398453e+01  7.695322e-02  1.398453e+01  7.695322e-02 
   77601505   2.467213e+00   1.805418e-01   2.467213e+00   1.805418e-01 223200606170355220      10807       1724     0 2453903.665567  1.401948e+01  7.945056e-02  1.401948e+01  7.945056e-02 
   77601562   2.348684e+00   1.776065e-01   2.348684e+00   1.776065e-01 223200606170356190      10813       1697     0 2453903.666227  1.407294e+01  8.210321e-02  1.407294e+01  8.210321e-02 
   77687709   2.592823e+00   1.527106e-01   2.592823e+00   1.527106e-01 223200606180352030      10828       1697     0 2453904.663299  1.396557e+01  6.394728e-02  1.396557e+01  6.394728e-02 
   77687752   2.390815e+00   1.513994e-01   2.390815e+00   1.513994e-01 223200606180352470      10830       1695     0 2453904.663796  1.405363e+01  6.875497e-02  1.405363e+01  6.875497e-02 
   77687820   2.294935e+00   1.505064e-01   2.294935e+00   1.505064e-01 223200606180353550      10831       1694     0 2453904.664583  1.409807e+01  7.120498e-02  1.409807e+01  7.120498e-02 
   77687871   2.505471e+00   1.514912e-01   2.505471e+00   1.514912e-01 223200606180354460      10832       1693     0 2453904.665174  1.400278e+01  6.564835e-02  1.400278e+01  6.564835e-02 
   77774346   2.188911e+00   1.289237e-01   2.188911e+00   1.289237e-01 223200606190355570      10873       1678     0 2453905.666042  1.414943e+01  6.394853e-02  1.414943e+01  6.394853e-02 
   77774402  -7.216977e-01   1.301821e-01  -7.216977e-01   1.301821e-01 223200606190356530      10873       1678     0 2453905.666690          null          null          null          null 
   77774464   2.291180e+00   1.294365e-01   2.291180e+00   1.294365e-01 223200606190357560      10873       1677     0 2453905.667407  1.409985e+01  6.133711e-02  1.409985e+01  6.133711e-02 
   77774529   2.272786e+00   1.291016e-01   2.272786e+00   1.291016e-01 223200606190359000      10868       1703     0 2453905.668160  1.410860e+01  6.167357e-02  1.410860e+01  6.167357e-02 
   77860760   2.025873e+00   1.115465e-01   2.025873e+00   1.115465e-01 223200606200356080      10857       1672     0 2453906.666204  1.423347e+01  5.978186e-02  1.423347e+01  5.978186e-02 
   77860819   2.244129e+00   1.122917e-01   2.244129e+00   1.122917e-01 223200606200357080      10858       1671     0 2453906.666887  1.412238e+01  5.432827e-02  1.412238e+01  5.432827e-02 
   77860883   2.153838e+00   1.119608e-01   2.153838e+00   1.119608e-01 223200606200358110      10858       1672     0 2453906.667627  1.416697e+01  5.643891e-02  1.416697e+01  5.643891e-02 
   77860948   2.307315e+00   1.125547e-01   2.307315e+00   1.125547e-01 223200606200359170      10853       1699     0 2453906.668380  1.409223e+01  5.296422e-02  1.409223e+01  5.296422e-02 
   77947070   2.038633e+00   1.152528e-01   2.038633e+00   1.152528e-01 223200606210354360      10852       1672     0 2453907.665162  1.422665e+01  6.138160e-02  1.422665e+01  6.138160e-02 
   77947124   1.977931e+00   1.148786e-01   1.977931e+00   1.148786e-01 223200606210355300      10853       1673     0 2453907.665787  1.425947e+01  6.306001e-02  1.425947e+01  6.306001e-02 
   77947202   2.265429e+00   1.146682e-01   2.265429e+00   1.146682e-01 223200606210356480      10849       1698     0 2453907.666690  1.411212e+01  5.495643e-02  1.411212e+01  5.495643e-02 
   77947269   2.142953e+00   1.159977e-01   2.142953e+00   1.159977e-01 223200606210357550      10853       1673     0 2453907.667465  1.417247e+01  5.877094e-02  1.417247e+01  5.877094e-02 
   78119980   2.051450e+00   1.006179e-01   2.051450e+00   1.006179e-01 223200606230356210      10844       1652     0 2453909.666435  1.421985e+01  5.325255e-02  1.421985e+01  5.325255e-02 
   78120034   1.912399e+00   1.005679e-01   1.912399e+00   1.005679e-01 223200606230357150      10843       1653     0 2453909.667060  1.429605e+01  5.709613e-02  1.429605e+01  5.709613e-02 
   78120182   2.032688e+00   1.009872e-01   2.032688e+00   1.009872e-01 223200606230359440      10842       1662     0 2453909.668773  1.422982e+01  5.394133e-02  1.422982e+01  5.394133e-02 
   78120244   2.102184e+00   1.017772e-01   2.102184e+00   1.017772e-01 223200606230400460      10843       1640     0 2453909.669491  1.419332e+01  5.256609e-02  1.419332e+01  5.256609e-02 
   78206440   2.066212e+00   1.069519e-01   2.066212e+00   1.069519e-01 223200606240357190      10863       1638     0 2453910.667130  1.421206e+01  5.620040e-02  1.421206e+01  5.620040e-02 
   78206499   2.180077e+00   1.065118e-01   2.180077e+00   1.065118e-01 223200606240358180      10860       1642     0 2453910.667813  1.415382e+01  5.304588e-02  1.415382e+01  5.304588e-02 
   78206574   2.114781e+00   1.056133e-01   2.114781e+00   1.056133e-01 223200606240359320      10851       1672     0 2453910.668681  1.418684e+01  5.422244e-02  1.418684e+01  5.422244e-02 
   78206633   2.067564e+00   1.056926e-01   2.067564e+00   1.056926e-01 223200606240400310      10847       1655     0 2453910.669363  1.421135e+01  5.550236e-02  1.421135e+01  5.550236e-02 
   78292879   2.008017e+00   9.724124e-02   2.008017e+00   9.724124e-02 223200606250357560      10865       1621     0 2453911.667581  1.424308e+01  5.257859e-02  1.424308e+01  5.257859e-02 
   78292933   1.958620e+00   9.619164e-02   1.958620e+00   9.619164e-02 223200606250358490      10859       1628     0 2453911.668206  1.427012e+01  5.332281e-02  1.427012e+01  5.332281e-02 
   78292984   1.938738e+00   9.639937e-02   1.938738e+00   9.639937e-02 223200606250359400      10848       1642     0 2453911.668796  1.428120e+01  5.398596e-02  1.428120e+01  5.398596e-02 
   78293046   1.990588e+00   9.798714e-02   1.990588e+00   9.798714e-02 223200606250400430      10849       1641     0 2453911.669514  1.425255e+01  5.344579e-02  1.425255e+01  5.344579e-02 
   78724947   1.940136e+00   9.866657e-02   1.940136e+00   9.866657e-02 223200606300358520      10872       1626     0 2453916.668368  1.428042e+01  5.521583e-02  1.428042e+01  5.521583e-02 
   78725024   2.069020e+00   9.772342e-02   2.069020e+00   9.772342e-02 223200606300400090      10879       1597     0 2453916.669259  1.421059e+01  5.128140e-02  1.421059e+01  5.128140e-02 
   78725071   1.895188e+00   9.786789e-02   1.895188e+00   9.786789e-02 223200606300400570      10879       1595     0 2453916.669803  1.430587e+01  5.606784e-02  1.430587e+01  5.606784e-02 
   78725135   1.956995e+00   9.839556e-02   1.956995e+00   9.839556e-02 223200606300402000      10880       1593     0 2453916.670544  1.427103e+01  5.458982e-02  1.427103e+01  5.458982e-02 
   78811383   1.934978e+00   1.030290e-01   1.934978e+00   1.030290e-01 223200607010359260      10872       1590     0 2453917.668785  1.428331e+01  5.781081e-02  1.428331e+01  5.781081e-02 
   78811462   1.993617e+00   1.032863e-01   1.993617e+00   1.032863e-01 223200607010400450      10870       1612     0 2453917.669699  1.425090e+01  5.625055e-02  1.425090e+01  5.625055e-02 
   78811527   1.993470e+00   1.023834e-01   1.993470e+00   1.023834e-01 223200607010401510      10874       1585     0 2453917.670451  1.425098e+01  5.576294e-02  1.425098e+01  5.576294e-02 
   78811578   1.878307e+00   1.017521e-01   1.878307e+00   1.017521e-01 223200607010402420      10875       1582     0 2453917.671042  1.431558e+01  5.881697e-02  1.431558e+01  5.881697e-02 
   78897853   3.268308e+00   5.227515e-01   3.268308e+00   5.227515e-01 223200607020400340      10884       1578     0 2453918.669595  1.371419e+01  1.736593e-01  1.371419e+01  1.736593e-01 
   78897907   2.003447e+00   2.997319e-01   2.003447e+00   2.997319e-01 223200607020401280      10884       1576     0 2453918.670220  1.424556e+01  1.624355e-01  1.424556e+01  1.624355e-01 
   78897980   2.086825e+00   1.696827e-01   2.086825e+00   1.696827e-01 223200607020402420      10880       1598     0 2453918.671065  1.420129e+01  8.828309e-02  1.420129e+01  8.828309e-02 
   78984196   1.981273e+00   9.730438e-02   1.981273e+00   9.730438e-02 223200607030359350      10890       1566     0 2453919.668935  1.425764e+01  5.332293e-02  1.425764e+01  5.332293e-02 
   78984250   2.036268e+00   9.643122e-02   2.036268e+00   9.643122e-02 223200607030400290      10892       1563     0 2453919.669560  1.422791e+01  5.141723e-02  1.422791e+01  5.141723e-02 
   78984308   1.865251e+00   9.569734e-02   1.865251e+00   9.569734e-02 223200607030401270      10893       1561     0 2453919.670231  1.432316e+01  5.570427e-02  1.432316e+01  5.570427e-02 
   78984363   1.988778e+00   9.675459e-02   1.988778e+00   9.675459e-02 223200607030402220      10893       1559     0 2453919.670868  1.425353e+01  5.282154e-02  1.425353e+01  5.282154e-02 
   79070520   2.046773e+00   9.741338e-02   2.046773e+00   9.741338e-02 223200607040358180      10887       1545     0 2453920.668056  1.422233e+01  5.167431e-02  1.422233e+01  5.167431e-02 
   79070566   1.997306e+00   9.660372e-02   1.997306e+00   9.660372e-02 223200607040359040      10888       1543     0 2453920.668588  1.424889e+01  5.251401e-02  1.424889e+01  5.251401e-02 
   79070632   1.888727e+00   9.628306e-02   1.888727e+00   9.628306e-02 223200607040400090      10889       1541     0 2453920.669352  1.430958e+01  5.534857e-02  1.430958e+01  5.534857e-02 
   79070684   1.971282e+00   9.681357e-02   1.971282e+00   9.681357e-02 223200607040401020      10889       1539     0 2453920.669954  1.426313e+01  5.332285e-02  1.426313e+01  5.332285e-02 
   79415949   1.935237e+00   9.764145e-02   1.935237e+00   9.764145e-02 223200607080355190      10885       1530     0 2453924.666076  1.428316e+01  5.478049e-02  1.428316e+01  5.478049e-02 
   79416106   1.995866e+00   9.682088e-02   1.995866e+00   9.682088e-02 223200607080357570      10888       1553     0 2453924.667894  1.424967e+01  5.267001e-02  1.424967e+01  5.267001e-02 
   79416173   1.893580e+00   9.628760e-02   1.893580e+00   9.628760e-02 223200607080359030      10892       1524     0 2453924.668669  1.430679e+01  5.520935e-02  1.430679e+01  5.520935e-02 
   79416231   1.954260e+00   9.577838e-02   1.954260e+00   9.577838e-02 223200607080400010      10893       1521     0 2453924.669340  1.427254e+01  5.321218e-02  1.427254e+01  5.321218e-02 
   79502437   2.317098e+00   1.492808e-01   2.317098e+00   1.492808e-01 223200607090356460      10897       1523     0 2453925.667095  1.408764e+01  6.994959e-02  1.408764e+01  6.994959e-02 
   79502489   2.347672e+00   1.475335e-01   2.347672e+00   1.475335e-01 223200607090357380      10897       1521     0 2453925.667697  1.407341e+01  6.823058e-02  1.407341e+01  6.823058e-02 
   79502558   2.130074e+00   1.435210e-01   2.130074e+00   1.435210e-01 223200607090358470      10898       1518     0 2453925.668495  1.417901e+01  7.315544e-02  1.417901e+01  7.315544e-02 
   79502712   2.198991e+00   1.404281e-01   2.198991e+00   1.404281e-01 223200607090401200      10895       1501     0 2453925.670278  1.414444e+01  6.933561e-02  1.414444e+01  6.933561e-02 
   80278191   2.314968e+00   1.614385e-01   2.314968e+00   1.614385e-01 223200607180325470      10928       1480     0 2453934.645729  1.408864e+01  7.571606e-02  1.408864e+01  7.571606e-02 
   80278253   2.392715e+00   1.609114e-01   2.392715e+00   1.609114e-01 223200607180326500      10932       1452     0 2453934.646447  1.405277e+01  7.301662e-02  1.405277e+01  7.301662e-02 
   80278328   2.671124e+00   1.790538e-01   2.671124e+00   1.790538e-01 223200607180328050      10927       1476     0 2453934.647315  1.393326e+01  7.278053e-02  1.393326e+01  7.278053e-02 
   80278406   2.228503e+00   2.375404e-01   2.228503e+00   2.375404e-01 223200607180329220      10932       1447     0 2453934.648218  1.412997e+01  1.157311e-01  1.412997e+01  1.157311e-01 
   80364283   2.217064e+00   1.197644e-01   2.217064e+00   1.197644e-01 223200607190320380      10924       1462     0 2453935.642164  1.413555e+01  5.865100e-02  1.413555e+01  5.865100e-02 
   80364339   2.092265e+00   1.193543e-01   2.092265e+00   1.193543e-01 223200607190321350      10924       1461     0 2453935.642812  1.419846e+01  6.193659e-02  1.419846e+01  6.193659e-02 
   80364399   2.129898e+00   1.189983e-01   2.129898e+00   1.189983e-01 223200607190322340      10924       1460     0 2453935.643507  1.417910e+01  6.066076e-02  1.417910e+01  6.066076e-02 
   80364460   2.140864e+00   1.177796e-01   2.140864e+00   1.177796e-01 223200607190323360      10925       1458     0 2453935.644213  1.417353e+01  5.973197e-02  1.417353e+01  5.973197e-02 
   80450499   1.923011e+00   1.055119e-01   1.923011e+00   1.055119e-01 223200607200317340      10928       1454     0 2453936.640035  1.429005e+01  5.957244e-02  1.429005e+01  5.957244e-02 
   80450560   2.036008e+00   1.065846e-01   2.036008e+00   1.065846e-01 223200607200318350      10928       1453     0 2453936.640741  1.422805e+01  5.683826e-02  1.422805e+01  5.683826e-02 
   80450624   2.052581e+00   1.070237e-01   2.052581e+00   1.070237e-01 223200607200319380      10928       1451     0 2453936.641481  1.421925e+01  5.661165e-02  1.421925e+01  5.661165e-02 
   80450681   2.140460e+00   1.079287e-01   2.140460e+00   1.079287e-01 223200607200320360      10928       1449     0 2453936.642141  1.417373e+01  5.474639e-02  1.417373e+01  5.474639e-02 
   80967431   1.830475e+00   9.496550e-02   1.830475e+00   9.496550e-02 223200607260253020      10887       1490     0 2453942.623044  1.434359e+01  5.632845e-02  1.434359e+01  5.632845e-02 
   80967490   1.918800e+00   9.426694e-02   1.918800e+00   9.426694e-02 223200607260254000      10888       1488     0 2453942.623727  1.429243e+01  5.334032e-02  1.429243e+01  5.334032e-02 
   80967550   2.043735e+00   9.468421e-02   2.043735e+00   9.468421e-02 223200607260255010      10889       1486     0 2453942.624421  1.422394e+01  5.030126e-02  1.422394e+01  5.030126e-02 
   80967606   1.928167e+00   9.442918e-02   1.928167e+00   9.442918e-02 223200607260255560      10890       1483     0 2453942.625069  1.428714e+01  5.317253e-02  1.428714e+01  5.317253e-02 
   81053651   2.150049e+00   1.047308e-01   2.150049e+00   1.047308e-01 223200607270250020      10884       1486     0 2453943.620961  1.416888e+01  5.288735e-02  1.416888e+01  5.288735e-02 
   81053713   2.081343e+00   1.084882e-01   2.081343e+00   1.084882e-01 223200607270251040      10884       1483     0 2453943.621678  1.420414e+01  5.659326e-02  1.420414e+01  5.659326e-02 
   81053769   1.957324e+00   1.053318e-01   1.957324e+00   1.053318e-01 223200607270251590      10885       1481     0 2453943.622326  1.427084e+01  5.842821e-02  1.427084e+01  5.842821e-02 
   81053831   1.987985e+00   1.037216e-01   1.987985e+00   1.037216e-01 223200607270253010      10886       1479     0 2453943.623044  1.425397e+01  5.664767e-02  1.425397e+01  5.664767e-02 
   81139829   2.777698e+00   6.917995e-01   2.777698e+00   6.917995e-01 223200607280246190      10901       1477     0 2453944.618391  1.389079e+01  2.704090e-01  1.389079e+01  2.704090e-01 
   81139888   2.455549e+00   1.187114e+00   2.455549e+00   1.187114e+00 223200607280247170      10902       1475     0 2453944.619074  1.402463e+01  5.248917e-01  1.402463e+01  5.248917e-01 
   81139942   1.556396e+00   7.346122e-01   1.556396e+00   7.346122e-01 223200607280248110      10902       1474     0 2453944.619699  1.451970e+01  5.124645e-01  1.451970e+01  5.124645e-01 
   81139996   2.259914e+00   4.825771e-01   2.259914e+00   4.825771e-01 223200607280249060      10903       1471     0 2453944.620324  1.411477e+01  2.318465e-01  1.411477e+01  2.318465e-01 
   82346065   3.135329e+00   3.570725e-01   3.135329e+00   3.570725e-01 224200608110150170      20816        818     0 2453958.579456  1.375929e+01  1.236514e-01  1.375929e+01  1.236514e-01 
   82346065   3.169365e+00   3.634765e-01   3.169365e+00   3.634765e-01 223200608110150170      10899       1520     0 2453958.579456  1.374757e+01  1.245174e-01  1.374757e+01  1.245174e-01 
   82346121   2.935637e+00   3.599294e-01   2.935637e+00   3.599294e-01 224200608110151120      20812        819     0 2453958.580104  1.383074e+01  1.331192e-01  1.383074e+01  1.331192e-01 
   82346121   3.138826e+00   3.662453e-01   3.138826e+00   3.662453e-01 223200608110151120      10901       1518     0 2453958.580104  1.375808e+01  1.266866e-01  1.375808e+01  1.266866e-01 
   82346176   2.922337e+00   3.631679e-01   2.922337e+00   3.631679e-01 224200608110152070      20810        821     0 2453958.580741  1.383567e+01  1.349283e-01  1.383567e+01  1.349283e-01 
   82346176   2.583500e+00   3.684914e-01   2.583500e+00   3.684914e-01 223200608110152070      10902       1514     0 2453958.580741  1.396948e+01  1.548620e-01  1.396948e+01  1.548620e-01 
   82346235   3.164998e+00   3.612948e-01   3.164998e+00   3.612948e-01 224200608110153070      20809        823     0 2453958.581424  1.374907e+01  1.239408e-01  1.374907e+01  1.239408e-01 
   82346235   2.782214e+00   3.664953e-01   2.782214e+00   3.664953e-01 223200608110153070      10902       1513     0 2453958.581424  1.388902e+01  1.430223e-01  1.388902e+01  1.430223e-01 
   82518421   2.771441e+00   2.362725e-01   2.771441e+00   2.362725e-01 223200608130142530      10901       1488     0 2453960.574317  1.389324e+01  9.256211e-02  1.389324e+01  9.256211e-02 
   82518480   2.578331e+00   2.364803e-01   2.578331e+00   2.364803e-01 223200608130143520      10903       1486     0 2453960.575000  1.397165e+01  9.958230e-02  1.397165e+01  9.958230e-02 
   82518542   4.199966e+00   3.701001e-01   4.199966e+00   3.701001e-01 224200608130144550      20770        905     0 2453960.575718  1.344189e+01  9.567517e-02  1.344189e+01  9.567517e-02 
   82518542   2.699275e+00   2.368140e-01   2.699275e+00   2.368140e-01 223200608130144550      10901       1481     0 2453960.575718  1.392188e+01  9.525464e-02  1.392188e+01  9.525464e-02 
   82518620   3.896215e+00   3.684118e-01   3.896215e+00   3.684118e-01 224200608130146120      20772        882     0 2453960.576620  1.352339e+01  1.026636e-01  1.352339e+01  1.026636e-01 
   82518620   2.753157e+00   2.333321e-01   2.753157e+00   2.333321e-01 223200608130146120      10898       1503     0 2453960.576620  1.390042e+01  9.201725e-02  1.390042e+01  9.201725e-02 
   82604602   2.964745e+00   1.933506e-01   2.964745e+00   1.933506e-01 224200608140139160      20749        914     0 2453961.571782  1.382003e+01  7.080829e-02  1.382003e+01  7.080829e-02 
   82604602   2.332650e+00   1.899815e-01   2.332650e+00   1.899815e-01 223200608140139160      10901       1509     0 2453961.571782  1.408038e+01  8.842754e-02  1.408038e+01  8.842754e-02 
   82604658   2.862401e+00   1.956898e-01   2.862401e+00   1.956898e-01 224200608140140120      20745        913     0 2453961.572431  1.385817e+01  7.422727e-02  1.385817e+01  7.422727e-02 
   82604658   2.613282e+00   1.903073e-01   2.613282e+00   1.903073e-01 223200608140140120      10908       1506     0 2453961.572431  1.395703e+01  7.906695e-02  1.395703e+01  7.906695e-02 
   82604715   2.529234e+00   1.962257e-01   2.529234e+00   1.962257e-01 224200608140141080      20741        910     0 2453961.573090  1.399253e+01  8.423502e-02  1.399253e+01  8.423502e-02 
   82604715   2.284525e+00   1.931576e-01   2.284525e+00   1.931576e-01 223200608140141080      10921       1503     0 2453961.573090  1.410301e+01  9.179980e-02  1.410301e+01  9.179980e-02 
   82604769   2.627021e+00   1.965555e-01   2.627021e+00   1.965555e-01 224200608140142030      20741        912     0 2453961.573715  1.395134e+01  8.123580e-02  1.395134e+01  8.123580e-02 
   82604769   2.128016e+00   1.971501e-01   2.128016e+00   1.971501e-01 223200608140142030      10921       1501     0 2453961.573715  1.418006e+01  1.005884e-01  1.418006e+01  1.005884e-01 
   82863075   2.970530e+00   1.311595e-01   2.970530e+00   1.311595e-01 224200608170127120      20760        887     0 2453964.563368  1.381791e+01  4.793931e-02  1.381791e+01  4.793931e-02 
   82863075   2.203928e+00   1.239189e-01   2.203928e+00   1.239189e-01 223200608170127120      10892       1518     0 2453964.563368  1.414201e+01  6.104727e-02  1.414201e+01  6.104727e-02 
   82863143   2.833604e+00   1.290654e-01   2.833604e+00   1.290654e-01 224200608170128190      20751        912     0 2453964.564155  1.386915e+01  4.945345e-02  1.386915e+01  4.945345e-02 
   82863143   2.367129e+00   1.250302e-01   2.367129e+00   1.250302e-01 223200608170128190      10899       1485     0 2453964.564155  1.406445e+01  5.734810e-02  1.406445e+01  5.734810e-02 
   82863199   2.714223e+00   1.293711e-01   2.714223e+00   1.293711e-01 224200608170129150      20749        913     0 2453964.564803  1.391589e+01  5.175085e-02  1.391589e+01  5.175085e-02 
   82863199   2.474860e+00   1.262264e-01   2.474860e+00   1.262264e-01 223200608170129150      10900       1483     0 2453964.564803  1.401612e+01  5.537648e-02  1.401612e+01  5.537648e-02 
   82863259   2.962539e+00   1.307124e-01   2.962539e+00   1.307124e-01 224200608170130160      20748        913     0 2453964.565498  1.382084e+01  4.790476e-02  1.382084e+01  4.790476e-02 
   82863259   2.184322e+00   1.260738e-01   2.184322e+00   1.260738e-01 223200608170130160      10900       1481     0 2453964.565498  1.415171e+01  6.266627e-02  1.415171e+01  6.266627e-02 
   82949248   2.966268e+00   1.056131e-01   2.966268e+00   1.056131e-01 224200608180123250      20820        861     0 2453965.560741  1.381947e+01  3.865745e-02  1.381947e+01  3.865745e-02 
   82949248   1.965247e+00   9.692080e-02   1.965247e+00   9.692080e-02 223200608180123250      10895       1464     0 2453965.560741  1.426646e+01  5.354584e-02  1.426646e+01  5.354584e-02 
   82949310   2.793473e+00   1.042415e-01   2.793473e+00   1.042415e-01 224200608180124270      20816        862     0 2453965.561458  1.388464e+01  4.051557e-02  1.388464e+01  4.051557e-02 
   82949310   2.044198e+00   9.778350e-02   2.044198e+00   9.778350e-02 223200608180124270      10898       1463     0 2453965.561458  1.422369e+01  5.193599e-02  1.422369e+01  5.193599e-02 
   82949373   2.784863e+00   1.040510e-01   2.784863e+00   1.040510e-01 224200608180125310      20815        865     0 2453965.562187  1.388799e+01  4.056658e-02  1.388799e+01  4.056658e-02 
   82949373   1.805826e+00   9.595805e-02   1.805826e+00   9.595805e-02 223200608180125310      10897       1459     0 2453965.562187  1.435831e+01  5.769410e-02  1.435831e+01  5.769410e-02 
   82949464   2.933715e+00   1.063538e-01   2.933715e+00   1.063538e-01 224200608180127020      20818        842     0 2453965.563241  1.383146e+01  3.936052e-02  1.383146e+01  3.936052e-02 
   82949464   1.943107e+00   9.783994e-02   1.943107e+00   9.783994e-02 223200608180127020      10894       1480     0 2453965.563241  1.427876e+01  5.466953e-02  1.427876e+01  5.466953e-02 
   83724675   2.892197e+00   1.032295e-01   2.892197e+00   1.032295e-01 224200608270047250      20797        896     0 2453974.535590  1.384693e+01  3.875270e-02  1.384693e+01  3.875270e-02 
   83724675   1.985044e+00   9.568155e-02   1.985044e+00   9.568155e-02 223200608270047250      10875       1516     0 2453974.535590  1.425558e+01  5.233401e-02  1.425558e+01  5.233401e-02 
   83724739   2.886967e+00   1.047221e-01   2.886967e+00   1.047221e-01 224200608270048280      20790        921     0 2453974.536331  1.384890e+01  3.938425e-02  1.384890e+01  3.938425e-02 
   83724739   1.963325e+00   9.559604e-02   1.963325e+00   9.559604e-02 223200608270048280      10878       1481     0 2453974.536331  1.426752e+01  5.286565e-02  1.426752e+01  5.286565e-02 
   83724814   2.831390e+00   1.043167e-01   2.831390e+00   1.043167e-01 224200608270049440      20793        898     0 2453974.537199  1.387000e+01  4.000185e-02  1.387000e+01  4.000185e-02 
   83724814   2.023021e+00   9.533101e-02   2.023021e+00   9.533101e-02 223200608270049440      10875       1504     0 2453974.537199  1.423500e+01  5.116343e-02  1.423500e+01  5.116343e-02 
   83724876   2.844929e+00   1.040502e-01   2.844929e+00   1.040502e-01 224200608270050460      20789        924     0 2453974.537917  1.386482e+01  3.970977e-02  1.386482e+01  3.970977e-02 
   83724876   1.920666e+00   9.419891e-02   1.920666e+00   9.419891e-02 223200608270050460      10879       1474     0 2453974.537917  1.429137e+01  5.325004e-02  1.429137e+01  5.325004e-02 
   83810842   2.836507e+00   9.955458e-02   2.836507e+00   9.955458e-02 224200608280043330      20793        901     0 2453975.532894  1.386804e+01  3.810687e-02  1.386804e+01  3.810687e-02 
   83810842   1.924563e+00   9.026898e-02   1.924563e+00   9.026898e-02 223200608280043330      10880       1505     0 2453975.532894  1.428917e+01  5.092515e-02  1.428917e+01  5.092515e-02 
   83810894   2.870686e+00   9.945533e-02   2.870686e+00   9.945533e-02 224200608280044250      20791        902     0 2453975.533495  1.385504e+01  3.761562e-02  1.385504e+01  3.761562e-02 
   83810894   1.858179e+00   9.045061e-02   1.858179e+00   9.045061e-02 223200608280044250      10881       1502     0 2453975.533495  1.432728e+01  5.285057e-02  1.432728e+01  5.285057e-02 
   83810965   1.903294e+00   9.058718e-02   1.903294e+00   9.058718e-02 223200608280045350      10881       1498     0 2453975.534317  1.430124e+01  5.167574e-02  1.430124e+01  5.167574e-02 
   83810966   2.809380e+00   9.882280e-02   2.809380e+00   9.882280e-02 224200608280045360      20791        905     0 2453975.534329  1.387847e+01  3.819201e-02  1.387847e+01  3.819201e-02 
   83811022   2.931593e+00   9.959068e-02   2.931593e+00   9.959068e-02 224200608280046320      20790        905     0 2453975.534977  1.383224e+01  3.688424e-02  1.383224e+01  3.688424e-02 
   83811022   1.951040e+00   9.165541e-02   1.951040e+00   9.165541e-02 223200608280046320      10881       1496     0 2453975.534977  1.427433e+01  5.100558e-02  1.427433e+01  5.100558e-02 
   84328675   3.234869e+00   2.646387e-01   3.234869e+00   2.646387e-01 224200609030034170      20797        964     0 2453981.526331  1.372536e+01  8.882239e-02  1.372536e+01  8.882239e-02 
   84328675   2.517797e+00   2.610352e-01   2.517797e+00   2.610352e-01 223200609030034170      10870       1433     0 2453981.526331  1.399745e+01  1.125652e-01  1.399745e+01  1.125652e-01 
   84328747   3.133738e+00   2.656314e-01   3.133738e+00   2.656314e-01 224200609030035290      20799        939     0 2453981.527164  1.375984e+01  9.203279e-02  1.375984e+01  9.203279e-02 
   84328747   2.840182e+00   2.620603e-01   2.840182e+00   2.620603e-01 223200609030035280      10867       1455     0 2453981.527164  1.386663e+01  1.001800e-01  1.386663e+01  1.001800e-01 
   84328814   2.623372e+00   2.774311e-01   2.623372e+00   2.774311e-01 224200609030036350      20797        964     0 2453981.527940  1.395285e+01  1.148210e-01  1.395285e+01  1.148210e-01 
   84328814   2.961672e+00   2.802219e-01   2.961672e+00   2.802219e-01 223200609030036350      10866       1420     0 2453981.527940  1.382116e+01  1.027285e-01  1.382116e+01  1.027285e-01 
   84328871   2.598789e+00   2.820554e-01   2.598789e+00   2.820554e-01 224200609030037320      20795        965     0 2453981.528600  1.396307e+01  1.178390e-01  1.396307e+01  1.178390e-01 
   84328871   2.477667e+00   2.714994e-01   2.477667e+00   2.714994e-01 223200609030037320      10868       1418     0 2453981.528600  1.401489e+01  1.189739e-01  1.401489e+01  1.189739e-01 
   84500242   2.933570e+00   3.986239e-01   2.933570e+00   3.986239e-01 224200609050013480      20792        911     0 2453983.512060  1.383151e+01  1.475342e-01  1.383151e+01  1.475342e-01 
   84500242   3.045027e+00   4.150715e-01   3.045027e+00   4.150715e-01 223200609050013480      10879       1496     0 2453983.512060  1.379102e+01  1.479986e-01  1.379102e+01  1.479986e-01 
   84500304   2.979327e+00   3.984171e-01   2.979327e+00   3.984171e-01 224200609050014500      20790        914     0 2453983.512778  1.381470e+01  1.451930e-01  1.381470e+01  1.451930e-01 
   84500304   2.756459e+00   4.124121e-01   2.756459e+00   4.124121e-01 223200609050014500      10879       1493     0 2453983.512778  1.389912e+01  1.624447e-01  1.389912e+01  1.624447e-01 
   84500382   2.874393e+00   3.987932e-01   2.874393e+00   3.987932e-01 224200609050016080      20793        891     0 2453983.513681  1.385363e+01  1.506356e-01  1.385363e+01  1.506356e-01 
   84500382   2.776898e+00   4.134085e-01   2.776898e+00   4.134085e-01 223200609050016080      10875       1515     0 2453983.513681  1.389110e+01  1.616387e-01  1.389110e+01  1.616387e-01 
   84844855   4.237302e+00   5.464354e-01   4.237302e+00   5.464354e-01 224200609082357310      20798        881     0 2453987.500637  1.343228e+01  1.400152e-01  1.343228e+01  1.400152e-01 
   84844855   2.659813e+00   5.791962e-01   2.659813e+00   5.791962e-01 223200609082357310      10888       1509     0 2453987.500637  1.393787e+01  2.364288e-01  1.393787e+01  2.364288e-01 
   84844911   3.043260e+00   5.764135e-01   3.043260e+00   5.764135e-01 223200609082358260      10889       1504     0 2453987.501285  1.379165e+01  2.056463e-01  1.379165e+01  2.056463e-01 
   84844912   3.881903e+00   5.540616e-01   3.881903e+00   5.540616e-01 224200609082358270      20796        883     0 2453987.501296  1.352739e+01  1.549670e-01  1.352739e+01  1.549670e-01 
   84844968   2.760420e+00   5.537763e-01   2.760420e+00   5.537763e-01 224200609082359230      20796        885     0 2453987.501944  1.389756e+01  2.178137e-01  1.389756e+01  2.178137e-01 
   84844968   2.952070e+00   5.759699e-01   2.952070e+00   5.759699e-01 223200609082359230      10888       1501     0 2453987.501944  1.382468e+01  2.118356e-01  1.382468e+01  2.118356e-01 
   84845030   2.247426e+00   5.548252e-01   2.247426e+00   5.548252e-01 224200609090000260      20795        886     0 2453987.502662  1.412079e+01  2.680382e-01  1.412079e+01  2.680382e-01 
   84845030   3.477374e+00   5.766869e-01   3.477374e+00   5.766869e-01 223200609090000260      10888       1499     0 2453987.502662  1.364687e+01  1.800589e-01  1.364687e+01  1.800589e-01 
   85017156   2.588001e+00   2.929800e-01   2.588001e+00   2.929800e-01 224200609102349160      20808        928     0 2453989.494861  1.396759e+01  1.229134e-01  1.396759e+01  1.229134e-01 
   85017156   2.611940e+00   3.029833e-01   2.611940e+00   3.029833e-01 223200609102349160      10864       1459     0 2453989.494861  1.395759e+01  1.259451e-01  1.395759e+01  1.259451e-01 
   85017223   2.365469e+00   3.863368e-01   2.365469e+00   3.863368e-01 224200609102350220      20805        927     0 2453989.495637  1.406521e+01  1.773269e-01  1.406521e+01  1.773269e-01 
   85017223   2.739799e+00   3.976557e-01   2.739799e+00   3.976557e-01 223200609102350220      10866       1457     0 2453989.495637  1.390570e+01  1.575848e-01  1.390570e+01  1.575848e-01 
   85017282   3.355045e+00   3.498750e-01   3.355045e+00   3.498750e-01 224200609102351210      20803        929     0 2453989.496319  1.368575e+01  1.132245e-01  1.368575e+01  1.132245e-01 
   85017282   2.989183e+00   3.485532e-01   2.989183e+00   3.485532e-01 223200609102351210      10866       1455     0 2453989.496319  1.381112e+01  1.266025e-01  1.381112e+01  1.266025e-01 
   85017340   2.660828e+00   3.398935e-01   2.660828e+00   3.398935e-01 224200609102352200      20803        930     0 2453989.496991  1.393746e+01  1.386921e-01  1.393746e+01  1.386921e-01 
   85017340   3.042577e+00   3.617870e-01   3.042577e+00   3.617870e-01 223200609102352200      10864       1448     0 2453989.496991  1.379190e+01  1.291032e-01  1.379190e+01  1.291032e-01 
   85361748   2.919100e+00   1.025695e-01   2.919100e+00   1.025695e-01 224200609142332380      20781        909     0 2453993.483194  1.383688e+01  3.815005e-02  1.383688e+01  3.815005e-02 
   85361748   1.971637e+00   9.425031e-02   1.971637e+00   9.425031e-02 223200609142332380      10866       1414     0 2453993.483194  1.426293e+01  5.190171e-02  1.426293e+01  5.190171e-02 
   85361801   2.755982e+00   1.030443e-01   2.755982e+00   1.030443e-01 224200609142333310      20776        910     0 2453993.483808  1.389931e+01  4.059507e-02  1.389931e+01  4.059507e-02 
   85361805   1.799495e+00   9.269706e-02   1.799495e+00   9.269706e-02 223200609142333360      10868       1411     0 2453993.483854  1.436212e+01  5.592955e-02  1.436212e+01  5.592955e-02 
   85361866   2.915382e+00   1.035539e-01   2.915382e+00   1.035539e-01 224200609142334370      20774        911     0 2453993.484560  1.383826e+01  3.856530e-02  1.383826e+01  3.856530e-02 
   85361866   1.865998e+00   9.286675e-02   1.865998e+00   9.286675e-02 223200609142334370      10868       1408     0 2453993.484560  1.432272e+01  5.403498e-02  1.432272e+01  5.403498e-02 
   85361941   2.857960e+00   1.034608e-01   2.857960e+00   1.034608e-01 224200609142335520      20777        887     0 2453993.485428  1.385986e+01  3.930478e-02  1.385986e+01  3.930478e-02 
   85361941   2.008898e+00   9.370729e-02   2.008898e+00   9.370729e-02 223200609142335520      10864       1430     0 2453993.485428  1.424261e+01  5.064557e-02  1.424261e+01  5.064557e-02 
   85620646   3.029170e+00   1.195199e-01   3.029170e+00   1.195199e-01 224200609172327440      20810        871     0 2453996.479699  1.379669e+01  4.283930e-02  1.379669e+01  4.283930e-02 
   85620646   2.070958e+00   1.061184e-01   2.070958e+00   1.061184e-01 223200609172327440      10837       1421     0 2453996.479699  1.420957e+01  5.563464e-02  1.420957e+01  5.563464e-02 
   85620705   2.957445e+00   1.198151e-01   2.957445e+00   1.198151e-01 224200609172328430      20807        873     0 2453996.480382  1.382271e+01  4.398663e-02  1.382271e+01  4.398663e-02 
   85620705   1.967488e+00   1.067611e-01   1.967488e+00   1.067611e-01 223200609172328430      10837       1417     0 2453996.480382  1.426522e+01  5.891510e-02  1.426522e+01  5.891510e-02 
   85620768   3.027758e+00   1.205710e-01   3.027758e+00   1.205710e-01 224200609172329460      20806        874     0 2453996.481111  1.379720e+01  4.323619e-02  1.379720e+01  4.323619e-02 
   85620768   2.052353e+00   1.074248e-01   2.052353e+00   1.074248e-01 223200609172329460      10837       1414     0 2453996.481111  1.421937e+01  5.683012e-02  1.421937e+01  5.683012e-02 
   85620822   3.000928e+00   1.209823e-01   3.000928e+00   1.209823e-01 224200609172330410      20805        876     0 2453996.481736  1.380686e+01  4.377155e-02  1.380686e+01  4.377155e-02 
   85620822   2.049778e+00   1.075612e-01   2.049778e+00   1.075612e-01 223200609172330410      10837       1411     0 2453996.481736  1.422073e+01  5.697371e-02  1.422073e+01  5.697371e-02 
   85706442   2.773401e+00   1.181281e-01   2.773401e+00   1.181281e-01 224200609182317440      20809        827     0 2453997.472708  1.389247e+01  4.624516e-02  1.389247e+01  4.624516e-02 
   85706442   1.943622e+00   1.035355e-01   1.943622e+00   1.035355e-01 223200609182317440      10840       1395     0 2453997.472708  1.427847e+01  5.783666e-02  1.427847e+01  5.783666e-02 
   85706505   2.899951e+00   1.173053e-01   2.899951e+00   1.173053e-01 224200609182318460      20802        852     0 2453997.473438  1.384402e+01  4.391905e-02  1.384402e+01  4.391905e-02 
   85706505   1.886136e+00   1.032029e-01   1.886136e+00   1.032029e-01 223200609182318460      10844       1371     0 2453997.473438  1.431107e+01  5.940799e-02  1.431107e+01  5.940799e-02 
   85706560   2.838331e+00   1.172703e-01   2.838331e+00   1.172703e-01 224200609182319420      20799        855     0 2453997.474074  1.386734e+01  4.485914e-02  1.386734e+01  4.485914e-02 
   85706560   1.795722e+00   1.023481e-01   1.795722e+00   1.023481e-01 223200609182319410      10845       1368     0 2453997.474074  1.436440e+01  6.188228e-02  1.436440e+01  6.188228e-02 
   85706637   1.985047e+00   1.027814e-01   1.985047e+00   1.027814e-01 223200609182320580      10841       1392     0 2453997.474965  1.425557e+01  5.621722e-02  1.425557e+01  5.621722e-02 
   85878756   2.929765e+00   1.128628e-01   2.929765e+00   1.128628e-01 224200609202309430      20784        872     0 2453999.467083  1.383292e+01  4.182577e-02  1.383292e+01  4.182577e-02 
   85878756   2.058198e+00   1.042514e-01   2.058198e+00   1.042514e-01 223200609202309430      10842       1447     0 2453999.467083  1.421628e+01  5.499465e-02  1.421628e+01  5.499465e-02 
   85878813   2.912813e+00   1.130641e-01   2.912813e+00   1.130641e-01 224200609202310410      20778        874     0 2453999.467743  1.383922e+01  4.214423e-02  1.383922e+01  4.214423e-02 
   85878813   1.982251e+00   1.034778e-01   1.982251e+00   1.034778e-01 223200609202310400      10844       1444     0 2453999.467743  1.425710e+01  5.667796e-02  1.425710e+01  5.667796e-02 
   85878874   2.780998e+00   1.132952e-01   2.780998e+00   1.132952e-01 224200609202311410      20775        877     0 2453999.468449  1.388950e+01  4.423200e-02  1.388950e+01  4.423200e-02 
   85878874   2.037359e+00   1.033083e-01   2.037359e+00   1.033083e-01 223200609202311410      10845       1442     0 2453999.468449  1.422733e+01  5.505459e-02  1.422733e+01  5.505459e-02 
   85878934   2.997067e+00   1.135927e-01   2.997067e+00   1.135927e-01 224200609202312420      20774        879     0 2453999.469144  1.380826e+01  4.115093e-02  1.380826e+01  4.115093e-02 
   85878934   2.052899e+00   1.032271e-01   2.052899e+00   1.032271e-01 223200609202312420      10846       1439     0 2453999.469144  1.421908e+01  5.459492e-02  1.421908e+01  5.459492e-02 
   85964879   3.017335e+00   1.087376e-01   3.017335e+00   1.087376e-01 224200609212305090      20778        894     0 2454000.463877  1.380094e+01  3.912750e-02  1.380094e+01  3.912750e-02 
   85964879   1.968230e+00   9.639612e-02   1.968230e+00   9.639612e-02 223200609212305090      10857       1442     0 2454000.463877  1.426481e+01  5.317523e-02  1.426481e+01  5.317523e-02 
   85965032   2.950245e+00   1.079578e-01   2.950245e+00   1.079578e-01 224200609212307420      20773        896     0 2454000.465648  1.382535e+01  3.973027e-02  1.382535e+01  3.973027e-02 
   85965032   1.998242e+00   9.589805e-02   1.998242e+00   9.589805e-02 223200609212307420      10859       1434     0 2454000.465648  1.424838e+01  5.210596e-02  1.424838e+01  5.210596e-02 
   85965095   2.837123e+00   1.073141e-01   2.837123e+00   1.073141e-01 224200609212308460      20771        898     0 2454000.466377  1.386780e+01  4.106808e-02  1.386780e+01  4.106808e-02 
   85965095   1.922431e+00   9.576655e-02   1.922431e+00   9.576655e-02 223200609212308460      10860       1432     0 2454000.466377  1.429037e+01  5.408652e-02  1.429037e+01  5.408652e-02 
   85965151   2.974482e+00   1.075342e-01   2.974482e+00   1.075342e-01 224200609212309410      20770        899     0 2454000.467025  1.381647e+01  3.925195e-02  1.381647e+01  3.925195e-02 
   85965151   2.127786e+00   9.655295e-02   2.127786e+00   9.655295e-02 223200609212309410      10860       1430     0 2454000.467025  1.418018e+01  4.926783e-02  1.418018e+01  4.926783e-02 
   86404993   2.807918e+00   1.058944e-01   2.807918e+00   1.058944e-01 224200609270120390      20880       1105     0 2454005.557789  1.387904e+01  4.094629e-02  1.387904e+01  4.094629e-02 
   86404993   1.971315e+00   9.864423e-02   1.971315e+00   9.864423e-02 223200609270120390      10722       1091     0 2454005.557789  1.426311e+01  5.433024e-02  1.426311e+01  5.433024e-02 
   86405052   3.023586e+00   1.081489e-01   3.023586e+00   1.081489e-01 224200609270121390      20876       1130     0 2454005.558472  1.379869e+01  3.883521e-02  1.379869e+01  3.883521e-02 
   86405054   1.875204e+00   9.906127e-02   1.875204e+00   9.906127e-02 223200609270121400      10726       1063     0 2454005.558495  1.431738e+01  5.735629e-02  1.431738e+01  5.735629e-02 
   86405122   2.865991e+00   1.084862e-01   2.865991e+00   1.084862e-01 224200609270122490      20876       1129     0 2454005.559282  1.385681e+01  4.109848e-02  1.385681e+01  4.109848e-02 
   86405122   1.982549e+00   1.000424e-01   1.982549e+00   1.000424e-01 223200609270122490      10724       1061     0 2454005.559282  1.425694e+01  5.478809e-02  1.425694e+01  5.478809e-02 
   86405181   3.050589e+00   1.094743e-01   3.050589e+00   1.094743e-01 224200609270123480      20876       1129     0 2454005.559965  1.378904e+01  3.896316e-02  1.378904e+01  3.896316e-02 
   86405183   2.091943e+00   1.004213e-01   2.091943e+00   1.004213e-01 223200609270123490      10724       1059     0 2454005.559988  1.419863e+01  5.211968e-02  1.419863e+01  5.211968e-02 
   87688165   1.870832e+00   8.075681e-02   1.870832e+00   8.075681e-02 223200610112147440      10519       1242     0 2454020.409317  1.431991e+01  4.686732e-02  1.431991e+01  4.686732e-02 
   87688239   1.873265e+00   8.058283e-02   1.873265e+00   8.058283e-02 223200610112148580      10522       1213     0 2454020.410174  1.431850e+01  4.670562e-02  1.431850e+01  4.670562e-02 
   87688293   1.969667e+00   8.140047e-02   1.969667e+00   8.140047e-02 223200610112149520      10522       1210     0 2454020.410799  1.426402e+01  4.487039e-02  1.426402e+01  4.487039e-02 
   87860510   1.981618e+00   8.989815e-02   1.981618e+00   8.989815e-02 223200610132140170      10482       1264     0 2454022.404051  1.425745e+01  4.925572e-02  1.425745e+01  4.925572e-02 
   87860577   2.006260e+00   9.031717e-02   2.006260e+00   9.031717e-02 223200610132141240      10482       1260     0 2454022.404826  1.424403e+01  4.887749e-02  1.424403e+01  4.887749e-02 
   87860633   2.024165e+00   9.083242e-02   2.024165e+00   9.083242e-02 223200610132142200      10481       1257     0 2454022.405475  1.423438e+01  4.872151e-02  1.423438e+01  4.872151e-02 
   87860693   2.070439e+00   9.061056e-02   2.070439e+00   9.061056e-02 223200610132143190      10481       1255     0 2454022.406169  1.420984e+01  4.751625e-02  1.420984e+01  4.751625e-02 
   88033123   1.953533e+00   8.525600e-02   1.953533e+00   8.525600e-02 223200610152137170      10478       1295     0 2454024.401887  1.427295e+01  4.738382e-02  1.427295e+01  4.738382e-02 
   88033184   2.004295e+00   8.635344e-02   2.004295e+00   8.635344e-02 223200610152138180      10477       1290     0 2454024.402593  1.424510e+01  4.677824e-02  1.424510e+01  4.677824e-02 
   88033239   2.009726e+00   8.647712e-02   2.009726e+00   8.647712e-02 223200610152139130      10476       1286     0 2454024.403229  1.424216e+01  4.671864e-02  1.424216e+01  4.671864e-02 
   88033298   1.987969e+00   8.544452e-02   1.987969e+00   8.544452e-02 223200610152140120      10476       1282     0 2454024.403912  1.425398e+01  4.666597e-02  1.425398e+01  4.666597e-02 
   88377445   1.933272e+00   8.811758e-02   1.933272e+00   8.811758e-02 223200610192116140      10462       1310     0 2454028.387095  1.428427e+01  4.948748e-02  1.428427e+01  4.948748e-02 
   88377497   2.098199e+00   8.997847e-02   2.098199e+00   8.997847e-02 223200610192117070      10462       1307     0 2454028.387697  1.419538e+01  4.656051e-02  1.419538e+01  4.656051e-02 
   88377582   2.013154e+00   8.965110e-02   2.013154e+00   8.965110e-02 223200610192118310      10457       1329     0 2454028.388681  1.424031e+01  4.835089e-02  1.424031e+01  4.835089e-02 
   88377644   1.970347e+00   8.918831e-02   1.970347e+00   8.918831e-02 223200610192119340      10457       1326     0 2454028.389398  1.426364e+01  4.914632e-02  1.426364e+01  4.914632e-02 
   88463610   2.050017e+00   8.781882e-02   2.050017e+00   8.781882e-02 223200610202112230      10485       1264     0 2454029.384375  1.422061e+01  4.651104e-02  1.422061e+01  4.651104e-02 
   88463682   2.008082e+00   8.727402e-02   2.008082e+00   8.727402e-02 223200610202113350      10482       1259     0 2454029.385208  1.424305e+01  4.718775e-02  1.424305e+01  4.718775e-02 
   88463745   2.034774e+00   8.821222e-02   2.034774e+00   8.821222e-02 223200610202114380      10482       1257     0 2454029.385937  1.422871e+01  4.706936e-02  1.422871e+01  4.706936e-02 
   88463804   1.922252e+00   8.721621e-02   1.922252e+00   8.721621e-02 223200610202115380      10482       1255     0 2454029.386620  1.429047e+01  4.926209e-02  1.429047e+01  4.926209e-02 
   88551558   2.039636e+00   9.510630e-02   2.039636e+00   9.510630e-02 223200610212138150      10481       1205     0 2454030.402292  1.422612e+01  5.062703e-02  1.422612e+01  5.062703e-02 
   88551690   2.102451e+00   9.501518e-02   2.102451e+00   9.501518e-02 223200610212140270      10477       1195     0 2454030.403819  1.419318e+01  4.906739e-02  1.419318e+01  4.906739e-02 
   88551762   2.201635e+00   9.620986e-02   2.201635e+00   9.620986e-02 223200610212141400      10472       1217     0 2454030.404653  1.414314e+01  4.744606e-02  1.414314e+01  4.744606e-02 
   88637620   2.254267e+00   1.050822e+00   2.254267e+00   1.050822e+00 223200610222132420      10478       1250     0 2454031.398380  1.411749e+01  5.061154e-01  1.411749e+01  5.061154e-01 
   88637693   4.277359e+00   1.314713e+00   4.277359e+00   1.314713e+00 223200610222133550      10478       1218     0 2454031.399225  1.342206e+01  3.337193e-01  1.342206e+01  3.337193e-01 
   88637768   2.743524e+00   1.333175e+00   2.743524e+00   1.333175e+00 223200610222135100      10474       1240     0 2454031.400093  1.390423e+01  5.275993e-01  1.390423e+01  5.275993e-01 
   88640081   3.069712e+00   2.042158e+00   3.069712e+00   2.042158e+00 223200610222213430      10471       1113     0 2454031.426863  1.378226e+01  7.222997e-01  1.378226e+01  7.222997e-01 
   88722110   2.071029e+00   8.981637e-02   2.071029e+00   8.981637e-02 223200610232100550      10469       1296     0 2454032.376273  1.420953e+01  4.708637e-02  1.420953e+01  4.708637e-02 
   88722164   1.987039e+00   8.987389e-02   1.987039e+00   8.987389e-02 223200610232101500      10469       1293     0 2454032.376898  1.425448e+01  4.910809e-02  1.425448e+01  4.910809e-02 
   88722226   1.946344e+00   8.982585e-02   1.946344e+00   8.982585e-02 223200610232102520      10469       1290     0 2454032.377616  1.427695e+01  5.010806e-02  1.427695e+01  5.010806e-02 
   88722293   2.074360e+00   9.067281e-02   2.074360e+00   9.067281e-02 223200610232103590      10470       1287     0 2454032.378391  1.420779e+01  4.745902e-02  1.420779e+01  4.745902e-02 
   88980555   2.104529e+00   1.020297e-01   2.104529e+00   1.020297e-01 223200610262048320      10470       1357     0 2454035.367535  1.419211e+01  5.263780e-02  1.419211e+01  5.263780e-02 
   88980609   2.105968e+00   1.021870e-01   2.105968e+00   1.021870e-01 223200610262049260      10470       1354     0 2454035.368160  1.419137e+01  5.268289e-02  1.419137e+01  5.268289e-02 
   88980669   1.963582e+00   1.013414e-01   1.963582e+00   1.013414e-01 223200610262050270      10470       1351     0 2454035.368854  1.426738e+01  5.603559e-02  1.426738e+01  5.603559e-02 
   88980733   2.613663e+00   1.022923e-01   2.613663e+00   1.022923e-01 223200610262051300      10466       1342     0 2454035.369595  1.395688e+01  4.249317e-02  1.395688e+01  4.249317e-02 
   89066671   2.009726e+00   1.123883e-01   2.009726e+00   1.123883e-01 223200610272043520      10491       1328     0 2454036.364248  1.424216e+01  6.071697e-02  1.424216e+01  6.071697e-02 
   89066734   2.262331e+00   1.137909e-01   2.262331e+00   1.137909e-01 223200610272044550      10490       1326     0 2454036.364977  1.411361e+01  5.461063e-02  1.411361e+01  5.461063e-02 
   89066790   2.235160e+00   1.143413e-01   2.235160e+00   1.143413e-01 223200610272045520      10489       1322     0 2454036.365625  1.412673e+01  5.554182e-02  1.412673e+01  5.554182e-02 
   89066855   2.221133e+00   1.141227e-01   2.221133e+00   1.141227e-01 223200610272046560      10489       1319     0 2454036.366377  1.413356e+01  5.578577e-02  1.413356e+01  5.578577e-02 
   89153003   2.221236e+00   1.470763e-01   2.221236e+00   1.470763e-01 223200610282042490      10476       1304     0 2454037.363461  1.413351e+01  7.189087e-02  1.413351e+01  7.189087e-02 
   89238990   2.460289e+00   1.544186e-01   2.460289e+00   1.544186e-01 223200610292035590      10468       1296     0 2454038.358681  1.402254e+01  6.814583e-02  1.402254e+01  6.814583e-02 
   89239045   2.494953e+00   1.554639e-01   2.494953e+00   1.554639e-01 223200610292036550      10469       1292     0 2454038.359317  1.400734e+01  6.765396e-02  1.400734e+01  6.765396e-02 
   89239092   2.462147e+00   1.554737e-01   2.462147e+00   1.554737e-01 223200610292037410      10468       1285     0 2454038.359861  1.402172e+01  6.855969e-02  1.402172e+01  6.855969e-02 
   89239170   2.280708e+00   1.541193e-01   2.280708e+00   1.541193e-01 223200610292038590      10467       1283     0 2454038.360764  1.410483e+01  7.336909e-02  1.410483e+01  7.336909e-02 
   89411365   3.169487e+00   2.433634e-01   3.169487e+00   2.433634e-01 223200610312029020      10462       1297     0 2454040.353762  1.374753e+01  8.336661e-02  1.374753e+01  8.336661e-02 
   89411438   3.079485e+00   2.468473e-01   3.079485e+00   2.468473e-01 223200610312030160      10458       1317     0 2454040.354606  1.377880e+01  8.703145e-02  1.377880e+01  8.703145e-02 
   89411508   3.191977e+00   2.505010e-01   3.191977e+00   2.505010e-01 223200610312031250      10461       1285     0 2454040.355417  1.373985e+01  8.520706e-02  1.373985e+01  8.520706e-02 
   89411565   2.797772e+00   2.457861e-01   2.797772e+00   2.457861e-01 223200610312032230      10461       1281     0 2454040.356076  1.388297e+01  9.538297e-02  1.388297e+01  9.538297e-02 
   89506224   3.015333e+00   2.554256e-01   3.015333e+00   2.554256e-01 223200611012250050      10391        922     0 2454041.451667  1.380166e+01  9.197187e-02  1.380166e+01  9.197187e-02 
   89506297   2.478273e+00   2.559219e-01   2.478273e+00   2.559219e-01 223200611012251190      10394        892     0 2454041.452512  1.401463e+01  1.121203e-01  1.401463e+01  1.121203e-01 
   89506354   2.537294e+00   2.563925e-01   2.537294e+00   2.563925e-01 223200611012252160      10393        889     0 2454041.453171  1.398907e+01  1.097136e-01  1.398907e+01  1.097136e-01 
   89506416   2.587472e+00   2.572635e-01   2.587472e+00   2.572635e-01 223200611012253170      10392        887     0 2454041.453889  1.396781e+01  1.079514e-01  1.396781e+01  1.079514e-01 
   89842126   2.609422e+00   3.598682e-01   2.609422e+00   3.598682e-01 223200611052008420      10473       1299     0 2454045.339421  1.395864e+01  1.497356e-01  1.395864e+01  1.497356e-01 
   89842184   2.311984e+00   3.588745e-01   2.311984e+00   3.588745e-01 223200611052009400      10473       1295     0 2454045.340093  1.409004e+01  1.685325e-01  1.409004e+01  1.685325e-01 
   89842257   2.594592e+00   3.613020e-01   2.594592e+00   3.613020e-01 223200611052010530      10473       1291     0 2454045.340937  1.396483e+01  1.511914e-01  1.396483e+01  1.511914e-01 
   89842316   2.684786e+00   3.607293e-01   2.684786e+00   3.607293e-01 223200611052011520      10473       1289     0 2454045.341620  1.392773e+01  1.458806e-01  1.392773e+01  1.458806e-01 
   89928310   2.831789e+00   2.759859e-01   2.831789e+00   2.759859e-01 223200611062005110      10476       1317     0 2454046.336921  1.386985e+01  1.058161e-01  1.386985e+01  1.058161e-01 
   89928379   2.864747e+00   2.731019e-01   2.864747e+00   2.731019e-01 223200611062006190      10476       1313     0 2454046.337720  1.385728e+01  1.035057e-01  1.385728e+01  1.035057e-01 
   89928433   2.337600e+00   2.721455e-01   2.337600e+00   2.721455e-01 223200611062007140      10477       1310     0 2454046.338345  1.407807e+01  1.264028e-01  1.407807e+01  1.264028e-01 
   89928497   2.689547e+00   2.756382e-01   2.689547e+00   2.756382e-01 223200611062008180      10476       1308     0 2454046.339086  1.392580e+01  1.112721e-01  1.392580e+01  1.112721e-01 
   90014498   2.076239e+00   1.755951e-01   2.076239e+00   1.755951e-01 223200611072001430      10483       1325     0 2454047.334468  1.420681e+01  9.182502e-02  1.420681e+01  9.182502e-02 
   90014552   2.438842e+00   1.809254e-01   2.438842e+00   1.809254e-01 223200611072002370      10484       1322     0 2454047.335093  1.403204e+01  8.054558e-02  1.403204e+01  8.054558e-02 
   90014641   2.565758e+00   1.609171e-01   2.565758e+00   1.609171e-01 223200611072004050      10479       1343     0 2454047.336123  1.397696e+01  6.809454e-02  1.397696e+01  6.809454e-02 
   90014703   2.406043e+00   1.659040e-01   2.406043e+00   1.659040e-01 223200611072005080      10478       1340     0 2454047.336840  1.404674e+01  7.486509e-02  1.404674e+01  7.486509e-02 
   90272987   1.975996e+00   9.847026e-02   1.975996e+00   9.847026e-02 223200611101950030      10480       1307     0 2454050.326238  1.426054e+01  5.410594e-02  1.426054e+01  5.410594e-02 
   90273041   1.987977e+00   9.921046e-02   1.987977e+00   9.921046e-02 223200611101950570      10480       1304     0 2454050.326863  1.425397e+01  5.418412e-02  1.425397e+01  5.418412e-02 
   90273089   1.891003e+00   1.011977e-01   1.891003e+00   1.011977e-01 223200611101951450      10479       1300     0 2454050.327419  1.430827e+01  5.810380e-02  1.430827e+01  5.810380e-02 
   90273154   2.107468e+00   9.838956e-02   2.107468e+00   9.838956e-02 223200611101952500      10478       1298     0 2454050.328171  1.419060e+01  5.068901e-02  1.419060e+01  5.068901e-02 
   90617602   2.064089e+00   9.447990e-02   2.064089e+00   9.447990e-02 223200611141933540      10470       1333     0 2454054.314838  1.421318e+01  4.969776e-02  1.421318e+01  4.969776e-02 
   90617664   2.053297e+00   9.392788e-02   2.053297e+00   9.392788e-02 223200611141934560      10470       1329     0 2454054.315556  1.421887e+01  4.966708e-02  1.421887e+01  4.966708e-02 
   90617724   2.035226e+00   9.418973e-02   2.035226e+00   9.418973e-02 223200611141935570      10474       1300     0 2454054.316250  1.422847e+01  5.024776e-02  1.422847e+01  5.024776e-02 
   90617775   2.010156e+00   9.355633e-02   2.010156e+00   9.355633e-02 223200611141936470      10474       1298     0 2454054.316840  1.424193e+01  5.053231e-02  1.424193e+01  5.053231e-02 
   93120143   2.722899e+00   2.157887e-01   2.722899e+00   2.157887e-01 223200612131844400      11142       1145     0 2454083.279433  1.391242e+01  8.604448e-02  1.391242e+01  8.604448e-02 
   93120202   2.470039e+00   2.012312e-01   2.470039e+00   2.012312e-01 223200612131845380      11143       1144     0 2454083.280116  1.401824e+01  8.845395e-02  1.401824e+01  8.845395e-02 
   93120278   2.346407e+00   1.818361e-01   2.346407e+00   1.818361e-01 223200612131846550      11139       1165     0 2454083.280995  1.407399e+01  8.414003e-02  1.407399e+01  8.414003e-02 
   93120342   2.713806e+00   1.725586e-01   2.713806e+00   1.725586e-01 223200612131847580      11142       1137     0 2454083.281736  1.391605e+01  6.903728e-02  1.391605e+01  6.903728e-02 
   93292977   2.933813e+00   2.576540e-01   2.933813e+00   2.576540e-01 223200612151845190      11116       1117     0 2454085.279826  1.383142e+01  9.535214e-02  1.383142e+01  9.535214e-02 
   93293031   2.521533e+00   2.423952e-01   2.521533e+00   2.423952e-01 223200612151846130      11115       1115     0 2454085.280451  1.399584e+01  1.043723e-01  1.399584e+01  1.043723e-01 
   93293085   2.681566e+00   2.286048e-01   2.681566e+00   2.286048e-01 223200612151847070      11114       1113     0 2454085.281076  1.392903e+01  9.255988e-02  1.392903e+01  9.255988e-02 
   93293139   2.663653e+00   2.156745e-01   2.663653e+00   2.156745e-01 223200612151848010      11114       1111     0 2454085.281701  1.393631e+01  8.791178e-02  1.393631e+01  8.791178e-02 
   93467318   1.960218e+00   1.040674e-01   1.960218e+00   1.040674e-01 223200612171911070      11466        939     0 2454087.297662  1.426924e+01  5.764164e-02  1.426924e+01  5.764164e-02 
   93467374   2.073816e+00   1.030878e-01   2.073816e+00   1.030878e-01 223200612171912030      11464        936     0 2454087.298310  1.420807e+01  5.397131e-02  1.420807e+01  5.397131e-02 
   93467434   2.227100e+00   1.029202e-01   2.227100e+00   1.029202e-01 223200612171913020      11463        934     0 2454087.299005  1.413065e+01  5.017490e-02  1.413065e+01  5.017490e-02 
   93467504   2.069518e+00   1.011634e-01   2.069518e+00   1.011634e-01 223200612171914130      11457        955     0 2454087.299815  1.421033e+01  5.307378e-02  1.421033e+01  5.307378e-02 
   93556675   1.923866e+00   9.341241e-02   1.923866e+00   9.341241e-02 223200612182000260      10527        874     0 2454088.331887  1.428956e+01  5.271760e-02  1.428956e+01  5.271760e-02 
   93556733   2.044654e+00   9.395604e-02   2.044654e+00   9.395604e-02 223200612182001250      10526        872     0 2454088.332558  1.422345e+01  4.989199e-02  1.422345e+01  4.989199e-02 
   93556802   2.113258e+00   9.485097e-02   2.113258e+00   9.485097e-02 223200612182002330      10525        870     0 2454088.333356  1.418762e+01  4.873210e-02  1.418762e+01  4.873210e-02 
   93556866   2.161070e+00   9.557425e-02   2.161070e+00   9.557425e-02 223200612182003370      10524        868     0 2454088.334097  1.416333e+01  4.801731e-02  1.416333e+01  4.801731e-02 
   93725375   2.680896e+00   2.138076e-01   2.680896e+00   2.138076e-01 223200612201852110      10585       1029     0 2454090.284433  1.392930e+01  8.659023e-02  1.392930e+01  8.659023e-02 
   93725434   2.615038e+00   2.010792e-01   2.615038e+00   2.010792e-01 223200612201853100      10584       1026     0 2454090.285116  1.395631e+01  8.348625e-02  1.395631e+01  8.348625e-02 
   93725491   2.434764e+00   1.888333e-01   2.434764e+00   1.888333e-01 223200612201854080      10583       1024     0 2454090.285775  1.403386e+01  8.420688e-02  1.403386e+01  8.420688e-02 
   93725553   2.595914e+00   1.775800e-01   2.595914e+00   1.775800e-01 223200612201855100      10583       1022     0 2454090.286493  1.396427e+01  7.427277e-02  1.396427e+01  7.427277e-02 
   94935179   2.900579e+00   3.639097e-01   2.900579e+00   3.639097e-01 224200701031856070      20024        763     0 2454104.286794  1.384379e+01  1.362181e-01  1.384379e+01  1.362181e-01 
   94935179   2.671427e+00   3.928828e-01   2.671427e+00   3.928828e-01 223200701031856070      10526        875     0 2454104.286794  1.393314e+01  1.596782e-01  1.393314e+01  1.596782e-01 
   94935245   2.974916e+00   3.593437e-01   2.974916e+00   3.593437e-01 224200701031857140      20023        763     0 2454104.287558  1.381631e+01  1.311479e-01  1.381631e+01  1.311479e-01 
   94935245   2.980013e+00   3.893099e-01   2.980013e+00   3.893099e-01 223200701031857140      10525        874     0 2454104.287558  1.381446e+01  1.418414e-01  1.381446e+01  1.418414e-01 
   94935303   2.527209e+00   3.545274e-01   2.527209e+00   3.545274e-01 224200701031858120      20023        763     0 2454104.288229  1.399340e+01  1.523121e-01  1.399340e+01  1.523121e-01 
   94935303   2.649187e+00   3.846015e-01   2.649187e+00   3.846015e-01 223200701031858120      10525        872     0 2454104.288229  1.394222e+01  1.576247e-01  1.394222e+01  1.576247e-01 
   94935368   2.704307e+00   3.498788e-01   2.704307e+00   3.498788e-01 224200701031859170      20024        762     0 2454104.288981  1.391986e+01  1.404712e-01  1.391986e+01  1.404712e-01 
   94935368   2.469373e+00   3.792719e-01   2.469373e+00   3.792719e-01 223200701031859170      10524        870     0 2454104.288981  1.401853e+01  1.667592e-01  1.401853e+01  1.667592e-01 
   95021608   2.851461e+00   2.744905e-01   2.851461e+00   2.744905e-01 224200701041856390      20026        747     0 2454105.287130  1.386233e+01  1.045167e-01  1.386233e+01  1.045167e-01 
   95021608   2.840757e+00   2.920782e-01   2.840757e+00   2.920782e-01 223200701041856390      10523        892     0 2454105.287130  1.386642e+01  1.116326e-01  1.386642e+01  1.116326e-01 
   95021680   2.767282e+00   2.603264e-01   2.767282e+00   2.603264e-01 224200701041857500      20022        772     0 2454105.287963  1.389487e+01  1.021388e-01  1.389487e+01  1.021388e-01 
   95021680   2.582539e+00   2.714086e-01   2.582539e+00   2.714086e-01 223200701041857500      10526        864     0 2454105.287963  1.396988e+01  1.141044e-01  1.396988e+01  1.141044e-01 
   95021745   2.898727e+00   2.500950e-01   2.898727e+00   2.500950e-01 224200701041858560      20022        772     0 2454105.288715  1.384448e+01  9.367497e-02  1.384448e+01  9.367497e-02 
   95021745   2.918746e+00   2.595307e-01   2.918746e+00   2.595307e-01 223200701041858560      10525        862     0 2454105.288715  1.383701e+01  9.654243e-02  1.383701e+01  9.654243e-02 
   95021801   3.265295e+00   2.427071e-01   3.265295e+00   2.427071e-01 224200701041859510      20023        772     0 2454105.289363  1.371519e+01  8.070231e-02  1.371519e+01  8.070231e-02 
   95021801   2.499639e+00   2.509353e-01   2.499639e+00   2.509353e-01 223200701041859510      10525        861     0 2454105.289363  1.400531e+01  1.089960e-01  1.400531e+01  1.089960e-01 
   95107909   3.261902e+00   2.342490e-01   3.261902e+00   2.342490e-01 224200701051855020      20045        785     0 2454106.285984  1.371632e+01  7.797091e-02  1.371632e+01  7.797091e-02 
   95107909   2.615148e+00   2.558378e-01   2.615148e+00   2.558378e-01 223200701051855020      10500        857     0 2454106.285984  1.395626e+01  1.062170e-01  1.395626e+01  1.062170e-01 
   95107965   2.999165e+00   2.214193e-01   2.999165e+00   2.214193e-01 224200701051855570      20045        785     0 2454106.286632  1.380750e+01  8.015691e-02  1.380750e+01  8.015691e-02 
   95107965   2.635134e+00   2.394275e-01   2.635134e+00   2.394275e-01 223200701051855570      10499        855     0 2454106.286632  1.394799e+01  9.865000e-02  1.394799e+01  9.865000e-02 
   95108019   2.829706e+00   2.093177e-01   2.829706e+00   2.093177e-01 224200701051856510      20045        785     0 2454106.287257  1.387065e+01  8.031386e-02  1.387065e+01  8.031386e-02 
   95108019   2.632648e+00   2.245418e-01   2.632648e+00   2.245418e-01 223200701051856510      10498        854     0 2454106.287257  1.394902e+01  9.260409e-02  1.394902e+01  9.260409e-02 
   95108073   2.439929e+00   1.981849e-01   2.439929e+00   1.981849e-01 224200701051857460      20046        785     0 2454106.287882  1.403156e+01  8.818998e-02  1.403156e+01  8.818998e-02 
   95108073   2.612770e+00   2.093248e-01   2.612770e+00   2.093248e-01 223200701051857460      10498        852     0 2454106.287882  1.395725e+01  8.698519e-02  1.395725e+01  8.698519e-02 
   95280697   2.968426e+00   2.130116e-01   2.968426e+00   2.130116e-01 224200701071854530      20066        772     0 2454108.285845  1.381868e+01  7.791171e-02  1.381868e+01  7.791171e-02 
   95280698   2.666180e+00   2.279321e-01   2.666180e+00   2.279321e-01 223200701071854540      10477        839     0 2454108.285856  1.393528e+01  9.282006e-02  1.393528e+01  9.282006e-02 
   95280827   2.975888e+00   1.898875e-01   2.975888e+00   1.898875e-01 224200701071857030      20054        715     0 2454108.287350  1.381596e+01  6.927963e-02  1.381596e+01  6.927963e-02 
   95280827   2.660052e+00   1.924842e-01   2.660052e+00   1.924842e-01 223200701071857030      10496        863     0 2454108.287350  1.393777e+01  7.856531e-02  1.393777e+01  7.856531e-02 
   95280883   3.061927e+00   1.801664e-01   3.061927e+00   1.801664e-01 224200701071857590      20055        716     0 2454108.287998  1.378501e+01  6.388585e-02  1.378501e+01  6.388585e-02 
   95280883   2.488568e+00   1.809424e-01   2.488568e+00   1.809424e-01 223200701071857590      10495        860     0 2454108.287998  1.401013e+01  7.894354e-02  1.401013e+01  7.894354e-02 
   95280939   2.846503e+00   1.713127e-01   2.846503e+00   1.713127e-01 224200701071858540      20055        716     0 2454108.288646  1.386422e+01  6.534373e-02  1.386422e+01  6.534373e-02 
   95280939   2.476087e+00   1.711331e-01   2.476087e+00   1.711331e-01 223200701071858540      10494        858     0 2454108.288646  1.401558e+01  7.504023e-02  1.401558e+01  7.504023e-02 
   95367160   2.713987e+00   2.320919e-01   2.713987e+00   2.320919e-01 224200701081855580      20063        793     0 2454109.286574  1.391598e+01  9.284917e-02  1.391598e+01  9.284917e-02 
   95367160   2.630047e+00   2.526574e-01   2.630047e+00   2.526574e-01 223200701081855580      10480        829     0 2454109.286574  1.395009e+01  1.043024e-01  1.395009e+01  1.043024e-01 
   95367214   2.594265e+00   2.194058e-01   2.594265e+00   2.194058e-01 224200701081856520      20063        792     0 2454109.287199  1.396496e+01  9.182471e-02  1.396496e+01  9.182471e-02 
   95367216   2.525440e+00   2.368910e-01   2.525440e+00   2.368910e-01 223200701081856530      10479        828     0 2454109.287222  1.399416e+01  1.018444e-01  1.399416e+01  1.018444e-01 
   95367271   2.811629e+00   2.074687e-01   2.811629e+00   2.074687e-01 224200701081857490      20063        792     0 2454109.287859  1.387760e+01  8.011623e-02  1.387760e+01  8.011623e-02 
   95367271   2.823303e+00   2.232676e-01   2.823303e+00   2.232676e-01 223200701081857490      10478        827     0 2454109.287859  1.387311e+01  8.586060e-02  1.387311e+01  8.586060e-02 
   95367327   2.851943e+00   1.963822e-01   2.851943e+00   1.963822e-01 224200701081858450      20063        791     0 2454109.288507  1.386215e+01  7.476304e-02  1.386215e+01  7.476304e-02 
   95367327   2.869471e+00   2.106822e-01   2.869471e+00   2.106822e-01 223200701081858450      10477        825     0 2454109.288507  1.385550e+01  7.971717e-02  1.385550e+01  7.971717e-02 
   95453546   2.997460e+00   2.324809e-01   2.997460e+00   2.324809e-01 224200701091855450      20058        813     0 2454110.286412  1.380812e+01  8.420923e-02  1.380812e+01  8.420923e-02 
   95453546   2.298422e+00   2.478082e-01   2.298422e+00   2.478082e-01 223200701091855450      10483        826     0 2454110.286412  1.409643e+01  1.170609e-01  1.409643e+01  1.170609e-01 
   95453602   2.885505e+00   2.206885e-01   2.885505e+00   2.206885e-01 224200701091856400      20057        812     0 2454110.287060  1.384945e+01  8.303931e-02  1.384945e+01  8.303931e-02 
   95453602   2.864541e+00   2.331319e-01   2.864541e+00   2.331319e-01 223200701091856400      10482        825     0 2454110.287060  1.385736e+01  8.836340e-02  1.385736e+01  8.836340e-02 
   95453656   2.806382e+00   2.085785e-01   2.806382e+00   2.085785e-01 224200701091857350      20057        812     0 2454110.287685  1.387963e+01  8.069535e-02  1.387963e+01  8.069535e-02 
   95453656   2.479318e+00   2.176061e-01   2.479318e+00   2.176061e-01 223200701091857350      10481        824     0 2454110.287685  1.401417e+01  9.529382e-02  1.401417e+01  9.529382e-02 
   95453712   3.159432e+00   1.978814e-01   3.159432e+00   1.978814e-01 224200701091858300      20058        812     0 2454110.288333  1.375098e+01  6.800202e-02  1.375098e+01  6.800202e-02 
   95453712   2.230601e+00   2.038282e-01   2.230601e+00   2.038282e-01 223200701091858300      10479        822     0 2454110.288333  1.412895e+01  9.921291e-02  1.412895e+01  9.921291e-02 
   95539935   2.782916e+00   2.282615e-01   2.782916e+00   2.282615e-01 224200701101855350      20063        820     0 2454111.286285  1.388875e+01  8.905499e-02  1.388875e+01  8.905499e-02 
   95539935   2.837052e+00   2.449739e-01   2.837052e+00   2.449739e-01 223200701101855350      10479        819     0 2454111.286285  1.386783e+01  9.375152e-02  1.386783e+01  9.375152e-02 
   95539989   2.283173e+00   2.285658e-01   2.283173e+00   2.285658e-01 223200701101856300      10479        819     0 2454111.286910  1.410365e+01  1.086922e-01  1.410365e+01  1.086922e-01 
   95540043   2.977488e+00   2.044048e-01   2.977488e+00   2.044048e-01 224200701101857240      20062        818     0 2454111.287535  1.381538e+01  7.453616e-02  1.381538e+01  7.453616e-02 
   95540043   2.691359e+00   2.140299e-01   2.691359e+00   2.140299e-01 223200701101857240      10478        817     0 2454111.287535  1.392507e+01  8.634330e-02  1.392507e+01  8.634330e-02 
   95540099   2.923723e+00   1.937795e-01   2.923723e+00   1.937795e-01 224200701101858190      20063        818     0 2454111.288183  1.383516e+01  7.196107e-02  1.383516e+01  7.196107e-02 
   95540099   2.496906e+00   2.014870e-01   2.496906e+00   2.014870e-01 223200701101858190      10477        816     0 2454111.288183  1.400649e+01  8.761347e-02  1.400649e+01  8.761347e-02 
   95626318   2.722562e+00   2.464788e-01   2.722562e+00   2.464788e-01 224200701111855200      20084        809     0 2454112.286088  1.391256e+01  9.829412e-02  1.391256e+01  9.829412e-02 
   95626319   2.868821e+00   2.529329e-01   2.868821e+00   2.529329e-01 223200701111855210      10461        799     0 2454112.286100  1.385574e+01  9.572552e-02  1.385574e+01  9.572552e-02 
   95626375   3.066061e+00   2.333737e-01   3.066061e+00   2.333737e-01 224200701111856160      20084        808     0 2454112.286748  1.378355e+01  8.264126e-02  1.378355e+01  8.264126e-02 
   95626375   2.707344e+00   2.370314e-01   2.707344e+00   2.370314e-01 223200701111856160      10461        798     0 2454112.286748  1.391864e+01  9.505792e-02  1.391864e+01  9.505792e-02 
   95626429   2.575557e+00   2.207554e-01   2.575557e+00   2.207554e-01 224200701111857110      20084        808     0 2454112.287373  1.397282e+01  9.306061e-02  1.397282e+01  9.306061e-02 
   95626429   2.447550e+00   2.224956e-01   2.447550e+00   2.224956e-01 223200701111857110      10460        797     0 2454112.287373  1.402817e+01  9.869967e-02  1.402817e+01  9.869967e-02 
   95626485   3.227760e+00   2.101074e-01   3.227760e+00   2.101074e-01 224200701111858070      20084        807     0 2454112.288021  1.372775e+01  7.067501e-02  1.372775e+01  7.067501e-02 
   95626485   2.735356e+00   2.104193e-01   2.735356e+00   2.104193e-01 223200701111858070      10460        796     0 2454112.288021  1.390746e+01  8.352137e-02  1.390746e+01  8.352137e-02 
   95712701   2.577877e+00   2.380330e-01   2.577877e+00   2.380330e-01 223200701121855050      10490        793     0 2454113.285891  1.397184e+01  1.002538e-01  1.397184e+01  1.002538e-01 
   95712703   3.333396e+00   2.308278e-01   3.333396e+00   2.308278e-01 224200701121855060      20056        810     0 2454113.285914  1.369278e+01  7.518427e-02  1.369278e+01  7.518427e-02 
   95712757   3.050540e+00   2.180442e-01   3.050540e+00   2.180442e-01 224200701121856000      20056        809     0 2454113.286539  1.378906e+01  7.760570e-02  1.378906e+01  7.760570e-02 
   95712757   2.702992e+00   2.231544e-01   2.702992e+00   2.231544e-01 223200701121856000      10489        793     0 2454113.286539  1.392039e+01  8.963683e-02  1.392039e+01  8.963683e-02 
   95712811   3.090855e+00   2.070105e-01   3.090855e+00   2.070105e-01 224200701121856550      20056        808     0 2454113.287164  1.377480e+01  7.271761e-02  1.377480e+01  7.271761e-02 
   95712811   2.536416e+00   2.100918e-01   2.536416e+00   2.100918e-01 223200701121856550      10489        792     0 2454113.287164  1.398945e+01  8.993202e-02  1.398945e+01  8.993202e-02 
   95712865   2.417508e+00   1.985304e-01   2.417508e+00   1.985304e-01 223200701121857490      10488        790     0 2454113.287789  1.404158e+01  8.916305e-02  1.404158e+01  8.916305e-02 
   95712867   2.712977e+00   1.964697e-01   2.712977e+00   1.964697e-01 224200701121857500      20056        808     0 2454113.287812  1.391638e+01  7.862765e-02  1.391638e+01  7.862765e-02 
   95799123   2.535885e+00   2.000510e-01   2.535885e+00   2.000510e-01 224200701131855270      20056        825     0 2454114.286146  1.398968e+01  8.565187e-02  1.398968e+01  8.565187e-02 
   95799123   2.585140e+00   2.118527e-01   2.585140e+00   2.118527e-01 223200701131855270      10486        809     0 2454114.286146  1.396879e+01  8.897657e-02  1.396879e+01  8.897657e-02 
   95799177   3.075164e+00   1.911005e-01   3.075164e+00   1.911005e-01 224200701131856210      20056        825     0 2454114.286771  1.378033e+01  6.747133e-02  1.378033e+01  6.747133e-02 
   95799177   2.514582e+00   1.996207e-01   2.514582e+00   1.996207e-01 223200701131856210      10486        807     0 2454114.286771  1.399884e+01  8.619173e-02  1.399884e+01  8.619173e-02 
   95799301   2.845478e+00   1.686249e-01   2.845478e+00   1.686249e-01 224200701131858250      20047        832     0 2454114.288206  1.386461e+01  6.434165e-02  1.386461e+01  6.434165e-02 
   95799301   2.589579e+00   1.756204e-01   2.589579e+00   1.756204e-01 223200701131858250      10487        811     0 2454114.288206  1.396693e+01  7.363283e-02  1.396693e+01  7.363283e-02 
   95799355   2.851571e+00   1.612851e-01   2.851571e+00   1.612851e-01 224200701131859190      20047        831     0 2454114.288831  1.386229e+01  6.140954e-02  1.386229e+01  6.140954e-02 
   95799355   2.284465e+00   1.657943e-01   2.284465e+00   1.657943e-01 223200701131859190      10486        809     0 2454114.288831  1.410304e+01  7.879723e-02  1.410304e+01  7.879723e-02 
   95885593   3.016329e+00   1.915139e-01   3.016329e+00   1.915139e-01 224200701141856390      20059        830     0 2454115.286956  1.380130e+01  6.893621e-02  1.380130e+01  6.893621e-02 
   95885593   2.723487e+00   1.977072e-01   2.723487e+00   1.977072e-01 223200701141856390      10481        787     0 2454115.286956  1.391219e+01  7.881758e-02  1.391219e+01  7.881758e-02 
   95885648   3.016322e+00   1.835456e-01   3.016322e+00   1.835456e-01 224200701141857330      20058        829     0 2454115.287593  1.380131e+01  6.606814e-02  1.380131e+01  6.606814e-02 
   95885649   2.535787e+00   1.849487e-01   2.535787e+00   1.849487e-01 223200701141857340      10481        786     0 2454115.287604  1.398972e+01  7.918888e-02  1.398972e+01  7.918888e-02 
   95885703   2.908835e+00   1.753279e-01   2.908835e+00   1.753279e-01 224200701141858280      20058        828     0 2454115.288229  1.384070e+01  6.544219e-02  1.384070e+01  6.544219e-02 
   95885703   2.421257e+00   1.736019e-01   2.421257e+00   1.736019e-01 223200701141858290      10481        785     0 2454115.288229  1.403990e+01  7.784657e-02  1.403990e+01  7.784657e-02 
   95885834   2.944247e+00   1.584250e-01   2.944247e+00   1.584250e-01 224200701141900400      20061        825     0 2454115.289745  1.382756e+01  5.842186e-02  1.382756e+01  5.842186e-02 
   95885835   2.249511e+00   1.530069e-01   2.249511e+00   1.530069e-01 223200701141900410      10478        786     0 2454115.289757  1.411978e+01  7.384971e-02  1.411978e+01  7.384971e-02 
  105941746   2.691393e+00   2.756614e-01   2.691393e+00   2.756614e-01 223200705110414520      10451       1612     0 2454231.677616  1.392506e+01  1.112051e-01  1.392506e+01  1.112051e-01 
  105941802   3.079299e+00   2.943448e-01   3.079299e+00   2.943448e-01 223200705110415490      10455       1611     0 2454231.678264  1.377887e+01  1.037840e-01  1.377887e+01  1.037840e-01 
  105941861   2.777420e+00   3.102234e-01   2.777420e+00   3.102234e-01 223200705110416470      10457       1610     0 2454231.678947  1.389090e+01  1.212716e-01  1.389090e+01  1.212716e-01 
  105941916   2.765701e+00   3.343278e-01   2.765701e+00   3.343278e-01 223200705110417430      10459       1610     0 2454231.679583  1.389549e+01  1.312482e-01  1.389549e+01  1.312482e-01 
  106027801   2.449279e+00   1.694722e-01   2.449279e+00   1.694722e-01 223200705120409040      10476       1588     0 2454232.673623  1.402740e+01  7.512528e-02  1.402740e+01  7.512528e-02 
  106027927   2.708026e+00   1.803368e-01   2.708026e+00   1.803368e-01 223200705120411090      10463       1600     0 2454232.675081  1.391837e+01  7.230315e-02  1.391837e+01  7.230315e-02 
  106027981   2.457798e+00   1.889323e-01   2.457798e+00   1.889323e-01 223200705120412040      10466       1600     0 2454232.675706  1.402363e+01  8.346145e-02  1.402363e+01  8.346145e-02 
  106028035   2.766529e+00   2.007117e-01   2.766529e+00   2.007117e-01 223200705120412580      10468       1599     0 2454232.676331  1.389516e+01  7.877044e-02  1.389516e+01  7.877044e-02 
  106114056   2.392775e+00   1.684945e-01   2.392775e+00   1.684945e-01 223200705130406340      10452       1612     0 2454233.671944  1.405275e+01  7.645569e-02  1.405275e+01  7.645569e-02 
  106114110   2.593660e+00   1.744421e-01   2.593660e+00   1.744421e-01 223200705130407290      10456       1611     0 2454233.672569  1.396522e+01  7.302373e-02  1.396522e+01  7.302373e-02 
  106114166   2.400595e+00   1.785005e-01   2.400595e+00   1.785005e-01 223200705130408240      10459       1611     0 2454233.673218  1.404920e+01  8.073212e-02  1.404920e+01  8.073212e-02 
  106114220   2.492862e+00   1.835021e-01   2.492862e+00   1.835021e-01 223200705130409190      10460       1611     0 2454233.673843  1.400825e+01  7.992245e-02  1.400825e+01  7.992245e-02 
  124569533   2.376827e+00   2.956783e-01   2.376827e+00   2.956783e-01 221200712121841060       9942       7343     0 2454447.277002  1.406001e+01  1.350665e-01  1.406001e+01  1.350665e-01 
  124569726   3.033967e+00   2.524162e-01   3.033967e+00   2.524162e-01 223200712121844190       9947       5646     0 2454447.279236  1.379497e+01  9.033006e-02  1.379497e+01  9.033006e-02 
  124570460   3.328587e+00   1.403831e-01   3.328587e+00   1.403831e-01 222200712121856320      13227      22654     0 2454447.287731  1.369435e+01  4.579107e-02  1.369435e+01  4.579107e-02 
  124571592   3.169362e+00   1.021561e-01   3.169362e+00   1.021561e-01 222200712121915250      13247      22609     0 2454447.300833  1.374757e+01  3.499598e-02  1.374757e+01  3.499598e-02 
  124571656   2.801919e+00   9.309372e-02   2.801919e+00   9.309372e-02 221200712121916280       9891       7468     0 2454447.301574  1.388136e+01  3.607370e-02  1.388136e+01  3.607370e-02 
  124571716   2.135634e+00   8.192005e-02   2.135634e+00   8.192005e-02 223200712121917280       9962       5609     0 2454447.302269  1.417618e+01  4.164752e-02  1.417618e+01  4.164752e-02 
  124572800   3.240177e+00   1.016957e-01   3.240177e+00   1.016957e-01 222200712121935320      13222      22632     0 2454447.314815  1.372358e+01  3.407688e-02  1.372358e+01  3.407688e-02 
  124572991   2.802232e+00   9.192558e-02   2.802232e+00   9.192558e-02 221200712121938430       9929       7537     0 2454447.317025  1.388124e+01  3.561707e-02  1.388124e+01  3.561707e-02 
  124573050   2.098034e+00   7.973631e-02   2.098034e+00   7.973631e-02 223200712121939430       9948       5536     0 2454447.317708  1.419547e+01  4.126383e-02  1.419547e+01  4.126383e-02 
