\OBJNAME = '1SWASP J001102.80-733644.3'
\OBSSTART = '2006-05-11T04:14:48'
\OBSSTOP = '2007-12-12T19:39:43'
\TSTART = 74405754
\TSTOP = 124573042
\JD_REF = 2453005.5
\RA_OBJ = '2.761686'
\DEC_OBJ = '-73.612319'
\WASP_MAG = 14.0949
\HJD_START = 2453866.677708
\HJD_STOP = 2454447.317616
\fixlen = T
\NUMRECORDS = 351
\
\ This file was produced by the NASA Exoplanet Archive  http://exoplanetarchive.ipac.caltech.edu 
\ Thu Sep 12, 20:32:37 2013
\ Documentation for the SuperWASP dataset can be found at http://exoplanetarchive.ipac.caltech.edu/docs/SuperWASPMission.html
\
|TMID      |FLUX2         |FLUX2_ERR     |TAMFLUX2      |TAMFLUX2_ERR  |IMAGEID           |CCDX      |CCDY      |FLAG |           HJD|         MAG2|     MAG2_ERR|      TAMMAG2|  TAMMAG2_ERR|
|int       |float         |float         |float         |float         |char              |int       |int       |int  |        double|        float|        float|        float|        float|
|sec       |micro Vega    |micro Vega    |micro Vega    |micro Vega    |                  |1/16 pixel|1/16 pixel|     |           day|          mag|          mag|          mag|          mag|
|null      |null          |null          |null          |null          |null              |null      |null      |null |          null|         null|         null|         null|         null|
   74405754   2.448497e+00   2.178470e-01   2.448497e+00   2.178470e-01 223200605110414480       4915       3181     0 2453866.677708  1.402775e+01  9.660017e-02  1.402775e+01  9.660017e-02 
   74405807   2.586957e+00   2.400447e-01   2.586957e+00   2.400447e-01 223200605110415410       4920       3178     0 2453866.678322  1.396803e+01  1.007462e-01  1.396803e+01  1.007462e-01 
   74405891   2.932484e+00   2.705526e-01   2.932484e+00   2.705526e-01 223200605110417040       4925       3176     0 2453866.679294  1.383191e+01  1.001710e-01  1.383191e+01  1.001710e-01 
   74405956   2.254093e+00   3.010521e-01   2.254093e+00   3.010521e-01 223200605110418100       4933       3152     0 2453866.680046  1.411757e+01  1.450092e-01  1.411757e+01  1.450092e-01 
   74491867   2.801443e+00   2.392096e-01   2.801443e+00   2.392096e-01 223200605120409570       4937       3114     0 2453867.674387  1.388155e+01  9.270914e-02  1.388155e+01  9.270914e-02 
   74492005   2.341196e+00   2.515214e-01   2.341196e+00   2.515214e-01 223200605120412150       4946       3111     0 2453867.675984  1.407641e+01  1.166441e-01  1.407641e+01  1.166441e-01 
   74492058   2.988257e+00   2.626684e-01   2.988257e+00   2.626684e-01 223200605120413070       4949       3110     0 2453867.676597  1.381145e+01  9.543675e-02  1.381145e+01  9.543675e-02 
   74750449   3.005491e+00   3.393526e-01   3.005491e+00   3.393526e-01 223200605150359270       4939       3113     0 2453870.667234  1.380521e+01  1.225918e-01  1.380521e+01  1.225918e-01 
   74750503   2.926552e+00   3.384857e-01   2.926552e+00   3.384857e-01 223200605150400210       4943       3113     0 2453870.667859  1.383411e+01  1.255770e-01  1.383411e+01  1.255770e-01 
   75613649   2.465167e+00   1.280171e-01   2.465167e+00   1.280171e-01 223200605250345300       5012       3126     0 2453880.657975  1.402038e+01  5.638290e-02  1.402038e+01  5.638290e-02 
   75613712   2.369208e+00   1.259672e-01   2.369208e+00   1.259672e-01 223200605250346340       5022       3100     0 2453880.658704  1.406349e+01  5.772713e-02  1.406349e+01  5.772713e-02 
   75613770   2.327388e+00   1.259998e-01   2.327388e+00   1.259998e-01 223200605250347310       5025       3098     0 2453880.659375  1.408283e+01  5.877963e-02  1.408283e+01  5.877963e-02 
   75613838   2.283563e+00   1.241401e-01   2.283563e+00   1.241401e-01 223200605250348400       5023       3119     0 2453880.660162  1.410347e+01  5.902347e-02  1.410347e+01  5.902347e-02 
   75700103   2.226429e+00   1.247326e-01   2.226429e+00   1.247326e-01 223200605260346210       5032       3116     0 2453881.658600  1.413098e+01  6.082708e-02  1.413098e+01  6.082708e-02 
   75700166   2.222792e+00   1.212023e-01   2.222792e+00   1.212023e-01 223200605260347250       5039       3087     0 2453881.659329  1.413275e+01  5.920219e-02  1.413275e+01  5.920219e-02 
   75700233   2.180219e+00   1.223008e-01   2.180219e+00   1.223008e-01 223200605260348310       5038       3109     0 2453881.660104  1.415375e+01  6.090530e-02  1.415375e+01  6.090530e-02 
   75700302   2.147119e+00   1.228948e-01   2.147119e+00   1.228948e-01 223200605260349400       5044       3081     0 2453881.660903  1.417036e+01  6.214459e-02  1.417036e+01  6.214459e-02 
   76132322   2.065361e+00   1.032510e-01   2.065361e+00   1.032510e-01 223200605310349440       5096       3087     0 2453886.661134  1.421251e+01  5.427804e-02  1.421251e+01  5.427804e-02 
   76132389   1.992849e+00   1.022396e-01   1.992849e+00   1.022396e-01 223200605310350510       5103       3058     0 2453886.661910  1.425131e+01  5.570195e-02  1.425131e+01  5.570195e-02 
   76132438   2.065544e+00   1.018073e-01   2.065544e+00   1.018073e-01 223200605310351390       5104       3057     0 2453886.662477  1.421241e+01  5.351433e-02  1.421241e+01  5.351433e-02 
   76132500   2.015487e+00   1.020456e-01   2.015487e+00   1.020456e-01 223200605310352410       5107       3056     0 2453886.663194  1.423905e+01  5.497180e-02  1.423905e+01  5.497180e-02 
   76218793   2.034468e+00   1.060746e-01   2.034468e+00   1.060746e-01 223200606010350510       5114       3050     0 2453887.661956  1.422887e+01  5.660911e-02  1.422887e+01  5.660911e-02 
   76218861   1.990373e+00   1.055941e-01   1.990373e+00   1.055941e-01 223200606010351580       5114       3071     0 2453887.662743  1.425266e+01  5.760113e-02  1.425266e+01  5.760113e-02 
   76218931   2.132334e+00   1.055748e-01   2.132334e+00   1.055748e-01 223200606010353090       5117       3069     0 2453887.663553  1.417786e+01  5.375648e-02  1.417786e+01  5.375648e-02 
   76219017   2.019696e+00   1.064763e-01   2.019696e+00   1.064763e-01 223200606010354350       5125       3043     0 2453887.664549  1.423678e+01  5.723913e-02  1.423678e+01  5.723913e-02 
   76478199   2.218143e+00   1.140713e-01   2.218143e+00   1.140713e-01 223200606040354060       5125       3042     0 2453890.664340  1.413503e+01  5.583579e-02  1.413503e+01  5.583579e-02 
   76478272   2.220742e+00   1.145976e-01   2.220742e+00   1.145976e-01 223200606040355190       5125       3062     0 2453890.665185  1.413375e+01  5.602778e-02  1.413375e+01  5.602778e-02 
   76478348   2.136330e+00   1.151524e-01   2.136330e+00   1.151524e-01 223200606040356360       5133       3034     0 2453890.666065  1.417583e+01  5.852351e-02  1.417583e+01  5.852351e-02 
   76478401   2.163356e+00   1.153798e-01   2.163356e+00   1.153798e-01 223200606040357280       5135       3032     0 2453890.666678  1.416218e+01  5.790653e-02  1.416218e+01  5.790653e-02 
   76564600   2.134536e+00   2.682079e-01   2.134536e+00   2.682079e-01 223200606050354050       5156       3025     0 2453891.664352  1.417674e+01  1.364250e-01  1.417674e+01  1.364250e-01 
   76564660   1.998499e+00   2.730226e-01   1.998499e+00   2.730226e-01 223200606050355050       5159       3022     0 2453891.665046  1.424824e+01  1.483271e-01  1.424824e+01  1.483271e-01 
   76650912   1.996465e+00   1.023663e-01   1.996465e+00   1.023663e-01 223200606060352330       5140       3022     0 2453892.663333  1.424935e+01  5.567000e-02  1.424935e+01  5.567000e-02 
   76651046   2.021382e+00   1.056702e-01   2.021382e+00   1.056702e-01 223200606060354480       5147       3021     0 2453892.664884  1.423588e+01  5.675837e-02  1.423588e+01  5.675837e-02 
   76651102   2.013287e+00   1.047253e-01   2.013287e+00   1.047253e-01 223200606060355430       5150       3018     0 2453892.665532  1.424024e+01  5.647702e-02  1.424024e+01  5.647702e-02 
   76651178   2.112599e+00   1.040833e-01   2.112599e+00   1.040833e-01 223200606060357000       5147       3039     0 2453892.666412  1.418796e+01  5.349214e-02  1.418796e+01  5.349214e-02 
   76737406   2.105811e+00   1.084503e-01   2.105811e+00   1.084503e-01 223200606070354040       5151       3025     0 2453893.664421  1.419145e+01  5.591611e-02  1.419145e+01  5.591611e-02 
   76737459   2.109356e+00   1.067624e-01   2.109356e+00   1.067624e-01 223200606070354570       5154       3023     0 2453893.665035  1.418962e+01  5.495339e-02  1.418962e+01  5.495339e-02 
   76737514   2.103537e+00   1.073939e-01   2.103537e+00   1.073939e-01 223200606070355530       5155       3020     0 2453893.665671  1.419262e+01  5.543131e-02  1.419262e+01  5.543131e-02 
   76737570   2.002239e+00   1.081527e-01   2.002239e+00   1.081527e-01 223200606070356480       5157       3019     0 2453893.666319  1.424621e+01  5.864719e-02  1.424621e+01  5.864719e-02 
   76823796   2.088419e+00   1.076589e-01   2.088419e+00   1.076589e-01 223200606080353510       5177       3023     0 2453894.664306  1.420046e+01  5.597037e-02  1.420046e+01  5.597037e-02 
   76823855   2.095340e+00   1.075816e-01   2.095340e+00   1.075816e-01 223200606080354510       5181       3020     0 2453894.664988  1.419686e+01  5.574546e-02  1.419686e+01  5.574546e-02 
   76823914   2.120514e+00   1.081137e-01   2.120514e+00   1.081137e-01 223200606080355500       5183       3018     0 2453894.665671  1.418390e+01  5.535607e-02  1.418390e+01  5.535607e-02 
   76824000   2.211032e+00   1.074134e-01   2.211032e+00   1.074134e-01 223200606080357160       5181       3039     0 2453894.666667  1.413851e+01  5.274599e-02  1.413851e+01  5.274599e-02 
   76910222   2.069964e+00   1.043252e-01   2.069964e+00   1.043252e-01 223200606090354140       5173       3010     0 2453895.664606  1.421009e+01  5.472079e-02  1.421009e+01  5.472079e-02 
   76910276   1.934959e+00   1.038902e-01   1.934959e+00   1.038902e-01 223200606090355080       5176       3008     0 2453895.665231  1.428332e+01  5.829467e-02  1.428332e+01  5.829467e-02 
   76910360   2.014948e+00   1.052921e-01   2.014948e+00   1.052921e-01 223200606090356320       5174       3028     0 2453895.666204  1.423934e+01  5.673588e-02  1.423934e+01  5.673588e-02 
   76910432   2.015316e+00   1.039802e-01   2.015316e+00   1.039802e-01 223200606090357440       5180       3003     0 2453895.667037  1.423914e+01  5.601875e-02  1.423914e+01  5.601875e-02 
   76996577   2.667116e+00   2.184714e-01   2.667116e+00   2.184714e-01 223200606100353270       5179       3011     0 2453896.664086  1.393490e+01  8.893617e-02  1.393490e+01  8.893617e-02 
   76996642   2.626539e+00   2.119442e-01   2.626539e+00   2.119442e-01 223200606100354320       5182       3007     0 2453896.664838  1.395154e+01  8.761199e-02  1.395154e+01  8.761199e-02 
   76996703   2.527208e+00   2.096536e-01   2.527208e+00   2.096536e-01 223200606100355320       5184       3005     0 2453896.665544  1.399340e+01  9.007145e-02  1.399340e+01  9.007145e-02 
   76996758   2.818472e+00   2.094071e-01   2.818472e+00   2.094071e-01 223200606100356270       5186       3004     0 2453896.666181  1.387497e+01  8.066842e-02  1.387497e+01  8.066842e-02 
   77082997   2.876925e+00   3.696719e-01   2.876925e+00   3.696719e-01 223200606110353440       5191       3000     0 2453897.664317  1.385268e+01  1.395127e-01  1.385268e+01  1.395127e-01 
   77083074   3.362364e+00   3.708467e-01   3.362364e+00   3.708467e-01 223200606110355000       5191       3020     0 2453897.665208  1.368339e+01  1.197500e-01  1.368339e+01  1.197500e-01 
   77083155   3.321597e+00   3.627024e-01   3.321597e+00   3.627024e-01 223200606110356210       5198       2993     0 2453897.666146  1.369663e+01  1.185576e-01  1.369663e+01  1.185576e-01 
   77083209   2.532704e+00   3.613808e-01   2.532704e+00   3.613808e-01 223200606110357160       5199       2991     0 2453897.666771  1.399104e+01  1.549197e-01  1.399104e+01  1.549197e-01 
   77169443   2.265430e+00   4.584916e-01   2.265430e+00   4.584916e-01 223200606120354260       5201       2986     0 2453898.664850  1.411212e+01  2.197387e-01  1.411212e+01  2.197387e-01 
   77514688   3.767820e+00   2.095902e+00   3.767820e+00   2.095902e+00 223200606160348210       5200       2957     0 2453902.660741  1.355977e+01  6.039578e-01  1.355977e+01  6.039578e-01 
   77514753   5.460142e+00   2.661865e+00   5.460142e+00   2.661865e+00 223200606160349260       5202       2955     0 2453902.661493  1.315699e+01  5.293073e-01  1.315699e+01  5.293073e-01 
   77601373   2.437399e+00   1.838297e-01   2.437399e+00   1.838297e-01 223200606170353030       5214       2941     0 2453903.664039  1.403268e+01  8.188701e-02  1.403268e+01  8.188701e-02 
   77601443   2.738966e+00   1.847123e-01   2.738966e+00   1.847123e-01 223200606170354120       5212       2962     0 2453903.664850  1.390603e+01  7.322091e-02  1.390603e+01  7.322091e-02 
   77601513   2.520357e+00   1.828015e-01   2.520357e+00   1.828015e-01 223200606170355220       5213       2960     0 2453903.665660  1.399634e+01  7.874873e-02  1.399634e+01  7.874873e-02 
   77601570   2.661218e+00   1.860125e-01   2.661218e+00   1.860125e-01 223200606170356190       5219       2934     0 2453903.666319  1.393730e+01  7.589050e-02  1.393730e+01  7.589050e-02 
   77687716   2.298535e+00   1.580607e-01   2.298535e+00   1.580607e-01 223200606180352030       5234       2934     0 2453904.663380  1.409637e+01  7.466181e-02  1.409637e+01  7.466181e-02 
   77687759   2.555288e+00   1.581229e-01   2.555288e+00   1.581229e-01 223200606180352470       5236       2933     0 2453904.663877  1.398140e+01  6.718630e-02  1.398140e+01  6.718630e-02 
   77687827   2.441543e+00   1.580167e-01   2.441543e+00   1.580167e-01 223200606180353550       5237       2931     0 2453904.664664  1.403084e+01  7.026909e-02  1.403084e+01  7.026909e-02 
   77687878   2.593764e+00   1.578299e-01   2.593764e+00   1.578299e-01 223200606180354460       5238       2930     0 2453904.665255  1.396517e+01  6.606702e-02  1.396517e+01  6.606702e-02 
   77774353   2.274626e+00   1.321327e-01   2.274626e+00   1.321327e-01 223200606190355570       5280       2915     0 2453905.666123  1.410773e+01  6.307049e-02  1.410773e+01  6.307049e-02 
   77774409   2.267028e+00   1.318444e-01   2.267028e+00   1.318444e-01 223200606190356530       5280       2915     0 2453905.666771  1.411136e+01  6.314380e-02  1.411136e+01  6.314380e-02 
   77774471   2.298403e+00   1.316769e-01   2.298403e+00   1.316769e-01 223200606190357560       5279       2914     0 2453905.667488  1.409643e+01  6.220271e-02  1.409643e+01  6.220271e-02 
   77774536   2.417737e+00   1.335615e-01   2.417737e+00   1.335615e-01 223200606190359000       5274       2938     0 2453905.668241  1.404148e+01  5.997884e-02  1.404148e+01  5.997884e-02 
   77860766   2.259869e+00   1.140773e-01   2.259869e+00   1.140773e-01 223200606200356080       5264       2909     0 2453906.666273  1.411479e+01  5.480775e-02  1.411479e+01  5.480775e-02 
   77860825   2.266437e+00   1.146039e-01   2.266437e+00   1.146039e-01 223200606200357080       5264       2909     0 2453906.666956  1.411164e+01  5.490115e-02  1.411164e+01  5.490115e-02 
   77860889   2.230212e+00   1.139110e-01   2.230212e+00   1.139110e-01 223200606200358110       5264       2909     0 2453906.667697  1.412913e+01  5.545557e-02  1.412913e+01  5.545557e-02 
   77860954   2.265448e+00   1.160989e-01   2.265448e+00   1.160989e-01 223200606200359170       5259       2934     0 2453906.668449  1.411211e+01  5.564164e-02  1.411211e+01  5.564164e-02 
   77947077   2.144254e+00   1.190432e-01   2.144254e+00   1.190432e-01 223200606210354360       5259       2908     0 2453907.665243  1.417181e+01  6.027733e-02  1.417181e+01  6.027733e-02 
   77947131   2.197010e+00   1.185180e-01   2.197010e+00   1.185180e-01 223200606210355300       5259       2909     0 2453907.665868  1.414542e+01  5.857041e-02  1.414542e+01  5.857041e-02 
   77947209   2.239562e+00   1.201892e-01   2.239562e+00   1.201892e-01 223200606210356480       5255       2932     0 2453907.666771  1.412459e+01  5.826774e-02  1.412459e+01  5.826774e-02 
   77947276   2.235166e+00   1.189141e-01   2.235166e+00   1.189141e-01 223200606210357550       5259       2909     0 2453907.667546  1.412673e+01  5.776297e-02  1.412673e+01  5.776297e-02 
   78119986   2.098666e+00   1.042562e-01   2.098666e+00   1.042562e-01 223200606230356210       5250       2888     0 2453909.666505  1.419514e+01  5.393669e-02  1.419514e+01  5.393669e-02 
   78120040   1.964987e+00   1.034845e-01   1.964987e+00   1.034845e-01 223200606230357150       5249       2890     0 2453909.667130  1.426660e+01  5.717967e-02  1.426660e+01  5.717967e-02 
   78120188   1.983382e+00   1.021684e-01   1.983382e+00   1.021684e-01 223200606230359440       5247       2897     0 2453909.668843  1.425648e+01  5.592885e-02  1.425648e+01  5.592885e-02 
   78120250   1.843465e+00   1.023409e-01   1.843465e+00   1.023409e-01 223200606230400460       5249       2876     0 2453909.669560  1.433591e+01  6.027541e-02  1.433591e+01  6.027541e-02 
   78206446   2.284728e+00   1.112945e-01   2.284728e+00   1.112945e-01 223200606240357190       5269       2874     0 2453910.667199  1.410291e+01  5.288895e-02  1.410291e+01  5.288895e-02 
   78206505   2.196539e+00   1.084859e-01   2.196539e+00   1.084859e-01 223200606240358180       5266       2878     0 2453910.667882  1.414565e+01  5.362414e-02  1.414565e+01  5.362414e-02 
   78206580   2.158889e+00   1.092229e-01   2.158889e+00   1.092229e-01 223200606240359320       5257       2906     0 2453910.668750  1.416442e+01  5.492998e-02  1.416442e+01  5.492998e-02 
   78206639   2.246913e+00   1.105849e-01   2.246913e+00   1.105849e-01 223200606240400310       5252       2891     0 2453910.669433  1.412103e+01  5.343619e-02  1.412103e+01  5.343619e-02 
   78292885   2.003325e+00   1.000263e-01   2.003325e+00   1.000263e-01 223200606250357560       5271       2857     0 2453911.667650  1.424562e+01  5.421117e-02  1.424562e+01  5.421117e-02 
   78292939   1.940349e+00   9.839732e-02   1.940349e+00   9.839732e-02 223200606250358490       5264       2864     0 2453911.668275  1.428030e+01  5.505912e-02  1.428030e+01  5.505912e-02 
   78292990   2.104290e+00   1.010256e-01   2.104290e+00   1.010256e-01 223200606250359400       5254       2878     0 2453911.668866  1.419224e+01  5.212568e-02  1.419224e+01  5.212568e-02 
   78293052   2.127793e+00   1.016383e-01   2.127793e+00   1.016383e-01 223200606250400430       5255       2876     0 2453911.669583  1.418018e+01  5.186255e-02  1.418018e+01  5.186255e-02 
   78724952   1.952091e+00   1.011958e-01   1.952091e+00   1.011958e-01 223200606300358520       5278       2859     0 2453916.668426  1.427375e+01  5.628445e-02  1.427375e+01  5.628445e-02 
   78725029   2.100637e+00   1.013670e-01   2.100637e+00   1.013670e-01 223200606300400090       5284       2832     0 2453916.669317  1.419412e+01  5.239275e-02  1.419412e+01  5.239275e-02 
   78725076   2.025424e+00   1.013970e-01   2.025424e+00   1.013970e-01 223200606300400570       5285       2830     0 2453916.669861  1.423371e+01  5.435447e-02  1.423371e+01  5.435447e-02 
   78725140   2.018427e+00   1.019739e-01   2.018427e+00   1.019739e-01 223200606300402000       5286       2828     0 2453916.670602  1.423747e+01  5.485319e-02  1.423747e+01  5.485319e-02 
   78811388   2.174361e+00   1.071089e-01   2.174361e+00   1.071089e-01 223200607010359260       5278       2825     0 2453917.668843  1.415667e+01  5.348350e-02  1.415667e+01  5.348350e-02 
   78811467   2.092120e+00   1.060228e-01   2.092120e+00   1.060228e-01 223200607010400450       5275       2845     0 2453917.669757  1.419853e+01  5.502227e-02  1.419853e+01  5.502227e-02 
   78811532   1.931941e+00   1.043748e-01   1.931941e+00   1.043748e-01 223200607010401510       5280       2819     0 2453917.670509  1.428502e+01  5.865804e-02  1.428502e+01  5.865804e-02 
   78811583   1.954964e+00   1.041363e-01   1.954964e+00   1.041363e-01 223200607010402420       5281       2817     0 2453917.671100  1.427215e+01  5.783482e-02  1.427215e+01  5.783482e-02 
   78897858   4.598333e+00   5.376642e-01   4.598333e+00   5.376642e-01 223200607020400340       5290       2813     0 2453918.669653  1.334350e+01  1.269511e-01  1.334350e+01  1.269511e-01 
   78897912   2.037627e+00   3.082343e-01   2.037627e+00   3.082343e-01 223200607020401280       5290       2810     0 2453918.670278  1.422719e+01  1.642412e-01  1.422719e+01  1.642412e-01 
   78984201   2.031529e+00   9.885552e-02   2.031529e+00   9.885552e-02 223200607030359350       5296       2800     0 2453919.668993  1.423044e+01  5.283282e-02  1.423044e+01  5.283282e-02 
   78984255   1.892054e+00   9.763350e-02   1.892054e+00   9.763350e-02 223200607030400290       5298       2798     0 2453919.669618  1.430767e+01  5.602621e-02  1.430767e+01  5.602621e-02 
   78984313   2.009105e+00   9.884813e-02   2.009105e+00   9.884813e-02 223200607030401270       5299       2796     0 2453919.670289  1.424249e+01  5.341851e-02  1.424249e+01  5.341851e-02 
   78984368   1.807123e+00   9.892314e-02   1.807123e+00   9.892314e-02 223200607030402220       5299       2794     0 2453919.670926  1.435753e+01  5.943413e-02  1.435753e+01  5.943413e-02 
   79070524   1.977029e+00   9.962731e-02   1.977029e+00   9.962731e-02 223200607040358180       5292       2780     0 2453920.668102  1.425997e+01  5.471308e-02  1.425997e+01  5.471308e-02 
   79070570   2.094736e+00   9.967165e-02   2.094736e+00   9.967165e-02 223200607040359040       5294       2778     0 2453920.668634  1.419718e+01  5.166165e-02  1.419718e+01  5.166165e-02 
   79070636   2.150901e+00   1.000713e-01   2.150901e+00   1.000713e-01 223200607040400090       5295       2776     0 2453920.669398  1.416845e+01  5.051441e-02  1.416845e+01  5.051441e-02 
   79070688   2.092437e+00   1.000980e-01   2.092437e+00   1.000980e-01 223200607040401020       5295       2774     0 2453920.670000  1.419837e+01  5.193963e-02  1.419837e+01  5.193963e-02 
   79415953   1.921554e+00   1.001760e-01   1.921554e+00   1.001760e-01 223200607080355190       5291       2764     0 2453924.666123  1.429087e+01  5.660265e-02  1.429087e+01  5.660265e-02 
   79416110   2.190955e+00   9.938540e-02   2.190955e+00   9.938540e-02 223200607080357570       5293       2785     0 2453924.667940  1.414842e+01  4.925099e-02  1.414842e+01  4.925099e-02 
   79416177   1.918731e+00   9.975677e-02   1.918731e+00   9.975677e-02 223200607080359030       5298       2758     0 2453924.668715  1.429246e+01  5.644871e-02  1.429246e+01  5.644871e-02 
   79416235   2.094296e+00   9.943750e-02   2.094296e+00   9.943750e-02 223200607080400010       5298       2755     0 2453924.669387  1.419740e+01  5.155109e-02  1.419740e+01  5.155109e-02 
   79502440   2.638601e+00   1.577859e-01   2.638601e+00   1.577859e-01 223200607090356460       5302       2757     0 2453925.667130  1.394657e+01  6.492623e-02  1.394657e+01  6.492623e-02 
   79502492   2.443805e+00   1.556965e-01   2.443805e+00   1.556965e-01 223200607090357380       5303       2755     0 2453925.667731  1.402983e+01  6.917324e-02  1.402983e+01  6.917324e-02 
   79502561   2.390890e+00   1.514812e-01   2.390890e+00   1.514812e-01 223200607090358470       5303       2752     0 2453925.668530  1.405360e+01  6.878991e-02  1.405360e+01  6.878991e-02 
   79502715   2.228647e+00   1.475239e-01   2.228647e+00   1.475239e-01 223200607090401200       5301       2734     0 2453925.670313  1.412990e+01  7.186991e-02  1.412990e+01  7.186991e-02 
   80278192   2.483896e+00   1.666918e-01   2.483896e+00   1.666918e-01 223200607180325470       5333       2713     0 2453934.645741  1.401217e+01  7.286292e-02  1.401217e+01  7.286292e-02 
   80278254   2.402353e+00   1.586398e-01   2.402353e+00   1.586398e-01 223200607180326500       5337       2686     0 2453934.646458  1.404841e+01  7.169701e-02  1.404841e+01  7.169701e-02 
   80278329   2.896541e+00   1.836109e-01   2.896541e+00   1.836109e-01 223200607180328050       5333       2708     0 2453934.647326  1.384530e+01  6.882475e-02  1.384530e+01  6.882475e-02 
   80278407   1.708096e+00   2.503732e-01   1.708096e+00   2.503732e-01 223200607180329220       5338       2682     0 2453934.648229  1.441872e+01  1.591481e-01  1.441872e+01  1.591481e-01 
   80364284   2.431612e+00   1.243656e-01   2.431612e+00   1.243656e-01 223200607190320380       5329       2697     0 2453935.642176  1.403526e+01  5.553055e-02  1.403526e+01  5.553055e-02 
   80364340   2.260676e+00   1.237693e-01   2.260676e+00   1.237693e-01 223200607190321350       5329       2696     0 2453935.642824  1.411440e+01  5.944298e-02  1.411440e+01  5.944298e-02 
   80364400   2.294539e+00   1.235026e-01   2.294539e+00   1.235026e-01 223200607190322340       5329       2694     0 2453935.643519  1.409826e+01  5.843950e-02  1.409826e+01  5.843950e-02 
   80364461   2.217247e+00   1.223984e-01   2.217247e+00   1.223984e-01 223200607190323360       5330       2692     0 2453935.644225  1.413546e+01  5.993598e-02  1.413546e+01  5.993598e-02 
   80450499   1.923708e+00   1.106556e-01   1.923708e+00   1.106556e-01 223200607200317340       5334       2688     0 2453936.640035  1.428965e+01  6.245397e-02  1.428965e+01  6.245397e-02 
   80450560   2.073962e+00   1.113024e-01   2.073962e+00   1.113024e-01 223200607200318350       5334       2687     0 2453936.640741  1.420800e+01  5.826790e-02  1.420800e+01  5.826790e-02 
   80450624   1.929068e+00   1.108964e-01   1.929068e+00   1.108964e-01 223200607200319380       5334       2685     0 2453936.641481  1.428663e+01  6.241598e-02  1.428663e+01  6.241598e-02 
   80450681   2.177243e+00   1.119567e-01   2.177243e+00   1.119567e-01 223200607200320360       5334       2683     0 2453936.642141  1.415523e+01  5.583018e-02  1.415523e+01  5.583018e-02 
   80967430   1.998687e+00   9.842512e-02   1.998687e+00   9.842512e-02 223200607260253020       5292       2724     0 2453942.623032  1.424814e+01  5.346714e-02  1.424814e+01  5.346714e-02 
   80967489   2.004267e+00   9.652042e-02   2.004267e+00   9.652042e-02 223200607260254000       5294       2722     0 2453942.623715  1.424511e+01  5.228649e-02  1.424511e+01  5.228649e-02 
   80967549   1.997885e+00   9.541392e-02   1.997885e+00   9.541392e-02 223200607260255010       5295       2720     0 2453942.624410  1.424857e+01  5.185220e-02  1.424857e+01  5.185220e-02 
   80967605   1.870833e+00   9.524014e-02   1.870833e+00   9.524014e-02 223200607260255560       5296       2717     0 2453942.625058  1.431991e+01  5.527271e-02  1.431991e+01  5.527271e-02 
   81053650   2.049010e+00   1.089173e-01   2.049010e+00   1.089173e-01 223200607270250020       5289       2720     0 2453943.620949  1.422114e+01  5.771368e-02  1.422114e+01  5.771368e-02 
   81053712   2.146206e+00   1.121870e-01   2.146206e+00   1.121870e-01 223200607270251040       5290       2717     0 2453943.621667  1.417082e+01  5.675408e-02  1.417082e+01  5.675408e-02 
   81053768   2.048386e+00   1.092467e-01   2.048386e+00   1.092467e-01 223200607270251590       5291       2715     0 2453943.622315  1.422147e+01  5.790586e-02  1.422147e+01  5.790586e-02 
   81053830   2.068237e+00   1.073706e-01   2.068237e+00   1.073706e-01 223200607270253010       5291       2713     0 2453943.623032  1.421100e+01  5.636518e-02  1.421100e+01  5.636518e-02 
   81139828   2.052223e+00   7.113299e-01   2.052223e+00   7.113299e-01 223200607280246190       5306       2711     0 2453944.618380  1.421944e+01  3.763329e-01  1.421944e+01  3.763329e-01 
   81139941   2.429393e+00   7.593353e-01   2.429393e+00   7.593353e-01 223200607280248110       5308       2707     0 2453944.619687  1.403626e+01  3.393609e-01  1.403626e+01  3.393609e-01 
   81139995   1.672030e+00   4.870727e-01   1.672030e+00   4.870727e-01 223200607280249060       5308       2705     0 2453944.620312  1.444189e+01  3.162828e-01  1.444189e+01  3.162828e-01 
   82346061   2.968543e+00   3.808888e-01   2.968543e+00   3.808888e-01 223200608110150170       5303       2750     0 2453958.579410  1.381864e+01  1.393095e-01  1.381864e+01  1.393095e-01 
   82346117   3.059522e+00   3.796307e-01   3.059522e+00   3.796307e-01 223200608110151120       5306       2748     0 2453958.580058  1.378587e+01  1.347205e-01  1.378587e+01  1.347205e-01 
   82346172   3.016302e+00   3.817768e-01   3.016302e+00   3.817768e-01 223200608110152070       5306       2744     0 2453958.580694  1.380131e+01  1.374234e-01  1.380131e+01  1.374234e-01 
   82346231   2.833815e+00   3.799172e-01   2.833815e+00   3.799172e-01 223200608110153070       5307       2742     0 2453958.581377  1.386907e+01  1.455604e-01  1.386907e+01  1.455604e-01 
   82518417   2.928088e+00   2.436330e-01   2.928088e+00   2.436330e-01 223200608130142530       5307       2722     0 2453960.574271  1.383354e+01  9.033953e-02  1.383354e+01  9.033953e-02 
   82518476   2.719996e+00   2.414076e-01   2.719996e+00   2.414076e-01 223200608130143520       5308       2719     0 2453960.574954  1.391358e+01  9.636259e-02  1.391358e+01  9.636259e-02 
   82518537   2.595892e+00   2.441643e-01   2.595892e+00   2.441643e-01 223200608130144550       5307       2714     0 2453960.575660  1.396428e+01  1.021225e-01  1.396428e+01  1.021225e-01 
   82518615   2.786784e+00   2.442311e-01   2.786784e+00   2.442311e-01 223200608130146120       5303       2734     0 2453960.576563  1.388724e+01  9.515325e-02  1.388724e+01  9.515325e-02 
   82604598   2.693774e+00   1.975511e-01   2.693774e+00   1.975511e-01 223200608140139160       5306       2740     0 2453961.571736  1.392410e+01  7.962403e-02  1.392410e+01  7.962403e-02 
   82604654   2.703994e+00   1.960108e-01   2.703994e+00   1.960108e-01 223200608140140120       5313       2737     0 2453961.572384  1.391999e+01  7.870459e-02  1.391999e+01  7.870459e-02 
   82604711   2.793052e+00   1.982609e-01   2.793052e+00   1.982609e-01 223200608140141080       5326       2734     0 2453961.573044  1.388480e+01  7.706974e-02  1.388480e+01  7.706974e-02 
   82604765   2.668154e+00   2.028866e-01   2.668154e+00   2.028866e-01 223200608140142030       5325       2732     0 2453961.573669  1.393447e+01  8.255976e-02  1.393447e+01  8.255976e-02 
   82863070   2.233983e+00   1.273722e-01   2.233983e+00   1.273722e-01 223200608170127120       5296       2749     0 2453964.563310  1.412730e+01  6.190431e-02  1.412730e+01  6.190431e-02 
   82863138   2.360010e+00   1.303270e-01   2.360010e+00   1.303270e-01 223200608170128190       5304       2718     0 2453964.564097  1.406772e+01  5.995788e-02  1.406772e+01  5.995788e-02 
   82863194   2.171933e+00   1.300252e-01   2.171933e+00   1.300252e-01 223200608170129150       5305       2716     0 2453964.564745  1.415788e+01  6.499904e-02  1.415788e+01  6.499904e-02 
   82863254   2.396517e+00   1.305218e-01   2.396517e+00   1.305218e-01 223200608170130160       5305       2714     0 2453964.565440  1.405105e+01  5.913279e-02  1.405105e+01  5.913279e-02 
   82949243   1.968623e+00   1.001361e-01   1.968623e+00   1.001361e-01 223200608180123250       5300       2697     0 2453965.560683  1.426459e+01  5.522734e-02  1.426459e+01  5.522734e-02 
   82949305   2.120556e+00   1.011976e-01   2.120556e+00   1.011976e-01 223200608180124270       5303       2696     0 2453965.561400  1.418388e+01  5.181391e-02  1.418388e+01  5.181391e-02 
   82949368   2.009824e+00   1.004013e-01   2.009824e+00   1.004013e-01 223200608180125310       5303       2693     0 2453965.562130  1.424211e+01  5.423846e-02  1.424211e+01  5.423846e-02 
   82949459   1.905308e+00   1.010575e-01   1.905308e+00   1.010575e-01 223200608180127020       5299       2711     0 2453965.563183  1.430009e+01  5.758764e-02  1.430009e+01  5.758764e-02 
   83724669   1.874938e+00   9.753976e-02   1.874938e+00   9.753976e-02 223200608270047250       5280       2748     0 2453974.535521  1.431753e+01  5.648338e-02  1.431753e+01  5.648338e-02 
   83724733   1.960037e+00   9.875137e-02   1.960037e+00   9.875137e-02 223200608270048280       5283       2715     0 2453974.536262  1.426934e+01  5.470219e-02  1.426934e+01  5.470219e-02 
   83724808   1.972623e+00   9.680350e-02   1.972623e+00   9.680350e-02 223200608270049440       5280       2735     0 2453974.537130  1.426239e+01  5.328106e-02  1.426239e+01  5.328106e-02 
   83724870   1.907901e+00   9.780487e-02   1.907901e+00   9.780487e-02 223200608270050460       5284       2707     0 2453974.537847  1.429861e+01  5.565838e-02  1.429861e+01  5.565838e-02 
   83810835   1.932726e+00   9.394339e-02   1.932726e+00   9.394339e-02 223200608280043330       5285       2737     0 2453975.532812  1.428457e+01  5.277423e-02  1.428457e+01  5.277423e-02 
   83810887   1.977864e+00   9.433400e-02   1.977864e+00   9.433400e-02 223200608280044250       5286       2734     0 2453975.533414  1.425951e+01  5.178424e-02  1.425951e+01  5.178424e-02 
   83810958   1.884472e+00   9.382004e-02   1.884472e+00   9.382004e-02 223200608280045350       5286       2730     0 2453975.534236  1.431203e+01  5.405448e-02  1.431203e+01  5.405448e-02 
   83811015   1.909293e+00   9.417662e-02   1.909293e+00   9.417662e-02 223200608280046320       5285       2728     0 2453975.534896  1.429782e+01  5.355455e-02  1.429782e+01  5.355455e-02 
   84328667   2.549308e+00   2.734352e-01   2.549308e+00   2.734352e-01 223200609030034170       5275       2667     0 2453981.526238  1.398394e+01  1.164550e-01  1.398394e+01  1.164550e-01 
   84328739   3.063062e+00   2.787783e-01   3.063062e+00   2.787783e-01 223200609030035280       5271       2686     0 2453981.527072  1.378461e+01  9.881642e-02  1.378461e+01  9.881642e-02 
   84328806   2.605516e+00   2.928641e-01   2.605516e+00   2.928641e-01 223200609030036350       5271       2653     0 2453981.527847  1.396027e+01  1.220389e-01  1.396027e+01  1.220389e-01 
   84328863   2.386326e+00   2.817485e-01   2.386326e+00   2.817485e-01 223200609030037320       5272       2652     0 2453981.528507  1.405568e+01  1.281911e-01  1.405568e+01  1.281911e-01 
   84500233   2.760362e+00   4.329987e-01   2.760362e+00   4.329987e-01 223200609050013480       5284       2728     0 2453983.511956  1.389758e+01  1.703124e-01  1.389758e+01  1.703124e-01 
   84500295   2.627880e+00   4.306912e-01   2.627880e+00   4.306912e-01 223200609050014500       5284       2725     0 2453983.512674  1.395099e+01  1.779452e-01  1.395099e+01  1.779452e-01 
   84500373   3.040107e+00   4.299838e-01   3.040107e+00   4.299838e-01 223200609050016080       5280       2745     0 2453983.513576  1.379278e+01  1.535639e-01  1.379278e+01  1.535639e-01 
   84844847   3.130295e+00   5.941155e-01   3.130295e+00   5.941155e-01 223200609082357310       5293       2740     0 2453987.500544  1.376104e+01  2.060684e-01  1.376104e+01  2.060684e-01 
   84844903   3.805115e+00   5.860149e-01   3.805115e+00   5.860149e-01 223200609082358260       5294       2735     0 2453987.501192  1.354908e+01  1.672117e-01  1.354908e+01  1.672117e-01 
   84844960   2.746181e+00   5.870017e-01   2.746181e+00   5.870017e-01 223200609082359230       5293       2733     0 2453987.501852  1.390318e+01  2.320791e-01  1.390318e+01  2.320791e-01 
   84845022   2.419942e+00   5.918379e-01   2.419942e+00   5.918379e-01 223200609090000260       5293       2730     0 2453987.502569  1.404049e+01  2.655361e-01  1.404049e+01  2.655361e-01 
   85017146   3.192675e+00   3.284086e-01   3.192675e+00   3.284086e-01 223200609102349160       5268       2693     0 2453989.494745  1.373961e+01  1.116826e-01  1.373961e+01  1.116826e-01 
   85017213   3.020330e+00   4.145401e-01   3.020330e+00   4.145401e-01 223200609102350220       5270       2690     0 2453989.495521  1.379986e+01  1.490177e-01  1.379986e+01  1.490177e-01 
   85017272   2.732204e+00   3.666550e-01   2.732204e+00   3.666550e-01 223200609102351210       5270       2688     0 2453989.496204  1.390872e+01  1.457036e-01  1.390872e+01  1.457036e-01 
   85017330   2.944515e+00   3.774879e-01   2.944515e+00   3.774879e-01 223200609102352200       5268       2681     0 2453989.496875  1.382747e+01  1.391923e-01  1.382747e+01  1.391923e-01 
   85361739   1.779777e+00   9.639418e-02   1.779777e+00   9.639418e-02 223200609142332380       5271       2646     0 2453993.483090  1.437409e+01  5.880457e-02  1.437409e+01  5.880457e-02 
   85361796   1.827998e+00   9.668981e-02   1.827998e+00   9.668981e-02 223200609142333360       5272       2643     0 2453993.483750  1.434506e+01  5.742894e-02  1.434506e+01  5.742894e-02 
   85361857   1.888339e+00   9.647708e-02   1.888339e+00   9.647708e-02 223200609142334370       5273       2640     0 2453993.484456  1.430980e+01  5.547153e-02  1.430980e+01  5.547153e-02 
   85361932   2.000025e+00   9.664742e-02   2.000025e+00   9.664742e-02 223200609142335520       5268       2660     0 2453993.485324  1.424741e+01  5.246633e-02  1.424741e+01  5.246633e-02 
   85620636   2.006887e+00   1.100604e-01   2.006887e+00   1.100604e-01 223200609172327440       5241       2652     0 2453996.479583  1.424369e+01  5.954345e-02  1.424369e+01  5.954345e-02 
   85620695   2.020622e+00   1.102112e-01   2.020622e+00   1.102112e-01 223200609172328430       5241       2648     0 2453996.480266  1.423629e+01  5.921974e-02  1.423629e+01  5.921974e-02 
   85620758   2.150732e+00   1.114818e-01   2.150732e+00   1.114818e-01 223200609172329460       5241       2645     0 2453996.480995  1.416853e+01  5.627863e-02  1.416853e+01  5.627863e-02 
   85620812   2.196744e+00   1.116504e-01   2.196744e+00   1.116504e-01 223200609172330410       5241       2642     0 2453996.481620  1.414555e+01  5.518318e-02  1.414555e+01  5.518318e-02 
   85706432   2.094551e+00   1.065370e-01   2.094551e+00   1.065370e-01 223200609182317440       5245       2625     0 2453997.472593  1.419727e+01  5.522494e-02  1.419727e+01  5.522494e-02 
   85706495   2.009597e+00   1.071614e-01   2.009597e+00   1.071614e-01 223200609182318460       5249       2602     0 2453997.473322  1.424223e+01  5.789689e-02  1.424223e+01  5.789689e-02 
   85706550   2.248755e+00   1.078866e-01   2.248755e+00   1.078866e-01 223200609182319410       5249       2600     0 2453997.473958  1.412014e+01  5.208962e-02  1.412014e+01  5.208962e-02 
   85706627   2.007654e+00   1.054369e-01   2.007654e+00   1.054369e-01 223200609182320580       5245       2622     0 2453997.474850  1.424328e+01  5.702033e-02  1.424328e+01  5.702033e-02 
   85878746   2.125026e+00   1.078742e-01   2.125026e+00   1.078742e-01 223200609202309430       5246       2678     0 2453999.466968  1.418159e+01  5.511620e-02  1.418159e+01  5.511620e-02 
   85878803   2.345426e+00   1.082114e-01   2.345426e+00   1.082114e-01 223200609202310400       5248       2675     0 2453999.467627  1.407445e+01  5.009303e-02  1.407445e+01  5.009303e-02 
   85878864   2.163666e+00   1.070099e-01   2.163666e+00   1.070099e-01 223200609202311410       5249       2673     0 2453999.468333  1.416202e+01  5.369819e-02  1.416202e+01  5.369819e-02 
   85878924   2.117682e+00   1.071967e-01   2.117682e+00   1.071967e-01 223200609202312420       5249       2670     0 2453999.469028  1.418535e+01  5.495998e-02  1.418535e+01  5.495998e-02 
   85964869   2.045097e+00   9.855884e-02   2.045097e+00   9.855884e-02 223200609212305090       5260       2673     0 2454000.463762  1.422322e+01  5.232479e-02  1.422322e+01  5.232479e-02 
   85965022   2.106849e+00   9.951237e-02   2.106849e+00   9.951237e-02 223200609212307420       5262       2665     0 2454000.465532  1.419092e+01  5.128254e-02  1.419092e+01  5.128254e-02 
   85965085   2.038786e+00   9.896167e-02   2.038786e+00   9.896167e-02 223200609212308460       5263       2662     0 2454000.466262  1.422657e+01  5.270129e-02  1.422657e+01  5.270129e-02 
   85965141   2.052219e+00   9.847332e-02   2.052219e+00   9.847332e-02 223200609212309410       5264       2661     0 2454000.466910  1.421944e+01  5.209796e-02  1.421944e+01  5.209796e-02 
   86404982   1.925663e+00   1.025006e-01   1.925663e+00   1.025006e-01 223200609270120390       5125       2318     0 2454005.557662  1.428855e+01  5.779254e-02  1.428855e+01  5.779254e-02 
   86405043   1.929014e+00   1.032257e-01   1.929014e+00   1.032257e-01 223200609270121400       5129       2292     0 2454005.558368  1.428666e+01  5.810030e-02  1.428666e+01  5.810030e-02 
   86405111   1.824048e+00   1.030426e-01   1.824048e+00   1.030426e-01 223200609270122490       5127       2289     0 2454005.559155  1.434741e+01  6.133470e-02  1.434741e+01  6.133470e-02 
   86405172   1.982667e+00   1.038741e-01   1.982667e+00   1.038741e-01 223200609270123490       5127       2288     0 2454005.559861  1.425688e+01  5.688310e-02  1.425688e+01  5.688310e-02 
   87688153   1.874641e+00   8.290854e-02   1.874641e+00   8.290854e-02 223200610112147440       4924       2478     0 2454020.409178  1.431771e+01  4.801833e-02  1.431771e+01  4.801833e-02 
   87688227   1.960366e+00   8.315122e-02   1.960366e+00   8.315122e-02 223200610112148580       4927       2450     0 2454020.410035  1.426916e+01  4.605294e-02  1.426916e+01  4.605294e-02 
   87688281   1.810814e+00   8.216105e-02   1.810814e+00   8.216105e-02 223200610112149520       4927       2448     0 2454020.410660  1.435532e+01  4.926267e-02  1.435532e+01  4.926267e-02 
   87860498   1.895663e+00   9.482082e-02   1.895663e+00   9.482082e-02 223200610132140170       4887       2500     0 2454022.403912  1.430560e+01  5.430857e-02  1.430560e+01  5.430857e-02 
   87860565   2.031577e+00   9.457216e-02   2.031577e+00   9.457216e-02 223200610132141240       4887       2496     0 2454022.404688  1.423042e+01  5.054240e-02  1.423042e+01  5.054240e-02 
   87860621   2.028653e+00   9.455177e-02   2.028653e+00   9.455177e-02 223200610132142200       4886       2493     0 2454022.405336  1.423198e+01  5.060433e-02  1.423198e+01  5.060433e-02 
   87860681   1.962176e+00   9.429779e-02   1.962176e+00   9.429779e-02 223200610132143190       4886       2491     0 2454022.406030  1.426816e+01  5.217825e-02  1.426816e+01  5.217825e-02 
   88033111   1.735839e+00   8.829357e-02   1.735839e+00   8.829357e-02 223200610152137170       4883       2530     0 2454024.401748  1.440123e+01  5.522625e-02  1.440123e+01  5.522625e-02 
   88033172   1.679215e+00   8.751598e-02   1.679215e+00   8.751598e-02 223200610152138180       4883       2525     0 2454024.402454  1.443723e+01  5.658574e-02  1.443723e+01  5.658574e-02 
   88033227   1.884077e+00   8.907389e-02   1.884077e+00   8.907389e-02 223200610152139130       4881       2521     0 2454024.403090  1.431225e+01  5.133076e-02  1.431225e+01  5.133076e-02 
   88033286   1.884403e+00   8.872028e-02   1.884403e+00   8.872028e-02 223200610152140120       4881       2517     0 2454024.403773  1.431207e+01  5.111813e-02  1.431207e+01  5.111813e-02 
   88377433   1.863002e+00   9.054291e-02   1.863002e+00   9.054291e-02 223200610192116140       4867       2546     0 2454028.386956  1.432447e+01  5.276755e-02  1.432447e+01  5.276755e-02 
   88377485   1.983615e+00   9.209356e-02   1.983615e+00   9.209356e-02 223200610192117070       4866       2542     0 2454028.387558  1.425636e+01  5.040779e-02  1.425636e+01  5.040779e-02 
   88377570   1.883772e+00   9.217378e-02   1.883772e+00   9.217378e-02 223200610192118310       4862       2562     0 2454028.388542  1.431243e+01  5.312574e-02  1.431243e+01  5.312574e-02 
   88377632   2.142362e+00   9.245358e-02   2.142362e+00   9.245358e-02 223200610192119340       4861       2559     0 2454028.389259  1.417277e+01  4.685509e-02  1.417277e+01  4.685509e-02 
   88463598   1.861704e+00   9.072930e-02   1.861704e+00   9.072930e-02 223200610202112230       4891       2501     0 2454029.384236  1.432522e+01  5.291304e-02  1.432522e+01  5.291304e-02 
   88463670   1.738997e+00   8.979022e-02   1.738997e+00   8.979022e-02 223200610202113350       4888       2496     0 2454029.385069  1.439925e+01  5.606037e-02  1.439925e+01  5.606037e-02 
   88463733   1.931767e+00   9.115400e-02   1.931767e+00   9.115400e-02 223200610202114380       4888       2494     0 2454029.385799  1.428511e+01  5.123265e-02  1.428511e+01  5.123265e-02 
   88463792   1.947321e+00   9.085542e-02   1.947321e+00   9.085542e-02 223200610202115380       4887       2491     0 2454029.386481  1.427641e+01  5.065696e-02  1.427641e+01  5.065696e-02 
   88551546   2.046848e+00   9.931356e-02   2.046848e+00   9.931356e-02 223200610212138150       4885       2440     0 2454030.402153  1.422229e+01  5.268038e-02  1.422229e+01  5.268038e-02 
   88551678   1.973808e+00   9.720892e-02   1.973808e+00   9.720892e-02 223200610212140270       4882       2430     0 2454030.403681  1.426174e+01  5.347206e-02  1.426174e+01  5.347206e-02 
   88551750   2.065186e+00   9.873870e-02   2.065186e+00   9.873870e-02 223200610212141400       4877       2450     0 2454030.404514  1.421260e+01  5.191037e-02  1.421260e+01  5.191037e-02 
   88637681   2.240797e+00   1.389071e+00   2.240797e+00   1.389071e+00 223200610222133550       4883       2453     0 2454031.399086  1.412399e+01  6.730508e-01  1.412399e+01  6.730508e-01 
   88637818   2.080144e+00   2.197759e+00   2.080144e+00   2.197759e+00 223200610222136110       4878       2470     0 2454031.400671  1.420477e+01  1.147130e+00  1.420477e+01  1.147130e+00 
   88640069   1.323120e+00   2.136863e+00   1.323120e+00   2.136863e+00 223200610222213430       4876       2347     0 2454031.426725  1.469600e+01  1.753491e+00  1.469600e+01  1.753491e+00 
   88722098   1.946907e+00   9.334048e-02   1.946907e+00   9.334048e-02 223200610232100550       4874       2532     0 2454032.376134  1.427664e+01  5.205360e-02  1.427664e+01  5.205360e-02 
   88722152   1.890515e+00   9.261540e-02   1.890515e+00   9.261540e-02 223200610232101500       4875       2529     0 2454032.376759  1.430855e+01  5.318986e-02  1.430855e+01  5.318986e-02 
   88722214   1.971426e+00   9.335168e-02   1.971426e+00   9.335168e-02 223200610232102520       4874       2526     0 2454032.377477  1.426305e+01  5.141236e-02  1.426305e+01  5.141236e-02 
   88722281   1.917894e+00   9.375241e-02   1.917894e+00   9.375241e-02 223200610232103590       4875       2523     0 2454032.378252  1.429294e+01  5.307422e-02  1.429294e+01  5.307422e-02 
   88980543   2.153588e+00   1.064672e-01   2.153588e+00   1.064672e-01 223200610262048320       4874       2589     0 2454035.367396  1.416709e+01  5.367587e-02  1.416709e+01  5.367587e-02 
   88980597   2.092038e+00   1.064111e-01   2.092038e+00   1.064111e-01 223200610262049260       4874       2585     0 2454035.368021  1.419858e+01  5.522595e-02  1.419858e+01  5.522595e-02 
   88980657   2.185349e+00   1.064801e-01   2.185349e+00   1.064801e-01 223200610262050270       4874       2583     0 2454035.368715  1.415120e+01  5.290218e-02  1.415120e+01  5.290218e-02 
   88980721   2.004157e+00   1.055813e-01   2.004157e+00   1.055813e-01 223200610262051300       4870       2574     0 2454035.369456  1.424517e+01  5.719802e-02  1.424517e+01  5.719802e-02 
   89066659   2.170657e+00   1.159604e-01   2.170657e+00   1.159604e-01 223200610272043520       4895       2560     0 2454036.364109  1.415852e+01  5.800221e-02  1.415852e+01  5.800221e-02 
   89066722   2.114822e+00   1.163854e-01   2.114822e+00   1.163854e-01 223200610272044550       4894       2558     0 2454036.364838  1.418682e+01  5.975173e-02  1.418682e+01  5.975173e-02 
   89066778   2.113273e+00   1.184204e-01   2.113273e+00   1.184204e-01 223200610272045520       4894       2554     0 2454036.365486  1.418761e+01  6.084108e-02  1.418761e+01  6.084108e-02 
   89066843   2.238186e+00   1.194110e-01   2.238186e+00   1.194110e-01 223200610272046560       4893       2551     0 2454036.366238  1.412526e+01  5.792606e-02  1.412526e+01  5.792606e-02 
   89152930   2.118681e+00   1.770582e-01   2.118681e+00   1.770582e-01 223200610282041480       4881       2542     0 2454037.362616  1.418484e+01  9.073534e-02  1.418484e+01  9.073534e-02 
   89238978   2.529440e+00   1.619874e-01   2.529440e+00   1.619874e-01 223200610292035590       4873       2532     0 2454038.358542  1.399244e+01  6.953168e-02  1.399244e+01  6.953168e-02 
   89239033   2.484386e+00   1.611759e-01   2.484386e+00   1.611759e-01 223200610292036550       4874       2529     0 2454038.359178  1.401195e+01  7.043798e-02  1.401195e+01  7.043798e-02 
   89239080   2.611416e+00   1.619823e-01   2.611416e+00   1.619823e-01 223200610292037410       4873       2521     0 2454038.359722  1.395781e+01  6.734687e-02  1.395781e+01  6.734687e-02 
   89239158   2.536631e+00   1.616171e-01   2.536631e+00   1.616171e-01 223200610292038590       4873       2519     0 2454038.360625  1.398936e+01  6.917603e-02  1.398936e+01  6.917603e-02 
   89411354   3.071588e+00   2.582436e-01   3.071588e+00   2.582436e-01 223200610312029020       4867       2533     0 2454040.353634  1.378159e+01  9.128352e-02  1.378159e+01  9.128352e-02 
   89411427   3.196901e+00   2.567011e-01   3.196901e+00   2.567011e-01 223200610312030160       4863       2551     0 2454040.354479  1.373818e+01  8.718150e-02  1.373818e+01  8.718150e-02 
   89411497   3.317760e+00   2.621588e-01   3.317760e+00   2.621588e-01 223200610312031250       4866       2521     0 2454040.355289  1.369789e+01  8.579171e-02  1.369789e+01  8.579171e-02 
   89411554   2.969197e+00   2.592798e-01   2.969197e+00   2.592798e-01 223200610312032230       4866       2518     0 2454040.355949  1.381840e+01  9.481029e-02  1.381840e+01  9.481029e-02 
   89506213   2.373511e+00   2.648299e-01   2.373511e+00   2.648299e-01 223200611012250050       4795       2153     0 2454041.451539  1.406152e+01  1.211439e-01  1.406152e+01  1.211439e-01 
   89506286   2.585204e+00   2.630441e-01   2.585204e+00   2.630441e-01 223200611012251190       4798       2124     0 2454041.452384  1.396876e+01  1.104738e-01  1.396876e+01  1.104738e-01 
   89506343   3.034865e+00   2.662022e-01   3.034865e+00   2.662022e-01 223200611012252160       4797       2122     0 2454041.453044  1.379465e+01  9.523536e-02  1.379465e+01  9.523536e-02 
   89506405   2.825484e+00   2.687693e-01   2.825484e+00   2.687693e-01 223200611012253170       4796       2120     0 2454041.453762  1.387227e+01  1.032791e-01  1.387227e+01  1.032791e-01 
   89842172   2.948831e+00   3.742729e-01   2.948831e+00   3.742729e-01 223200611052009400       4878       2531     0 2454045.339954  1.382588e+01  1.378048e-01  1.382588e+01  1.378048e-01 
   89842245   2.692857e+00   3.724285e-01   2.692857e+00   3.724285e-01 223200611052010530       4878       2527     0 2454045.340799  1.392447e+01  1.501604e-01  1.392447e+01  1.501604e-01 
   89842304   2.598576e+00   3.733904e-01   2.598576e+00   3.733904e-01 223200611052011520       4878       2525     0 2454045.341481  1.396316e+01  1.560104e-01  1.396316e+01  1.560104e-01 
   89928298   2.871429e+00   2.900502e-01   2.871429e+00   2.900502e-01 223200611062005110       4881       2552     0 2454046.336782  1.385475e+01  1.096733e-01  1.385475e+01  1.096733e-01 
   89928367   2.709948e+00   2.879450e-01   2.709948e+00   2.879450e-01 223200611062006190       4881       2548     0 2454046.337581  1.391760e+01  1.153651e-01  1.391760e+01  1.153651e-01 
   89928421   2.652851e+00   2.860309e-01   2.652851e+00   2.860309e-01 223200611062007140       4881       2546     0 2454046.338206  1.394072e+01  1.170647e-01  1.394072e+01  1.170647e-01 
   89928485   2.614806e+00   2.863932e-01   2.614806e+00   2.863932e-01 223200611062008180       4881       2543     0 2454046.338947  1.395640e+01  1.189184e-01  1.395640e+01  1.189184e-01 
   90014486   2.416867e+00   1.929219e-01   2.416867e+00   1.929219e-01 223200611072001430       4888       2559     0 2454047.334329  1.404187e+01  8.666716e-02  1.404187e+01  8.666716e-02 
   90014540   2.421199e+00   1.750923e-01   2.421199e+00   1.750923e-01 223200611072002370       4888       2556     0 2454047.334954  1.403992e+01  7.851675e-02  1.403992e+01  7.851675e-02 
   90014629   2.253233e+00   1.688266e-01   2.253233e+00   1.688266e-01 223200611072004050       4884       2576     0 2454047.335984  1.411798e+01  8.135058e-02  1.411798e+01  8.135058e-02 
   90014691   2.654232e+00   1.742100e-01   2.654232e+00   1.742100e-01 223200611072005080       4883       2572     0 2454047.336701  1.394015e+01  7.126233e-02  1.394015e+01  7.126233e-02 
   90272975   1.949992e+00   1.021214e-01   1.949992e+00   1.021214e-01 223200611101950030       4885       2543     0 2454050.326100  1.427492e+01  5.686036e-02  1.427492e+01  5.686036e-02 
   90273029   2.104297e+00   1.035387e-01   2.104297e+00   1.035387e-01 223200611101950570       4885       2540     0 2454050.326725  1.419223e+01  5.342213e-02  1.419223e+01  5.342213e-02 
   90273077   1.983709e+00   1.061421e-01   1.983709e+00   1.061421e-01 223200611101951450       4884       2536     0 2454050.327280  1.425631e+01  5.809457e-02  1.425631e+01  5.809457e-02 
   90273142   1.967521e+00   1.025266e-01   1.967521e+00   1.025266e-01 223200611101952500       4883       2534     0 2454050.328032  1.426520e+01  5.657741e-02  1.426520e+01  5.657741e-02 
   90617591   1.791707e+00   9.749138e-02   1.791707e+00   9.749138e-02 223200611141933540       4875       2568     0 2454054.314711  1.436683e+01  5.907791e-02  1.436683e+01  5.907791e-02 
   90617653   1.926379e+00   9.712317e-02   1.926379e+00   9.712317e-02 223200611141934560       4875       2564     0 2454054.315428  1.428815e+01  5.474027e-02  1.428815e+01  5.474027e-02 
   90617713   2.129483e+00   9.777624e-02   2.129483e+00   9.777624e-02 223200611141935570       4879       2536     0 2454054.316123  1.417931e+01  4.985229e-02  1.417931e+01  4.985229e-02 
   90617764   2.150784e+00   9.818033e-02   2.150784e+00   9.818033e-02 223200611141936470       4879       2534     0 2454054.316713  1.416851e+01  4.956254e-02  1.416851e+01  4.956254e-02 
   93120136   2.523485e+00   2.264918e-01   2.523485e+00   2.264918e-01 223200612131844400       5547       2375     0 2454083.279352  1.399500e+01  9.744905e-02  1.399500e+01  9.744905e-02 
   93120195   2.517086e+00   2.114664e-01   2.517086e+00   2.114664e-01 223200612131845380       5548       2374     0 2454083.280035  1.399776e+01  9.121562e-02  1.399776e+01  9.121562e-02 
   93120271   2.582741e+00   1.921398e-01   2.582741e+00   1.921398e-01 223200612131846550       5544       2394     0 2454083.280914  1.396980e+01  8.077230e-02  1.396980e+01  8.077230e-02 
   93120335   2.525591e+00   1.783017e-01   2.525591e+00   1.783017e-01 223200612131847580       5547       2368     0 2454083.281655  1.399409e+01  7.665108e-02  1.399409e+01  7.665108e-02 
   93292970   2.764119e+00   2.708559e-01   2.764119e+00   2.708559e-01 223200612151845190       5521       2347     0 2454085.279745  1.389611e+01  1.063916e-01  1.389611e+01  1.063916e-01 
   93293024   2.745866e+00   2.551437e-01   2.745866e+00   2.551437e-01 223200612151846130       5520       2345     0 2454085.280370  1.390330e+01  1.008861e-01  1.390330e+01  1.008861e-01 
   93293078   2.319598e+00   2.391191e-01   2.319598e+00   2.391191e-01 223200612151847070       5519       2343     0 2454085.280995  1.408647e+01  1.119251e-01  1.408647e+01  1.119251e-01 
   93293132   2.586723e+00   2.248408e-01   2.586723e+00   2.248408e-01 223200612151848010       5519       2341     0 2454085.281620  1.396813e+01  9.437373e-02  1.396813e+01  9.437373e-02 
   93467311   2.160889e+00   1.070610e-01   2.160889e+00   1.070610e-01 223200612171911070       5871       2172     0 2454087.297581  1.416342e+01  5.379287e-02  1.416342e+01  5.379287e-02 
   93467367   1.962008e+00   1.061472e-01   1.962008e+00   1.061472e-01 223200612171912030       5869       2169     0 2454087.298229  1.426825e+01  5.873996e-02  1.426825e+01  5.873996e-02 
   93467427   2.091238e+00   1.057667e-01   2.091238e+00   1.057667e-01 223200612171913020       5868       2167     0 2454087.298924  1.419899e+01  5.491250e-02  1.419899e+01  5.491250e-02 
   93467497   1.988826e+00   1.049869e-01   1.988826e+00   1.049869e-01 223200612171914130       5861       2186     0 2454087.299734  1.425351e+01  5.731445e-02  1.425351e+01  5.731445e-02 
   93556727   1.854852e+00   9.672718e-02   1.854852e+00   9.672718e-02 223200612182001250       4930       2103     0 2454088.332488  1.432923e+01  5.661939e-02  1.432923e+01  5.661939e-02 
   93556796   1.769447e+00   9.608322e-02   1.769447e+00   9.608322e-02 223200612182002330       4929       2101     0 2454088.333287  1.438041e+01  5.895706e-02  1.438041e+01  5.895706e-02 
   93556860   1.821822e+00   9.637236e-02   1.821822e+00   9.637236e-02 223200612182003370       4928       2099     0 2454088.334028  1.434874e+01  5.743445e-02  1.434874e+01  5.743445e-02 
   93725428   2.390810e+00   2.091054e-01   2.390810e+00   2.091054e-01 223200612201853100       4989       2259     0 2454090.285046  1.405364e+01  9.496119e-02  1.405364e+01  9.496119e-02 
   93725485   2.437734e+00   1.961687e-01   2.437734e+00   1.961687e-01 223200612201854080       4988       2257     0 2454090.285706  1.403253e+01  8.737141e-02  1.403253e+01  8.737141e-02 
   93725547   2.385835e+00   1.844050e-01   2.385835e+00   1.844050e-01 223200612201855100       4988       2254     0 2454090.286424  1.405590e+01  8.391857e-02  1.405590e+01  8.391857e-02 
   94935241   2.328660e+00   4.079466e-01   2.328660e+00   4.079466e-01 223200701031857140       4930       2106     0 2454104.287512  1.408224e+01  1.902055e-01  1.408224e+01  1.902055e-01 
   94935299   2.732090e+00   4.026747e-01   2.732090e+00   4.026747e-01 223200701031858120       4929       2105     0 2454104.288183  1.390876e+01  1.600241e-01  1.390876e+01  1.600241e-01 
   94935364   2.996038e+00   3.968457e-01   2.996038e+00   3.968457e-01 223200701031859170       4928       2102     0 2454104.288935  1.380863e+01  1.438137e-01  1.380863e+01  1.438137e-01 
   95021604   2.559327e+00   3.057695e-01   2.559327e+00   3.057695e-01 223200701041856390       4927       2122     0 2454105.287083  1.397969e+01  1.297162e-01  1.397969e+01  1.297162e-01 
   95021741   2.164286e+00   2.716551e-01   2.164286e+00   2.716551e-01 223200701041858560       4930       2095     0 2454105.288669  1.416171e+01  1.362790e-01  1.416171e+01  1.362790e-01 
   95021797   2.233463e+00   2.624102e-01   2.233463e+00   2.624102e-01 223200701041859510       4929       2093     0 2454105.289317  1.412755e+01  1.275639e-01  1.412755e+01  1.275639e-01 
   95107906   2.360479e+00   2.678832e-01   2.360479e+00   2.678832e-01 223200701051855020       4904       2090     0 2454106.285949  1.406750e+01  1.232171e-01  1.406750e+01  1.232171e-01 
   95107962   2.829420e+00   2.503827e-01   2.829420e+00   2.503827e-01 223200701051855570       4903       2087     0 2454106.286597  1.387076e+01  9.607997e-02  1.387076e+01  9.607997e-02 
   95108016   2.554543e+00   2.351701e-01   2.554543e+00   2.351701e-01 223200701051856510       4903       2086     0 2454106.287222  1.398172e+01  9.995271e-02  1.398172e+01  9.995271e-02 
   95280695   2.373601e+00   2.383309e-01   2.373601e+00   2.383309e-01 223200701071854540       4881       2071     0 2454108.285822  1.406148e+01  1.090180e-01  1.406148e+01  1.090180e-01 
   95280824   2.465796e+00   2.023385e-01   2.465796e+00   2.023385e-01 223200701071857030       4900       2095     0 2454108.287315  1.402011e+01  8.909374e-02  1.402011e+01  8.909374e-02 
   95280880   2.213540e+00   1.887966e-01   2.213540e+00   1.887966e-01 223200701071857590       4899       2092     0 2454108.287963  1.413728e+01  9.260463e-02  1.413728e+01  9.260463e-02 
   95280936   2.301389e+00   1.783464e-01   2.301389e+00   1.783464e-01 223200701071858540       4898       2089     0 2454108.288611  1.409503e+01  8.413954e-02  1.409503e+01  8.413954e-02 
   95367157   2.484063e+00   2.674475e-01   2.484063e+00   2.674475e-01 223200701081855580       4884       2062     0 2454109.286539  1.401209e+01  1.168966e-01  1.401209e+01  1.168966e-01 
   95367213   2.294204e+00   2.503344e-01   2.294204e+00   2.503344e-01 223200701081856530       4884       2060     0 2454109.287187  1.409842e+01  1.184716e-01  1.409842e+01  1.184716e-01 
   95367268   2.538223e+00   2.341309e-01   2.538223e+00   2.341309e-01 223200701081857490       4882       2059     0 2454109.287824  1.398868e+01  1.001509e-01  1.398868e+01  1.001509e-01 
   95367324   2.705076e+00   2.204580e-01   2.705076e+00   2.204580e-01 223200701081858450       4882       2057     0 2454109.288472  1.391955e+01  8.848551e-02  1.391955e+01  8.848551e-02 
   95453543   2.460272e+00   2.605725e-01   2.460272e+00   2.605725e-01 223200701091855450       4887       2058     0 2454110.286377  1.402254e+01  1.149930e-01  1.402254e+01  1.149930e-01 
   95453599   2.456723e+00   2.434108e-01   2.456723e+00   2.434108e-01 223200701091856400       4886       2057     0 2454110.287025  1.402411e+01  1.075745e-01  1.402411e+01  1.075745e-01 
   95539933   2.374590e+00   2.577006e-01   2.374590e+00   2.577006e-01 223200701101855350       4884       2051     0 2454111.286262  1.406103e+01  1.178291e-01  1.406103e+01  1.178291e-01 
   95539987   2.511857e+00   2.412032e-01   2.511857e+00   2.412032e-01 223200701101856300       4883       2051     0 2454111.286887  1.400001e+01  1.042591e-01  1.400001e+01  1.042591e-01 
   95540041   2.272799e+00   2.245235e-01   2.272799e+00   2.245235e-01 223200701101857240       4883       2049     0 2454111.287512  1.410860e+01  1.072573e-01  1.410860e+01  1.072573e-01 
   95540097   2.330292e+00   2.104600e-01   2.330292e+00   2.104600e-01 223200701101858190       4881       2048     0 2454111.288160  1.408147e+01  9.805845e-02  1.408147e+01  9.805845e-02 
   95626317   2.639862e+00   2.649650e-01   2.639862e+00   2.649650e-01 223200701111855210       4866       2031     0 2454112.286076  1.394605e+01  1.089766e-01  1.394605e+01  1.089766e-01 
   95626373   2.540145e+00   2.477427e-01   2.540145e+00   2.477427e-01 223200701111856160       4865       2031     0 2454112.286725  1.398785e+01  1.058932e-01  1.398785e+01  1.058932e-01 
   95626427   2.928945e+00   2.328299e-01   2.928945e+00   2.328299e-01 223200701111857110       4864       2029     0 2454112.287350  1.383322e+01  8.630845e-02  1.383322e+01  8.630845e-02 
   95626483   2.780128e+00   2.190254e-01   2.780128e+00   2.190254e-01 223200701111858070       4864       2028     0 2454112.287998  1.388984e+01  8.553731e-02  1.388984e+01  8.553731e-02 
   95712700   2.856890e+00   2.484618e-01   2.856890e+00   2.484618e-01 223200701121855050       4894       2026     0 2454113.285880  1.386027e+01  9.442606e-02  1.386027e+01  9.442606e-02 
   95712756   2.869895e+00   2.335009e-01   2.869895e+00   2.335009e-01 223200701121856000       4894       2025     0 2454113.286528  1.385534e+01  8.833817e-02  1.385534e+01  8.833817e-02 
   95712810   2.312152e+00   2.200721e-01   2.312152e+00   2.200721e-01 223200701121856550       4893       2024     0 2454113.287153  1.408996e+01  1.033414e-01  1.408996e+01  1.033414e-01 
   95712864   2.132806e+00   2.076686e-01   2.132806e+00   2.076686e-01 223200701121857490       4893       2022     0 2454113.287778  1.417762e+01  1.057171e-01  1.417762e+01  1.057171e-01 
   95799122   2.179482e+00   2.211186e-01   2.179482e+00   2.211186e-01 223200701131855270       4890       2041     0 2454114.286134  1.415412e+01  1.101533e-01  1.415412e+01  1.101533e-01 
   95799176   2.422182e+00   2.083124e-01   2.422182e+00   2.083124e-01 223200701131856210       4890       2040     0 2454114.286759  1.403948e+01  9.337577e-02  1.403948e+01  9.337577e-02 
   95799300   2.271313e+00   1.818536e-01   2.271313e+00   1.818536e-01 223200701131858250       4891       2043     0 2454114.288194  1.410931e+01  8.693025e-02  1.410931e+01  8.693025e-02 
   95799354   2.497469e+00   1.735763e-01   2.497469e+00   1.735763e-01 223200701131859190       4891       2042     0 2454114.288819  1.400625e+01  7.545990e-02  1.400625e+01  7.545990e-02 
   95885592   2.102060e+00   2.073861e-01   2.102060e+00   2.073861e-01 223200701141856390       4885       2019     0 2454115.286944  1.419339e+01  1.071175e-01  1.419339e+01  1.071175e-01 
   95885648   2.247059e+00   1.953614e-01   2.247059e+00   1.953614e-01 223200701141857340       4885       2018     0 2454115.287593  1.412096e+01  9.439526e-02  1.412096e+01  9.439526e-02 
   95885702   2.054124e+00   1.831310e-01   2.054124e+00   1.831310e-01 223200701141858290       4885       2017     0 2454115.288218  1.421843e+01  9.679683e-02  1.421843e+01  9.679683e-02 
   95885834   1.923218e+00   1.594580e-01   1.923218e+00   1.594580e-01 223200701141900410       4883       2018     0 2454115.289745  1.428993e+01  9.002099e-02  1.428993e+01  9.002099e-02 
  105941758   2.764190e+00   2.850786e-01   2.764190e+00   2.850786e-01 223200705110414520       4858       2860     0 2454231.677755  1.389608e+01  1.119754e-01  1.389608e+01  1.119754e-01 
  105941814   3.002971e+00   2.999554e-01   3.002971e+00   2.999554e-01 223200705110415490       4861       2859     0 2454231.678403  1.380612e+01  1.084505e-01  1.380612e+01  1.084505e-01 
  105941873   2.675911e+00   3.184649e-01   2.675911e+00   3.184649e-01 223200705110416470       4864       2858     0 2454231.679086  1.393132e+01  1.292158e-01  1.393132e+01  1.292158e-01 
  105941928   3.160148e+00   3.442683e-01   3.160148e+00   3.442683e-01 223200705110417430       4866       2858     0 2454231.679722  1.375073e+01  1.182811e-01  1.375073e+01  1.182811e-01 
  106027813   2.240375e+00   1.734457e-01   2.240375e+00   1.734457e-01 223200705120409040       4883       2836     0 2454232.673762  1.412420e+01  8.405602e-02  1.412420e+01  8.405602e-02 
  106027939   2.338625e+00   1.876874e-01   2.338625e+00   1.876874e-01 223200705120411090       4870       2848     0 2454232.675220  1.407760e+01  8.713653e-02  1.407760e+01  8.713653e-02 
  106027993   2.768115e+00   1.976864e-01   2.768115e+00   1.976864e-01 223200705120412040       4872       2847     0 2454232.675845  1.389454e+01  7.753868e-02  1.389454e+01  7.753868e-02 
  106028047   2.512465e+00   2.063286e-01   2.512465e+00   2.063286e-01 223200705120412580       4875       2847     0 2454232.676470  1.399975e+01  8.916310e-02  1.399975e+01  8.916310e-02 
  106114067   2.533839e+00   1.738128e-01   2.533839e+00   1.738128e-01 223200705130406340       4859       2860     0 2454233.672072  1.399055e+01  7.447810e-02  1.399055e+01  7.447810e-02 
  106114121   2.686265e+00   1.777818e-01   2.686265e+00   1.777818e-01 223200705130407290       4862       2859     0 2454233.672697  1.392713e+01  7.185622e-02  1.392713e+01  7.185622e-02 
  106114177   2.152712e+00   1.810902e-01   2.152712e+00   1.810902e-01 223200705130408240       4865       2859     0 2454233.673345  1.416753e+01  9.133451e-02  1.416753e+01  9.133451e-02 
  106114231   2.395132e+00   1.882447e-01   2.395132e+00   1.882447e-01 223200705130409190       4867       2858     0 2454233.673970  1.405168e+01  8.533341e-02  1.405168e+01  8.533341e-02 
  124569718   2.383262e+00   2.715174e-01   2.383262e+00   2.715174e-01 223200712121844190       4295       6552     0 2454447.279144  1.405707e+01  1.236949e-01  1.405707e+01  1.236949e-01 
  124570452   2.643228e+00   1.437442e-01   2.643228e+00   1.437442e-01 222200712121856320       7539      22036     0 2454447.287639  1.394466e+01  5.904482e-02  1.394466e+01  5.904482e-02 
  124571584   2.889610e+00   1.046996e-01   2.889610e+00   1.046996e-01 222200712121915250       7559      21987     0 2454447.300741  1.384790e+01  3.933976e-02  1.384790e+01  3.933976e-02 
  124571648   2.569137e+00   9.042588e-02   2.569137e+00   9.042588e-02 221200712121916280      15388       5852     0 2454447.301481  1.397553e+01  3.821477e-02  1.397553e+01  3.821477e-02 
  124571708   1.911942e+00   8.575335e-02   1.911942e+00   8.575335e-02 223200712121917280       4309       6511     0 2454447.302176  1.429631e+01  4.869702e-02  1.429631e+01  4.869702e-02 
  124572792   2.646763e+00   1.017078e-01   2.646763e+00   1.017078e-01 222200712121935320       7535      22005     0 2454447.314722  1.394321e+01  4.172199e-02  1.394321e+01  4.172199e-02 
  124573042   1.810063e+00   8.436366e-02   1.810063e+00   8.436366e-02 223200712121939430       4294       6437     0 2454447.317616  1.435577e+01  5.060432e-02  1.435577e+01  5.060432e-02 
