\OBJNAME = '1SWASP J000953.95-721934.3'
\OBSSTART = '2006-05-11T04:14:48'
\OBSSTOP = '2007-12-12T19:39:43'
\TSTART = 74405746
\TSTOP = 124573045
\JD_REF = 2453005.5
\RA_OBJ = '2.474819'
\DEC_OBJ = '-72.3262'
\WASP_MAG = 14.66116
\HJD_START = 2453866.677616
\HJD_STOP = 2454447.317650
\fixlen = T
\NUMRECORDS = 351
\
\ This file was produced by the NASA Exoplanet Archive  http://exoplanetarchive.ipac.caltech.edu 
\ Sat Sep 14, 18:03:31 2013
\ Documentation for the SuperWASP dataset can be found at http://exoplanetarchive.ipac.caltech.edu/docs/SuperWASPMission.html
\
|TMID      |FLUX2         |FLUX2_ERR     |TAMFLUX2      |TAMFLUX2_ERR  |IMAGEID           |CCDX      |CCDY      |FLAG |           HJD|         MAG2|     MAG2_ERR|      TAMMAG2|  TAMMAG2_ERR|
|int       |float         |float         |float         |float         |char              |int       |int       |int  |        double|        float|        float|        float|        float|
|sec       |micro Vega    |micro Vega    |micro Vega    |micro Vega    |                  |1/16 pixel|1/16 pixel|     |           day|          mag|          mag|          mag|          mag|
|null      |null          |null          |null          |null          |null              |null      |null      |null |          null|         null|         null|         null|         null|
   74405746   1.648004e+00   2.041220e-01   1.648004e+00   2.041220e-01 223200605110414480       9946       4477     0 2453866.677616  1.445760e+01  1.344799e-01  1.445760e+01  1.344799e-01 
   74405883   1.312466e+00   2.511846e-01   1.312466e+00   2.511846e-01 223200605110417040       9955       4472     0 2453866.679201  1.470478e+01  2.077930e-01  1.470478e+01  2.077930e-01 
   74405948   1.484184e+00   2.792234e-01   1.484184e+00   2.792234e-01 223200605110418100       9964       4446     0 2453866.679954  1.457128e+01  2.042631e-01  1.457128e+01  2.042631e-01 
   74491859   1.847191e+00   2.209753e-01   1.847191e+00   2.209753e-01 223200605120409570       9969       4405     0 2453867.674294  1.433372e+01  1.298846e-01  1.433372e+01  1.298846e-01 
   74491997   1.765656e+00   2.338662e-01   1.765656e+00   2.338662e-01 223200605120412150       9978       4402     0 2453867.675891  1.438274e+01  1.438094e-01  1.438274e+01  1.438094e-01 
   74492050   1.667002e+00   2.396458e-01   1.667002e+00   2.396458e-01 223200605120413070       9980       4400     0 2453867.676505  1.444516e+01  1.560844e-01  1.444516e+01  1.560844e-01 
   74750382   1.826492e+00   3.162691e-01   1.826492e+00   3.162691e-01 223200605150358270       9965       4408     0 2453870.666458  1.434596e+01  1.880030e-01  1.434596e+01  1.880030e-01 
   74750442   1.661985e+00   3.122118e-01   1.661985e+00   3.122118e-01 223200605150359270       9969       4404     0 2453870.667153  1.444843e+01  2.039614e-01  1.444843e+01  2.039614e-01 
   74750496   1.624920e+00   3.149701e-01   1.624920e+00   3.149701e-01 223200605150400210       9974       4404     0 2453870.667778  1.447292e+01  2.104570e-01  1.447292e+01  2.104570e-01 
   74750555   1.536063e+00   3.153760e-01   1.536063e+00   3.153760e-01 223200605150401200       9976       4402     0 2453870.668461  1.453398e+01  2.229182e-01  1.453398e+01  2.229182e-01 
   75613643   1.238638e+00   1.160831e-01   1.238638e+00   1.160831e-01 223200605250345300      10042       4420     0 2453880.657905  1.476764e+01  1.017538e-01  1.476764e+01  1.017538e-01 
   75613706   1.136787e+00   1.153419e-01   1.136787e+00   1.153419e-01 223200605250346340      10052       4392     0 2453880.658634  1.486080e+01  1.101625e-01  1.486080e+01  1.101625e-01 
   75613764   1.279256e+00   1.146112e-01   1.279256e+00   1.146112e-01 223200605250347310      10055       4390     0 2453880.659306  1.473261e+01  9.727365e-02  1.473261e+01  9.727365e-02 
   75613832   1.266796e+00   1.137824e-01   1.266796e+00   1.137824e-01 223200605250348400      10052       4413     0 2453880.660093  1.474323e+01  9.752014e-02  1.474323e+01  9.752014e-02 
   75700098   1.322066e+00   1.134866e-01   1.322066e+00   1.134866e-01 223200605260346210      10062       4410     0 2453881.658542  1.469687e+01  9.320030e-02  1.469687e+01  9.320030e-02 
   75700161   1.219813e+00   1.124311e-01   1.219813e+00   1.124311e-01 223200605260347250      10070       4379     0 2453881.659271  1.478427e+01  1.000734e-01  1.478427e+01  1.000734e-01 
   75700228   1.196400e+00   1.120088e-01   1.196400e+00   1.120088e-01 223200605260348310      10068       4404     0 2453881.660046  1.480531e+01  1.016487e-01  1.480531e+01  1.016487e-01 
   75700297   1.241166e+00   1.114419e-01   1.241166e+00   1.114419e-01 223200605260349400      10074       4374     0 2453881.660845  1.476543e+01  9.748656e-02  1.476543e+01  9.748656e-02 
   76132318   1.135825e+00   9.090179e-02   1.135825e+00   9.090179e-02 223200605310349440      10125       4383     0 2453886.661088  1.486172e+01  8.689339e-02  1.486172e+01  8.689339e-02 
   76132385   1.234296e+00   9.210651e-02   1.234296e+00   9.210651e-02 223200605310350510      10133       4353     0 2453886.661863  1.477145e+01  8.102083e-02  1.477145e+01  8.102083e-02 
   76132434   1.264553e+00   9.297547e-02   1.264553e+00   9.297547e-02 223200605310351390      10134       4351     0 2453886.662431  1.474516e+01  7.982834e-02  1.474516e+01  7.982834e-02 
   76132496   1.451882e+00   9.378372e-02   1.451882e+00   9.378372e-02 223200605310352410      10136       4350     0 2453886.663148  1.459517e+01  7.013292e-02  1.459517e+01  7.013292e-02 
   76218788   1.341812e+00   9.585754e-02   1.341812e+00   9.585754e-02 223200606010350510      10143       4345     0 2453887.661898  1.468077e+01  7.756403e-02  1.468077e+01  7.756403e-02 
   76218856   1.355720e+00   9.390413e-02   1.355720e+00   9.390413e-02 223200606010351580      10143       4367     0 2453887.662685  1.466957e+01  7.520393e-02  1.466957e+01  7.520393e-02 
   76218926   1.361283e+00   9.489847e-02   1.361283e+00   9.489847e-02 223200606010353090      10146       4365     0 2453887.663495  1.466513e+01  7.568967e-02  1.466513e+01  7.568967e-02 
   76219012   1.226945e+00   9.513558e-02   1.226945e+00   9.513558e-02 223200606010354350      10154       4337     0 2453887.664491  1.477794e+01  8.418672e-02  1.477794e+01  8.418672e-02 
   76478194   1.402667e+00   1.024995e-01   1.402667e+00   1.024995e-01 223200606040354060      10154       4337     0 2453890.664282  1.463261e+01  7.934014e-02  1.463261e+01  7.934014e-02 
   76478267   1.190351e+00   1.043937e-01   1.190351e+00   1.043937e-01 223200606040355190      10154       4359     0 2453890.665127  1.481081e+01  9.521925e-02  1.481081e+01  9.521925e-02 
   76478343   1.147283e+00   1.050596e-01   1.147283e+00   1.050596e-01 223200606040356360      10162       4329     0 2453890.666007  1.485082e+01  9.942400e-02  1.485082e+01  9.942400e-02 
   76478396   1.145465e+00   1.041987e-01   1.145465e+00   1.041987e-01 223200606040357280      10164       4327     0 2453890.666620  1.485255e+01  9.876580e-02  1.485255e+01  9.876580e-02 
   76564714   1.192485e+00   2.229448e-01   1.192485e+00   2.229448e-01 223200606050356020      10190       4317     0 2453891.665671  1.480887e+01  2.029879e-01  1.480887e+01  2.029879e-01 
   76650908   1.189739e+00   9.143382e-02   1.189739e+00   9.143382e-02 223200606060352330      10170       4317     0 2453892.663287  1.481137e+01  8.344132e-02  1.481137e+01  8.344132e-02 
   76651042   1.251997e+00   9.367725e-02   1.251997e+00   9.367725e-02 223200606060354480      10177       4316     0 2453892.664838  1.475599e+01  8.123755e-02  1.475599e+01  8.123755e-02 
   76651098   1.124673e+00   9.327529e-02   1.124673e+00   9.327529e-02 223200606060355430      10179       4314     0 2453892.665486  1.487243e+01  9.004638e-02  1.487243e+01  9.004638e-02 
   76651174   1.073930e+00   9.105398e-02   1.073930e+00   9.105398e-02 223200606060357000      10176       4337     0 2453892.666366  1.492256e+01  9.205528e-02  1.492256e+01  9.205528e-02 
   76737402   1.142395e+00   9.728424e-02   1.142395e+00   9.728424e-02 223200606070354040      10180       4321     0 2453893.664375  1.485546e+01  9.245964e-02  1.485546e+01  9.245964e-02 
   76737455   1.124203e+00   9.639718e-02   1.124203e+00   9.639718e-02 223200606070354570      10183       4318     0 2453893.664988  1.487289e+01  9.309912e-02  1.487289e+01  9.309912e-02 
   76737510   1.325580e+00   9.711353e-02   1.325580e+00   9.711353e-02 223200606070355530      10184       4316     0 2453893.665625  1.469398e+01  7.954256e-02  1.469398e+01  7.954256e-02 
   76737566   1.167586e+00   9.705157e-02   1.167586e+00   9.705157e-02 223200606070356480      10186       4315     0 2453893.666273  1.483178e+01  9.024843e-02  1.483178e+01  9.024843e-02 
   76823793   1.080765e+00   9.415620e-02   1.080765e+00   9.415620e-02 223200606080353510      10206       4320     0 2453894.664271  1.491567e+01  9.458958e-02  1.491567e+01  9.458958e-02 
   76823852   1.217932e+00   9.552545e-02   1.217932e+00   9.552545e-02 223200606080354510      10210       4317     0 2453894.664954  1.478594e+01  8.515732e-02  1.478594e+01  8.515732e-02 
   76823911   1.214287e+00   9.696141e-02   1.214287e+00   9.696141e-02 223200606080355500      10212       4315     0 2453894.665637  1.478920e+01  8.669688e-02  1.478920e+01  8.669688e-02 
   76823997   1.203377e+00   9.565730e-02   1.203377e+00   9.565730e-02 223200606080357160      10210       4337     0 2453894.666632  1.479900e+01  8.630622e-02  1.479900e+01  8.630622e-02 
   76910219   1.283976e+00   9.332787e-02   1.283976e+00   9.332787e-02 223200606090354140      10202       4307     0 2453895.664572  1.472861e+01  7.891878e-02  1.472861e+01  7.891878e-02 
   76910273   1.286340e+00   9.279459e-02   1.286340e+00   9.279459e-02 223200606090355080      10205       4305     0 2453895.665197  1.472661e+01  7.832361e-02  1.472661e+01  7.832361e-02 
   76910357   1.200659e+00   9.396787e-02   1.200659e+00   9.396787e-02 223200606090356320      10203       4327     0 2453895.666169  1.480145e+01  8.497389e-02  1.480145e+01  8.497389e-02 
   76910429   1.069642e+00   9.167486e-02   1.069642e+00   9.167486e-02 223200606090357440      10209       4300     0 2453895.667002  1.492690e+01  9.305453e-02  1.492690e+01  9.305453e-02 
   76996574   1.423138e+00   2.000378e-01   1.423138e+00   2.000378e-01 223200606100353270      10208       4307     0 2453896.664051  1.461688e+01  1.526127e-01  1.461688e+01  1.526127e-01 
   76996639   1.391724e+00   1.967662e-01   1.391724e+00   1.967662e-01 223200606100354320      10211       4304     0 2453896.664803  1.464112e+01  1.535053e-01  1.464112e+01  1.535053e-01 
   76996700   1.430098e+00   1.954284e-01   1.430098e+00   1.954284e-01 223200606100355320      10213       4302     0 2453896.665509  1.461159e+01  1.483705e-01  1.461159e+01  1.483705e-01 
   77083071   9.631055e-01   3.378417e-01   9.631055e-01   3.378417e-01 223200606110355000      10219       4319     0 2453897.665174  1.504082e+01  3.808599e-01  1.504082e+01  3.808599e-01 
   77083206   8.981828e-01   3.372592e-01   8.981828e-01   3.372592e-01 223200606110357160      10228       4288     0 2453897.666736  1.511659e+01  4.076852e-01  1.511659e+01  4.076852e-01 
   77169260   1.105116e+00   4.277804e-01   1.105116e+00   4.277804e-01 223200606120351270      10219       4316     0 2453898.662731  1.489148e+01  4.202802e-01  1.489148e+01  4.202802e-01 
   77169322   1.523490e+00   4.227717e-01   1.523490e+00   4.227717e-01 223200606120352290      10227       4288     0 2453898.663449  1.454290e+01  3.012952e-01  1.454290e+01  3.012952e-01 
   77514686   2.965436e+00   1.972955e+00   2.965436e+00   1.972955e+00 223200606160348210      10229       4255     0 2453902.660718  1.381978e+01  7.223613e-01  1.381978e+01  7.223613e-01 
   77514751   2.623360e+00   2.512355e+00   2.623360e+00   2.512355e+00 223200606160349260      10231       4253     0 2453902.661470  1.395286e+01  1.039798e+00  1.395286e+01  1.039798e+00 
   77601371   1.612659e+00   1.716996e-01   1.612659e+00   1.716996e-01 223200606170353030      10243       4239     0 2453903.664016  1.448114e+01  1.155985e-01  1.448114e+01  1.155985e-01 
   77601441   1.526185e+00   1.726265e-01   1.526185e+00   1.726265e-01 223200606170354120      10240       4262     0 2453903.664826  1.454098e+01  1.228079e-01  1.454098e+01  1.228079e-01 
   77601511   1.290371e+00   1.711479e-01   1.290371e+00   1.711479e-01 223200606170355220      10242       4260     0 2453903.665637  1.472321e+01  1.440067e-01  1.472321e+01  1.440067e-01 
   77601568   1.443308e+00   1.723280e-01   1.443308e+00   1.723280e-01 223200606170356190      10248       4233     0 2453903.666296  1.460160e+01  1.296351e-01  1.460160e+01  1.296351e-01 
   77687714   1.366726e+00   1.463459e-01   1.366726e+00   1.463459e-01 223200606180352030      10263       4233     0 2453904.663356  1.466080e+01  1.162586e-01  1.466080e+01  1.162586e-01 
   77687757   1.371516e+00   1.458898e-01   1.371516e+00   1.458898e-01 223200606180352470      10265       4231     0 2453904.663854  1.465700e+01  1.154914e-01  1.465700e+01  1.154914e-01 
   77687825   1.431842e+00   1.463692e-01   1.431842e+00   1.463692e-01 223200606180353550      10266       4230     0 2453904.664641  1.461026e+01  1.109892e-01  1.461026e+01  1.109892e-01 
   77687876   1.438064e+00   1.455780e-01   1.438064e+00   1.455780e-01 223200606180354460      10267       4229     0 2453904.665231  1.460555e+01  1.099116e-01  1.460555e+01  1.099116e-01 
   77774351   1.473152e+00   1.224223e-01   1.473152e+00   1.224223e-01 223200606190355570      10309       4214     0 2453905.666100  1.457938e+01  9.022748e-02  1.457938e+01  9.022748e-02 
   77774407   1.364234e+00   1.220306e-01   1.364234e+00   1.220306e-01 223200606190356530      10308       4214     0 2453905.666748  1.466278e+01  9.711932e-02  1.466278e+01  9.711932e-02 
   77774469   1.442133e+00   1.219846e-01   1.442133e+00   1.219846e-01 223200606190357560      10308       4213     0 2453905.667465  1.460249e+01  9.183868e-02  1.460249e+01  9.183868e-02 
   77774534   1.422181e+00   1.195781e-01   1.422181e+00   1.195781e-01 223200606190359000      10303       4238     0 2453905.668218  1.461761e+01  9.128992e-02  1.461761e+01  9.128992e-02 
   77860765   1.374864e+00   1.040543e-01   1.374864e+00   1.040543e-01 223200606200356080      10292       4208     0 2453906.666262  1.465435e+01  8.217246e-02  1.465435e+01  8.217246e-02 
   77860824   1.267981e+00   1.038882e-01   1.267981e+00   1.038882e-01 223200606200357080      10293       4207     0 2453906.666944  1.474222e+01  8.895683e-02  1.474222e+01  8.895683e-02 
   77860888   1.335867e+00   1.039232e-01   1.335867e+00   1.039232e-01 223200606200358110      10293       4208     0 2453906.667685  1.468559e+01  8.446471e-02  1.468559e+01  8.446471e-02 
   77860953   1.210237e+00   1.037747e-01   1.210237e+00   1.037747e-01 223200606200359170      10287       4234     0 2453906.668438  1.479282e+01  9.309945e-02  1.479282e+01  9.309945e-02 
   77947075   1.278952e+00   1.057863e-01   1.278952e+00   1.057863e-01 223200606210354360      10287       4207     0 2453907.665220  1.473286e+01  8.980517e-02  1.473286e+01  8.980517e-02 
   77947129   1.257244e+00   1.054487e-01   1.257244e+00   1.054487e-01 223200606210355300      10287       4209     0 2453907.665845  1.475145e+01  9.106415e-02  1.475145e+01  9.106415e-02 
   77947207   1.200945e+00   1.082693e-01   1.200945e+00   1.082693e-01 223200606210356480      10283       4233     0 2453907.666748  1.480119e+01  9.788316e-02  1.480119e+01  9.788316e-02 
   77947274   1.178504e+00   1.057778e-01   1.178504e+00   1.057778e-01 223200606210357550      10288       4209     0 2453907.667523  1.482167e+01  9.745165e-02  1.482167e+01  9.745165e-02 
   78119986   1.170368e+00   9.274548e-02   1.170368e+00   9.274548e-02 223200606230356210      10279       4188     0 2453909.666505  1.482919e+01  8.603914e-02  1.482919e+01  8.603914e-02 
   78120040   1.098292e+00   9.230236e-02   1.098292e+00   9.230236e-02 223200606230357150      10278       4189     0 2453909.667130  1.489821e+01  9.124746e-02  1.489821e+01  9.124746e-02 
   78120188   1.161968e+00   9.281421e-02   1.161968e+00   9.281421e-02 223200606230359440      10276       4198     0 2453909.668843  1.483701e+01  8.672536e-02  1.483701e+01  8.672536e-02 
   78120250   1.083244e+00   9.205432e-02   1.083244e+00   9.205432e-02 223200606230400460      10278       4176     0 2453909.669560  1.491319e+01  9.226646e-02  1.491319e+01  9.226646e-02 
   78206445   1.221621e+00   9.878112e-02   1.221621e+00   9.878112e-02 223200606240357190      10297       4174     0 2453910.667187  1.478266e+01  8.779369e-02  1.478266e+01  8.779369e-02 
   78206504   1.175252e+00   9.804972e-02   1.175252e+00   9.804972e-02 223200606240358180      10294       4178     0 2453910.667870  1.482467e+01  9.058185e-02  1.482467e+01  9.058185e-02 
   78206579   1.172244e+00   9.573110e-02   1.172244e+00   9.573110e-02 223200606240359320      10285       4208     0 2453910.668738  1.482745e+01  8.866673e-02  1.482745e+01  8.866673e-02 
   78206638   1.170794e+00   9.766575e-02   1.170794e+00   9.766575e-02 223200606240400310      10281       4191     0 2453910.669421  1.482880e+01  9.057072e-02  1.482880e+01  9.057072e-02 
   78292884   1.213307e+00   8.909565e-02   1.213307e+00   8.909565e-02 223200606250357560      10299       4157     0 2453911.667639  1.479007e+01  7.972810e-02  1.479007e+01  7.972810e-02 
   78292938   1.212437e+00   8.865029e-02   1.212437e+00   8.865029e-02 223200606250358490      10293       4164     0 2453911.668264  1.479085e+01  7.938656e-02  1.479085e+01  7.938656e-02 
   78292989   1.132387e+00   8.810815e-02   1.132387e+00   8.810815e-02 223200606250359400      10283       4178     0 2453911.668854  1.486501e+01  8.447868e-02  1.486501e+01  8.447868e-02 
   78293051   1.079878e+00   8.903161e-02   1.079878e+00   8.903161e-02 223200606250400430      10283       4177     0 2453911.669572  1.491656e+01  8.951487e-02  1.491656e+01  8.951487e-02 
   78724953   1.228031e+00   8.959705e-02   1.228031e+00   8.959705e-02 223200606300358520      10306       4161     0 2453916.668438  1.477698e+01  7.921553e-02  1.477698e+01  7.921553e-02 
   78725030   1.034064e+00   9.003815e-02   1.034064e+00   9.003815e-02 223200606300400090      10313       4133     0 2453916.669329  1.496363e+01  9.453768e-02  1.496363e+01  9.453768e-02 
   78725077   1.094022e+00   9.021654e-02   1.094022e+00   9.021654e-02 223200606300400570      10313       4131     0 2453916.669873  1.490243e+01  8.953355e-02  1.490243e+01  8.953355e-02 
   78725141   1.106186e+00   8.998935e-02   1.106186e+00   8.998935e-02 223200606300402000      10314       4129     0 2453916.670613  1.489043e+01  8.832602e-02  1.489043e+01  8.832602e-02 
   78811389   1.049221e+00   9.341822e-02   1.049221e+00   9.341822e-02 223200607010359260      10306       4126     0 2453917.668854  1.494783e+01  9.666969e-02  1.494783e+01  9.666969e-02 
   78811468   1.024493e+00   9.373120e-02   1.024493e+00   9.373120e-02 223200607010400450      10303       4148     0 2453917.669769  1.497373e+01  9.933473e-02  1.497373e+01  9.933473e-02 
   78811533   1.219503e+00   9.470206e-02   1.219503e+00   9.470206e-02 223200607010401510      10308       4120     0 2453917.670521  1.478454e+01  8.431450e-02  1.478454e+01  8.431450e-02 
   78811584   1.271229e+00   9.478964e-02   1.271229e+00   9.478964e-02 223200607010402420      10309       4118     0 2453917.671111  1.473944e+01  8.095856e-02  1.473944e+01  8.095856e-02 
   78897859   2.058683e+00   4.833382e-01   2.058683e+00   4.833382e-01 223200607020400340      10318       4114     0 2453918.669664  1.421603e+01  2.549104e-01  1.421603e+01  2.549104e-01 
   78897913   8.133028e-01   2.726705e-01   8.133028e-01   2.726705e-01 223200607020401280      10318       4112     0 2453918.670289  1.522437e+01  3.640087e-01  1.522437e+01  3.640087e-01 
   78984202   1.090060e+00   8.910905e-02   1.090060e+00   8.910905e-02 223200607030359350      10324       4101     0 2453919.669005  1.490637e+01  8.875588e-02  1.490637e+01  8.875588e-02 
   78984256   9.821680e-01   8.781610e-02   9.821680e-01   8.781610e-02 223200607030400290      10327       4099     0 2453919.669630  1.501954e+01  9.707652e-02  1.501954e+01  9.707652e-02 
   78984314   1.036156e+00   8.747336e-02   1.036156e+00   8.747336e-02 223200607030401270      10327       4097     0 2453919.670301  1.496144e+01  9.165929e-02  1.496144e+01  9.165929e-02 
   78984369   1.019731e+00   8.804365e-02   1.019731e+00   8.804365e-02 223200607030402220      10327       4095     0 2453919.670937  1.497879e+01  9.374291e-02  1.497879e+01  9.374291e-02 
   79070526   1.057311e+00   8.672329e-02   1.057311e+00   8.672329e-02 223200607040358180      10321       4081     0 2453920.668125  1.493949e+01  8.905507e-02  1.493949e+01  8.905507e-02 
   79070572   1.093013e+00   8.655298e-02   1.093013e+00   8.655298e-02 223200607040359040      10322       4079     0 2453920.668657  1.490344e+01  8.597703e-02  1.490344e+01  8.597703e-02 
   79070638   1.075262e+00   8.779223e-02   1.075262e+00   8.779223e-02 223200607040400090      10323       4077     0 2453920.669421  1.492121e+01  8.864770e-02  1.492121e+01  8.864770e-02 
   79070690   1.236941e+00   8.936049e-02   1.236941e+00   8.936049e-02 223200607040401020      10324       4075     0 2453920.670023  1.476913e+01  7.843724e-02  1.476913e+01  7.843724e-02 
   79415954   1.052916e+00   8.762737e-02   1.052916e+00   8.762737e-02 223200607080355190      10319       4066     0 2453924.666134  1.494402e+01  9.035908e-02  1.494402e+01  9.035908e-02 
   79416111   1.119458e+00   8.840436e-02   1.119458e+00   8.840436e-02 223200607080357570      10321       4088     0 2453924.667951  1.487748e+01  8.574160e-02  1.487748e+01  8.574160e-02 
   79416178   1.122604e+00   8.870254e-02   1.122604e+00   8.870254e-02 223200607080359030      10326       4060     0 2453924.668727  1.487443e+01  8.578972e-02  1.487443e+01  8.578972e-02 
   79416236   1.125678e+00   8.883069e-02   1.125678e+00   8.883069e-02 223200607080400010      10327       4057     0 2453924.669398  1.487146e+01  8.567907e-02  1.487146e+01  8.567907e-02 
   79502442   1.282580e+00   1.432592e-01   1.282580e+00   1.432592e-01 223200607090356460      10331       4059     0 2453925.667153  1.472979e+01  1.212729e-01  1.472979e+01  1.212729e-01 
   79502494   1.319017e+00   1.427463e-01   1.319017e+00   1.427463e-01 223200607090357380      10331       4057     0 2453925.667755  1.469937e+01  1.175007e-01  1.469937e+01  1.175007e-01 
   79502563   1.279113e+00   1.387010e-01   1.279113e+00   1.387010e-01 223200607090358470      10332       4054     0 2453925.668553  1.473273e+01  1.177326e-01  1.473273e+01  1.177326e-01 
   79502717   1.387132e+00   1.356320e-01   1.387132e+00   1.356320e-01 223200607090401200      10329       4036     0 2453925.670336  1.464471e+01  1.061622e-01  1.464471e+01  1.061622e-01 
   80278195   1.437810e+00   1.497974e-01   1.437810e+00   1.497974e-01 223200607180325470      10361       4016     0 2453934.645775  1.460575e+01  1.131172e-01  1.460575e+01  1.131172e-01 
   80278257   1.210833e+00   1.497783e-01   1.210833e+00   1.497783e-01 223200607180326500      10366       3988     0 2453934.646493  1.479229e+01  1.343045e-01  1.479229e+01  1.343045e-01 
   80278332   1.551084e+00   1.733750e-01   1.551084e+00   1.733750e-01 223200607180328050      10361       4011     0 2453934.647361  1.452341e+01  1.213603e-01  1.452341e+01  1.213603e-01 
   80278410   1.534066e+00   2.220758e-01   1.534066e+00   2.220758e-01 223200607180329220      10366       3983     0 2453934.648264  1.453539e+01  1.571748e-01  1.453539e+01  1.571748e-01 
   80364287   1.155701e+00   1.110714e-01   1.155701e+00   1.110714e-01 223200607190320380      10358       3998     0 2453935.642211  1.484289e+01  1.043477e-01  1.484289e+01  1.043477e-01 
   80364343   1.184047e+00   1.112018e-01   1.184047e+00   1.112018e-01 223200607190321350      10358       3997     0 2453935.642859  1.481658e+01  1.019692e-01  1.481658e+01  1.019692e-01 
   80364403   1.348555e+00   1.120043e-01   1.348555e+00   1.120043e-01 223200607190322340      10358       3996     0 2453935.643553  1.467533e+01  9.017617e-02  1.467533e+01  9.017617e-02 
   80364464   1.229183e+00   1.110534e-01   1.229183e+00   1.110534e-01 223200607190323360      10359       3994     0 2453935.644259  1.477596e+01  9.809375e-02  1.477596e+01  9.809375e-02 
   80450503   1.216549e+00   1.001659e-01   1.216549e+00   1.001659e-01 223200607200317340      10363       3990     0 2453936.640081  1.478718e+01  8.939558e-02  1.478718e+01  8.939558e-02 
   80450564   1.359735e+00   1.009532e-01   1.359735e+00   1.009532e-01 223200607200318350      10362       3989     0 2453936.640787  1.466636e+01  8.061052e-02  1.466636e+01  8.061052e-02 
   80450628   1.206797e+00   9.992720e-02   1.206797e+00   9.992720e-02 223200607200319380      10362       3987     0 2453936.641528  1.479591e+01  8.990328e-02  1.479591e+01  8.990328e-02 
   80450685   1.175727e+00   9.950636e-02   1.175727e+00   9.950636e-02 223200607200320360      10362       3985     0 2453936.642187  1.482423e+01  9.189040e-02  1.482423e+01  9.189040e-02 
   80967435   1.054979e+00   8.650322e-02   1.054979e+00   8.650322e-02 223200607260253020      10321       4026     0 2453942.623090  1.494189e+01  8.902550e-02  1.494189e+01  8.902550e-02 
   80967494   1.094036e+00   8.595589e-02   1.094036e+00   8.595589e-02 223200607260254000      10322       4024     0 2453942.623773  1.490242e+01  8.530412e-02  1.490242e+01  8.530412e-02 
   80967554   1.069142e+00   8.556132e-02   1.069142e+00   8.556132e-02 223200607260255010      10323       4022     0 2453942.624468  1.492741e+01  8.688966e-02  1.492741e+01  8.688966e-02 
   80967610   1.088196e+00   8.548290e-02   1.088196e+00   8.548290e-02 223200607260255560      10324       4019     0 2453942.625116  1.490823e+01  8.529000e-02  1.490823e+01  8.529000e-02 
   81053656   1.085476e+00   9.642358e-02   1.085476e+00   9.642358e-02 223200607270250020      10318       4022     0 2453943.621019  1.491095e+01  9.644704e-02  1.491095e+01  9.644704e-02 
   81053718   1.128040e+00   9.877796e-02   1.128040e+00   9.877796e-02 223200607270251040      10318       4019     0 2453943.621736  1.486919e+01  9.507390e-02  1.486919e+01  9.507390e-02 
   81053774   1.249488e+00   9.600299e-02   1.249488e+00   9.600299e-02 223200607270251590      10319       4017     0 2453943.622384  1.475817e+01  8.342162e-02  1.475817e+01  8.342162e-02 
   81053836   1.220189e+00   9.381743e-02   1.220189e+00   9.381743e-02 223200607270253010      10320       4015     0 2453943.623102  1.478393e+01  8.347997e-02  1.478393e+01  8.347997e-02 
   81139833   1.356115e+00   6.404707e-01   1.356115e+00   6.404707e-01 223200607280246190      10335       4013     0 2453944.618438  1.466926e+01  5.127771e-01  1.466926e+01  5.127771e-01 
   81139892   1.322926e+00   1.115230e+00   1.322926e+00   1.115230e+00 223200607280247170      10336       4011     0 2453944.619120  1.469616e+01  9.152819e-01  1.469616e+01  9.152819e-01 
   82346069   1.193006e+00   3.569134e-01   1.193006e+00   3.569134e-01 223200608110150170      10331       4056     0 2453958.579502  1.480839e+01  3.248225e-01  1.480839e+01  3.248225e-01 
   82346180   1.257305e+00   3.512795e-01   1.257305e+00   3.512795e-01 223200608110152070      10334       4050     0 2453958.580787  1.475140e+01  3.033459e-01  1.475140e+01  3.033459e-01 
   82346239   1.328012e+00   3.483054e-01   1.328012e+00   3.483054e-01 223200608110153070      10334       4048     0 2453958.581470  1.469200e+01  2.847634e-01  1.469200e+01  2.847634e-01 
   82518424   1.518983e+00   2.277275e-01   1.518983e+00   2.277275e-01 223200608130142530      10335       4024     0 2453960.574352  1.454612e+01  1.627753e-01  1.454612e+01  1.627753e-01 
   82518483   1.391661e+00   2.268537e-01   1.391661e+00   2.268537e-01 223200608130143520      10336       4022     0 2453960.575035  1.464117e+01  1.769858e-01  1.464117e+01  1.769858e-01 
   82518545   1.509057e+00   2.234686e-01   1.509057e+00   2.234686e-01 223200608130144550      10335       4017     0 2453960.575752  1.455324e+01  1.607817e-01  1.455324e+01  1.607817e-01 
   82518623   1.789625e+00   2.289552e-01   1.789625e+00   2.289552e-01 223200608130146120      10331       4039     0 2453960.576655  1.436810e+01  1.389039e-01  1.436810e+01  1.389039e-01 
   82604605   1.442144e+00   1.798701e-01   1.442144e+00   1.798701e-01 223200608140139160      10334       4045     0 2453961.571817  1.460248e+01  1.354180e-01  1.460248e+01  1.354180e-01 
   82604661   1.495686e+00   1.842880e-01   1.495686e+00   1.842880e-01 223200608140140120      10341       4041     0 2453961.572465  1.456290e+01  1.337773e-01  1.456290e+01  1.337773e-01 
   82604718   1.439248e+00   1.862808e-01   1.439248e+00   1.862808e-01 223200608140141080      10354       4039     0 2453961.573125  1.460466e+01  1.405265e-01  1.460466e+01  1.405265e-01 
   82604772   1.195890e+00   1.879491e-01   1.195890e+00   1.879491e-01 223200608140142030      10353       4036     0 2453961.573750  1.480577e+01  1.706376e-01  1.480577e+01  1.706376e-01 
   82863079   1.121897e+00   1.167898e-01   1.121897e+00   1.167898e-01 223200608170127120      10324       4054     0 2453964.563414  1.487512e+01  1.130258e-01  1.487512e+01  1.130258e-01 
   82863147   1.196304e+00   1.168607e-01   1.196304e+00   1.168607e-01 223200608170128190      10333       4021     0 2453964.564201  1.480540e+01  1.060603e-01  1.480540e+01  1.060603e-01 
   82863203   1.278592e+00   1.162100e-01   1.278592e+00   1.162100e-01 223200608170129150      10333       4019     0 2453964.564850  1.473317e+01  9.868192e-02  1.473317e+01  9.868192e-02 
   82863263   1.204802e+00   1.155966e-01   1.204802e+00   1.155966e-01 223200608170130160      10334       4017     0 2453964.565544  1.479771e+01  1.041730e-01  1.479771e+01  1.041730e-01 
   82949251   1.210073e+00   8.859351e-02   1.210073e+00   8.859351e-02 223200608180123250      10329       4000     0 2453965.560775  1.479297e+01  7.949064e-02  1.479297e+01  7.949064e-02 
   82949313   1.091096e+00   8.808323e-02   1.091096e+00   8.808323e-02 223200608180124270      10331       3999     0 2453965.561493  1.490534e+01  8.765088e-02  1.490534e+01  8.765088e-02 
   82949376   1.178371e+00   8.883477e-02   1.178371e+00   8.883477e-02 223200608180125310      10331       3995     0 2453965.562222  1.482179e+01  8.185153e-02  1.482179e+01  8.185153e-02 
   82949467   1.219162e+00   8.975642e-02   1.219162e+00   8.975642e-02 223200608180127020      10327       4015     0 2453965.563275  1.478485e+01  7.993372e-02  1.478485e+01  7.993372e-02 
   83724678   1.035243e+00   8.712648e-02   1.035243e+00   8.712648e-02 223200608270047250      10308       4052     0 2453974.535625  1.496239e+01  9.137635e-02  1.496239e+01  9.137635e-02 
   83724742   1.149431e+00   8.776350e-02   1.149431e+00   8.776350e-02 223200608270048280      10312       4017     0 2453974.536366  1.484879e+01  8.290041e-02  1.484879e+01  8.290041e-02 
   83724817   9.874345e-01   8.722053e-02   9.874345e-01   8.722053e-02 223200608270049440      10308       4039     0 2453974.537234  1.501373e+01  9.590390e-02  1.501373e+01  9.590390e-02 
   83724879   1.112969e+00   8.711466e-02   1.112969e+00   8.711466e-02 223200608270050460      10312       4010     0 2453974.537951  1.488379e+01  8.498341e-02  1.488379e+01  8.498341e-02 
   83810844   1.128401e+00   8.325806e-02   1.128401e+00   8.325806e-02 223200608280043330      10313       4040     0 2453975.532917  1.486884e+01  8.011032e-02  1.486884e+01  8.011032e-02 
   83810896   1.003004e+00   8.314192e-02   1.003004e+00   8.314192e-02 223200608280044250      10314       4038     0 2453975.533519  1.499674e+01  9.000018e-02  1.499674e+01  9.000018e-02 
   83810967   1.128351e+00   8.259703e-02   1.128351e+00   8.259703e-02 223200608280045350      10314       4034     0 2453975.534340  1.486889e+01  7.947782e-02  1.486889e+01  7.947782e-02 
   83811024   1.083228e+00   8.284708e-02   1.083228e+00   8.284708e-02 223200608280046320      10314       4031     0 2453975.535000  1.491320e+01  8.303922e-02  1.491320e+01  8.303922e-02 
   84328677   1.485900e+00   2.490834e-01   1.485900e+00   2.490834e-01 223200609030034170      10304       3970     0 2453981.526354  1.457003e+01  1.820041e-01  1.457003e+01  1.820041e-01 
   84328749   1.474249e+00   2.582363e-01   1.474249e+00   2.582363e-01 223200609030035280      10299       3991     0 2453981.527188  1.457857e+01  1.901832e-01  1.457857e+01  1.901832e-01 
   84328816   1.546610e+00   2.725945e-01   1.546610e+00   2.725945e-01 223200609030036350      10300       3956     0 2453981.527963  1.452655e+01  1.913648e-01  1.452655e+01  1.913648e-01 
   84328873   1.824902e+00   2.608129e-01   1.824902e+00   2.608129e-01 223200609030037320      10301       3955     0 2453981.528623  1.434690e+01  1.551728e-01  1.434690e+01  1.551728e-01 
   84500183   1.857262e+00   4.052837e-01   1.857262e+00   4.052837e-01 223200609050012480      10311       4035     0 2453983.511377  1.432782e+01  2.369255e-01  1.432782e+01  2.369255e-01 
   84500243   2.271051e+00   4.038450e-01   2.271051e+00   4.038450e-01 223200609050013480      10312       4032     0 2453983.512072  1.410943e+01  1.930695e-01  1.410943e+01  1.930695e-01 
   84500305   1.377499e+00   4.037457e-01   1.377499e+00   4.037457e-01 223200609050014500      10312       4029     0 2453983.512789  1.465227e+01  3.182309e-01  1.465227e+01  3.182309e-01 
   84500383   2.094685e+00   4.013121e-01   2.094685e+00   4.013121e-01 223200609050016080      10307       4051     0 2453983.513692  1.419720e+01  2.080125e-01  1.419720e+01  2.080125e-01 
   84844857   1.968661e+00   5.529861e-01   1.968661e+00   5.529861e-01 223200609082357310      10320       4044     0 2453987.500660  1.426457e+01  3.049785e-01  1.426457e+01  3.049785e-01 
   84844970   1.714732e+00   5.533650e-01   1.714732e+00   5.533650e-01 223200609082359230      10320       4037     0 2453987.501968  1.441451e+01  3.503815e-01  1.441451e+01  3.503815e-01 
   84845032   1.174060e+00   5.486802e-01   1.174060e+00   5.486802e-01 223200609090000260      10321       4034     0 2453987.502685  1.482577e+01  5.074050e-01  1.482577e+01  5.074050e-01 
   85017157   1.514394e+00   2.974444e-01   1.514394e+00   2.974444e-01 223200609102349160      10297       3996     0 2453989.494873  1.454940e+01  2.132519e-01  1.454940e+01  2.132519e-01 
   85017224   1.323097e+00   3.926838e-01   1.323097e+00   3.926838e-01 223200609102350220      10299       3993     0 2453989.495648  1.469602e+01  3.222381e-01  1.469602e+01  3.222381e-01 
   85017283   1.768004e+00   3.417658e-01   1.768004e+00   3.417658e-01 223200609102351210      10299       3991     0 2453989.496331  1.438129e+01  2.098801e-01  1.438129e+01  2.098801e-01 
   85017341   1.935315e+00   3.494852e-01   1.935315e+00   3.494852e-01 223200609102352200      10297       3984     0 2453989.497002  1.428312e+01  1.960663e-01  1.428312e+01  1.960663e-01 
   85361749   1.064442e+00   8.516183e-02   1.064442e+00   8.516183e-02 223200609142332380      10300       3950     0 2453993.483206  1.493219e+01  8.686580e-02  1.493219e+01  8.686580e-02 
   85361806   1.071226e+00   8.488265e-02   1.071226e+00   8.488265e-02 223200609142333360      10301       3947     0 2453993.483866  1.492530e+01  8.603268e-02  1.492530e+01  8.603268e-02 
   85361867   1.202846e+00   8.605395e-02   1.202846e+00   8.605395e-02 223200609142334370      10301       3944     0 2453993.484572  1.479948e+01  7.767598e-02  1.479948e+01  7.767598e-02 
   85361942   1.240995e+00   8.596835e-02   1.240995e+00   8.596835e-02 223200609142335520      10296       3966     0 2453993.485440  1.476558e+01  7.521328e-02  1.476558e+01  7.521328e-02 
   85620647   1.093798e+00   9.733166e-02   1.093798e+00   9.733166e-02 223200609172327440      10270       3957     0 2453996.479711  1.490266e+01  9.661464e-02  1.490266e+01  9.661464e-02 
   85620706   1.176606e+00   9.671374e-02   1.176606e+00   9.671374e-02 223200609172328430      10270       3953     0 2453996.480394  1.482342e+01  8.924481e-02  1.482342e+01  8.924481e-02 
   85620769   1.058840e+00   9.660098e-02   1.058840e+00   9.660098e-02 223200609172329460      10270       3950     0 2453996.481123  1.493792e+01  9.905515e-02  1.493792e+01  9.905515e-02 
   85620823   1.179695e+00   9.813742e-02   1.179695e+00   9.813742e-02 223200609172330410      10270       3947     0 2453996.481748  1.482058e+01  9.032146e-02  1.482058e+01  9.032146e-02 
   85706443   1.056109e+00   9.421783e-02   1.056109e+00   9.421783e-02 223200609182317440      10273       3931     0 2453997.472720  1.494073e+01  9.686130e-02  1.494073e+01  9.686130e-02 
   85706506   1.037806e+00   9.504502e-02   1.037806e+00   9.504502e-02 223200609182318460      10277       3907     0 2453997.473449  1.495971e+01  9.943492e-02  1.495971e+01  9.943492e-02 
   85706561   1.069465e+00   9.398158e-02   1.069465e+00   9.398158e-02 223200609182319410      10278       3904     0 2453997.474086  1.492708e+01  9.541176e-02  1.492708e+01  9.541176e-02 
   85706638   9.691740e-01   9.371130e-02   9.691740e-01   9.371130e-02 223200609182320580      10273       3928     0 2453997.474977  1.503400e+01  1.049823e-01  1.503400e+01  1.049823e-01 
   85878757   1.126896e+00   9.386922e-02   1.126896e+00   9.386922e-02 223200609202309430      10275       3983     0 2453999.467095  1.487029e+01  9.044097e-02  1.487029e+01  9.044097e-02 
   85878814   1.217876e+00   9.546559e-02   1.217876e+00   9.546559e-02 223200609202310400      10277       3980     0 2453999.467755  1.478599e+01  8.510782e-02  1.478599e+01  8.510782e-02 
   85878875   1.219727e+00   9.674695e-02   1.219727e+00   9.674695e-02 223200609202311410      10278       3978     0 2453999.468461  1.478434e+01  8.611928e-02  1.478434e+01  8.611928e-02 
   85878935   1.211857e+00   9.654763e-02   1.211857e+00   9.654763e-02 223200609202312420      10278       3975     0 2453999.469155  1.479137e+01  8.650000e-02  1.479137e+01  8.650000e-02 
   85964879   1.112502e+00   8.762587e-02   1.112502e+00   8.762587e-02 223200609212305090      10289       3978     0 2454000.463877  1.488425e+01  8.551795e-02  1.488425e+01  8.551795e-02 
   85965032   1.210593e+00   8.709964e-02   1.210593e+00   8.709964e-02 223200609212307420      10291       3970     0 2454000.465648  1.479251e+01  7.811674e-02  1.479251e+01  7.811674e-02 
   85965095   1.323911e+00   8.755001e-02   1.323911e+00   8.755001e-02 223200609212308460      10292       3968     0 2454000.466377  1.469535e+01  7.179981e-02  1.469535e+01  7.179981e-02 
   85965151   1.097872e+00   8.695088e-02   1.097872e+00   8.695088e-02 223200609212309410      10292       3966     0 2454000.467025  1.489862e+01  8.599003e-02  1.489862e+01  8.599003e-02 
   86404993   1.144194e+00   9.161817e-02   1.144194e+00   9.161817e-02 223200609270120390      10153       3627     0 2454005.557789  1.485375e+01  8.693766e-02  1.485375e+01  8.693766e-02 
   86405054   1.158746e+00   9.038523e-02   1.158746e+00   9.038523e-02 223200609270121400      10157       3599     0 2454005.558495  1.484003e+01  8.469056e-02  1.484003e+01  8.469056e-02 
   86405122   1.176430e+00   9.165724e-02   1.176430e+00   9.165724e-02 223200609270122490      10156       3597     0 2454005.559282  1.482358e+01  8.459147e-02  1.482358e+01  8.459147e-02 
   86405183   1.167899e+00   9.293762e-02   1.167899e+00   9.293762e-02 223200609270123490      10155       3595     0 2454005.559988  1.483149e+01  8.639969e-02  1.483149e+01  8.639969e-02 
   87688163   1.134963e+00   7.215829e-02   1.134963e+00   7.215829e-02 223200610112147440       9953       3778     0 2454020.409294  1.486255e+01  6.902882e-02  1.486255e+01  6.902882e-02 
   87688237   1.151763e+00   7.341981e-02   1.151763e+00   7.341981e-02 223200610112148580       9957       3749     0 2454020.410150  1.484659e+01  6.921111e-02  1.484659e+01  6.921111e-02 
   87688291   9.934016e-01   7.279010e-02   9.934016e-01   7.279010e-02 223200610112149520       9957       3747     0 2454020.410775  1.500719e+01  7.955607e-02  1.500719e+01  7.955607e-02 
   87860509   1.293622e+00   8.396475e-02   1.293622e+00   8.396475e-02 223200610132140170       9916       3801     0 2454022.404039  1.472048e+01  7.047180e-02  1.472048e+01  7.047180e-02 
   87860576   1.255415e+00   8.293232e-02   1.255415e+00   8.293232e-02 223200610132141240       9916       3796     0 2454022.404815  1.475303e+01  7.172365e-02  1.475303e+01  7.172365e-02 
   87860632   1.262666e+00   8.252674e-02   1.262666e+00   8.252674e-02 223200610132142200       9916       3794     0 2454022.405463  1.474678e+01  7.096300e-02  1.474678e+01  7.096300e-02 
   87860692   1.230069e+00   8.210326e-02   1.230069e+00   8.210326e-02 223200610132143190       9915       3791     0 2454022.406157  1.477518e+01  7.246974e-02  1.477518e+01  7.246974e-02 
   88033121   1.121731e+00   7.822897e-02   1.121731e+00   7.822897e-02 223200610152137170       9912       3831     0 2454024.401863  1.487528e+01  7.571896e-02  1.487528e+01  7.571896e-02 
   88033182   1.190775e+00   7.895890e-02   1.190775e+00   7.895890e-02 223200610152138180       9912       3826     0 2454024.402569  1.481043e+01  7.199417e-02  1.481043e+01  7.199417e-02 
   88033237   1.249557e+00   7.879040e-02   1.249557e+00   7.879040e-02 223200610152139130       9911       3822     0 2454024.403206  1.475811e+01  6.846098e-02  1.475811e+01  6.846098e-02 
   88033296   1.114402e+00   7.819971e-02   1.114402e+00   7.819971e-02 223200610152140120       9910       3818     0 2454024.403889  1.488240e+01  7.618847e-02  1.488240e+01  7.618847e-02 
   88377443   1.162172e+00   8.127832e-02   1.162172e+00   8.127832e-02 223200610192116140       9896       3847     0 2454028.387072  1.483682e+01  7.593292e-02  1.483682e+01  7.593292e-02 
   88377495   1.204963e+00   8.242071e-02   1.204963e+00   8.242071e-02 223200610192117070       9896       3843     0 2454028.387674  1.479757e+01  7.426575e-02  1.479757e+01  7.426575e-02 
   88377580   1.046640e+00   8.173063e-02   1.046640e+00   8.173063e-02 223200610192118310       9891       3866     0 2454028.388657  1.495051e+01  8.478389e-02  1.495051e+01  8.478389e-02 
   88377642   1.253206e+00   8.218368e-02   1.253206e+00   8.218368e-02 223200610192119340       9890       3862     0 2454028.389375  1.475494e+01  7.120147e-02  1.475494e+01  7.120147e-02 
   88463608   1.214718e+00   8.032870e-02   1.214718e+00   8.032870e-02 223200610202112230       9920       3801     0 2454029.384352  1.478881e+01  7.179943e-02  1.478881e+01  7.179943e-02 
   88463680   1.267139e+00   8.012722e-02   1.267139e+00   8.012722e-02 223200610202113350       9917       3796     0 2454029.385185  1.474294e+01  6.865647e-02  1.474294e+01  6.865647e-02 
   88463743   1.253555e+00   7.971594e-02   1.253555e+00   7.971594e-02 223200610202114380       9917       3794     0 2454029.385914  1.475464e+01  6.904428e-02  1.475464e+01  6.904428e-02 
   88463802   1.207781e+00   7.923727e-02   1.207781e+00   7.923727e-02 223200610202115380       9916       3791     0 2454029.386597  1.479503e+01  7.123066e-02  1.479503e+01  7.123066e-02 
   88551556   1.228595e+00   8.738878e-02   1.228595e+00   8.738878e-02 223200610212138150       9915       3742     0 2454030.402269  1.477648e+01  7.722761e-02  1.477648e+01  7.722761e-02 
   88551688   1.285314e+00   8.817300e-02   1.285314e+00   8.817300e-02 223200610212140270       9911       3732     0 2454030.403796  1.472748e+01  7.448216e-02  1.472748e+01  7.448216e-02 
   88551760   1.340240e+00   8.868610e-02   1.340240e+00   8.868610e-02 223200610212141400       9905       3753     0 2454030.404630  1.468204e+01  7.184537e-02  1.468204e+01  7.184537e-02 
   88637691   3.846188e+00   1.285061e+00   3.846188e+00   1.285061e+00 223200610222133550       9912       3754     0 2454031.399201  1.353742e+01  3.627597e-01  1.353742e+01  3.627597e-01 
   88637766   4.784836e-01   1.266066e+00   4.784836e-01   1.266066e+00 223200610222135100       9907       3776     0 2454031.400069  1.580033e+01  2.872865e+00  1.580033e+01  2.872865e+00 
   88637828   1.081506e+00   2.017052e+00   1.081506e+00   2.017052e+00 223200610222136110       9907       3774     0 2454031.400787  1.491493e+01  2.024948e+00  1.491493e+01  2.024948e+00 
   88722108   1.148801e+00   8.242634e-02   1.148801e+00   8.242634e-02 223200610232100550       9903       3832     0 2454032.376250  1.484939e+01  7.790170e-02  1.484939e+01  7.790170e-02 
   88722162   1.167206e+00   8.209769e-02   1.167206e+00   8.209769e-02 223200610232101500       9904       3829     0 2454032.376875  1.483213e+01  7.636762e-02  1.483213e+01  7.636762e-02 
   88722224   1.167572e+00   8.146185e-02   1.167572e+00   8.146185e-02 223200610232102520       9904       3827     0 2454032.377593  1.483179e+01  7.575243e-02  1.483179e+01  7.575243e-02 
   88722291   1.354999e+00   8.216685e-02   1.354999e+00   8.216685e-02 223200610232103590       9904       3824     0 2454032.378368  1.467015e+01  6.583904e-02  1.467015e+01  6.583904e-02 
   88980553   1.237334e+00   9.447490e-02   1.237334e+00   9.447490e-02 223200610262048320       9902       3893     0 2454035.367512  1.476878e+01  8.290016e-02  1.476878e+01  8.290016e-02 
   88980607   1.154489e+00   9.312561e-02   1.154489e+00   9.312561e-02 223200610262049260       9903       3890     0 2454035.368137  1.484403e+01  8.758005e-02  1.484403e+01  8.758005e-02 
   88980667   1.254354e+00   9.301019e-02   1.254354e+00   9.301019e-02 223200610262050270       9903       3888     0 2454035.368831  1.475395e+01  8.050752e-02  1.475395e+01  8.050752e-02 
   88980731   1.308551e+00   9.460624e-02   1.308551e+00   9.460624e-02 223200610262051300       9899       3879     0 2454035.369572  1.470802e+01  7.849735e-02  1.470802e+01  7.849735e-02 
   89066669   1.385446e+00   1.070400e-01   1.385446e+00   1.070400e-01 223200610272043520       9923       3864     0 2454036.364225  1.464603e+01  8.388460e-02  1.464603e+01  8.388460e-02 
   89066732   1.355645e+00   1.074233e-01   1.355645e+00   1.074233e-01 223200610272044550       9923       3862     0 2454036.364954  1.466964e+01  8.603568e-02  1.466964e+01  8.603568e-02 
   89066788   1.502822e+00   1.065499e-01   1.502822e+00   1.065499e-01 223200610272045520       9922       3858     0 2454036.365602  1.455773e+01  7.697885e-02  1.455773e+01  7.697885e-02 
   89066853   1.289673e+00   1.056529e-01   1.289673e+00   1.056529e-01 223200610272046560       9922       3855     0 2454036.366354  1.472380e+01  8.894626e-02  1.472380e+01  8.894626e-02 
   89152867   1.619130e+00   1.775851e-01   1.619130e+00   1.775851e-01 223200610282040350       9908       3875     0 2454037.361887  1.447680e+01  1.190833e-01  1.447680e+01  1.190833e-01 
   89152940   1.317802e+00   1.619805e-01   1.317802e+00   1.619805e-01 223200610282041480       9911       3843     0 2454037.362731  1.470037e+01  1.334561e-01  1.470037e+01  1.334561e-01 
   89238987   1.475644e+00   1.487030e-01   1.475644e+00   1.487030e-01 223200610292035590       9903       3832     0 2454038.358646  1.457755e+01  1.094118e-01  1.457755e+01  1.094118e-01 
   89239042   1.378784e+00   1.481515e-01   1.378784e+00   1.481515e-01 223200610292036550       9904       3829     0 2454038.359282  1.465126e+01  1.166637e-01  1.465126e+01  1.166637e-01 
   89239089   1.517989e+00   1.466181e-01   1.517989e+00   1.466181e-01 223200610292037410       9902       3821     0 2454038.359826  1.454683e+01  1.048684e-01  1.454683e+01  1.048684e-01 
   89239167   1.503487e+00   1.477756e-01   1.503487e+00   1.477756e-01 223200610292038590       9902       3819     0 2454038.360729  1.455725e+01  1.067159e-01  1.455725e+01  1.067159e-01 
   89411362   1.641688e+00   2.396439e-01   1.641688e+00   2.396439e-01 223200610312029020       9896       3833     0 2454040.353727  1.446177e+01  1.584899e-01  1.446177e+01  1.584899e-01 
   89411435   1.300317e+00   2.360568e-01   1.300317e+00   2.360568e-01 223200610312030160       9892       3854     0 2454040.354572  1.471488e+01  1.971030e-01  1.471488e+01  1.971030e-01 
   89411505   1.707456e+00   2.423905e-01   1.707456e+00   2.423905e-01 223200610312031250       9895       3822     0 2454040.355382  1.441913e+01  1.541317e-01  1.441913e+01  1.541317e-01 
   89411562   1.522516e+00   2.411596e-01   1.522516e+00   2.411596e-01 223200610312032230       9895       3818     0 2454040.356042  1.454360e+01  1.719763e-01  1.454360e+01  1.719763e-01 
   89506221   1.553280e+00   2.440045e-01   1.553280e+00   2.440045e-01 223200611012250050       9824       3458     0 2454041.451632  1.452188e+01  1.705586e-01  1.452188e+01  1.705586e-01 
   89506351   1.534306e+00   2.467696e-01   1.534306e+00   2.467696e-01 223200611012252160       9827       3425     0 2454041.453137  1.453522e+01  1.746247e-01  1.453522e+01  1.746247e-01 
   89506413   1.815411e+00   2.471095e-01   1.815411e+00   2.471095e-01 223200611012253170       9826       3423     0 2454041.453854  1.435256e+01  1.477884e-01  1.435256e+01  1.477884e-01 
   89842123   1.388017e+00   3.473306e-01   1.388017e+00   3.473306e-01 223200611052008420       9907       3835     0 2454045.339387  1.464401e+01  2.716903e-01  1.464401e+01  2.716903e-01 
   89842181   1.663563e+00   3.499434e-01   1.663563e+00   3.499434e-01 223200611052009400       9908       3831     0 2454045.340058  1.444740e+01  2.283938e-01  1.444740e+01  2.283938e-01 
   89842254   1.072364e+00   3.486329e-01   1.072364e+00   3.486329e-01 223200611052010530       9907       3828     0 2454045.340903  1.492414e+01  3.529814e-01  1.492414e+01  3.529814e-01 
   89928307   1.719181e+00   2.677086e-01   1.719181e+00   2.677086e-01 223200611062005110       9910       3853     0 2454046.336887  1.441170e+01  1.690700e-01  1.441170e+01  1.690700e-01 
   89928376   1.726867e+00   2.676914e-01   1.726867e+00   2.676914e-01 223200611062006190       9910       3849     0 2454046.337685  1.440685e+01  1.683067e-01  1.440685e+01  1.683067e-01 
   89928430   1.060219e+00   2.664011e-01   1.060219e+00   2.664011e-01 223200611062007140       9911       3847     0 2454046.338310  1.493651e+01  2.728139e-01  1.493651e+01  2.728139e-01 
   89928494   1.603880e+00   2.690318e-01   1.603880e+00   2.690318e-01 223200611062008180       9911       3844     0 2454046.339051  1.448707e+01  1.821200e-01  1.448707e+01  1.821200e-01 
   90014495   1.467159e+00   1.777041e-01   1.467159e+00   1.777041e-01 223200611072001430       9917       3861     0 2454047.334433  1.458381e+01  1.315062e-01  1.458381e+01  1.315062e-01 
   90014549   1.383690e+00   1.647626e-01   1.383690e+00   1.647626e-01 223200611072002370       9918       3858     0 2454047.335058  1.464740e+01  1.292843e-01  1.464740e+01  1.292843e-01 
   90014638   1.603628e+00   1.563162e-01   1.603628e+00   1.563162e-01 223200611072004050       9912       3880     0 2454047.336088  1.448724e+01  1.058343e-01  1.448724e+01  1.058343e-01 
   90014700   1.599670e+00   1.611488e-01   1.599670e+00   1.611488e-01 223200611072005080       9911       3876     0 2454047.336806  1.448992e+01  1.093761e-01  1.448992e+01  1.093761e-01 
   90272983   1.167938e+00   9.089266e-02   1.167938e+00   9.089266e-02 223200611101950030       9914       3844     0 2454050.326192  1.483145e+01  8.449574e-02  1.483145e+01  8.449574e-02 
   90273037   1.305056e+00   9.129056e-02   1.305056e+00   9.129056e-02 223200611101950570       9914       3841     0 2454050.326817  1.471093e+01  7.594908e-02  1.471093e+01  7.594908e-02 
   90273085   1.130295e+00   9.371258e-02   1.130295e+00   9.371258e-02 223200611101951450       9913       3837     0 2454050.327373  1.486702e+01  9.001856e-02  1.486702e+01  9.001856e-02 
   90273150   1.153359e+00   9.092425e-02   1.153359e+00   9.092425e-02 223200611101952500       9913       3835     0 2454050.328125  1.484509e+01  8.559353e-02  1.484509e+01  8.559353e-02 
   90617598   1.283591e+00   8.566002e-02   1.283591e+00   8.566002e-02 223200611141933540       9903       3870     0 2454054.314792  1.472893e+01  7.245649e-02  1.472893e+01  7.245649e-02 
   90617660   1.224242e+00   8.615344e-02   1.224242e+00   8.615344e-02 223200611141934560       9904       3866     0 2454054.315509  1.478033e+01  7.640665e-02  1.478033e+01  7.640665e-02 
   90617720   1.283154e+00   8.658609e-02   1.283154e+00   8.658609e-02 223200611141935570       9909       3837     0 2454054.316204  1.472930e+01  7.326474e-02  1.472930e+01  7.326474e-02 
   90617771   1.348744e+00   8.710390e-02   1.348744e+00   8.710390e-02 223200611141936470       9909       3835     0 2454054.316794  1.467518e+01  7.011872e-02  1.467518e+01  7.011872e-02 
   93120138   1.431677e+00   2.046539e-01   1.431677e+00   2.046539e-01 223200612131844400      10574       3681     0 2454083.279375  1.461039e+01  1.552033e-01  1.461039e+01  1.552033e-01 
   93120197   1.573909e+00   1.909990e-01   1.573909e+00   1.909990e-01 223200612131845380      10575       3679     0 2454083.280058  1.450755e+01  1.317580e-01  1.450755e+01  1.317580e-01 
   93120273   1.594467e+00   1.771995e-01   1.594467e+00   1.771995e-01 223200612131846550      10571       3701     0 2454083.280937  1.449346e+01  1.206626e-01  1.449346e+01  1.206626e-01 
   93120337   1.756179e+00   1.655464e-01   1.756179e+00   1.655464e-01 223200612131847580      10575       3673     0 2454083.281678  1.438858e+01  1.023474e-01  1.438858e+01  1.023474e-01 
   93292972   1.564990e+00   2.521197e-01   1.564990e+00   2.521197e-01 223200612151845190      10548       3653     0 2454085.279769  1.451372e+01  1.749125e-01  1.451372e+01  1.749125e-01 
   93293026   1.782788e+00   2.351472e-01   1.782788e+00   2.351472e-01 223200612151846130      10547       3651     0 2454085.280394  1.437225e+01  1.432076e-01  1.437225e+01  1.432076e-01 
   93293080   1.757957e+00   2.189940e-01   1.757957e+00   2.189940e-01 223200612151847070      10547       3649     0 2454085.281019  1.438748e+01  1.352539e-01  1.438748e+01  1.352539e-01 
   93293134   1.964579e+00   2.063656e-01   1.964579e+00   2.063656e-01 223200612151848010      10546       3646     0 2454085.281644  1.426683e+01  1.140496e-01  1.426683e+01  1.140496e-01 
   93467313   1.215511e+00   9.668848e-02   1.215511e+00   9.668848e-02 223200612171911070      10899       3475     0 2454087.297604  1.478810e+01  8.636576e-02  1.478810e+01  8.636576e-02 
   93467369   1.362442e+00   9.497614e-02   1.362442e+00   9.497614e-02 223200612171912030      10898       3473     0 2454087.298252  1.466421e+01  7.568721e-02  1.466421e+01  7.568721e-02 
   93467429   1.363460e+00   9.396695e-02   1.363460e+00   9.396695e-02 223200612171913020      10896       3470     0 2454087.298947  1.466339e+01  7.482701e-02  1.466339e+01  7.482701e-02 
   93467499   1.255254e+00   9.449895e-02   1.255254e+00   9.449895e-02 223200612171914130      10889       3491     0 2454087.299757  1.475317e+01  8.173747e-02  1.475317e+01  8.173747e-02 
   93556670   1.171345e+00   8.655080e-02   1.171345e+00   8.655080e-02 223200612182000260       9960       3410     0 2454088.331829  1.482829e+01  8.022546e-02  1.482829e+01  8.022546e-02 
   93556728   1.278753e+00   8.662971e-02   1.278753e+00   8.662971e-02 223200612182001250       9959       3408     0 2454088.332500  1.473303e+01  7.355396e-02  1.473303e+01  7.355396e-02 
   93556797   1.238071e+00   8.719381e-02   1.238071e+00   8.719381e-02 223200612182002330       9958       3406     0 2454088.333299  1.476814e+01  7.646558e-02  1.476814e+01  7.646558e-02 
   93556861   1.307684e+00   8.786544e-02   1.307684e+00   8.786544e-02 223200612182003370       9957       3404     0 2454088.334039  1.470874e+01  7.295267e-02  1.470874e+01  7.295267e-02 
   93725370   1.447573e+00   2.044675e-01   1.447573e+00   2.044675e-01 223200612201852110      10018       3565     0 2454090.284375  1.459840e+01  1.533592e-01  1.459840e+01  1.533592e-01 
   93725429   2.002685e+00   1.938426e-01   2.002685e+00   1.938426e-01 223200612201853100      10017       3563     0 2454090.285058  1.424597e+01  1.050903e-01  1.424597e+01  1.050903e-01 
   93725486   1.786457e+00   1.832171e-01   1.786457e+00   1.832171e-01 223200612201854080      10017       3560     0 2454090.285718  1.437002e+01  1.113523e-01  1.437002e+01  1.113523e-01 
   93725548   1.803328e+00   1.714187e-01   1.803328e+00   1.714187e-01 223200612201855100      10016       3558     0 2454090.286435  1.435981e+01  1.032071e-01  1.435981e+01  1.032071e-01 
   94935174   1.708945e+00   3.875384e-01   1.708945e+00   3.875384e-01 223200701031856070       9959       3411     0 2454104.286736  1.441818e+01  2.462139e-01  1.441818e+01  2.462139e-01 
   94935240   2.097535e+00   3.823557e-01   2.097535e+00   3.823557e-01 223200701031857140       9959       3410     0 2454104.287500  1.419573e+01  1.979175e-01  1.419573e+01  1.979175e-01 
   94935298   1.865598e+00   3.749607e-01   1.865598e+00   3.749607e-01 223200701031858120       9958       3408     0 2454104.288171  1.432296e+01  2.182195e-01  1.432296e+01  2.182195e-01 
   94935363   1.740609e+00   3.687054e-01   1.740609e+00   3.687054e-01 223200701031859170       9957       3406     0 2454104.288924  1.439825e+01  2.299875e-01  1.439825e+01  2.299875e-01 
   95021603   1.917512e+00   2.860557e-01   1.917512e+00   2.860557e-01 223200701041856390       9956       3428     0 2454105.287072  1.429315e+01  1.619714e-01  1.429315e+01  1.619714e-01 
   95021675   2.117370e+00   2.703539e-01   2.117370e+00   2.703539e-01 223200701041857500       9960       3400     0 2454105.287905  1.418551e+01  1.386314e-01  1.418551e+01  1.386314e-01 
   95021740   1.920317e+00   2.572761e-01   1.920317e+00   2.572761e-01 223200701041858560       9959       3398     0 2454105.288657  1.429157e+01  1.454630e-01  1.429157e+01  1.454630e-01 
   95021796   1.876797e+00   2.486334e-01   1.876797e+00   2.486334e-01 223200701041859510       9958       3397     0 2454105.289306  1.431646e+01  1.438361e-01  1.431646e+01  1.438361e-01 
   95107904   1.897954e+00   2.464681e-01   1.897954e+00   2.464681e-01 223200701051855020       9933       3393     0 2454106.285926  1.430429e+01  1.409941e-01  1.430429e+01  1.409941e-01 
   95107960   1.456921e+00   2.298007e-01   1.456921e+00   2.298007e-01 223200701051855570       9933       3391     0 2454106.286574  1.459141e+01  1.712542e-01  1.459141e+01  1.712542e-01 
   95108014   1.588338e+00   2.165948e-01   1.588338e+00   2.165948e-01 223200701051856510       9932       3390     0 2454106.287199  1.449764e+01  1.480577e-01  1.449764e+01  1.480577e-01 
   95108068   1.887136e+00   2.053037e-01   1.887136e+00   2.053037e-01 223200701051857460       9931       3388     0 2454106.287824  1.431049e+01  1.181189e-01  1.431049e+01  1.181189e-01 
   95280693   1.406809e+00   2.217957e-01   1.406809e+00   2.217957e-01 223200701071854540       9911       3375     0 2454108.285799  1.462941e+01  1.711764e-01  1.462941e+01  1.711764e-01 
   95280822   1.589250e+00   1.900211e-01   1.589250e+00   1.900211e-01 223200701071857030       9930       3399     0 2454108.287292  1.449702e+01  1.298182e-01  1.449702e+01  1.298182e-01 
   95280878   1.758802e+00   1.776980e-01   1.758802e+00   1.776980e-01 223200701071857590       9928       3396     0 2454108.287940  1.438696e+01  1.096962e-01  1.438696e+01  1.096962e-01 
   95280934   1.254819e+00   1.659471e-01   1.254819e+00   1.659471e-01 223200701071858540       9927       3394     0 2454108.288588  1.475355e+01  1.435868e-01  1.475355e+01  1.435868e-01 
   95367155   1.577597e+00   2.515847e-01   1.577597e+00   2.515847e-01 223200701081855580       9913       3365     0 2454109.286516  1.450501e+01  1.731467e-01  1.450501e+01  1.731467e-01 
   95367211   1.361962e+00   2.346393e-01   1.361962e+00   2.346393e-01 223200701081856530       9913       3364     0 2454109.287164  1.466459e+01  1.870517e-01  1.466459e+01  1.870517e-01 
   95367266   1.636186e+00   2.193816e-01   1.636186e+00   2.193816e-01 223200701081857490       9911       3363     0 2454109.287801  1.446542e+01  1.455772e-01  1.446542e+01  1.455772e-01 
   95367322   1.785537e+00   2.052639e-01   1.785537e+00   2.052639e-01 223200701081858450       9911       3361     0 2454109.288449  1.437058e+01  1.248158e-01  1.437058e+01  1.248158e-01 
   95453541   1.799173e+00   2.406371e-01   1.799173e+00   2.406371e-01 223200701091855450       9916       3362     0 2454110.286354  1.436232e+01  1.452163e-01  1.436232e+01  1.452163e-01 
   95453597   1.847178e+00   2.253702e-01   1.847178e+00   2.253702e-01 223200701091856400       9915       3361     0 2454110.287002  1.433373e+01  1.324688e-01  1.433373e+01  1.324688e-01 
   95453651   1.813811e+00   2.114389e-01   1.813811e+00   2.114389e-01 223200701091857350       9915       3360     0 2454110.287627  1.435352e+01  1.265664e-01  1.435352e+01  1.265664e-01 
   95453707   1.649792e+00   1.996371e-01   1.649792e+00   1.996371e-01 223200701091858300       9913       3358     0 2454110.288275  1.445643e+01  1.313826e-01  1.445643e+01  1.313826e-01 
   95539984   1.790952e+00   2.271419e-01   1.790952e+00   2.271419e-01 223200701101856300       9912       3354     0 2454111.286852  1.436729e+01  1.377017e-01  1.436729e+01  1.377017e-01 
   95540038   1.747569e+00   2.121477e-01   1.747569e+00   2.121477e-01 223200701101857240       9912       3353     0 2454111.287477  1.439391e+01  1.318044e-01  1.439391e+01  1.318044e-01 
   95540094   1.739112e+00   1.992329e-01   1.739112e+00   1.992329e-01 223200701101858190       9911       3352     0 2454111.288125  1.439918e+01  1.243825e-01  1.439918e+01  1.243825e-01 
   95626314   1.863690e+00   2.510107e-01   1.863690e+00   2.510107e-01 223200701111855210       9895       3335     0 2454112.286042  1.432407e+01  1.462327e-01  1.432407e+01  1.462327e-01 
   95626370   1.589644e+00   2.344551e-01   1.589644e+00   2.344551e-01 223200701111856160       9894       3334     0 2454112.286690  1.449675e+01  1.601348e-01  1.449675e+01  1.601348e-01 
   95626480   1.391778e+00   2.059673e-01   1.391778e+00   2.059673e-01 223200701111858070       9893       3332     0 2454112.287963  1.464108e+01  1.606771e-01  1.464108e+01  1.606771e-01 
   95712697   1.608107e+00   2.302213e-01   1.608107e+00   2.302213e-01 223200701121855050       9923       3329     0 2454113.285845  1.448421e+01  1.554377e-01  1.448421e+01  1.554377e-01 
   95712753   1.534136e+00   2.155216e-01   1.534136e+00   2.155216e-01 223200701121856000       9923       3329     0 2454113.286493  1.453534e+01  1.525292e-01  1.453534e+01  1.525292e-01 
   95712807   1.362800e+00   2.019871e-01   1.362800e+00   2.019871e-01 223200701121856550       9922       3328     0 2454113.287118  1.466392e+01  1.609227e-01  1.466392e+01  1.609227e-01 
   95712861   1.586440e+00   1.908811e-01   1.586440e+00   1.908811e-01 223200701121857490       9922       3326     0 2454113.287743  1.449894e+01  1.306366e-01  1.449894e+01  1.306366e-01 
   95799118   1.435419e+00   2.023852e-01   1.435419e+00   2.023852e-01 223200701131855270       9919       3345     0 2454114.286088  1.460755e+01  1.530826e-01  1.460755e+01  1.530826e-01 
   95799172   1.415006e+00   1.902910e-01   1.415006e+00   1.902910e-01 223200701131856210       9919       3343     0 2454114.286713  1.462310e+01  1.460111e-01  1.462310e+01  1.460111e-01 
   95799296   1.483376e+00   1.680745e-01   1.483376e+00   1.680745e-01 223200701131858250       9921       3347     0 2454114.288148  1.457187e+01  1.230202e-01  1.457187e+01  1.230202e-01 
   95799350   1.492680e+00   1.579513e-01   1.492680e+00   1.579513e-01 223200701131859190       9920       3345     0 2454114.288773  1.456508e+01  1.148900e-01  1.456508e+01  1.148900e-01 
   95885588   1.523004e+00   1.939656e-01   1.523004e+00   1.939656e-01 223200701141856390       9915       3323     0 2454115.286898  1.454325e+01  1.382769e-01  1.454325e+01  1.382769e-01 
   95885698   1.269820e+00   1.713642e-01   1.269820e+00   1.713642e-01 223200701141858290       9915       3321     0 2454115.288171  1.474064e+01  1.465223e-01  1.474064e+01  1.465223e-01 
   95885830   1.394524e+00   1.499762e-01   1.394524e+00   1.499762e-01 223200701141900410       9912       3321     0 2454115.289699  1.463894e+01  1.167676e-01  1.463894e+01  1.167676e-01 
  105941750   1.134974e+00   2.632846e-01   1.134974e+00   2.632846e-01 223200705110414520       9891       4149     0 2454231.677662  1.486253e+01  2.518634e-01  1.486253e+01  2.518634e-01 
  105941806   1.941719e+00   2.822874e-01   1.941719e+00   2.822874e-01 223200705110415490       9894       4148     0 2454231.678310  1.427953e+01  1.578451e-01  1.427953e+01  1.578451e-01 
  105941865   1.547940e+00   2.977754e-01   1.547940e+00   2.977754e-01 223200705110416470       9897       4148     0 2454231.678993  1.452561e+01  2.088625e-01  1.452561e+01  2.088625e-01 
  105941920   1.504112e+00   3.181259e-01   1.504112e+00   3.181259e-01 223200705110417430       9899       4147     0 2454231.679630  1.455680e+01  2.296386e-01  1.455680e+01  2.296386e-01 
  106027805   1.525627e+00   1.598529e-01   1.525627e+00   1.598529e-01 223200705120409040       9916       4125     0 2454232.673669  1.454138e+01  1.137621e-01  1.454138e+01  1.137621e-01 
  106027931   1.238196e+00   1.733808e-01   1.238196e+00   1.733808e-01 223200705120411090       9903       4138     0 2454232.675127  1.476803e+01  1.520328e-01  1.476803e+01  1.520328e-01 
  106027985   1.402890e+00   1.827387e-01   1.402890e+00   1.827387e-01 223200705120412040       9905       4137     0 2454232.675752  1.463244e+01  1.414272e-01  1.463244e+01  1.414272e-01 
  106028039   1.708400e+00   1.936105e-01   1.708400e+00   1.936105e-01 223200705120412580       9908       4136     0 2454232.676377  1.441853e+01  1.230454e-01  1.441853e+01  1.230454e-01 
  106114060   1.414690e+00   1.601909e-01   1.414690e+00   1.601909e-01 223200705130406340       9892       4149     0 2454233.671991  1.462335e+01  1.229426e-01  1.462335e+01  1.229426e-01 
  106114114   1.497752e+00   1.650886e-01   1.497752e+00   1.650886e-01 223200705130407290       9895       4148     0 2454233.672616  1.456140e+01  1.196749e-01  1.456140e+01  1.196749e-01 
  106114170   1.245490e+00   1.692518e-01   1.245490e+00   1.692518e-01 223200705130408240       9898       4149     0 2454233.673264  1.476165e+01  1.475431e-01  1.476165e+01  1.475431e-01 
  106114224   1.607163e+00   1.750787e-01   1.607163e+00   1.750787e-01 223200705130409190       9900       4148     0 2454233.673889  1.448485e+01  1.182767e-01  1.448485e+01  1.182767e-01 
  124570455   2.522534e+00   1.458874e-01   2.522534e+00   1.458874e-01 222200712121856320      11882      24876     0 2454447.287674  1.399541e+01  6.279235e-02  1.399541e+01  6.279235e-02 
  124571587   2.316448e+00   1.046557e-01   2.316448e+00   1.046557e-01 222200712121915250      11900      24830     0 2454447.300775  1.408794e+01  4.905305e-02  1.408794e+01  4.905305e-02 
  124571651   1.752485e+00   9.320191e-02   1.752485e+00   9.320191e-02 221200712121916280      10280       4898     0 2454447.301516  1.439086e+01  5.774260e-02  1.439086e+01  5.774260e-02 
  124571711   1.430675e+00   7.669374e-02   1.430675e+00   7.669374e-02 223200712121917280       9249       8104     0 2454447.302211  1.461115e+01  5.820291e-02  1.461115e+01  5.820291e-02 
  124572795   2.198653e+00   1.025730e-01   2.198653e+00   1.025730e-01 222200712121935320      11873      24852     0 2454447.314757  1.414461e+01  5.065268e-02  1.414461e+01  5.065268e-02 
  124572986   1.526092e+00   9.082086e-02   1.526092e+00   9.082086e-02 221200712121938430      10319       4966     0 2454447.316968  1.454105e+01  6.461462e-02  1.454105e+01  6.461462e-02 
  124573045   1.360411e+00   7.433338e-02   1.360411e+00   7.433338e-02 223200712121939430       9235       8031     0 2454447.317650  1.466582e+01  5.932524e-02  1.466582e+01  5.932524e-02 
