\OBJNAME = '1SWASP J002138.75-721406.9'
\OBSSTART = '2006-05-11T04:14:48'
\OBSSTOP = '2007-12-12T19:39:43'
\TSTART = 74405740
\TSTOP = 124573052
\JD_REF = 2453005.5
\RA_OBJ = '5.411494'
\DEC_OBJ = '-72.235256'
\WASP_MAG = 12.91094
\HJD_START = 2453866.677546
\HJD_STOP = 2454447.317731
\fixlen = T
\NUMRECORDS = 417
\
\ This file was produced by the NASA Exoplanet Archive  http://exoplanetarchive.ipac.caltech.edu 
\ Wed Sep 18, 04:05:57 2013
\ Documentation for the SuperWASP dataset can be found at http://exoplanetarchive.ipac.caltech.edu/docs/SuperWASPMission.html
\
|TMID      |FLUX2         |FLUX2_ERR     |TAMFLUX2      |TAMFLUX2_ERR  |IMAGEID           |CCDX      |CCDY      |FLAG |           HJD|         MAG2|     MAG2_ERR|      TAMMAG2|  TAMMAG2_ERR|
|int       |float         |float         |float         |float         |char              |int       |int       |int  |        double|        float|        float|        float|        float|
|sec       |micro Vega    |micro Vega    |micro Vega    |micro Vega    |                  |1/16 pixel|1/16 pixel|     |           day|          mag|          mag|          mag|          mag|
|null      |null          |null          |null          |null          |null              |null      |null      |null |          null|         null|         null|         null|         null|
   74405740   7.391810e+00   2.771020e-01   7.391810e+00   2.771020e-01 223200605110414480      10898        984     0 2453866.677546  1.282812e+01  4.070190e-02  1.282812e+01  4.070190e-02 
   74405793   7.688769e+00   3.004297e-01   7.688769e+00   3.004297e-01 223200605110415410      10903        981     0 2453866.678160  1.278536e+01  4.242402e-02  1.278536e+01  4.242402e-02 
   74405877   7.914661e+00   3.291159e-01   7.914661e+00   3.291159e-01 223200605110417040      10908        980     0 2453866.679132  1.275392e+01  4.514841e-02  1.275392e+01  4.514841e-02 
   74405942   7.741048e+00   3.726866e-01   7.741048e+00   3.726866e-01 223200605110418100      10915        954     0 2453866.679884  1.277800e+01  5.227209e-02  1.277800e+01  5.227209e-02 
   74491853   7.939552e+00   3.016581e-01   7.939552e+00   3.016581e-01 223200605120409570      10918        912     0 2453867.674225  1.275051e+01  4.125198e-02  1.275051e+01  4.125198e-02 
   74491991   7.617378e+00   3.144612e-01   7.617378e+00   3.144612e-01 223200605120412150      10927        908     0 2453867.675822  1.279549e+01  4.482160e-02  1.279549e+01  4.482160e-02 
   74492044   8.097458e+00   3.261569e-01   8.097458e+00   3.261569e-01 223200605120413070      10930        907     0 2453867.676435  1.272913e+01  4.373244e-02  1.272913e+01  4.373244e-02 
   74750376   8.487564e+00   4.148560e-01   8.487564e+00   4.148560e-01 223200605150358270      10914        916     0 2453870.666389  1.267804e+01  5.306891e-02  1.267804e+01  5.306891e-02 
   74750436   7.228298e+00   4.210046e-01   7.228298e+00   4.210046e-01 223200605150359270      10918        911     0 2453870.667083  1.285241e+01  6.323778e-02  1.285241e+01  6.323778e-02 
   74750490   7.585973e+00   4.102392e-01   7.585973e+00   4.102392e-01 223200605150400210      10922        911     0 2453870.667708  1.279997e+01  5.871535e-02  1.279997e+01  5.871535e-02 
   74750549   7.031526e+00   4.100317e-01   7.031526e+00   4.100317e-01 223200605150401200      10925        910     0 2453870.668391  1.288238e+01  6.331311e-02  1.288238e+01  6.331311e-02 
   75613636   6.264079e+00   1.706753e-01   6.264079e+00   1.706753e-01 223200605250345300      10993        928     0 2453880.657824  1.300786e+01  2.958281e-02  1.300786e+01  2.958281e-02 
   75613699   6.150683e+00   1.704034e-01   6.150683e+00   1.704034e-01 223200605250346340      11002        900     0 2453880.658553  1.302769e+01  3.008021e-02  1.302769e+01  3.008021e-02 
   75613757   5.845794e+00   1.677869e-01   5.845794e+00   1.677869e-01 223200605250347310      11005        898     0 2453880.659225  1.308289e+01  3.116308e-02  1.308289e+01  3.116308e-02 
   75613825   5.861571e+00   1.695149e-01   5.861571e+00   1.695149e-01 223200605250348400      11004        921     0 2453880.660012  1.307996e+01  3.139929e-02  1.307996e+01  3.139929e-02 
   75700091   5.991243e+00   1.699959e-01   5.991243e+00   1.699959e-01 223200605260346210      11013        918     0 2453881.658461  1.305621e+01  3.080686e-02  1.305621e+01  3.080686e-02 
   75700154   5.959102e+00   1.666459e-01   5.959102e+00   1.666459e-01 223200605260347250      11020        887     0 2453881.659190  1.306205e+01  3.036264e-02  1.306205e+01  3.036264e-02 
   75700221   5.920127e+00   1.641939e-01   5.920127e+00   1.641939e-01 223200605260348310      11019        912     0 2453881.659965  1.306917e+01  3.011284e-02  1.306917e+01  3.011284e-02 
   75700290   6.061132e+00   1.644467e-01   6.061132e+00   1.644467e-01 223200605260349400      11025        882     0 2453881.660764  1.304362e+01  2.945759e-02  1.304362e+01  2.945759e-02 
   76132311   6.107742e+00   1.416053e-01   6.107742e+00   1.416053e-01 223200605310349440      11077        891     0 2453886.661007  1.303530e+01  2.517240e-02  1.303530e+01  2.517240e-02 
   76132378   5.734692e+00   1.400637e-01   5.734692e+00   1.400637e-01 223200605310350510      11084        860     0 2453886.661782  1.310372e+01  2.651803e-02  1.310372e+01  2.651803e-02 
   76132427   5.664093e+00   1.416459e-01   5.664093e+00   1.416459e-01 223200605310351390      11086        859     0 2453886.662350  1.311717e+01  2.715186e-02  1.311717e+01  2.715186e-02 
   76132489   6.055280e+00   1.427691e-01   6.055280e+00   1.427691e-01 223200605310352410      11088        858     0 2453886.663067  1.304466e+01  2.559917e-02  1.304466e+01  2.559917e-02 
   76218781   6.066731e+00   1.449365e-01   6.066731e+00   1.449365e-01 223200606010350510      11095        852     0 2453887.661817  1.304261e+01  2.593874e-02  1.304261e+01  2.593874e-02 
   76218849   6.227344e+00   1.451094e-01   6.227344e+00   1.451094e-01 223200606010351580      11095        875     0 2453887.662604  1.301424e+01  2.529988e-02  1.301424e+01  2.529988e-02 
   76218919   6.058636e+00   1.428559e-01   6.058636e+00   1.428559e-01 223200606010353090      11099        873     0 2453887.663414  1.304406e+01  2.560055e-02  1.304406e+01  2.560055e-02 
   76219005   6.455711e+00   1.459013e-01   6.455711e+00   1.459013e-01 223200606010354350      11106        845     0 2453887.664410  1.297514e+01  2.453810e-02  1.297514e+01  2.453810e-02 
   76478187   6.041792e+00   1.557831e-01   6.041792e+00   1.557831e-01 223200606040354060      11106        845     0 2453890.664201  1.304709e+01  2.799499e-02  1.304709e+01  2.799499e-02 
   76478260   6.282644e+00   1.573731e-01   6.282644e+00   1.573731e-01 223200606040355190      11107        867     0 2453890.665046  1.300464e+01  2.719655e-02  1.300464e+01  2.719655e-02 
   76478336   5.983872e+00   1.581968e-01   5.983872e+00   1.581968e-01 223200606040356360      11114        837     0 2453890.665926  1.305754e+01  2.870392e-02  1.305754e+01  2.870392e-02 
   76478389   6.164114e+00   1.567545e-01   6.164114e+00   1.567545e-01 223200606040357280      11116        835     0 2453890.666539  1.302532e+01  2.761056e-02  1.302532e+01  2.761056e-02 
   76564530   7.626856e+00   3.740863e-01   7.626856e+00   3.740863e-01 223200606050353060      11133        829     0 2453891.663542  1.279414e+01  5.325398e-02  1.279414e+01  5.325398e-02 
   76564589   7.523286e+00   3.655770e-01   7.523286e+00   3.655770e-01 223200606050354050      11137        828     0 2453891.664225  1.280898e+01  5.275907e-02  1.280898e+01  5.275907e-02 
   76564649   7.846661e+00   3.716095e-01   7.846661e+00   3.716095e-01 223200606050355050      11140        825     0 2453891.664919  1.276329e+01  5.141949e-02  1.276329e+01  5.141949e-02 
   76564707   7.130531e+00   3.381203e-01   7.130531e+00   3.381203e-01 223200606050356020      11142        825     0 2453891.665590  1.286720e+01  5.148435e-02  1.286720e+01  5.148435e-02 
   76650901   6.048195e+00   1.456144e-01   6.048195e+00   1.456144e-01 223200606060352330      11122        825     0 2453892.663206  1.304594e+01  2.613993e-02  1.304594e+01  2.613993e-02 
   76651035   5.775451e+00   1.497642e-01   5.775451e+00   1.497642e-01 223200606060354480      11129        824     0 2453892.664757  1.309604e+01  2.815451e-02  1.309604e+01  2.815451e-02 
   76651091   5.980664e+00   1.490340e-01   5.980664e+00   1.490340e-01 223200606060355430      11131        822     0 2453892.665405  1.305813e+01  2.705588e-02  1.305813e+01  2.705588e-02 
   76651167   5.883217e+00   1.466461e-01   5.883217e+00   1.466461e-01 223200606060357000      11130        845     0 2453892.666285  1.307596e+01  2.706335e-02  1.307596e+01  2.706335e-02 
   76737395   5.922777e+00   1.509593e-01   5.922777e+00   1.509593e-01 223200606070354040      11133        828     0 2453893.664294  1.306869e+01  2.767326e-02  1.306869e+01  2.767326e-02 
   76737448   5.924802e+00   1.494669e-01   5.924802e+00   1.494669e-01 223200606070354570      11135        826     0 2453893.664907  1.306832e+01  2.739031e-02  1.306832e+01  2.739031e-02 
   76737503   5.695927e+00   1.482799e-01   5.695927e+00   1.482799e-01 223200606070355530      11137        824     0 2453893.665544  1.311109e+01  2.826466e-02  1.311109e+01  2.826466e-02 
   76737559   5.771352e+00   1.515529e-01   5.771352e+00   1.515529e-01 223200606070356480      11139        822     0 2453893.666192  1.309681e+01  2.851100e-02  1.309681e+01  2.851100e-02 
   76823785   6.054400e+00   1.474224e-01   6.054400e+00   1.474224e-01 223200606080353510      11159        828     0 2453894.664178  1.304482e+01  2.643736e-02  1.304482e+01  2.643736e-02 
   76823844   5.824103e+00   1.472743e-01   5.824103e+00   1.472743e-01 223200606080354510      11163        825     0 2453894.664861  1.308693e+01  2.745515e-02  1.308693e+01  2.745515e-02 
   76823903   6.125751e+00   1.476832e-01   6.125751e+00   1.476832e-01 223200606080355500      11165        823     0 2453894.665544  1.303210e+01  2.617566e-02  1.303210e+01  2.617566e-02 
   76823989   5.913348e+00   1.464174e-01   5.913348e+00   1.464174e-01 223200606080357160      11164        845     0 2453894.666539  1.307042e+01  2.688346e-02  1.307042e+01  2.688346e-02 
   76910211   5.887295e+00   1.432135e-01   5.887295e+00   1.432135e-01 223200606090354140      11155        815     0 2453895.664479  1.307521e+01  2.641155e-02  1.307521e+01  2.641155e-02 
   76910265   6.142251e+00   1.446323e-01   6.142251e+00   1.446323e-01 223200606090355080      11158        813     0 2453895.665104  1.302918e+01  2.556604e-02  1.302918e+01  2.556604e-02 
   76910349   5.892424e+00   1.455405e-01   5.892424e+00   1.455405e-01 223200606090356320      11157        835     0 2453895.666076  1.307427e+01  2.681734e-02  1.307427e+01  2.681734e-02 
   76910421   5.698122e+00   1.446199e-01   5.698122e+00   1.446199e-01 223200606090357440      11162        808     0 2453895.666910  1.311067e+01  2.755637e-02  1.311067e+01  2.755637e-02 
   76996567   7.605998e+00   2.704780e-01   7.605998e+00   2.704780e-01 223200606100353270      11161        815     0 2453896.663970  1.279711e+01  3.861015e-02  1.279711e+01  3.861015e-02 
   76996632   7.111567e+00   2.661296e-01   7.111567e+00   2.661296e-01 223200606100354320      11165        812     0 2453896.664722  1.287009e+01  4.063063e-02  1.287009e+01  4.063063e-02 
   76996693   7.239795e+00   2.627963e-01   7.239795e+00   2.627963e-01 223200606100355320      11166        810     0 2453896.665428  1.285068e+01  3.941113e-02  1.285068e+01  3.941113e-02 
   76996748   6.620815e+00   2.591817e-01   6.620815e+00   2.591817e-01 223200606100356270      11168        808     0 2453896.666065  1.294772e+01  4.250291e-02  1.294772e+01  4.250291e-02 
   77082987   7.079603e+00   4.450018e-01   7.079603e+00   4.450018e-01 223200606110353440      11173        804     0 2453897.664201  1.287498e+01  6.824623e-02  1.287498e+01  6.824623e-02 
   77083064   7.142714e+00   4.428375e-01   7.142714e+00   4.428375e-01 223200606110355000      11174        827     0 2453897.665093  1.286534e+01  6.731425e-02  1.286534e+01  6.731425e-02 
   77083145   6.870692e+00   4.379680e-01   6.870692e+00   4.379680e-01 223200606110356210      11180        798     0 2453897.666030  1.290750e+01  6.920982e-02  1.290750e+01  6.920982e-02 
   77083199   7.369348e+00   4.419975e-01   7.369348e+00   4.419975e-01 223200606110357160      11181        796     0 2453897.666655  1.283143e+01  6.512033e-02  1.283143e+01  6.512033e-02 
   77169253   7.656689e+00   5.645211e-01   7.656689e+00   5.645211e-01 223200606120351270      11173        824     0 2453898.662650  1.278990e+01  8.005068e-02  1.278990e+01  8.005068e-02 
   77169315   7.798483e+00   5.429243e-01   7.798483e+00   5.429243e-01 223200606120352290      11180        796     0 2453898.663368  1.276997e+01  7.558837e-02  1.276997e+01  7.558837e-02 
   77169373   7.831495e+00   5.452709e-01   7.831495e+00   5.452709e-01 223200606120353260      11182        794     0 2453898.664039  1.276539e+01  7.559507e-02  1.276539e+01  7.559507e-02 
   77169433   6.962481e+00   5.432020e-01   6.962481e+00   5.432020e-01 223200606120354260      11183        791     0 2453898.664734  1.289309e+01  8.470774e-02  1.289309e+01  8.470774e-02 
   77514743   9.151710e+00   3.199836e+00   9.151710e+00   3.199836e+00 223200606160349260      11184        761     0 2453902.661377  1.259624e+01  3.796220e-01  1.259624e+01  3.796220e-01 
   77601363   6.583688e+00   2.363748e-01   6.583688e+00   2.363748e-01 223200606170353030      11197        747     0 2453903.663924  1.295383e+01  3.898144e-02  1.295383e+01  3.898144e-02 
   77601433   6.859782e+00   2.336805e-01   6.859782e+00   2.336805e-01 223200606170354120      11196        770     0 2453903.664734  1.290922e+01  3.698606e-02  1.290922e+01  3.698606e-02 
   77601503   6.909543e+00   2.326217e-01   6.909543e+00   2.326217e-01 223200606170355220      11197        768     0 2453903.665544  1.290138e+01  3.655332e-02  1.290138e+01  3.655332e-02 
   77601560   7.143224e+00   2.362878e-01   7.143224e+00   2.362878e-01 223200606170356190      11202        740     0 2453903.666204  1.286526e+01  3.591476e-02  1.286526e+01  3.591476e-02 
   77687707   6.354285e+00   2.040237e-01   6.354285e+00   2.040237e-01 223200606180352030      11218        741     0 2453904.663275  1.299233e+01  3.486099e-02  1.299233e+01  3.486099e-02 
   77687750   6.824017e+00   2.051500e-01   6.824017e+00   2.051500e-01 223200606180352470      11219        739     0 2453904.663773  1.291490e+01  3.264053e-02  1.291490e+01  3.264053e-02 
   77687818   6.869929e+00   2.054566e-01   6.869929e+00   2.054566e-01 223200606180353550      11221        738     0 2453904.664560  1.290762e+01  3.247084e-02  1.290762e+01  3.247084e-02 
   77687869   6.501745e+00   2.056546e-01   6.501745e+00   2.056546e-01 223200606180354460      11222        736     0 2453904.665150  1.296743e+01  3.434270e-02  1.296743e+01  3.434270e-02 
   77774344   6.354752e+00   1.728902e-01   6.354752e+00   1.728902e-01 223200606190355570      11263        722     0 2453905.666019  1.299225e+01  2.953912e-02  1.299225e+01  2.953912e-02 
   77774400   6.340765e+00   1.727081e-01   6.340765e+00   1.727081e-01 223200606190356530      11263        722     0 2453905.666667  1.299465e+01  2.957311e-02  1.299465e+01  2.957311e-02 
   77774462   6.464023e+00   1.728465e-01   6.464023e+00   1.728465e-01 223200606190357560      11263        721     0 2453905.667384  1.297374e+01  2.903244e-02  1.297374e+01  2.903244e-02 
   77774527   6.238798e+00   1.725996e-01   6.238798e+00   1.725996e-01 223200606190359000      11258        747     0 2453905.668137  1.301225e+01  3.003757e-02  1.301225e+01  3.003757e-02 
   77860757   6.193499e+00   1.560478e-01   6.193499e+00   1.560478e-01 223200606200356080      11247        716     0 2453906.666169  1.302016e+01  2.735568e-02  1.302016e+01  2.735568e-02 
   77860816   6.156838e+00   1.560547e-01   6.156838e+00   1.560547e-01 223200606200357080      11248        715     0 2453906.666852  1.302661e+01  2.751978e-02  1.302661e+01  2.751978e-02 
   77860880   5.980998e+00   1.553030e-01   5.980998e+00   1.553030e-01 223200606200358110      11247        716     0 2453906.667593  1.305807e+01  2.819239e-02  1.305807e+01  2.819239e-02 
   77860945   6.307156e+00   1.571833e-01   6.307156e+00   1.571833e-01 223200606200359170      11242        743     0 2453906.668345  1.300042e+01  2.705818e-02  1.300042e+01  2.705818e-02 
   77947068   6.080223e+00   1.591120e-01   6.080223e+00   1.591120e-01 223200606210354360      11242        716     0 2453907.665139  1.304020e+01  2.841249e-02  1.304020e+01  2.841249e-02 
   77947122   6.064375e+00   1.577800e-01   6.064375e+00   1.577800e-01 223200606210355300      11242        717     0 2453907.665764  1.304303e+01  2.824826e-02  1.304303e+01  2.824826e-02 
   77947200   5.843135e+00   1.610559e-01   5.843135e+00   1.610559e-01 223200606210356480      11239        742     0 2453907.666667  1.308339e+01  2.992653e-02  1.308339e+01  2.992653e-02 
   77947267   6.075019e+00   1.587733e-01   6.075019e+00   1.587733e-01 223200606210357550      11242        717     0 2453907.667442  1.304113e+01  2.837629e-02  1.304113e+01  2.837629e-02 
   78119978   5.617289e+00   1.484796e-01   5.617289e+00   1.484796e-01 223200606230356210      11233        696     0 2453909.666412  1.312618e+01  2.869895e-02  1.312618e+01  2.869895e-02 
   78120032   5.602232e+00   1.481583e-01   5.602232e+00   1.481583e-01 223200606230357150      11232        697     0 2453909.667037  1.312910e+01  2.871380e-02  1.312910e+01  2.871380e-02 
   78120180   5.838531e+00   1.478430e-01   5.838531e+00   1.478430e-01 223200606230359440      11231        706     0 2453909.668750  1.308424e+01  2.749306e-02  1.308424e+01  2.749306e-02 
   78120242   5.611402e+00   1.498446e-01   5.611402e+00   1.498446e-01 223200606230400460      11233        684     0 2453909.669468  1.312732e+01  2.899315e-02  1.312732e+01  2.899315e-02 
   78206438   5.968176e+00   1.522216e-01   5.968176e+00   1.522216e-01 223200606240357190      11252        682     0 2453910.667106  1.306040e+01  2.769240e-02  1.306040e+01  2.769240e-02 
   78206497   5.997136e+00   1.513421e-01   5.997136e+00   1.513421e-01 223200606240358180      11249        686     0 2453910.667789  1.305514e+01  2.739943e-02  1.305514e+01  2.739943e-02 
   78206572   5.910856e+00   1.486865e-01   5.910856e+00   1.486865e-01 223200606240359320      11241        716     0 2453910.668657  1.307087e+01  2.731160e-02  1.307087e+01  2.731160e-02 
   78206631   5.856749e+00   1.497102e-01   5.856749e+00   1.497102e-01 223200606240400310      11237        699     0 2453910.669340  1.308086e+01  2.775368e-02  1.308086e+01  2.775368e-02 
   78292877   6.035283e+00   1.415093e-01   6.035283e+00   1.415093e-01 223200606250357560      11254        665     0 2453911.667558  1.304826e+01  2.545734e-02  1.304826e+01  2.545734e-02 
   78292931   5.817518e+00   1.391855e-01   5.817518e+00   1.391855e-01 223200606250358490      11248        672     0 2453911.668183  1.308816e+01  2.597659e-02  1.308816e+01  2.597659e-02 
   78292982   5.922439e+00   1.413305e-01   5.922439e+00   1.413305e-01 223200606250359400      11238        686     0 2453911.668773  1.306875e+01  2.590962e-02  1.306875e+01  2.590962e-02 
   78293044   5.897255e+00   1.414030e-01   5.897255e+00   1.414030e-01 223200606250400430      11238        685     0 2453911.669491  1.307337e+01  2.603362e-02  1.307337e+01  2.603362e-02 
   78724945   5.404311e+00   1.422612e-01   5.404311e+00   1.422612e-01 223200606300358520      11262        670     0 2453916.668345  1.316815e+01  2.858065e-02  1.316815e+01  2.858065e-02 
   78725022   6.103387e+00   1.443014e-01   6.103387e+00   1.443014e-01 223200606300400090      11268        641     0 2453916.669236  1.303607e+01  2.566998e-02  1.303607e+01  2.566998e-02 
   78725069   5.577803e+00   1.436094e-01   5.577803e+00   1.436094e-01 223200606300400570      11269        639     0 2453916.669780  1.313384e+01  2.795410e-02  1.313384e+01  2.795410e-02 
   78725133   5.925029e+00   1.437968e-01   5.925029e+00   1.437968e-01 223200606300402000      11270        637     0 2453916.670521  1.306827e+01  2.635024e-02  1.306827e+01  2.635024e-02 
   78811381   5.418458e+00   1.481591e-01   5.418458e+00   1.481591e-01 223200607010359260      11261        634     0 2453917.668762  1.316531e+01  2.968783e-02  1.316531e+01  2.968783e-02 
   78811460   5.674169e+00   1.473694e-01   5.674169e+00   1.473694e-01 223200607010400450      11260        657     0 2453917.669676  1.311524e+01  2.819883e-02  1.311524e+01  2.819883e-02 
   78811525   5.669247e+00   1.476287e-01   5.669247e+00   1.476287e-01 223200607010401510      11264        629     0 2453917.670428  1.311619e+01  2.827295e-02  1.311619e+01  2.827295e-02 
   78811576   5.587778e+00   1.467191e-01   5.587778e+00   1.467191e-01 223200607010402420      11265        626     0 2453917.671019  1.313190e+01  2.850843e-02  1.313190e+01  2.850843e-02 
   78897851   1.189470e+01   7.387564e-01   1.189470e+01   7.387564e-01 223200607020400340      11274        622     0 2453918.669572  1.231162e+01  6.743316e-02  1.231162e+01  6.743316e-02 
   78897905   6.248963e+00   4.184370e-01   6.248963e+00   4.184370e-01 223200607020401280      11274        620     0 2453918.670197  1.301048e+01  7.270227e-02  1.301048e+01  7.270227e-02 
   78984194   5.927192e+00   1.417421e-01   5.927192e+00   1.417421e-01 223200607030359350      11280        610     0 2453919.668912  1.306788e+01  2.596424e-02  1.306788e+01  2.596424e-02 
   78984248   5.534257e+00   1.406013e-01   5.534257e+00   1.406013e-01 223200607030400290      11282        607     0 2453919.669537  1.314235e+01  2.758390e-02  1.314235e+01  2.758390e-02 
   78984306   5.613418e+00   1.410706e-01   5.613418e+00   1.410706e-01 223200607030401270      11283        605     0 2453919.670208  1.312693e+01  2.728570e-02  1.312693e+01  2.728570e-02 
   78984361   4.082036e+00   1.466330e-01   4.082036e+00   1.466330e-01 223200607030402220      11283        603     0 2453919.670845  1.347281e+01  3.900143e-02  1.347281e+01  3.900143e-02 
   79070518   5.817464e+00   1.394330e-01   5.817464e+00   1.394330e-01 223200607040358180      11276        589     0 2453920.668032  1.308817e+01  2.602302e-02  1.308817e+01  2.602302e-02 
   79070564   5.607397e+00   1.397267e-01   5.607397e+00   1.397267e-01 223200607040359040      11278        587     0 2453920.668565  1.312810e+01  2.705477e-02  1.312810e+01  2.705477e-02 
   79070630   5.570614e+00   1.393162e-01   5.570614e+00   1.393162e-01 223200607040400090      11279        585     0 2453920.669329  1.313524e+01  2.715342e-02  1.313524e+01  2.715342e-02 
   79070682   5.489604e+00   1.386800e-01   5.489604e+00   1.386800e-01 223200607040401020      11279        583     0 2453920.669931  1.315115e+01  2.742829e-02  1.315115e+01  2.742829e-02 
   79415947   5.420241e+00   1.408767e-01   5.420241e+00   1.408767e-01 223200607080355190      11275        574     0 2453924.666053  1.316495e+01  2.821932e-02  1.316495e+01  2.821932e-02 
   79416104   5.450952e+00   1.407119e-01   5.450952e+00   1.407119e-01 223200607080357570      11278        597     0 2453924.667870  1.315882e+01  2.802750e-02  1.315882e+01  2.802750e-02 
   79416171   5.532512e+00   1.427910e-01   5.532512e+00   1.427910e-01 223200607080359030      11282        568     0 2453924.668646  1.314269e+01  2.802233e-02  1.314269e+01  2.802233e-02 
   79416229   5.480021e+00   1.421037e-01   5.480021e+00   1.421037e-01 223200607080400010      11283        566     0 2453924.669317  1.315304e+01  2.815458e-02  1.315304e+01  2.815458e-02 
   79502435   6.148060e+00   2.000026e-01   6.148060e+00   2.000026e-01 223200607090356460      11287        567     0 2453925.667072  1.302815e+01  3.532021e-02  1.302815e+01  3.532021e-02 
   79502487   6.528068e+00   1.996521e-01   6.528068e+00   1.996521e-01 223200607090357380      11287        565     0 2453925.667674  1.296304e+01  3.320588e-02  1.296304e+01  3.320588e-02 
   79502556   6.673895e+00   1.982971e-01   6.673895e+00   1.982971e-01 223200607090358470      11288        562     0 2453925.668472  1.293905e+01  3.225989e-02  1.293905e+01  3.225989e-02 
   79502710   6.360312e+00   1.944341e-01   6.360312e+00   1.944341e-01 223200607090401200      11285        545     0 2453925.670255  1.299130e+01  3.319095e-02  1.299130e+01  3.319095e-02 
   80278189   6.634173e+00   2.231552e-01   6.634173e+00   2.231552e-01 223200607180325470      11318        524     0 2453934.645706  1.294553e+01  3.652128e-02  1.294553e+01  3.652128e-02 
   80278251   6.638268e+00   2.169100e-01   6.638268e+00   2.169100e-01 223200607180326500      11321        496     0 2453934.646424  1.294486e+01  3.547730e-02  1.294486e+01  3.547730e-02 
   80278326   7.559703e+00   2.480491e-01   7.559703e+00   2.480491e-01 223200607180328050      11318        520     0 2453934.647292  1.280374e+01  3.562532e-02  1.280374e+01  3.562532e-02 
   80278404   5.784668e+00   3.087165e-01   5.784668e+00   3.087165e-01 223200607180329220      11322        491     0 2453934.648194  1.309430e+01  5.794384e-02  1.309430e+01  5.794384e-02 
   80364281   5.785209e+00   1.672255e-01   5.785209e+00   1.672255e-01 223200607190320380      11314        506     0 2453935.642141  1.309420e+01  3.138408e-02  1.309420e+01  3.138408e-02 
   80364337   5.793813e+00   1.676642e-01   5.793813e+00   1.676642e-01 223200607190321350      11314        505     0 2453935.642789  1.309259e+01  3.141968e-02  1.309259e+01  3.141968e-02 
   80364397   6.035679e+00   1.662292e-01   6.035679e+00   1.662292e-01 223200607190322340      11314        503     0 2453935.643484  1.304818e+01  2.990247e-02  1.304818e+01  2.990247e-02 
   80364458   5.923898e+00   1.667327e-01   5.923898e+00   1.667327e-01 223200607190323360      11314        502     0 2453935.644190  1.306848e+01  3.055899e-02  1.306848e+01  3.055899e-02 
   80450497   5.809721e+00   1.541233e-01   5.809721e+00   1.541233e-01 223200607200317340      11318        498     0 2453936.640012  1.308961e+01  2.880307e-02  1.308961e+01  2.880307e-02 
   80450558   5.920865e+00   1.535883e-01   5.920865e+00   1.535883e-01 223200607200318350      11318        497     0 2453936.640718  1.306904e+01  2.816430e-02  1.306904e+01  2.816430e-02 
   80450622   6.353106e+00   1.545330e-01   6.353106e+00   1.545330e-01 223200607200319380      11318        495     0 2453936.641458  1.299253e+01  2.640954e-02  1.299253e+01  2.640954e-02 
   80450679   5.965594e+00   1.515352e-01   5.965594e+00   1.515352e-01 223200607200320360      11318        493     0 2453936.642118  1.306087e+01  2.757945e-02  1.306087e+01  2.757945e-02 
   80967429   5.417742e+00   1.385637e-01   5.417742e+00   1.385637e-01 223200607260253020      11277        534     0 2453942.623021  1.316545e+01  2.776880e-02  1.316545e+01  2.776880e-02 
   80967488   5.362557e+00   1.364032e-01   5.362557e+00   1.364032e-01 223200607260254000      11278        532     0 2453942.623704  1.317657e+01  2.761711e-02  1.317657e+01  2.761711e-02 
   80967548   5.687390e+00   1.366486e-01   5.687390e+00   1.366486e-01 223200607260255010      11279        530     0 2453942.624398  1.311272e+01  2.608663e-02  1.311272e+01  2.608663e-02 
   80967604   5.423628e+00   1.375862e-01   5.423628e+00   1.375862e-01 223200607260255560      11280        527     0 2453942.625046  1.316428e+01  2.754298e-02  1.316428e+01  2.754298e-02 
   81053650   5.526771e+00   1.511905e-01   5.526771e+00   1.511905e-01 223200607270250020      11273        530     0 2453943.620949  1.314382e+01  2.970153e-02  1.314382e+01  2.970153e-02 
   81053712   5.926731e+00   1.544619e-01   5.926731e+00   1.544619e-01 223200607270251040      11274        527     0 2453943.621667  1.306796e+01  2.829646e-02  1.306796e+01  2.829646e-02 
   81053768   5.468395e+00   1.492121e-01   5.468395e+00   1.492121e-01 223200607270251590      11275        525     0 2453943.622315  1.315535e+01  2.962579e-02  1.315535e+01  2.962579e-02 
   81053830   5.489810e+00   1.483299e-01   5.489810e+00   1.483299e-01 223200607270253010      11275        523     0 2453943.623032  1.315111e+01  2.933575e-02  1.315111e+01  2.933575e-02 
   81139886   9.254864e+00   1.620792e+00   9.254864e+00   1.620792e+00 223200607280247170      11292        519     0 2453944.619051  1.258407e+01  1.901443e-01  1.258407e+01  1.901443e-01 
   81139940   8.477578e+00   1.016488e+00   8.477578e+00   1.016488e+00 223200607280248110      11292        518     0 2453944.619676  1.267932e+01  1.301837e-01  1.267932e+01  1.301837e-01 
   82346064   8.086334e+00   4.466516e-01   8.086334e+00   4.466516e-01 224200608110150170      20400       1763     0 2453958.579444  1.273062e+01  5.997124e-02  1.273062e+01  5.997124e-02 
   82346064   7.298213e+00   4.618917e-01   7.298213e+00   4.618917e-01 223200608110150170      11289        564     0 2453958.579444  1.284196e+01  6.871467e-02  1.284196e+01  6.871467e-02 
   82346120   7.284930e+00   4.453859e-01   7.284930e+00   4.453859e-01 224200608110151120      20396       1765     0 2453958.580093  1.284394e+01  6.637995e-02  1.284394e+01  6.637995e-02 
   82346120   6.975992e+00   4.555512e-01   6.975992e+00   4.555512e-01 223200608110151120      11292        562     0 2453958.580093  1.289099e+01  7.090177e-02  1.289099e+01  7.090177e-02 
   82346175   7.533733e+00   4.453865e-01   7.533733e+00   4.453865e-01 224200608110152070      20394       1767     0 2453958.580729  1.280747e+01  6.418782e-02  1.280747e+01  6.418782e-02 
   82346175   6.818653e+00   4.545814e-01   6.818653e+00   4.545814e-01 223200608110152070      11292        559     0 2453958.580729  1.291575e+01  7.238338e-02  1.291575e+01  7.238338e-02 
   82346234   8.105507e+00   4.467547e-01   8.105507e+00   4.467547e-01 224200608110153070      20393       1769     0 2453958.581412  1.272805e+01  5.984320e-02  1.272805e+01  5.984320e-02 
   82346234   6.782073e+00   4.568238e-01   6.782073e+00   4.568238e-01 223200608110153070      11293        557     0 2453958.581412  1.292159e+01  7.313278e-02  1.292159e+01  7.313278e-02 
   82518420   1.166029e+01   4.560014e-01   1.166029e+01   4.560014e-01 224200608130142530      20360       1849     0 2453960.574306  1.233323e+01  4.246027e-02  1.233323e+01  4.246027e-02 
   82518420   6.479773e+00   2.997198e-01   6.479773e+00   2.997198e-01 223200608130142530      11291        532     0 2453960.574306  1.297110e+01  5.022056e-02  1.297110e+01  5.022056e-02 
   82518479   1.196074e+01   4.609004e-01   1.196074e+01   4.609004e-01 224200608130143530      20355       1850     0 2453960.574988  1.230560e+01  4.183838e-02  1.230560e+01  4.183838e-02 
   82518479   6.988410e+00   2.999007e-01   6.988410e+00   2.999007e-01 223200608130143520      11292        530     0 2453960.574988  1.288905e+01  4.659345e-02  1.288905e+01  4.659345e-02 
   82518541   1.105443e+01   4.515043e-01   1.105443e+01   4.515043e-01 224200608130144550      20354       1851     0 2453960.575706  1.239116e+01  4.434569e-02  1.239116e+01  4.434569e-02 
   82518541   6.395573e+00   2.977841e-01   6.395573e+00   2.977841e-01 223200608130144550      11291        525     0 2453960.575706  1.298530e+01  5.055311e-02  1.298530e+01  5.055311e-02 
   82518619   1.192204e+01   4.655767e-01   1.192204e+01   4.655767e-01 224200608130146120      20357       1828     0 2453960.576609  1.230912e+01  4.240007e-02  1.230912e+01  4.240007e-02 
   82518619   6.575376e+00   3.064847e-01   6.575376e+00   3.064847e-01 223200608130146120      11288        547     0 2453960.576609  1.295520e+01  5.060741e-02  1.295520e+01  5.060741e-02 
   82604601   7.468132e+00   2.443649e-01   7.468132e+00   2.443649e-01 224200608140139160      20333       1860     0 2453961.571771  1.281697e+01  3.552652e-02  1.281697e+01  3.552652e-02 
   82604601   6.412364e+00   2.461980e-01   6.412364e+00   2.461980e-01 223200608140139160      11292        553     0 2453961.571771  1.298245e+01  4.168618e-02  1.298245e+01  4.168618e-02 
   82604657   7.605151e+00   2.445323e-01   7.605151e+00   2.445323e-01 224200608140140120      20330       1859     0 2453961.572419  1.279723e+01  3.491035e-02  1.279723e+01  3.491035e-02 
   82604657   6.383539e+00   2.515874e-01   6.383539e+00   2.515874e-01 223200608140140120      11298        550     0 2453961.572419  1.298735e+01  4.279108e-02  1.298735e+01  4.279108e-02 
   82604714   7.981468e+00   2.509701e-01   7.981468e+00   2.509701e-01 224200608140141080      20326       1857     0 2453961.573079  1.274479e+01  3.414012e-02  1.274479e+01  3.414012e-02 
   82604714   6.472954e+00   2.501302e-01   6.472954e+00   2.501302e-01 223200608140141080      11311        547     0 2453961.573079  1.297224e+01  4.195555e-02  1.297224e+01  4.195555e-02 
   82604768   8.193721e+00   2.531564e-01   8.193721e+00   2.531564e-01 224200608140142030      20326       1858     0 2453961.573704  1.271630e+01  3.354544e-02  1.271630e+01  3.354544e-02 
   82604768   6.180112e+00   2.555226e-01   6.180112e+00   2.555226e-01 223200608140142030      11311        545     0 2453961.573704  1.302251e+01  4.489095e-02  1.302251e+01  4.489095e-02 
   82863074   7.519131e+00   1.717690e-01   7.519131e+00   1.717690e-01 224200608170127120      20344       1833     0 2453964.563356  1.280958e+01  2.480293e-02  1.280958e+01  2.480293e-02 
   82863074   6.339948e+00   1.731713e-01   6.339948e+00   1.731713e-01 223200608170127120      11282        562     0 2453964.563356  1.299479e+01  2.965623e-02  1.299479e+01  2.965623e-02 
   82863142   7.321981e+00   1.711761e-01   7.321981e+00   1.711761e-01 224200608170128190      20335       1858     0 2453964.564144  1.283843e+01  2.538285e-02  1.283843e+01  2.538285e-02 
   82863142   5.834885e+00   1.730572e-01   5.834885e+00   1.730572e-01 223200608170128190      11289        529     0 2453964.564144  1.308492e+01  3.220203e-02  1.308492e+01  3.220203e-02 
   82863198   7.946103e+00   1.719408e-01   7.946103e+00   1.719408e-01 224200608170129150      20334       1859     0 2453964.564792  1.274961e+01  2.349366e-02  1.274961e+01  2.349366e-02 
   82863198   6.061142e+00   1.716912e-01   6.061142e+00   1.716912e-01 223200608170129150      11290        527     0 2453964.564792  1.304361e+01  3.075526e-02  1.304361e+01  3.075526e-02 
   82863258   7.480553e+00   1.717933e-01   7.480553e+00   1.717933e-01 224200608170130160      20333       1859     0 2453964.565486  1.281517e+01  2.493437e-02  1.281517e+01  2.493437e-02 
   82863258   5.937662e+00   1.711788e-01   5.937662e+00   1.711788e-01 223200608170130160      11290        525     0 2453964.565486  1.306596e+01  3.130114e-02  1.306596e+01  3.130114e-02 
   82949247   7.756098e+00   1.458925e-01   7.756098e+00   1.458925e-01 224200608180123250      20405       1807     0 2453965.560729  1.277589e+01  2.042280e-02  1.277589e+01  2.042280e-02 
   82949247   5.450209e+00   1.401814e-01   5.450209e+00   1.401814e-01 223200608180123250      11285        508     0 2453965.560729  1.315897e+01  2.792563e-02  1.315897e+01  2.792563e-02 
   82949309   7.641145e+00   1.428802e-01   7.641145e+00   1.428802e-01 224200608180124270      20400       1808     0 2453965.561447  1.279210e+01  2.030203e-02  1.279210e+01  2.030203e-02 
   82949309   5.357144e+00   1.410150e-01   5.357144e+00   1.410150e-01 223200608180124270      11288        507     0 2453965.561447  1.317767e+01  2.857970e-02  1.317767e+01  2.857970e-02 
   82949372   7.862855e+00   1.439437e-01   7.862855e+00   1.439437e-01 224200608180125310      20399       1811     0 2453965.562176  1.276105e+01  1.987642e-02  1.276105e+01  1.987642e-02 
   82949372   5.314900e+00   1.398536e-01   5.314900e+00   1.398536e-01 223200608180125310      11287        503     0 2453965.562176  1.318626e+01  2.856962e-02  1.318626e+01  2.856962e-02 
   82949463   5.611669e+00   1.413053e-01   5.611669e+00   1.413053e-01 223200608180127020      11284        524     0 2453965.563229  1.312727e+01  2.733961e-02  1.312727e+01  2.733961e-02 
   83724675   8.016159e+00   1.403840e-01   8.016159e+00   1.403840e-01 224200608270047250      20381       1842     0 2453974.535590  1.274008e+01  1.901416e-02  1.274008e+01  1.901416e-02 
   83724675   5.855278e+00   1.378550e-01   5.855278e+00   1.378550e-01 223200608270047250      11266        560     0 2453974.535590  1.308113e+01  2.556235e-02  1.308113e+01  2.556235e-02 
   83724739   7.943471e+00   1.434855e-01   7.943471e+00   1.434855e-01 224200608270048280      20375       1867     0 2453974.536331  1.274997e+01  1.961207e-02  1.274997e+01  1.961207e-02 
   83724739   5.790018e+00   1.389352e-01   5.790018e+00   1.389352e-01 223200608270048280      11268        525     0 2453974.536331  1.309330e+01  2.605304e-02  1.309330e+01  2.605304e-02 
   83724814   8.097420e+00   1.429422e-01   8.097420e+00   1.429422e-01 224200608270049440      20377       1844     0 2453974.537199  1.272913e+01  1.916636e-02  1.272913e+01  1.916636e-02 
   83724814   5.721846e+00   1.376018e-01   5.721846e+00   1.376018e-01 223200608270049440      11265        548     0 2453974.537199  1.310616e+01  2.611041e-02  1.310616e+01  2.611041e-02 
   83724876   7.631429e+00   1.427796e-01   7.631429e+00   1.427796e-01 224200608270050460      20373       1870     0 2453974.537917  1.279349e+01  2.031357e-02  1.279349e+01  2.031357e-02 
   83724876   5.643000e+00   1.398597e-01   5.643000e+00   1.398597e-01 223200608270050460      11269        518     0 2453974.537917  1.312122e+01  2.690967e-02  1.312122e+01  2.690967e-02 
   83810841   7.872795e+00   1.365196e-01   7.872795e+00   1.365196e-01 224200608280043330      20378       1847     0 2453975.532882  1.275968e+01  1.882746e-02  1.275968e+01  1.882746e-02 
   83810841   5.544510e+00   1.332505e-01   5.544510e+00   1.332505e-01 223200608280043330      11270        549     0 2453975.532882  1.314034e+01  2.609344e-02  1.314034e+01  2.609344e-02 
   83810893   7.667009e+00   1.352727e-01   7.667009e+00   1.352727e-01 224200608280044250      20376       1848     0 2453975.533484  1.278843e+01  1.915623e-02  1.278843e+01  1.915623e-02 
   83810893   5.459084e+00   1.355766e-01   5.459084e+00   1.355766e-01 223200608280044250      11271        546     0 2453975.533484  1.315720e+01  2.696441e-02  1.315720e+01  2.696441e-02 
   83810964   5.798263e+00   1.338751e-01   5.798263e+00   1.338751e-01 223200608280045350      11271        542     0 2453975.534306  1.309175e+01  2.506846e-02  1.309175e+01  2.506846e-02 
   83810965   7.715557e+00   1.363503e-01   7.715557e+00   1.363503e-01 224200608280045360      20375       1851     0 2453975.534317  1.278158e+01  1.918734e-02  1.278158e+01  1.918734e-02 
   83811021   7.995705e+00   1.372742e-01   7.995705e+00   1.372742e-01 224200608280046320      20375       1851     0 2453975.534965  1.274286e+01  1.864052e-02  1.274286e+01  1.864052e-02 
   83811021   5.779690e+00   1.345408e-01   5.779690e+00   1.345408e-01 223200608280046320      11271        540     0 2453975.534965  1.309524e+01  2.527407e-02  1.309524e+01  2.527407e-02 
   84328674   7.640384e+00   3.270153e-01   7.640384e+00   3.270153e-01 224200609030034170      20382       1910     0 2453981.526319  1.279221e+01  4.647064e-02  1.279221e+01  4.647064e-02 
   84328674   6.047619e+00   3.294614e-01   6.047619e+00   3.294614e-01 223200609030034170      11260        477     0 2453981.526319  1.304604e+01  5.914880e-02  1.304604e+01  5.914880e-02 
   84328746   8.265637e+00   3.217858e-01   8.265637e+00   3.217858e-01 224200609030035290      20383       1885     0 2453981.527153  1.270681e+01  4.226845e-02  1.270681e+01  4.226845e-02 
   84328746   6.965845e+00   3.386199e-01   6.965845e+00   3.386199e-01 223200609030035280      11257        499     0 2453981.527153  1.289257e+01  5.277941e-02  1.289257e+01  5.277941e-02 
   84328813   7.620253e+00   3.402879e-01   7.620253e+00   3.402879e-01 224200609030036350      20382       1910     0 2453981.527928  1.279508e+01  4.848451e-02  1.279508e+01  4.848451e-02 
   84328813   7.133349e+00   3.569091e-01   7.133349e+00   3.569091e-01 223200609030036350      11256        464     0 2453981.527928  1.286677e+01  5.432379e-02  1.286677e+01  5.432379e-02 
   84328870   7.610501e+00   3.482822e-01   7.610501e+00   3.482822e-01 224200609030037320      20380       1911     0 2453981.528588  1.279647e+01  4.968712e-02  1.279647e+01  4.968712e-02 
   84328870   7.385391e+00   3.445016e-01   7.385391e+00   3.445016e-01 223200609030037320      11258        462     0 2453981.528588  1.282907e+01  5.064582e-02  1.282907e+01  5.064582e-02 
   84500181   7.827376e+00   4.836540e-01   7.827376e+00   4.836540e-01 224200609050012480      20381       1858     0 2453983.511354  1.276596e+01  6.708794e-02  1.276596e+01  6.708794e-02 
   84500181   7.747548e+00   5.190859e-01   7.747548e+00   5.190859e-01 223200609050012480      11268        544     0 2453983.511354  1.277709e+01  7.274462e-02  1.277709e+01  7.274462e-02 
   84500241   7.772543e+00   4.908135e-01   7.772543e+00   4.908135e-01 224200609050013480      20377       1857     0 2453983.512049  1.277359e+01  6.856132e-02  1.277359e+01  6.856132e-02 
   84500241   7.510104e+00   5.169495e-01   7.510104e+00   5.169495e-01 223200609050013480      11269        540     0 2453983.512049  1.281089e+01  7.473569e-02  1.281089e+01  7.473569e-02 
   84500303   8.004599e+00   4.920518e-01   8.004599e+00   4.920518e-01 224200609050014500      20374       1860     0 2453983.512766  1.274165e+01  6.674168e-02  1.274165e+01  6.674168e-02 
   84500303   7.477154e+00   5.177095e-01   7.477154e+00   5.177095e-01 223200609050014500      11269        537     0 2453983.512766  1.281566e+01  7.517539e-02  1.281566e+01  7.517539e-02 
   84500381   7.752493e+00   5.164164e-01   7.752493e+00   5.164164e-01 223200609050016080      11266        559     0 2453983.513669  1.277640e+01  7.232434e-02  1.277640e+01  7.232434e-02 
   84844855   8.022313e+00   6.764107e-01   8.022313e+00   6.764107e-01 224200609082357310      20383       1827     0 2453987.500637  1.273925e+01  9.154544e-02  1.273925e+01  9.154544e-02 
   84844855   6.807467e+00   7.154540e-01   6.807467e+00   7.154540e-01 223200609082357310      11278        553     0 2453987.500637  1.291754e+01  1.141095e-01  1.291754e+01  1.141095e-01 
   84844911   7.833362e+00   7.112408e-01   7.833362e+00   7.112408e-01 223200609082358260      11279        548     0 2453987.501285  1.276513e+01  9.858125e-02  1.276513e+01  9.858125e-02 
   84844912   7.645575e+00   6.858573e-01   7.645575e+00   6.858573e-01 224200609082358270      20381       1830     0 2453987.501296  1.279147e+01  9.739787e-02  1.279147e+01  9.739787e-02 
   84844968   8.139225e+00   6.799498e-01   8.139225e+00   6.799498e-01 224200609082359230      20380       1831     0 2453987.501944  1.272354e+01  9.070258e-02  1.272354e+01  9.070258e-02 
   84844968   8.855706e+00   7.066483e-01   8.855706e+00   7.066483e-01 223200609082359230      11278        545     0 2453987.501944  1.263194e+01  8.663751e-02  1.263194e+01  8.663751e-02 
   84845030   7.761124e+00   6.725680e-01   7.761124e+00   6.725680e-01 224200609090000260      20380       1832     0 2453987.502662  1.277519e+01  9.408870e-02  1.277519e+01  9.408870e-02 
   84845030   8.142797e+00   7.165350e-01   8.142797e+00   7.165350e-01 223200609090000260      11278        543     0 2453987.502662  1.272307e+01  9.554098e-02  1.272307e+01  9.554098e-02 
   85017155   7.972395e+00   3.926592e-01   7.972395e+00   3.926592e-01 223200609102349160      11254        503     0 2453989.494850  1.274603e+01  5.347525e-02  1.274603e+01  5.347525e-02 
   85017222   8.093085e+00   4.815637e-01   8.093085e+00   4.815637e-01 224200609102350220      20389       1874     0 2453989.495625  1.272971e+01  6.460489e-02  1.272971e+01  6.460489e-02 
   85017222   7.101169e+00   5.099201e-01   7.101169e+00   5.099201e-01 223200609102350220      11256        501     0 2453989.495625  1.287168e+01  7.796472e-02  1.287168e+01  7.796472e-02 
   85017281   8.246386e+00   4.335676e-01   8.246386e+00   4.335676e-01 224200609102351210      20388       1875     0 2453989.496308  1.270934e+01  5.708461e-02  1.270934e+01  5.708461e-02 
   85017281   7.055511e+00   4.520656e-01   7.055511e+00   4.520656e-01 223200609102351210      11256        498     0 2453989.496308  1.287868e+01  6.956629e-02  1.287868e+01  6.956629e-02 
   85017339   7.755564e+00   4.262072e-01   7.755564e+00   4.262072e-01 224200609102352200      20388       1876     0 2453989.496979  1.277597e+01  5.966686e-02  1.277597e+01  5.966686e-02 
   85017339   7.475995e+00   4.587136e-01   7.475995e+00   4.587136e-01 223200609102352200      11254        492     0 2453989.496979  1.281583e+01  6.661905e-02  1.281583e+01  6.661905e-02 
   85361748   7.867092e+00   1.385994e-01   7.867092e+00   1.385994e-01 224200609142332380      20365       1856     0 2453993.483194  1.276046e+01  1.912815e-02  1.276046e+01  1.912815e-02 
   85361748   5.476444e+00   1.353922e-01   5.476444e+00   1.353922e-01 223200609142332380      11257        458     0 2453993.483194  1.315375e+01  2.684237e-02  1.315375e+01  2.684237e-02 
   85361801   7.905149e+00   1.408439e-01   7.905149e+00   1.408439e-01 224200609142333310      20361       1856     0 2453993.483808  1.275523e+01  1.934434e-02  1.275523e+01  1.934434e-02 
   85361805   5.373204e+00   1.359970e-01   5.373204e+00   1.359970e-01 223200609142333360      11258        455     0 2453993.483854  1.317442e+01  2.748033e-02  1.317442e+01  2.748033e-02 
   85361866   7.913340e+00   1.425920e-01   7.913340e+00   1.425920e-01 224200609142334370      20359       1858     0 2453993.484560  1.275410e+01  1.956416e-02  1.275410e+01  1.956416e-02 
   85361866   5.582633e+00   1.349863e-01   5.582633e+00   1.349863e-01 223200609142334370      11258        452     0 2453993.484560  1.313290e+01  2.625285e-02  1.313290e+01  2.625285e-02 
   85361941   8.029083e+00   1.411953e-01   8.029083e+00   1.411953e-01 224200609142335520      20361       1833     0 2453993.485428  1.273833e+01  1.909326e-02  1.273833e+01  1.909326e-02 
   85361941   5.684319e+00   1.353644e-01   5.684319e+00   1.353644e-01 223200609142335520      11254        474     0 2453993.485428  1.311330e+01  2.585544e-02  1.311330e+01  2.585544e-02 
   85620646   7.224767e+00   1.632627e-01   7.224767e+00   1.632627e-01 224200609172327440      20394       1817     0 2453996.479699  1.285294e+01  2.453517e-02  1.285294e+01  2.453517e-02 
   85620646   5.674118e+00   1.538382e-01   5.674118e+00   1.538382e-01 223200609172327440      11227        465     0 2453996.479699  1.311525e+01  2.943688e-02  1.311525e+01  2.943688e-02 
   85620705   7.555214e+00   1.652619e-01   7.555214e+00   1.652619e-01 224200609172328430      20391       1819     0 2453996.480382  1.280438e+01  2.374935e-02  1.280438e+01  2.374935e-02 
   85620705   5.595381e+00   1.521311e-01   5.595381e+00   1.521311e-01 223200609172328430      11228        461     0 2453996.480382  1.313043e+01  2.951985e-02  1.313043e+01  2.951985e-02 
   85620768   7.883264e+00   1.664495e-01   7.883264e+00   1.664495e-01 224200609172329460      20390       1821     0 2453996.481111  1.275823e+01  2.292462e-02  1.275823e+01  2.292462e-02 
   85620768   5.737812e+00   1.538288e-01   5.737812e+00   1.538288e-01 223200609172329460      11228        459     0 2453996.481111  1.310313e+01  2.910833e-02  1.310313e+01  2.910833e-02 
   85620822   7.756308e+00   1.673403e-01   7.756308e+00   1.673403e-01 224200609172330410      20389       1823     0 2453996.481736  1.277586e+01  2.342455e-02  1.277586e+01  2.342455e-02 
   85620822   5.637817e+00   1.561666e-01   5.637817e+00   1.561666e-01 223200609172330410      11228        455     0 2453996.481736  1.312222e+01  3.007481e-02  1.312222e+01  3.007481e-02 
   85706442   7.470586e+00   1.633346e-01   7.470586e+00   1.633346e-01 224200609182317440      20393       1773     0 2453997.472708  1.281661e+01  2.373829e-02  1.281661e+01  2.373829e-02 
   85706442   5.450518e+00   1.506740e-01   5.450518e+00   1.506740e-01 223200609182317440      11231        439     0 2453997.472708  1.315891e+01  3.001417e-02  1.315891e+01  3.001417e-02 
   85706505   7.856491e+00   1.643301e-01   7.856491e+00   1.643301e-01 224200609182318460      20387       1798     0 2453997.473438  1.276193e+01  2.270985e-02  1.276193e+01  2.270985e-02 
   85706505   5.477152e+00   1.523292e-01   5.477152e+00   1.523292e-01 223200609182318460      11234        415     0 2453997.473438  1.315361e+01  3.019633e-02  1.315361e+01  3.019633e-02 
   85706560   7.442139e+00   1.598924e-01   7.442139e+00   1.598924e-01 224200609182319420      20384       1801     0 2453997.474074  1.282076e+01  2.332685e-02  1.282076e+01  2.332685e-02 
   85706560   5.564430e+00   1.520403e-01   5.564430e+00   1.520403e-01 223200609182319410      11235        412     0 2453997.474074  1.313645e+01  2.966634e-02  1.313645e+01  2.966634e-02 
   85706637   7.423682e+00   1.609290e-01   7.423682e+00   1.609290e-01 224200609182320580      20387       1778     0 2453997.474965  1.282345e+01  2.353644e-02  1.282345e+01  2.353644e-02 
   85706637   5.573963e+00   1.497950e-01   5.573963e+00   1.497950e-01 223200609182320580      11232        437     0 2453997.474965  1.313459e+01  2.917824e-02  1.313459e+01  2.917824e-02 
   85878757   7.445183e+00   1.507793e-01   7.445183e+00   1.507793e-01 224200609202309430      20368       1819     0 2453999.467095  1.282031e+01  2.198832e-02  1.282031e+01  2.198832e-02 
   85878757   5.705419e+00   1.508847e-01   5.705419e+00   1.508847e-01 223200609202309430      11233        491     0 2453999.467095  1.310928e+01  2.871333e-02  1.310928e+01  2.871333e-02 
   85878814   7.069475e+00   1.522922e-01   7.069475e+00   1.522922e-01 224200609202310410      20362       1821     0 2453999.467755  1.287653e+01  2.338926e-02  1.287653e+01  2.338926e-02 
   85878814   5.695770e+00   1.505995e-01   5.695770e+00   1.505995e-01 223200609202310400      11235        488     0 2453999.467755  1.311112e+01  2.870760e-02  1.311112e+01  2.870760e-02 
   85878875   7.723134e+00   1.562115e-01   7.723134e+00   1.562115e-01 224200609202311410      20359       1823     0 2453999.468461  1.278052e+01  2.196065e-02  1.278052e+01  2.196065e-02 
   85878875   5.892230e+00   1.535847e-01   5.892230e+00   1.535847e-01 223200609202311410      11236        486     0 2453999.468461  1.307430e+01  2.830050e-02  1.307430e+01  2.830050e-02 
   85878935   7.797860e+00   1.564856e-01   7.797860e+00   1.564856e-01 224200609202312420      20358       1826     0 2453999.469155  1.277006e+01  2.178837e-02  1.277006e+01  2.178837e-02 
   85878935   5.817069e+00   1.524456e-01   5.817069e+00   1.524456e-01 223200609202312420      11236        483     0 2453999.469155  1.308824e+01  2.845355e-02  1.308824e+01  2.845355e-02 
   85964880   8.095383e+00   1.461958e-01   8.095383e+00   1.461958e-01 224200609212305090      20362       1840     0 2454000.463889  1.272941e+01  1.960755e-02  1.272941e+01  1.960755e-02 
   85964880   5.709929e+00   1.371081e-01   5.709929e+00   1.371081e-01 223200609212305090      11247        486     0 2454000.463889  1.310842e+01  2.607103e-02  1.310842e+01  2.607103e-02 
   85965033   8.046989e+00   1.468652e-01   8.046989e+00   1.468652e-01 224200609212307420      20357       1843     0 2454000.465660  1.273592e+01  1.981579e-02  1.273592e+01  1.981579e-02 
   85965033   5.720502e+00   1.374706e-01   5.720502e+00   1.374706e-01 223200609212307420      11249        478     0 2454000.465660  1.310641e+01  2.609166e-02  1.310641e+01  2.609166e-02 
   85965096   8.192060e+00   1.464088e-01   8.192060e+00   1.464088e-01 224200609212308460      20355       1844     0 2454000.466389  1.271652e+01  1.940439e-02  1.271652e+01  1.940439e-02 
   85965096   5.768901e+00   1.378868e-01   5.768901e+00   1.378868e-01 223200609212308460      11250        476     0 2454000.466389  1.309727e+01  2.595108e-02  1.309727e+01  2.595108e-02 
   85965152   8.244320e+00   1.468328e-01   8.244320e+00   1.468328e-01 224200609212309410      20354       1846     0 2454000.467037  1.270961e+01  1.933722e-02  1.270961e+01  1.933722e-02 
   85965152   5.725546e+00   1.386195e-01   5.725546e+00   1.386195e-01 223200609212309410      11251        474     0 2454000.467037  1.310546e+01  2.628653e-02  1.310546e+01  2.628653e-02 
   86404994   6.058937e+00   1.448018e-01   6.058937e+00   1.448018e-01 223200609270120390      11114        136     0 2454005.557801  1.304401e+01  2.594796e-02  1.304401e+01  2.594796e-02 
   86405053   8.028663e+00   1.438129e-01   8.028663e+00   1.438129e-01 224200609270121390      20459       2076     0 2454005.558484  1.273839e+01  1.944824e-02  1.273839e+01  1.944824e-02 
   86405055   6.231920e+00   1.438875e-01   6.231920e+00   1.438875e-01 223200609270121400      11116        108     0 2454005.558507  1.301344e+01  2.506842e-02  1.301344e+01  2.506842e-02 
   86405123   8.115630e+00   1.443845e-01   8.115630e+00   1.443845e-01 224200609270122490      20460       2075     0 2454005.559294  1.272669e+01  1.931631e-02  1.272669e+01  1.931631e-02 
   86405123   5.788153e+00   1.437423e-01   5.788153e+00   1.437423e-01 223200609270122490      11115        105     0 2454005.559294  1.309365e+01  2.696313e-02  1.309365e+01  2.696313e-02 
   86405182   7.965948e+00   1.450879e-01   7.965948e+00   1.450879e-01 224200609270123480      20460       2075     0 2454005.559977  1.274691e+01  1.977514e-02  1.274691e+01  1.977514e-02 
   86405184   6.180346e+00   1.474158e-01   6.180346e+00   1.474158e-01 223200609270123490      11114        104     0 2454005.560000  1.302247e+01  2.589745e-02  1.302247e+01  2.589745e-02 
   87688166   5.569341e+00   1.172663e-01   5.569341e+00   1.172663e-01 223200610112147440      10908        286     0 2454020.409329  1.313549e+01  2.286100e-02  1.313549e+01  2.286100e-02 
   87688240   5.586048e+00   1.169372e-01   5.586048e+00   1.169372e-01 223200610112148580      10911        256     0 2454020.410185  1.313224e+01  2.272866e-02  1.313224e+01  2.272866e-02 
   87688294   5.800741e+00   1.191347e-01   5.800741e+00   1.191347e-01 223200610112149520      10911        254     0 2454020.410810  1.309129e+01  2.229876e-02  1.309129e+01  2.229876e-02 
   87860511   5.746896e+00   1.312597e-01   5.746896e+00   1.312597e-01 223200610132140170      10871        308     0 2454022.404063  1.310142e+01  2.479841e-02  1.310142e+01  2.479841e-02 
   87860578   5.823092e+00   1.301983e-01   5.823092e+00   1.301983e-01 223200610132141240      10871        303     0 2454022.404838  1.308712e+01  2.427603e-02  1.308712e+01  2.427603e-02 
   87860634   6.134522e+00   1.300207e-01   6.134522e+00   1.300207e-01 223200610132142200      10871        301     0 2454022.405486  1.303055e+01  2.301217e-02  1.303055e+01  2.301217e-02 
   87860694   5.892386e+00   1.298888e-01   5.892386e+00   1.298888e-01 223200610132143190      10871        298     0 2454022.406181  1.307427e+01  2.393351e-02  1.307427e+01  2.393351e-02 
   88033124   5.919472e+00   1.255003e-01   5.919472e+00   1.255003e-01 223200610152137170      10867        339     0 2454024.401898  1.306929e+01  2.301906e-02  1.306929e+01  2.301906e-02 
   88033185   5.810783e+00   1.242908e-01   5.810783e+00   1.242908e-01 223200610152138180      10867        334     0 2454024.402604  1.308941e+01  2.322363e-02  1.308941e+01  2.322363e-02 
   88033240   5.955482e+00   1.247598e-01   5.955482e+00   1.247598e-01 223200610152139130      10866        329     0 2454024.403241  1.306271e+01  2.274487e-02  1.306271e+01  2.274487e-02 
   88033299   5.882109e+00   1.234144e-01   5.882109e+00   1.234144e-01 223200610152140120      10866        326     0 2454024.403924  1.307617e+01  2.278026e-02  1.307617e+01  2.278026e-02 
   88377446   5.780314e+00   1.298395e-01   5.780314e+00   1.298395e-01 223200610192116140      10852        354     0 2454028.387106  1.309512e+01  2.438829e-02  1.309512e+01  2.438829e-02 
   88377498   5.746342e+00   1.297046e-01   5.746342e+00   1.297046e-01 223200610192117070      10851        350     0 2454028.387708  1.310152e+01  2.450697e-02  1.310152e+01  2.450697e-02 
   88377583   5.781116e+00   1.286852e-01   5.781116e+00   1.286852e-01 223200610192118310      10848        373     0 2454028.388692  1.309497e+01  2.416810e-02  1.309497e+01  2.416810e-02 
   88377645   5.847926e+00   1.278174e-01   5.847926e+00   1.278174e-01 223200610192119340      10847        370     0 2454028.389410  1.308250e+01  2.373089e-02  1.308250e+01  2.373089e-02 
   88463612   5.931866e+00   1.248031e-01   5.931866e+00   1.248031e-01 223200610202112230      10875        308     0 2454029.384398  1.306702e+01  2.284335e-02  1.306702e+01  2.284335e-02 
   88463684   6.002298e+00   1.252074e-01   6.002298e+00   1.252074e-01 223200610202113350      10872        303     0 2454029.385231  1.305421e+01  2.264844e-02  1.305421e+01  2.264844e-02 
   88463747   6.100158e+00   1.252323e-01   6.100158e+00   1.252323e-01 223200610202114380      10872        301     0 2454029.385961  1.303665e+01  2.228954e-02  1.303665e+01  2.228954e-02 
   88463806   5.793169e+00   1.253818e-01   5.793169e+00   1.253818e-01 223200610202115380      10871        299     0 2454029.386644  1.309271e+01  2.349870e-02  1.309271e+01  2.349870e-02 
   88551560   6.100809e+00   1.360996e-01   6.100809e+00   1.360996e-01 223200610212138150      10870        249     0 2454030.402315  1.303653e+01  2.422118e-02  1.303653e+01  2.422118e-02 
   88551692   6.121737e+00   1.348241e-01   6.121737e+00   1.348241e-01 223200610212140270      10867        239     0 2454030.403843  1.303281e+01  2.391214e-02  1.303281e+01  2.391214e-02 
   88551764   5.811665e+00   1.345645e-01   5.811665e+00   1.345645e-01 223200610212141400      10862        261     0 2454030.404676  1.308925e+01  2.513944e-02  1.308925e+01  2.513944e-02 
   88637622   6.273107e+00   1.367330e+00   6.273107e+00   1.367330e+00 223200610222132420      10868        294     0 2454031.398403  1.300629e+01  2.366555e-01  1.300629e+01  2.366555e-01 
   88637770   4.392764e+00   1.662545e+00   4.392764e+00   1.662545e+00 223200610222135100      10864        284     0 2454031.400116  1.339316e+01  4.109240e-01  1.339316e+01  4.109240e-01 
   88637832   3.729203e+00   2.594881e+00   3.729203e+00   2.594881e+00 223200610222136110      10864        281     0 2454031.400833  1.357096e+01  7.554876e-01  1.357096e+01  7.554876e-01 
   88640082   1.246165e+01   2.733105e+00   1.246165e+01   2.733105e+00 223200610222213430      10861        157     0 2454031.426875  1.226106e+01  2.381258e-01  1.226106e+01  2.381258e-01 
   88722112   6.077997e+00   1.287340e-01   6.077997e+00   1.287340e-01 223200610232100550      10858        339     0 2454032.376296  1.304060e+01  2.299634e-02  1.304060e+01  2.299634e-02 
   88722166   5.971185e+00   1.276339e-01   5.971185e+00   1.276339e-01 223200610232101500      10859        336     0 2454032.376921  1.305985e+01  2.320766e-02  1.305985e+01  2.320766e-02 
   88722228   5.720304e+00   1.269757e-01   5.720304e+00   1.269757e-01 223200610232102520      10859        334     0 2454032.377639  1.310645e+01  2.410057e-02  1.310645e+01  2.410057e-02 
   88722295   5.604811e+00   1.275682e-01   5.604811e+00   1.275682e-01 223200610232103590      10859        331     0 2454032.378414  1.312860e+01  2.471197e-02  1.312860e+01  2.471197e-02 
   88980557   6.074006e+00   1.421818e-01   6.074006e+00   1.421818e-01 223200610262048320      10860        401     0 2454035.367558  1.304131e+01  2.541526e-02  1.304131e+01  2.541526e-02 
   88980611   6.021387e+00   1.437844e-01   6.021387e+00   1.437844e-01 223200610262049260      10861        398     0 2454035.368183  1.305076e+01  2.592633e-02  1.305076e+01  2.592633e-02 
   88980671   5.738050e+00   1.430388e-01   5.738050e+00   1.430388e-01 223200610262050270      10861        395     0 2454035.368877  1.310309e+01  2.706546e-02  1.310309e+01  2.706546e-02 
   88980735   5.927205e+00   1.440492e-01   5.927205e+00   1.440492e-01 223200610262051300      10857        386     0 2454035.369618  1.306787e+01  2.638680e-02  1.306787e+01  2.638680e-02 
   89066673   6.394330e+00   1.547877e-01   6.394330e+00   1.547877e-01 223200610272043520      10881        372     0 2454036.364271  1.298551e+01  2.628254e-02  1.298551e+01  2.628254e-02 
   89066736   6.479878e+00   1.540592e-01   6.479878e+00   1.540592e-01 223200610272044550      10880        370     0 2454036.365000  1.297108e+01  2.581349e-02  1.297108e+01  2.581349e-02 
   89066792   6.221026e+00   1.567251e-01   6.221026e+00   1.567251e-01 223200610272045520      10880        366     0 2454036.365648  1.301534e+01  2.735284e-02  1.301534e+01  2.735284e-02 
   89066857   6.059463e+00   1.558195e-01   6.059463e+00   1.558195e-01 223200610272046560      10879        363     0 2454036.366400  1.304391e+01  2.791988e-02  1.304391e+01  2.791988e-02 
   89152871   7.891070e+00   2.437753e-01   7.891070e+00   2.437753e-01 223200610282040350      10864        383     0 2454037.361933  1.275716e+01  3.354128e-02  1.275716e+01  3.354128e-02 
   89152944   6.809734e+00   2.349059e-01   6.809734e+00   2.349059e-01 223200610282041480      10866        350     0 2454037.362778  1.291717e+01  3.745326e-02  1.291717e+01  3.745326e-02 
   89153005   6.850307e+00   1.989841e-01   6.850307e+00   1.989841e-01 223200610282042490      10866        347     0 2454037.363484  1.291072e+01  3.153801e-02  1.291072e+01  3.153801e-02 
   89238992   6.494538e+00   2.051325e-01   6.494538e+00   2.051325e-01 223200610292035590      10858        339     0 2454038.358704  1.296863e+01  3.429353e-02  1.296863e+01  3.429353e-02 
   89239047   6.835214e+00   2.042076e-01   6.835214e+00   2.042076e-01 223200610292036550      10859        336     0 2454038.359340  1.291312e+01  3.243738e-02  1.291312e+01  3.243738e-02 
   89239094   6.430399e+00   2.057483e-01   6.430399e+00   2.057483e-01 223200610292037410      10857        328     0 2454038.359884  1.297941e+01  3.473955e-02  1.297941e+01  3.473955e-02 
   89239172   6.497818e+00   2.061948e-01   6.497818e+00   2.061948e-01 223200610292038590      10857        326     0 2454038.360787  1.296808e+01  3.445372e-02  1.296808e+01  3.445372e-02 
   89411367   7.933514e+00   3.184726e-01   7.933514e+00   3.184726e-01 223200610312029020      10851        340     0 2454040.353785  1.275134e+01  4.358452e-02  1.275134e+01  4.358452e-02 
   89411440   7.662686e+00   3.147290e-01   7.662686e+00   3.147290e-01 223200610312030160      10848        361     0 2454040.354630  1.278905e+01  4.459453e-02  1.278905e+01  4.459453e-02 
   89411510   7.604309e+00   3.246640e-01   7.604309e+00   3.246640e-01 223200610312031250      10851        329     0 2454040.355440  1.279735e+01  4.635539e-02  1.279735e+01  4.635539e-02 
   89411567   7.422689e+00   3.206932e-01   7.422689e+00   3.206932e-01 223200610312032230      10850        325     0 2454040.356100  1.282360e+01  4.690880e-02  1.282360e+01  4.690880e-02 
   89842128   7.432489e+00   4.489226e-01   7.432489e+00   4.489226e-01 223200611052008420      10862        342     0 2454045.339444  1.282216e+01  6.557874e-02  1.282216e+01  6.557874e-02 
   89842186   7.359155e+00   4.472769e-01   7.359155e+00   4.472769e-01 223200611052009400      10863        338     0 2454045.340116  1.283293e+01  6.598943e-02  1.283293e+01  6.598943e-02 
   89842259   7.483390e+00   4.499900e-01   7.483390e+00   4.499900e-01 223200611052010530      10862        335     0 2454045.340961  1.281475e+01  6.528755e-02  1.281475e+01  6.528755e-02 
   89842318   6.973678e+00   4.535542e-01   6.973678e+00   4.535542e-01 223200611052011520      10862        332     0 2454045.341644  1.289135e+01  7.061437e-02  1.289135e+01  7.061437e-02 
   89928312   7.794452e+00   3.515221e-01   7.794452e+00   3.515221e-01 223200611062005110      10865        360     0 2454046.336944  1.277054e+01  4.896581e-02  1.277054e+01  4.896581e-02 
   89928381   7.371800e+00   3.505073e-01   7.371800e+00   3.505073e-01 223200611062006190      10866        356     0 2454046.337743  1.283107e+01  5.162372e-02  1.283107e+01  5.162372e-02 
   89928435   8.039886e+00   3.512276e-01   8.039886e+00   3.512276e-01 223200611062007140      10866        354     0 2454046.338368  1.273688e+01  4.743125e-02  1.273688e+01  4.743125e-02 
   89928499   7.712119e+00   3.502227e-01   7.712119e+00   3.502227e-01 223200611062008180      10866        351     0 2454046.339109  1.278207e+01  4.930561e-02  1.278207e+01  4.930561e-02 
   90014500   6.973783e+00   2.281489e-01   6.973783e+00   2.281489e-01 223200611072001430      10873        368     0 2454047.334491  1.289133e+01  3.552024e-02  1.289133e+01  3.552024e-02 
   90014554   6.529951e+00   2.450269e-01   6.529951e+00   2.450269e-01 223200611072002370      10874        365     0 2454047.335116  1.296273e+01  4.074081e-02  1.296273e+01  4.074081e-02 
   90014643   7.271678e+00   2.173787e-01   7.271678e+00   2.173787e-01 223200611072004050      10870        387     0 2454047.336146  1.284591e+01  3.245699e-02  1.284591e+01  3.245699e-02 
   90014705   7.493495e+00   2.219026e-01   7.493495e+00   2.219026e-01 223200611072005080      10868        384     0 2454047.336863  1.281329e+01  3.215169e-02  1.281329e+01  3.215169e-02 
   90272989   6.232344e+00   1.444705e-01   6.232344e+00   1.444705e-01 223200611101950030      10869        351     0 2454050.326262  1.301337e+01  2.516828e-02  1.301337e+01  2.516828e-02 
   90273043   6.262514e+00   1.427364e-01   6.262514e+00   1.427364e-01 223200611101950570      10869        348     0 2454050.326887  1.300813e+01  2.474640e-02  1.300813e+01  2.474640e-02 
   90273091   6.483338e+00   1.514349e-01   6.483338e+00   1.514349e-01 223200611101951450      10868        344     0 2454050.327442  1.297050e+01  2.536023e-02  1.297050e+01  2.536023e-02 
   90273156   6.130495e+00   1.450440e-01   6.130495e+00   1.450440e-01 223200611101952500      10868        342     0 2454050.328194  1.303126e+01  2.568799e-02  1.303126e+01  2.568799e-02 
   90617604   5.769005e+00   1.332251e-01   5.769005e+00   1.332251e-01 223200611141933540      10860        377     0 2454054.314861  1.309725e+01  2.507327e-02  1.309725e+01  2.507327e-02 
   90617666   5.835398e+00   1.334662e-01   5.835398e+00   1.334662e-01 223200611141934560      10860        373     0 2454054.315579  1.308482e+01  2.483286e-02  1.308482e+01  2.483286e-02 
   90617726   5.979373e+00   1.329862e-01   5.979373e+00   1.329862e-01 223200611141935570      10864        344     0 2454054.316273  1.305836e+01  2.414775e-02  1.305836e+01  2.414775e-02 
   90617777   5.997217e+00   1.326219e-01   5.997217e+00   1.326219e-01 223200611141936470      10864        342     0 2454054.316863  1.305513e+01  2.400996e-02  1.305513e+01  2.400996e-02 
   93120145   7.709239e+00   2.762317e-01   7.709239e+00   2.762317e-01 223200612131844400      11532        189     0 2454083.279456  1.278247e+01  3.890342e-02  1.278247e+01  3.890342e-02 
   93120204   7.707327e+00   2.605172e-01   7.707327e+00   2.605172e-01 223200612131845380      11533        188     0 2454083.280139  1.278274e+01  3.669936e-02  1.278274e+01  3.669936e-02 
   93120280   7.563069e+00   2.386222e-01   7.563069e+00   2.386222e-01 223200612131846550      11530        210     0 2454083.281019  1.280326e+01  3.425615e-02  1.280326e+01  3.425615e-02 
   93120344   7.112259e+00   2.242028e-01   7.112259e+00   2.242028e-01 223200612131847580      11533        182     0 2454083.281759  1.286998e+01  3.422625e-02  1.286998e+01  3.422625e-02 
   93292979   8.028854e+00   3.290211e-01   8.028854e+00   3.290211e-01 223200612151845190      11506        162     0 2454085.279850  1.273837e+01  4.449345e-02  1.273837e+01  4.449345e-02 
   93293033   7.597011e+00   3.098371e-01   7.597011e+00   3.098371e-01 223200612151846130      11506        160     0 2454085.280475  1.279839e+01  4.428090e-02  1.279839e+01  4.428090e-02 
   93293087   7.807929e+00   2.945340e-01   7.807929e+00   2.945340e-01 223200612151847070      11505        158     0 2454085.281100  1.276866e+01  4.095674e-02  1.276866e+01  4.095674e-02 
   93293141   7.675070e+00   2.795450e-01   7.675070e+00   2.795450e-01 223200612151848010      11505        155     0 2454085.281725  1.278729e+01  3.954534e-02  1.278729e+01  3.954534e-02 
   94935181   8.624812e+00   4.468852e-01   8.624812e+00   4.468852e-01 224200701031856070      19606       1709     0 2454104.286817  1.266063e+01  5.625643e-02  1.266063e+01  5.625643e-02 
   94935247   8.420397e+00   4.426680e-01   8.420397e+00   4.426680e-01 224200701031857140      19606       1709     0 2454104.287581  1.268667e+01  5.707834e-02  1.268667e+01  5.707834e-02 
   94935305   8.252247e+00   4.359137e-01   8.252247e+00   4.359137e-01 224200701031858120      19606       1708     0 2454104.288252  1.270857e+01  5.735274e-02  1.270857e+01  5.735274e-02 
   94935370   8.392385e+00   4.287348e-01   8.392385e+00   4.287348e-01 224200701031859170      19606       1708     0 2454104.289005  1.269029e+01  5.546631e-02  1.269029e+01  5.546631e-02 
   95021610   8.652946e+00   3.362899e-01   8.652946e+00   3.362899e-01 224200701041856390      19608       1693     0 2454105.287153  1.265709e+01  4.219643e-02  1.265709e+01  4.219643e-02 
   95021682   7.875685e+00   3.235242e-01   7.875685e+00   3.235242e-01 224200701041857500      19604       1718     0 2454105.287986  1.275928e+01  4.460097e-02  1.275928e+01  4.460097e-02 
   95021747   8.468905e+00   3.088536e-01   8.468905e+00   3.088536e-01 224200701041858560      19605       1717     0 2454105.288738  1.268043e+01  3.959599e-02  1.268043e+01  3.959599e-02 
   95021803   8.652246e+00   2.990593e-01   8.652246e+00   2.990593e-01 224200701041859510      19605       1717     0 2454105.289387  1.265718e+01  3.752790e-02  1.265718e+01  3.752790e-02 
   95107911   8.322738e+00   2.906470e-01   8.322738e+00   2.906470e-01 224200701051855020      19628       1731     0 2454106.286007  1.269933e+01  3.791626e-02  1.269933e+01  3.791626e-02 
   95107967   8.645203e+00   2.748400e-01   8.645203e+00   2.748400e-01 224200701051855570      19628       1730     0 2454106.286655  1.265806e+01  3.451681e-02  1.265806e+01  3.451681e-02 
   95108021   8.559934e+00   2.614319e-01   8.559934e+00   2.614319e-01 224200701051856510      19628       1730     0 2454106.287280  1.266882e+01  3.315997e-02  1.266882e+01  3.315997e-02 
   95108075   7.940416e+00   2.469980e-01   7.940416e+00   2.469980e-01 224200701051857460      19628       1730     0 2454106.287905  1.275039e+01  3.377350e-02  1.275039e+01  3.377350e-02 
   95280699   8.278193e+00   2.655136e-01   8.278193e+00   2.655136e-01 224200701071854530      19649       1717     0 2454108.285868  1.270516e+01  3.482388e-02  1.270516e+01  3.482388e-02 
   95280829   8.107330e+00   2.387159e-01   8.107330e+00   2.387159e-01 224200701071857030      19637       1661     0 2454108.287373  1.272781e+01  3.196903e-02  1.272781e+01  3.196903e-02 
   95280885   8.327988e+00   2.287460e-01   8.327988e+00   2.287460e-01 224200701071857590      19638       1661     0 2454108.288021  1.269865e+01  2.982217e-02  1.269865e+01  2.982217e-02 
   95280941   8.299459e+00   2.181920e-01   8.299459e+00   2.181920e-01 224200701071858540      19638       1662     0 2454108.288669  1.270238e+01  2.854401e-02  1.270238e+01  2.854401e-02 
   95367162   7.778626e+00   2.777511e-01   7.778626e+00   2.777511e-01 224200701081855580      19646       1739     0 2454109.286597  1.277274e+01  3.876848e-02  1.277274e+01  3.876848e-02 
   95367216   7.810699e+00   2.660141e-01   7.810699e+00   2.660141e-01 224200701081856520      19645       1738     0 2454109.287222  1.276828e+01  3.697775e-02  1.276828e+01  3.697775e-02 
   95367273   8.094177e+00   2.517621e-01   8.094177e+00   2.517621e-01 224200701081857490      19646       1737     0 2454109.287882  1.272957e+01  3.377096e-02  1.272957e+01  3.377096e-02 
   95367329   7.589262e+00   2.395696e-01   7.589262e+00   2.395696e-01 224200701081858450      19646       1736     0 2454109.288530  1.279950e+01  3.427346e-02  1.279950e+01  3.427346e-02 
   95453547   8.835253e+00   2.879979e-01   8.835253e+00   2.879979e-01 224200701091855450      19640       1759     0 2454110.286424  1.263445e+01  3.539128e-02  1.263445e+01  3.539128e-02 
   95453603   8.505643e+00   2.731124e-01   8.505643e+00   2.731124e-01 224200701091856400      19639       1758     0 2454110.287072  1.267573e+01  3.486262e-02  1.267573e+01  3.486262e-02 
   95453657   8.422470e+00   2.571608e-01   8.422470e+00   2.571608e-01 224200701091857350      19640       1757     0 2454110.287697  1.268640e+01  3.315058e-02  1.268640e+01  3.315058e-02 
   95453713   8.727545e+00   2.473314e-01   8.727545e+00   2.473314e-01 224200701091858300      19641       1757     0 2454110.288345  1.264777e+01  3.076897e-02  1.264777e+01  3.076897e-02 
   95539937   8.328129e+00   2.803895e-01   8.328129e+00   2.803895e-01 224200701101855350      19646       1765     0 2454111.286308  1.269863e+01  3.655444e-02  1.269863e+01  3.655444e-02 
   95539991   8.642691e+00   2.694179e-01   8.642691e+00   2.694179e-01 224200701101856300      19645       1764     0 2454111.286933  1.265838e+01  3.384569e-02  1.265838e+01  3.384569e-02 
   95540045   8.325438e+00   2.545476e-01   8.325438e+00   2.545476e-01 224200701101857240      19645       1764     0 2454111.287558  1.269898e+01  3.319616e-02  1.269898e+01  3.319616e-02 
   95540101   8.256754e+00   2.413074e-01   8.256754e+00   2.413074e-01 224200701101858190      19645       1763     0 2454111.288206  1.270798e+01  3.173124e-02  1.270798e+01  3.173124e-02 
   95626320   8.155561e+00   3.014441e-01   8.155561e+00   3.014441e-01 224200701111855200      19667       1754     0 2454112.286111  1.272136e+01  4.013088e-02  1.272136e+01  4.013088e-02 
   95626377   8.463265e+00   2.856711e-01   8.463265e+00   2.856711e-01 224200701111856160      19666       1754     0 2454112.286771  1.268116e+01  3.664833e-02  1.268116e+01  3.664833e-02 
   95626431   7.959350e+00   2.735080e-01   7.959350e+00   2.735080e-01 224200701111857110      19666       1753     0 2454112.287396  1.274781e+01  3.730941e-02  1.274781e+01  3.730941e-02 
   95626487   8.091637e+00   2.595058e-01   8.091637e+00   2.595058e-01 224200701111858070      19666       1753     0 2454112.288044  1.272991e+01  3.482063e-02  1.272991e+01  3.482063e-02 
   95712705   8.296103e+00   2.881663e-01   8.296103e+00   2.881663e-01 224200701121855060      19638       1755     0 2454113.285938  1.270282e+01  3.771333e-02  1.270282e+01  3.771333e-02 
   95712759   8.114238e+00   2.724831e-01   8.114238e+00   2.724831e-01 224200701121856000      19638       1754     0 2454113.286563  1.272688e+01  3.646009e-02  1.272688e+01  3.646009e-02 
   95712813   8.733467e+00   2.650649e-01   8.733467e+00   2.650649e-01 224200701121856550      19638       1754     0 2454113.287187  1.264703e+01  3.295273e-02  1.264703e+01  3.295273e-02 
   95712869   8.526285e+00   2.476298e-01   8.526285e+00   2.476298e-01 224200701121857500      19638       1753     0 2454113.287836  1.267310e+01  3.153326e-02  1.267310e+01  3.153326e-02 
   95799125   8.614117e+00   2.536809e-01   8.614117e+00   2.536809e-01 224200701131855270      19639       1770     0 2454114.286169  1.266197e+01  3.197444e-02  1.266197e+01  3.197444e-02 
   95799179   8.409870e+00   2.395126e-01   8.409870e+00   2.395126e-01 224200701131856210      19639       1770     0 2454114.286794  1.268803e+01  3.092181e-02  1.268803e+01  3.092181e-02 
   95799303   8.276589e+00   2.111371e-01   8.276589e+00   2.111371e-01 224200701131858250      19629       1777     0 2454114.288229  1.270537e+01  2.769740e-02  1.270537e+01  2.769740e-02 
   95799357   8.330181e+00   2.034924e-01   8.330181e+00   2.034924e-01 224200701131859190      19630       1777     0 2454114.288854  1.269836e+01  2.652281e-02  1.269836e+01  2.652281e-02 
   95885595   8.600546e+00   2.390681e-01   8.600546e+00   2.390681e-01 224200701141856390      19641       1776     0 2454115.286979  1.266368e+01  3.018015e-02  1.266368e+01  3.018015e-02 
   95885650   8.481171e+00   2.299584e-01   8.481171e+00   2.299584e-01 224200701141857330      19640       1774     0 2454115.287616  1.267886e+01  2.943875e-02  1.267886e+01  2.943875e-02 
   95885705   8.774413e+00   2.198765e-01   8.774413e+00   2.198765e-01 224200701141858280      19640       1774     0 2454115.288252  1.264195e+01  2.720737e-02  1.264195e+01  2.720737e-02 
   95885836   8.468153e+00   2.005903e-01   8.468153e+00   2.005903e-01 224200701141900400      19643       1770     0 2454115.289769  1.268053e+01  2.571858e-02  1.268053e+01  2.571858e-02 
  105941744   7.382833e+00   3.606647e-01   7.382833e+00   3.606647e-01 223200705110414520      10839        655     0 2454231.677593  1.282944e+01  5.304036e-02  1.282944e+01  5.304036e-02 
  105941800   7.634935e+00   3.679980e-01   7.634935e+00   3.679980e-01 223200705110415490      10843        654     0 2454231.678241  1.279299e+01  5.233183e-02  1.279299e+01  5.233183e-02 
  105941859   7.389956e+00   3.918014e-01   7.389956e+00   3.918014e-01 223200705110416470      10845        653     0 2454231.678924  1.282839e+01  5.756387e-02  1.282839e+01  5.756387e-02 
  105941914   7.170094e+00   4.304906e-01   7.170094e+00   4.304906e-01 223200705110417430      10847        653     0 2454231.679560  1.286119e+01  6.518756e-02  1.286119e+01  6.518756e-02 
  106027799   6.707438e+00   2.216860e-01   6.707438e+00   2.216860e-01 223200705120409040      10864        631     0 2454232.673600  1.293361e+01  3.588455e-02  1.293361e+01  3.588455e-02 
  106027925   7.416908e+00   2.437776e-01   7.416908e+00   2.437776e-01 223200705120411090      10851        643     0 2454232.675058  1.282444e+01  3.568592e-02  1.282444e+01  3.568592e-02 
  106027979   7.052023e+00   2.530270e-01   7.052023e+00   2.530270e-01 223200705120412040      10854        643     0 2454232.675683  1.287922e+01  3.895641e-02  1.287922e+01  3.895641e-02 
  106028033   7.216897e+00   2.670432e-01   7.216897e+00   2.670432e-01 223200705120412580      10856        642     0 2454232.676308  1.285412e+01  4.017509e-02  1.285412e+01  4.017509e-02 
  106114054   7.132369e+00   2.260688e-01   7.132369e+00   2.260688e-01 223200705130406340      10840        655     0 2454233.671921  1.286692e+01  3.441381e-02  1.286692e+01  3.441381e-02 
  106114108   6.609017e+00   2.260824e-01   6.609017e+00   2.260824e-01 223200705130407290      10844        654     0 2454233.672546  1.294966e+01  3.714117e-02  1.294966e+01  3.714117e-02 
  106114164   6.802043e+00   2.348481e-01   6.802043e+00   2.348481e-01 223200705130408240      10846        654     0 2454233.673194  1.291840e+01  3.748638e-02  1.291840e+01  3.748638e-02 
  106114218   6.983430e+00   2.453830e-01   6.983430e+00   2.453830e-01 223200705130409190      10848        654     0 2454233.673819  1.288983e+01  3.815061e-02  1.288983e+01  3.815061e-02 
  124569535   8.052404e+00   3.643522e-01   8.052404e+00   3.643522e-01 221200712121841060       9620       8324     0 2454447.277025  1.273519e+01  4.912716e-02  1.273519e+01  4.912716e-02 
  124569728   8.765060e+00   3.205290e-01   8.765060e+00   3.205290e-01 223200712121844190      10391       4715     0 2454447.279259  1.264311e+01  3.970437e-02  1.264311e+01  3.970437e-02 
  124571594   1.002053e+01   1.399766e-01   1.002053e+01   1.399766e-01 222200712121915250      13922      21828     0 2454447.300856  1.249777e+01  1.516668e-02  1.249777e+01  1.516668e-02 
  124571658   8.271871e+00   1.258269e-01   8.271871e+00   1.258269e-01 221200712121916280       9568       8449     0 2454447.301597  1.270599e+01  1.651565e-02  1.270599e+01  1.651565e-02 
  124571718   6.271181e+00   1.150368e-01   6.271181e+00   1.150368e-01 223200712121917280      10407       4678     0 2454447.302292  1.300663e+01  1.991652e-02  1.300663e+01  1.991652e-02 
  124572802   9.937473e+00   1.391160e-01   9.937473e+00   1.391160e-01 222200712121935320      13897      21853     0 2454447.314838  1.250681e+01  1.519942e-02  1.250681e+01  1.519942e-02 
  124572993   7.801834e+00   1.241087e-01   7.801834e+00   1.241087e-01 221200712121938430       9606       8517     0 2454447.317049  1.276951e+01  1.727155e-02  1.276951e+01  1.727155e-02 
  124573052   6.225138e+00   1.135516e-01   6.225138e+00   1.135516e-01 223200712121939430      10393       4606     0 2454447.317731  1.301463e+01  1.980478e-02  1.301463e+01  1.980478e-02 
