\OBJNAME = '1SWASP J001653.82-743909.4'
\OBSSTART = '2006-05-11T04:14:48'
\OBSSTOP = '2007-12-12T19:39:43'
\TSTART = 74405758
\TSTOP = 124573042
\JD_REF = 2453005.5
\RA_OBJ = '4.224281'
\DEC_OBJ = '-74.652614'
\WASP_MAG = 13.9945
\HJD_START = 2453866.677755
\HJD_STOP = 2454447.317616
\fixlen = T
\NUMRECORDS = 406
\
\ This file was produced by the NASA Exoplanet Archive  http://exoplanetarchive.ipac.caltech.edu 
\ Sat Sep 14, 01:23:25 2013
\ Documentation for the SuperWASP dataset can be found at http://exoplanetarchive.ipac.caltech.edu/docs/SuperWASPMission.html
\
|TMID      |FLUX2         |FLUX2_ERR     |TAMFLUX2      |TAMFLUX2_ERR  |IMAGEID           |CCDX      |CCDY      |FLAG |           HJD|         MAG2|     MAG2_ERR|      TAMMAG2|  TAMMAG2_ERR|
|int       |float         |float         |float         |float         |char              |int       |int       |int  |        double|        float|        float|        float|        float|
|sec       |micro Vega    |micro Vega    |micro Vega    |micro Vega    |                  |1/16 pixel|1/16 pixel|     |           day|          mag|          mag|          mag|          mag|
|null      |null          |null          |null          |null          |null              |null      |null      |null |          null|         null|         null|         null|         null|
   74405758   3.201006e+00   2.399758e-01   3.201006e+00   2.399758e-01 223200605110414480       1056        873     0 2453866.677755  1.373678e+01  8.139671e-02  1.373678e+01  8.139671e-02 
   74405811   3.078692e+00   2.627353e-01   3.078692e+00   2.627353e-01 223200605110415410       1060        870     0 2453866.678368  1.377908e+01  9.265694e-02  1.377908e+01  9.265694e-02 
   74405895   3.033789e+00   2.956949e-01   3.033789e+00   2.956949e-01 223200605110417040       1065        868     0 2453866.679340  1.379504e+01  1.058240e-01  1.379504e+01  1.058240e-01 
   74405960   2.853308e+00   3.264713e-01   2.853308e+00   3.264713e-01 223200605110418100       1073        845     0 2453866.680093  1.386163e+01  1.242288e-01  1.386163e+01  1.242288e-01 
   74491871   2.844216e+00   2.608370e-01   2.844216e+00   2.608370e-01 223200605120409570       1075        810     0 2453867.674433  1.386509e+01  9.957092e-02  1.386509e+01  9.957092e-02 
   74492009   3.113455e+00   2.761591e-01   3.113455e+00   2.761591e-01 223200605120412150       1084        807     0 2453867.676030  1.376689e+01  9.630363e-02  1.376689e+01  9.630363e-02 
   74492062   3.103934e+00   2.854671e-01   3.103934e+00   2.854671e-01 223200605120413070       1087        806     0 2453867.676644  1.377022e+01  9.985489e-02  1.377022e+01  9.985489e-02 
   74750393   3.042094e+00   3.663607e-01   3.042094e+00   3.663607e-01 223200605150358270       1073        815     0 2453870.666586  1.379207e+01  1.307561e-01  1.379207e+01  1.307561e-01 
   74750453   3.255714e+00   3.720007e-01   3.255714e+00   3.720007e-01 223200605150359270       1077        810     0 2453870.667280  1.371838e+01  1.240576e-01  1.371838e+01  1.240576e-01 
   74750507   2.890406e+00   3.720875e-01   2.890406e+00   3.720875e-01 223200605150400210       1082        810     0 2453870.667905  1.384760e+01  1.397694e-01  1.384760e+01  1.397694e-01 
   74750566   3.134514e+00   3.730809e-01   3.134514e+00   3.730809e-01 223200605150401200       1084        808     0 2453870.668588  1.375957e+01  1.292286e-01  1.375957e+01  1.292286e-01 
   75613651   2.384864e+00   1.381990e-01   2.384864e+00   1.381990e-01 223200605250345300       1152        820     0 2453880.657998  1.405634e+01  6.291686e-02  1.405634e+01  6.291686e-02 
   75613714   2.211066e+00   1.381718e-01   2.211066e+00   1.381718e-01 223200605250346340       1161        794     0 2453880.658727  1.413850e+01  6.784902e-02  1.413850e+01  6.784902e-02 
   75613772   2.454774e+00   1.385881e-01   2.454774e+00   1.385881e-01 223200605250347310       1165        793     0 2453880.659398  1.402497e+01  6.129716e-02  1.402497e+01  6.129716e-02 
   75613840   2.155919e+00   1.364962e-01   2.155919e+00   1.364962e-01 223200605250348400       1163        813     0 2453880.660185  1.416592e+01  6.874072e-02  1.416592e+01  6.874072e-02 
   75700106   2.006728e+00   1.339772e-01   2.006728e+00   1.339772e-01 223200605260346210       1172        810     0 2453881.658634  1.424378e+01  7.248836e-02  1.424378e+01  7.248836e-02 
   75700169   2.241659e+00   1.326393e-01   2.241659e+00   1.326393e-01 223200605260347250       1179        782     0 2453881.659363  1.412358e+01  6.424338e-02  1.412358e+01  6.424338e-02 
   75700236   2.357931e+00   1.337327e-01   2.357931e+00   1.337327e-01 223200605260348310       1178        803     0 2453881.660139  1.406867e+01  6.157897e-02  1.406867e+01  6.157897e-02 
   75700305   2.273315e+00   1.336080e-01   2.273315e+00   1.336080e-01 223200605260349400       1184        776     0 2453881.660938  1.410835e+01  6.381144e-02  1.410835e+01  6.381144e-02 
   76132324   2.068224e+00   1.132057e-01   2.068224e+00   1.132057e-01 223200605310349440       1237        779     0 2453886.661157  1.421101e+01  5.942872e-02  1.421101e+01  5.942872e-02 
   76132391   2.154559e+00   1.124903e-01   2.154559e+00   1.124903e-01 223200605310350510       1244        752     0 2453886.661933  1.416660e+01  5.668687e-02  1.416660e+01  5.668687e-02 
   76132440   2.257015e+00   1.128256e-01   2.257015e+00   1.128256e-01 223200605310351390       1245        751     0 2453886.662500  1.411616e+01  5.427492e-02  1.411616e+01  5.427492e-02 
   76132502   2.093811e+00   1.120304e-01   2.093811e+00   1.120304e-01 223200605310352410       1247        749     0 2453886.663218  1.419766e+01  5.809303e-02  1.419766e+01  5.809303e-02 
   76218794   2.053032e+00   1.158783e-01   2.053032e+00   1.158783e-01 223200606010350510       1255        744     0 2453887.661968  1.421901e+01  6.128192e-02  1.421901e+01  6.128192e-02 
   76218862   2.243980e+00   1.167727e-01   2.243980e+00   1.167727e-01 223200606010351580       1255        763     0 2453887.662755  1.412245e+01  5.649997e-02  1.412245e+01  5.649997e-02 
   76218932   2.172216e+00   1.165009e-01   2.172216e+00   1.165009e-01 223200606010353090       1258        761     0 2453887.663565  1.415774e+01  5.823071e-02  1.415774e+01  5.823071e-02 
   76219018   2.089045e+00   1.148139e-01   2.089045e+00   1.148139e-01 223200606010354350       1266        736     0 2453887.664560  1.420013e+01  5.967226e-02  1.420013e+01  5.967226e-02 
   76478199   2.230673e+00   1.242465e-01   2.230673e+00   1.242465e-01 223200606040354060       1266        735     0 2453890.664340  1.412891e+01  6.047476e-02  1.412891e+01  6.047476e-02 
   76478272   1.955628e+00   1.225267e-01   1.955628e+00   1.225267e-01 223200606040355190       1267        754     0 2453890.665185  1.427178e+01  6.802526e-02  1.427178e+01  6.802526e-02 
   76478348   2.259673e+00   1.255407e-01   2.259673e+00   1.255407e-01 223200606040356360       1274        727     0 2453890.666065  1.411489e+01  6.032049e-02  1.411489e+01  6.032049e-02 
   76478401   2.129182e+00   1.256973e-01   2.129182e+00   1.256973e-01 223200606040357280       1276        725     0 2453890.666678  1.417947e+01  6.409722e-02  1.417947e+01  6.409722e-02 
   76564542   2.022964e+00   2.964107e-01   2.022964e+00   2.964107e-01 223200606050353060       1293        719     0 2453891.663681  1.423503e+01  1.590859e-01  1.423503e+01  1.590859e-01 
   76564601   2.260987e+00   2.912826e-01   2.260987e+00   2.912826e-01 223200606050354050       1297        718     0 2453891.664363  1.411425e+01  1.398757e-01  1.411425e+01  1.398757e-01 
   76564661   1.888803e+00   2.975807e-01   1.888803e+00   2.975807e-01 223200606050355050       1300        715     0 2453891.665058  1.430953e+01  1.710583e-01  1.430953e+01  1.710583e-01 
   76564719   2.338373e+00   2.656577e-01   2.338373e+00   2.656577e-01 223200606050356020       1302        714     0 2453891.665729  1.407771e+01  1.233486e-01  1.407771e+01  1.233486e-01 
   76650912   1.937265e+00   1.119740e-01   1.937265e+00   1.119740e-01 223200606060352330       1281        715     0 2453892.663333  1.428203e+01  6.275580e-02  1.428203e+01  6.275580e-02 
   76651047   1.823439e+00   1.161667e-01   1.823439e+00   1.161667e-01 223200606060354480       1288        713     0 2453892.664896  1.434777e+01  6.916975e-02  1.434777e+01  6.916975e-02 
   76651103   2.098136e+00   1.166282e-01   2.098136e+00   1.166282e-01 223200606060355430       1291        711     0 2453892.665544  1.419542e+01  6.035256e-02  1.419542e+01  6.035256e-02 
   76651179   1.986622e+00   1.149720e-01   1.986622e+00   1.149720e-01 223200606060357000       1290        730     0 2453892.666424  1.425471e+01  6.283518e-02  1.425471e+01  6.283518e-02 
   76737406   2.160407e+00   1.205015e-01   2.160407e+00   1.205015e-01 223200606070354040       1292        717     0 2453893.664421  1.416366e+01  6.055958e-02  1.416366e+01  6.055958e-02 
   76737459   2.127736e+00   1.184067e-01   2.127736e+00   1.184067e-01 223200606070354570       1295        715     0 2453893.665035  1.418021e+01  6.042051e-02  1.418021e+01  6.042051e-02 
   76737514   1.891120e+00   1.172534e-01   1.891120e+00   1.172534e-01 223200606070355530       1296        713     0 2453893.665671  1.430820e+01  6.731817e-02  1.430820e+01  6.731817e-02 
   76737570   1.921819e+00   1.177153e-01   1.921819e+00   1.177153e-01 223200606070356480       1298        711     0 2453893.666319  1.429072e+01  6.650379e-02  1.429072e+01  6.650379e-02 
   76823796   2.090721e+00   1.181139e-01   2.090721e+00   1.181139e-01 223200606080353510       1319        715     0 2453894.664306  1.419926e+01  6.133815e-02  1.419926e+01  6.133815e-02 
   76823855   2.048245e+00   1.181010e-01   2.048245e+00   1.181010e-01 223200606080354510       1322        711     0 2453894.664988  1.422155e+01  6.260335e-02  1.422155e+01  6.260335e-02 
   76823914   2.247927e+00   1.190569e-01   2.247927e+00   1.190569e-01 223200606080355500       1324        710     0 2453894.665671  1.412054e+01  5.750403e-02  1.412054e+01  5.750403e-02 
   76824000   1.961655e+00   1.180517e-01   1.961655e+00   1.180517e-01 223200606080357160       1324        729     0 2453894.666667  1.426844e+01  6.533945e-02  1.426844e+01  6.533945e-02 
   76910222   2.027217e+00   1.130322e-01   2.027217e+00   1.130322e-01 223200606090354140       1315        702     0 2453895.664606  1.423275e+01  6.053795e-02  1.423275e+01  6.053795e-02 
   76910276   1.891207e+00   1.142778e-01   1.891207e+00   1.142778e-01 223200606090355080       1317        700     0 2453895.665231  1.430815e+01  6.560678e-02  1.430815e+01  6.560678e-02 
   76910360   1.937962e+00   1.146895e-01   1.937962e+00   1.146895e-01 223200606090356320       1317        718     0 2453895.666204  1.428164e+01  6.425463e-02  1.428164e+01  6.425463e-02 
   76910432   2.174871e+00   1.157056e-01   2.174871e+00   1.157056e-01 223200606090357440       1322        694     0 2453895.667037  1.415642e+01  5.776261e-02  1.415642e+01  5.776261e-02 
   76996577   2.831080e+00   2.390759e-01   2.831080e+00   2.390759e-01 223200606100353270       1320        703     0 2453896.664086  1.387012e+01  9.168736e-02  1.387012e+01  9.168736e-02 
   76996642   2.065106e+00   2.337748e-01   2.065106e+00   2.337748e-01 223200606100354320       1324        699     0 2453896.664838  1.421264e+01  1.229083e-01  1.421264e+01  1.229083e-01 
   76996703   2.864526e+00   2.325525e-01   2.864526e+00   2.325525e-01 223200606100355320       1326        697     0 2453896.665544  1.385737e+01  8.814428e-02  1.385737e+01  8.814428e-02 
   76996758   2.653359e+00   2.286517e-01   2.653359e+00   2.286517e-01 223200606100356270       1328        695     0 2453896.666181  1.394051e+01  9.356301e-02  1.394051e+01  9.356301e-02 
   77082997   2.877557e+00   4.061729e-01   2.877557e+00   4.061729e-01 223200606110353440       1333        691     0 2453897.664317  1.385244e+01  1.532544e-01  1.385244e+01  1.532544e-01 
   77083074   2.783657e+00   4.046672e-01   2.783657e+00   4.046672e-01 223200606110355000       1334        710     0 2453897.665208  1.388846e+01  1.578367e-01  1.388846e+01  1.578367e-01 
   77083155   3.228935e+00   4.008510e-01   3.228935e+00   4.008510e-01 223200606110356210       1339        685     0 2453897.666146  1.372735e+01  1.347874e-01  1.372735e+01  1.347874e-01 
   77083209   2.799131e+00   4.021644e-01   2.799131e+00   4.021644e-01 223200606110357160       1341        683     0 2453897.666771  1.388244e+01  1.559934e-01  1.388244e+01  1.559934e-01 
   77169263   2.939655e+00   5.068380e-01   2.939655e+00   5.068380e-01 223200606120351270       1333        707     0 2453898.662766  1.382926e+01  1.871969e-01  1.382926e+01  1.871969e-01 
   77169325   3.236532e+00   5.085963e-01   3.236532e+00   5.085963e-01 223200606120352290       1339        682     0 2453898.663484  1.372480e+01  1.706157e-01  1.372480e+01  1.706157e-01 
   77169383   2.948976e+00   5.069045e-01   2.948976e+00   5.069045e-01 223200606120353260       1341        680     0 2453898.664155  1.382582e+01  1.866297e-01  1.382582e+01  1.866297e-01 
   77169443   3.155940e+00   5.026786e-01   3.155940e+00   5.026786e-01 223200606120354260       1343        677     0 2453898.664850  1.375218e+01  1.729368e-01  1.375218e+01  1.729368e-01 
   77514687   4.534054e+00   2.384925e+00   4.534054e+00   2.384925e+00 223200606160348210       1342        648     0 2453902.660729  1.335878e+01  5.711021e-01  1.335878e+01  5.711021e-01 
   77514752  -6.975774e-01   2.897171e+00  -6.975774e-01   2.897171e+00 223200606160349260       1344        645     0 2453902.661481          null          null          null          null 
   77601371   2.528116e+00   2.020521e-01   2.528116e+00   2.020521e-01 223200606170353030       1356        631     0 2453903.664016  1.399301e+01  8.677451e-02  1.399301e+01  8.677451e-02 
   77601441   2.384455e+00   2.011211e-01   2.384455e+00   2.011211e-01 223200606170354120       1355        650     0 2453903.664826  1.405653e+01  9.157867e-02  1.405653e+01  9.157867e-02 
   77601511   2.583444e+00   2.013327e-01   2.583444e+00   2.013327e-01 223200606170355220       1356        648     0 2453903.665637  1.396950e+01  8.461379e-02  1.396950e+01  8.461379e-02 
   77601568   2.663068e+00   1.975500e-01   2.663068e+00   1.975500e-01 223200606170356190       1361        624     0 2453903.666296  1.393654e+01  8.054165e-02  1.393654e+01  8.054165e-02 
   77687715   2.404608e+00   1.685935e-01   2.404608e+00   1.685935e-01 223200606180352030       1377        624     0 2453904.663368  1.404739e+01  7.612415e-02  1.404739e+01  7.612415e-02 
   77687758   2.580237e+00   1.691701e-01   2.580237e+00   1.691701e-01 223200606180352470       1378        623     0 2453904.663866  1.397085e+01  7.118522e-02  1.397085e+01  7.118522e-02 
   77687826   2.309401e+00   1.691836e-01   2.309401e+00   1.691836e-01 223200606180353550       1379        621     0 2453904.664653  1.409125e+01  7.953983e-02  1.409125e+01  7.953983e-02 
   77687877   2.519469e+00   1.702234e-01   2.519469e+00   1.702234e-01 223200606180354460       1381        620     0 2453904.665243  1.399673e+01  7.335610e-02  1.399673e+01  7.335610e-02 
   77774351   2.260870e+00   1.434937e-01   2.260870e+00   1.434937e-01 223200606190355570       1422        605     0 2453905.666100  1.411431e+01  6.891012e-02  1.411431e+01  6.891012e-02 
   77774407   2.326797e+00   1.435476e-01   2.326797e+00   1.435476e-01 223200606190356530       1422        605     0 2453905.666748  1.408310e+01  6.698279e-02  1.408310e+01  6.698279e-02 
   77774469   2.401223e+00   1.444046e-01   2.401223e+00   1.444046e-01 223200606190357560       1422        604     0 2453905.667465  1.404892e+01  6.529418e-02  1.404892e+01  6.529418e-02 
   77774534   2.271962e+00   1.447956e-01   2.271962e+00   1.447956e-01 223200606190359000       1417        626     0 2453905.668218  1.410900e+01  6.919585e-02  1.410900e+01  6.919585e-02 
   77860765   2.082735e+00   1.258598e-01   2.082735e+00   1.258598e-01 223200606200356080       1406        599     0 2453906.666262  1.420341e+01  6.561135e-02  1.420341e+01  6.561135e-02 
   77860824   2.188271e+00   1.261902e-01   2.188271e+00   1.261902e-01 223200606200357080       1407        598     0 2453906.666944  1.414975e+01  6.261098e-02  1.414975e+01  6.261098e-02 
   77860888   2.227612e+00   1.262347e-01   2.227612e+00   1.262347e-01 223200606200358110       1407        599     0 2453906.667685  1.413040e+01  6.152690e-02  1.413040e+01  6.152690e-02 
   77860953   2.167893e+00   1.259607e-01   2.167893e+00   1.259607e-01 223200606200359170       1402        622     0 2453906.668438  1.415991e+01  6.308454e-02  1.415991e+01  6.308454e-02 
   77947075   2.147805e+00   1.304273e-01   2.147805e+00   1.304273e-01 223200606210354360       1401        598     0 2453907.665220  1.417001e+01  6.593250e-02  1.417001e+01  6.593250e-02 
   77947129   2.028481e+00   1.301231e-01   2.028481e+00   1.301231e-01 223200606210355300       1401        599     0 2453907.665845  1.423207e+01  6.964811e-02  1.423207e+01  6.964811e-02 
   77947207   2.192926e+00   1.313026e-01   2.192926e+00   1.313026e-01 223200606210356480       1398        620     0 2453907.666748  1.414744e+01  6.500921e-02  1.414744e+01  6.500921e-02 
   77947274   2.215688e+00   1.309296e-01   2.215688e+00   1.309296e-01 223200606210357550       1402        599     0 2453907.667523  1.413623e+01  6.415864e-02  1.413623e+01  6.415864e-02 
   78119984   2.064042e+00   1.132106e-01   2.064042e+00   1.132106e-01 223200606230356210       1392        578     0 2453909.666481  1.421320e+01  5.955176e-02  1.421320e+01  5.955176e-02 
   78120038   1.870032e+00   1.123900e-01   1.870032e+00   1.123900e-01 223200606230357150       1391        579     0 2453909.667106  1.432038e+01  6.525362e-02  1.432038e+01  6.525362e-02 
   78120186   1.925153e+00   1.143590e-01   1.925153e+00   1.143590e-01 223200606230359440       1390        585     0 2453909.668819  1.428884e+01  6.449573e-02  1.428884e+01  6.449573e-02 
   78120248   1.827238e+00   1.136350e-01   1.827238e+00   1.136350e-01 223200606230400460       1392        565     0 2453909.669537  1.434551e+01  6.752161e-02  1.434551e+01  6.752161e-02 
   78206443   2.074368e+00   1.202750e-01   2.074368e+00   1.202750e-01 223200606240357190       1411        563     0 2453910.667164  1.420779e+01  6.295281e-02  1.420779e+01  6.295281e-02 
   78206502   2.026200e+00   1.197793e-01   2.026200e+00   1.197793e-01 223200606240358180       1408        566     0 2453910.667847  1.423329e+01  6.418376e-02  1.423329e+01  6.418376e-02 
   78206577   2.076392e+00   1.201696e-01   2.076392e+00   1.201696e-01 223200606240359320       1400        593     0 2453910.668715  1.420673e+01  6.283640e-02  1.420673e+01  6.283640e-02 
   78206636   1.989759e+00   1.210771e-01   1.989759e+00   1.210771e-01 223200606240400310       1395        580     0 2453910.669398  1.425300e+01  6.606743e-02  1.425300e+01  6.606743e-02 
   78292883   2.011261e+00   1.109457e-01   2.011261e+00   1.109457e-01 223200606250357560       1413        546     0 2453911.667627  1.424133e+01  5.989188e-02  1.424133e+01  5.989188e-02 
   78292937   2.092245e+00   1.109883e-01   2.092245e+00   1.109883e-01 223200606250358490       1407        553     0 2453911.668252  1.419847e+01  5.759573e-02  1.419847e+01  5.759573e-02 
   78292988   2.117129e+00   1.116904e-01   2.117129e+00   1.116904e-01 223200606250359400       1397        566     0 2453911.668843  1.418563e+01  5.727885e-02  1.418563e+01  5.727885e-02 
   78293050   2.029503e+00   1.108275e-01   2.029503e+00   1.108275e-01 223200606250400430       1397        565     0 2453911.669560  1.423153e+01  5.929031e-02  1.423153e+01  5.929031e-02 
   78724949   1.932327e+00   1.104513e-01   1.932327e+00   1.104513e-01 223200606300358520       1422        546     0 2453916.668391  1.428480e+01  6.206062e-02  1.428480e+01  6.206062e-02 
   78725026   2.022073e+00   1.120206e-01   2.022073e+00   1.120206e-01 223200606300400090       1427        520     0 2453916.669282  1.423551e+01  6.014879e-02  1.423551e+01  6.014879e-02 
   78725073   1.933108e+00   1.114156e-01   1.933108e+00   1.114156e-01 223200606300400570       1428        518     0 2453916.669826  1.428436e+01  6.257715e-02  1.428436e+01  6.257715e-02 
   78725137   1.916557e+00   1.113832e-01   1.916557e+00   1.113832e-01 223200606300402000       1429        516     0 2453916.670567  1.429370e+01  6.309918e-02  1.429370e+01  6.309918e-02 
   78811385   1.961491e+00   1.153268e-01   1.961491e+00   1.153268e-01 223200607010359260       1421        512     0 2453917.668808  1.426853e+01  6.383659e-02  1.426853e+01  6.383659e-02 
   78811464   2.095407e+00   1.173098e-01   2.095407e+00   1.173098e-01 223200607010400450       1419        532     0 2453917.669722  1.419683e+01  6.078437e-02  1.419683e+01  6.078437e-02 
   78811529   2.006523e+00   1.155047e-01   2.006523e+00   1.155047e-01 223200607010401510       1423        507     0 2453917.670475  1.424389e+01  6.250018e-02  1.424389e+01  6.250018e-02 
   78811580   1.968519e+00   1.165111e-01   1.968519e+00   1.165111e-01 223200607010402420       1424        504     0 2453917.671065  1.426465e+01  6.426191e-02  1.426465e+01  6.426191e-02 
   78897909   1.965733e+00   3.347704e-01   1.965733e+00   3.347704e-01 223200607020401280       1433        498     0 2453918.670243  1.426619e+01  1.849049e-01  1.426619e+01  1.849049e-01 
   78897982   1.576427e+00   1.936835e-01   1.576427e+00   1.936835e-01 223200607020402420       1430        517     0 2453918.671088  1.450582e+01  1.333966e-01  1.450582e+01  1.333966e-01 
   78984197   1.994478e+00   1.104124e-01   1.994478e+00   1.104124e-01 223200607030359350       1439        488     0 2453919.668947  1.425043e+01  6.010552e-02  1.425043e+01  6.010552e-02 
   78984251   1.910593e+00   1.088154e-01   1.910593e+00   1.088154e-01 223200607030400290       1441        486     0 2453919.669572  1.429708e+01  6.183695e-02  1.429708e+01  6.183695e-02 
   78984309   1.810444e+00   1.076630e-01   1.810444e+00   1.076630e-01 223200607030401270       1442        484     0 2453919.670243  1.435554e+01  6.456652e-02  1.435554e+01  6.456652e-02 
   78984364   2.042233e+00   1.089465e-01   2.042233e+00   1.089465e-01 223200607030402220       1442        482     0 2453919.670880  1.422474e+01  5.792068e-02  1.422474e+01  5.792068e-02 
   79070521   2.014333e+00   1.103242e-01   2.014333e+00   1.103242e-01 223200607040358180       1436        468     0 2453920.668067  1.423967e+01  5.946552e-02  1.423967e+01  5.946552e-02 
   79070567   1.895913e+00   1.089088e-01   1.895913e+00   1.089088e-01 223200607040359040       1437        466     0 2453920.668600  1.430545e+01  6.236921e-02  1.430545e+01  6.236921e-02 
   79070633   1.949937e+00   1.080738e-01   1.949937e+00   1.080738e-01 223200607040400090       1438        464     0 2453920.669363  1.427495e+01  6.017632e-02  1.427495e+01  6.017632e-02 
   79070685   2.072830e+00   1.092843e-01   2.072830e+00   1.092843e-01 223200607040401020       1438        462     0 2453920.669965  1.420859e+01  5.724266e-02  1.420859e+01  5.724266e-02 
   79415948   1.930130e+00   1.100841e-01   1.930130e+00   1.100841e-01 223200607080355190       1434        451     0 2453924.666065  1.428603e+01  6.192473e-02  1.428603e+01  6.192473e-02 
   79416105   1.999285e+00   1.103504e-01   1.999285e+00   1.103504e-01 223200607080357570       1437        471     0 2453924.667882  1.424781e+01  5.992734e-02  1.424781e+01  5.992734e-02 
   79416172   1.887163e+00   1.081596e-01   1.887163e+00   1.081596e-01 223200607080359030       1441        445     0 2453924.668657  1.431048e+01  6.222736e-02  1.431048e+01  6.222736e-02 
   79416230   1.784103e+00   1.080120e-01   1.784103e+00   1.080120e-01 223200607080400010       1442        442     0 2453924.669329  1.437145e+01  6.573220e-02  1.437145e+01  6.573220e-02 
   79502436   2.382495e+00   1.708980e-01   2.382495e+00   1.708980e-01 223200607090356460       1446        444     0 2453925.667083  1.405742e+01  7.788087e-02  1.405742e+01  7.788087e-02 
   79502488   2.205780e+00   1.687484e-01   2.205780e+00   1.687484e-01 223200607090357380       1446        442     0 2453925.667685  1.414109e+01  8.306219e-02  1.414109e+01  8.306219e-02 
   79502557   2.207135e+00   1.646167e-01   2.207135e+00   1.646167e-01 223200607090358470       1447        439     0 2453925.668484  1.414043e+01  8.097871e-02  1.414043e+01  8.097871e-02 
   79502711   2.222593e+00   1.617478e-01   2.222593e+00   1.617478e-01 223200607090401200       1444        421     0 2453925.670266  1.413285e+01  7.901406e-02  1.413285e+01  7.901406e-02 
   80278186   2.299176e+00   1.862832e-01   2.299176e+00   1.862832e-01 223200607180325470       1477        399     0 2453934.645671  1.409607e+01  8.796852e-02  1.409607e+01  8.796852e-02 
   80278248   2.322203e+00   1.724401e-01   2.322203e+00   1.724401e-01 223200607180326500       1480        374     0 2453934.646389  1.408525e+01  8.062392e-02  1.408525e+01  8.062392e-02 
   80278323   2.557313e+00   1.999097e-01   2.557313e+00   1.999097e-01 223200607180328050       1476        394     0 2453934.647257  1.398054e+01  8.487420e-02  1.398054e+01  8.487420e-02 
   80278401   2.133559e+00   2.614434e-01   2.133559e+00   2.614434e-01 223200607180329220       1481        369     0 2453934.648160  1.417724e+01  1.330451e-01  1.417724e+01  1.330451e-01 
   80364278   2.094989e+00   1.323357e-01   2.094989e+00   1.323357e-01 223200607190320380       1472        384     0 2453935.642106  1.419705e+01  6.858372e-02  1.419705e+01  6.858372e-02 
   80364334   2.271998e+00   1.332225e-01   2.271998e+00   1.332225e-01 223200607190321350       1472        383     0 2453935.642755  1.410898e+01  6.366423e-02  1.410898e+01  6.366423e-02 
   80364394   2.100355e+00   1.330025e-01   2.100355e+00   1.330025e-01 223200607190322340       1472        381     0 2453935.643449  1.419427e+01  6.875320e-02  1.419427e+01  6.875320e-02 
   80364455   2.230471e+00   1.340678e-01   2.230471e+00   1.340678e-01 223200607190323360       1473        379     0 2453935.644155  1.412901e+01  6.526098e-02  1.412901e+01  6.526098e-02 
   80450494   1.993942e+00   1.225038e-01   1.993942e+00   1.225038e-01 223200607200317340       1477        376     0 2453936.639977  1.425072e+01  6.670568e-02  1.425072e+01  6.670568e-02 
   80450555   2.051441e+00   1.225315e-01   2.051441e+00   1.225315e-01 223200607200318350       1476        375     0 2453936.640683  1.421985e+01  6.485070e-02  1.421985e+01  6.485070e-02 
   80450619   2.010940e+00   1.220883e-01   2.010940e+00   1.220883e-01 223200607200319380       1476        372     0 2453936.641424  1.424150e+01  6.591752e-02  1.424150e+01  6.591752e-02 
   80450676   2.126644e+00   1.220064e-01   2.126644e+00   1.220064e-01 223200607200320360       1477        370     0 2453936.642083  1.418076e+01  6.228934e-02  1.418076e+01  6.228934e-02 
   80967424   1.944948e+00   1.083377e-01   1.944948e+00   1.083377e-01 223200607260253020       1435        411     0 2453942.622963  1.427773e+01  6.047803e-02  1.427773e+01  6.047803e-02 
   80967483   1.981513e+00   1.080580e-01   1.981513e+00   1.080580e-01 223200607260254000       1437        409     0 2453942.623646  1.425751e+01  5.920872e-02  1.425751e+01  5.920872e-02 
   80967543   1.916301e+00   1.066897e-01   1.916301e+00   1.066897e-01 223200607260255010       1438        407     0 2453942.624340  1.429384e+01  6.044838e-02  1.429384e+01  6.044838e-02 
   80967599   1.843415e+00   1.058903e-01   1.843415e+00   1.058903e-01 223200607260255560       1439        404     0 2453942.624988  1.433594e+01  6.236754e-02  1.433594e+01  6.236754e-02 
   81053644   2.053546e+00   1.192766e-01   2.053546e+00   1.192766e-01 223200607270250020       1432        407     0 2453943.620880  1.421874e+01  6.306329e-02  1.421874e+01  6.306329e-02 
   81053706   2.003049e+00   1.240859e-01   2.003049e+00   1.240859e-01 223200607270251040       1433        405     0 2453943.621597  1.424577e+01  6.725998e-02  1.424577e+01  6.725998e-02 
   81053762   1.990196e+00   1.208552e-01   1.990196e+00   1.208552e-01 223200607270251590       1433        402     0 2453943.622245  1.425276e+01  6.593185e-02  1.425276e+01  6.593185e-02 
   81053824   2.045357e+00   1.177231e-01   2.045357e+00   1.177231e-01 223200607270253010       1434        400     0 2453943.622963  1.422308e+01  6.249113e-02  1.422308e+01  6.249113e-02 
   81139821   1.461446e+00   7.723575e-01   1.461446e+00   7.723575e-01 223200607280246190       1450        398     0 2453944.618299  1.458804e+01  5.738014e-01  1.458804e+01  5.738014e-01 
   81139880   3.003740e+00   1.358821e+00   3.003740e+00   1.358821e+00 223200607280247170       1451        396     0 2453944.618981  1.380584e+01  4.911630e-01  1.380584e+01  4.911630e-01 
   81139934   1.058190e+00   8.330235e-01   1.058190e+00   8.330235e-01 223200607280248110       1451        394     0 2453944.619606  1.493859e+01  8.547117e-01  1.493859e+01  8.547117e-01 
   81139988   1.775052e+00   5.409482e-01   1.775052e+00   5.409482e-01 223200607280249060       1451        392     0 2453944.620231  1.437697e+01  3.308799e-01  1.437697e+01  3.308799e-01 
   82346053   3.082037e+00   3.668458e-01   3.082037e+00   3.668458e-01 224200608110150170      30235       2159     0 2453958.579317  1.377791e+01  1.292324e-01  1.377791e+01  1.292324e-01 
   82346053   3.269670e+00   4.160626e-01   3.269670e+00   4.160626e-01 223200608110150170       1448        435     0 2453958.579317  1.371374e+01  1.381595e-01  1.371374e+01  1.381595e-01 
   82346109   3.015532e+00   3.693268e-01   3.015532e+00   3.693268e-01 224200608110151120      30231       2161     0 2453958.579965  1.380159e+01  1.329758e-01  1.380159e+01  1.329758e-01 
   82346109   2.901539e+00   4.103419e-01   2.901539e+00   4.103419e-01 223200608110151120       1451        432     0 2453958.579965  1.384343e+01  1.535477e-01  1.384343e+01  1.535477e-01 
   82346164   3.150750e+00   3.707424e-01   3.150750e+00   3.707424e-01 224200608110152070      30230       2162     0 2453958.580602  1.375397e+01  1.277568e-01  1.375397e+01  1.277568e-01 
   82346164   3.350848e+00   4.134448e-01   3.350848e+00   4.134448e-01 223200608110152070       1451        429     0 2453958.580602  1.368711e+01  1.339642e-01  1.368711e+01  1.339642e-01 
   82346223   2.530238e+00   4.128967e-01   2.530238e+00   4.128967e-01 223200608110153070       1451        427     0 2453958.581285  1.399210e+01  1.771764e-01  1.399210e+01  1.771764e-01 
   82518408   4.893093e+00   3.760523e-01   4.893093e+00   3.760523e-01 224200608130142530      30194       2237     0 2453960.574167  1.327604e+01  8.344313e-02  1.327604e+01  8.344313e-02 
   82518408   2.906920e+00   2.660498e-01   2.906920e+00   2.660498e-01 223200608130142530       1450        408     0 2453960.574167  1.384142e+01  9.937011e-02  1.384142e+01  9.937011e-02 
   82518467   4.963834e+00   3.736279e-01   4.963834e+00   3.736279e-01 224200608130143530      30190       2239     0 2453960.574850  1.326046e+01  8.172367e-02  1.326046e+01  8.172367e-02 
   82518467   2.298062e+00   2.648196e-01   2.298062e+00   2.648196e-01 223200608130143520       1451        406     0 2453960.574850  1.409660e+01  1.251164e-01  1.409660e+01  1.251164e-01 
   82518529   5.109552e+00   3.736976e-01   5.109552e+00   3.736976e-01 224200608130144550      30189       2240     0 2453960.575567  1.322904e+01  7.940783e-02  1.322904e+01  7.940783e-02 
   82518529   2.645792e+00   2.635110e-01   2.645792e+00   2.635110e-01 223200608130144550       1450        400     0 2453960.575567  1.394361e+01  1.081357e-01  1.394361e+01  1.081357e-01 
   82518607   4.824293e+00   3.753428e-01   4.824293e+00   3.753428e-01 224200608130146120      30191       2220     0 2453960.576470  1.329142e+01  8.447344e-02  1.329142e+01  8.447344e-02 
   82518607   2.927058e+00   2.661114e-01   2.927058e+00   2.661114e-01 223200608130146120       1447        420     0 2453960.576470  1.383392e+01  9.870931e-02  1.383392e+01  9.870931e-02 
   82604589   3.005174e+00   2.012755e-01   3.005174e+00   2.012755e-01 224200608140139160      30168       2248     0 2453961.571632  1.380533e+01  7.271887e-02  1.380533e+01  7.271887e-02 
   82604589   2.664522e+00   2.150418e-01   2.664522e+00   2.150418e-01 223200608140139160       1450        425     0 2453961.571632  1.393595e+01  8.762530e-02  1.393595e+01  8.762530e-02 
   82604645   3.398849e+00   2.031342e-01   3.398849e+00   2.031342e-01 224200608140140120      30164       2248     0 2453961.572280  1.367167e+01  6.488989e-02  1.367167e+01  6.488989e-02 
   82604645   2.343295e+00   2.154437e-01   2.343295e+00   2.154437e-01 223200608140140120       1457        422     0 2453961.572280  1.407543e+01  9.982346e-02  1.407543e+01  9.982346e-02 
   82604702   3.168277e+00   2.028177e-01   3.168277e+00   2.028177e-01 224200608140141080      30160       2245     0 2453961.572940  1.374794e+01  6.950381e-02  1.374794e+01  6.950381e-02 
   82604702   2.215343e+00   2.164451e-01   2.215343e+00   2.164451e-01 223200608140141080       1470        419     0 2453961.572940  1.413640e+01  1.060798e-01  1.413640e+01  1.060798e-01 
   82604756   3.103230e+00   2.040552e-01   3.103230e+00   2.040552e-01 224200608140142030      30160       2247     0 2453961.573565  1.377046e+01  7.139362e-02  1.377046e+01  7.139362e-02 
   82604756   2.426548e+00   2.193321e-01   2.426548e+00   2.193321e-01 223200608140142030       1470        417     0 2453961.573565  1.403753e+01  9.813842e-02  1.403753e+01  9.813842e-02 
   82863062   2.827286e+00   1.338094e-01   2.827286e+00   1.338094e-01 224200608170127120      30179       2224     0 2453964.563218  1.387158e+01  5.138575e-02  1.387158e+01  5.138575e-02 
   82863062   2.525079e+00   1.406636e-01   2.525079e+00   1.406636e-01 223200608170127120       1440        434     0 2453964.563218  1.399431e+01  6.048288e-02  1.399431e+01  6.048288e-02 
   82863130   3.200378e+00   1.364074e-01   3.200378e+00   1.364074e-01 224200608170128190      30170       2246     0 2453964.564005  1.373700e+01  4.627672e-02  1.373700e+01  4.627672e-02 
   82863130   2.234082e+00   1.420883e-01   2.234082e+00   1.420883e-01 223200608170128190       1447        405     0 2453964.564005  1.412725e+01  6.905339e-02  1.412725e+01  6.905339e-02 
   82863186   3.178172e+00   1.363039e-01   3.178172e+00   1.363039e-01 224200608170129150      30168       2246     0 2453964.564653  1.374456e+01  4.656469e-02  1.374456e+01  4.656469e-02 
   82863186   2.227062e+00   1.423494e-01   2.227062e+00   1.423494e-01 223200608170129150       1448        402     0 2453964.564653  1.413067e+01  6.939836e-02  1.413067e+01  6.939836e-02 
   82863246   3.097667e+00   1.358277e-01   3.097667e+00   1.358277e-01 224200608170130160      30167       2248     0 2453964.565347  1.377241e+01  4.760794e-02  1.377241e+01  4.760794e-02 
   82863246   2.122300e+00   1.417326e-01   2.122300e+00   1.417326e-01 223200608170130160       1449        400     0 2453964.565347  1.418298e+01  7.250850e-02  1.418298e+01  7.250850e-02 
   82949235   3.131265e+00   1.079494e-01   3.131265e+00   1.079494e-01 224200608180123250      30240       2194     0 2453965.560590  1.376070e+01  3.743056e-02  1.376070e+01  3.743056e-02 
   82949235   2.004451e+00   1.098056e-01   2.004451e+00   1.098056e-01 223200608180123250       1443        384     0 2453965.560590  1.424501e+01  5.947781e-02  1.424501e+01  5.947781e-02 
   82949297   3.095560e+00   1.091789e-01   3.095560e+00   1.091789e-01 224200608180124270      30235       2195     0 2453965.561308  1.377315e+01  3.829351e-02  1.377315e+01  3.829351e-02 
   82949297   1.808294e+00   1.100483e-01   1.808294e+00   1.100483e-01 223200608180124270       1446        383     0 2453965.561308  1.435683e+01  6.607544e-02  1.435683e+01  6.607544e-02 
   82949360   3.221758e+00   1.097953e-01   3.221758e+00   1.097953e-01 224200608180125310      30234       2197     0 2453965.562037  1.372977e+01  3.700128e-02  1.372977e+01  3.700128e-02 
   82949360   2.020237e+00   1.109740e-01   2.020237e+00   1.109740e-01 223200608180125310       1446        380     0 2453965.562037  1.423649e+01  5.964096e-02  1.423649e+01  5.964096e-02 
   82949451   3.198197e+00   1.096897e-01   3.198197e+00   1.096897e-01 224200608180127020      30236       2178     0 2453965.563090  1.373774e+01  3.723800e-02  1.373774e+01  3.723800e-02 
   82949451   1.851718e+00   1.105833e-01   1.851718e+00   1.105833e-01 223200608180127020       1443        397     0 2453965.563090  1.433106e+01  6.483965e-02  1.433106e+01  6.483965e-02 
   83724660   2.973656e+00   1.074206e-01   2.973656e+00   1.074206e-01 224200608270047250      30216       2233     0 2453974.535417  1.381677e+01  3.922138e-02  1.381677e+01  3.922138e-02 
   83724660   1.940691e+00   1.073043e-01   1.940691e+00   1.073043e-01 223200608270047250       1424        433     0 2453974.535417  1.428011e+01  6.003254e-02  1.428011e+01  6.003254e-02 
   83724724   2.889338e+00   1.057996e-01   2.889338e+00   1.057996e-01 224200608270048280      30210       2255     0 2453974.536157  1.384800e+01  3.975679e-02  1.384800e+01  3.975679e-02 
   83724724   2.060170e+00   1.082944e-01   2.060170e+00   1.082944e-01 223200608270048280       1427        401     0 2453974.536157  1.421524e+01  5.707275e-02  1.421524e+01  5.707275e-02 
   83724799   3.075788e+00   1.073611e-01   3.075788e+00   1.073611e-01 224200608270049440      30212       2235     0 2453974.537025  1.378011e+01  3.789801e-02  1.378011e+01  3.789801e-02 
   83724799   1.988948e+00   1.080298e-01   1.988948e+00   1.080298e-01 223200608270049440       1424        420     0 2453974.537025  1.425344e+01  5.897204e-02  1.425344e+01  5.897204e-02 
   83724861   2.946187e+00   1.057449e-01   2.946187e+00   1.057449e-01 224200608270050460      30208       2258     0 2453974.537743  1.382685e+01  3.896952e-02  1.382685e+01  3.896952e-02 
   83724861   1.999807e+00   1.085511e-01   1.999807e+00   1.085511e-01 223200608270050460       1427        394     0 2453974.537743  1.424753e+01  5.893485e-02  1.424753e+01  5.893485e-02 
   83810826   3.030730e+00   1.025243e-01   3.030730e+00   1.025243e-01 224200608280043330      30212       2236     0 2453975.532708  1.379613e+01  3.672867e-02  1.379613e+01  3.672867e-02 
   83810826   1.925312e+00   1.048015e-01   1.925312e+00   1.048015e-01 223200608280043330       1428        423     0 2453975.532708  1.428875e+01  5.910067e-02  1.428875e+01  5.910067e-02 
   83810878   3.112816e+00   1.015719e-01   3.112816e+00   1.015719e-01 224200608280044250      30210       2238     0 2453975.533310  1.376712e+01  3.542795e-02  1.376712e+01  3.542795e-02 
   83810878   1.847693e+00   1.044193e-01   1.847693e+00   1.044193e-01 223200608280044250       1430        420     0 2453975.533310  1.433343e+01  6.135882e-02  1.433343e+01  6.135882e-02 
   83810949   1.868449e+00   1.030752e-01   1.868449e+00   1.030752e-01 223200608280045350       1429        416     0 2453975.534132  1.432130e+01  5.989609e-02  1.432130e+01  5.989609e-02 
   83810950   3.161819e+00   1.010873e-01   3.161819e+00   1.010873e-01 224200608280045360      30210       2240     0 2453975.534144  1.375016e+01  3.471246e-02  1.375016e+01  3.471246e-02 
   83811006   3.030149e+00   1.008039e-01   3.030149e+00   1.008039e-01 224200608280046320      30209       2241     0 2453975.534792  1.379634e+01  3.611928e-02  1.379634e+01  3.611928e-02 
   83811006   1.874120e+00   1.038691e-01   1.874120e+00   1.038691e-01 223200608280046320       1429        414     0 2453975.534792  1.431801e+01  6.017481e-02  1.431801e+01  6.017481e-02 
   84328658   3.808496e+00   2.763998e-01   3.808496e+00   2.763998e-01 224200609030034170      30217       2296     0 2453981.526134  1.354812e+01  7.879706e-02  1.354812e+01  7.879706e-02 
   84328658   2.760103e+00   2.966893e-01   2.760103e+00   2.966893e-01 223200609030034170       1418        354     0 2453981.526134  1.389769e+01  1.167085e-01  1.389769e+01  1.167085e-01 
   84328730   2.611650e+00   2.780612e-01   2.611650e+00   2.780612e-01 224200609030035290      30219       2276     0 2453981.526968  1.395771e+01  1.155982e-01  1.395771e+01  1.155982e-01 
   84328730   2.773735e+00   3.043458e-01   2.773735e+00   3.043458e-01 223200609030035280       1414        371     0 2453981.526968  1.389234e+01  1.191319e-01  1.389234e+01  1.191319e-01 
   84328797   3.610335e+00   2.890871e-01   3.610335e+00   2.890871e-01 224200609030036350      30217       2297     0 2453981.527743  1.360613e+01  8.693749e-02  1.360613e+01  8.693749e-02 
   84328797   2.914666e+00   3.195551e-01   2.914666e+00   3.195551e-01 223200609030036350       1414        339     0 2453981.527743  1.383853e+01  1.190372e-01  1.383853e+01  1.190372e-01 
   84328854   3.320880e+00   2.947719e-01   3.320880e+00   2.947719e-01 224200609030037320      30216       2298     0 2453981.528403  1.369687e+01  9.637377e-02  1.369687e+01  9.637377e-02 
   84328854   2.979376e+00   3.110526e-01   2.979376e+00   3.110526e-01 223200609030037320       1415        338     0 2453981.528403  1.381469e+01  1.133533e-01  1.381469e+01  1.133533e-01 
   84500164   3.116436e+00   4.087461e-01   3.116436e+00   4.087461e-01 224200609050012480      30216       2247     0 2453983.511157  1.376585e+01  1.424037e-01  1.376585e+01  1.424037e-01 
   84500164   3.056717e+00   4.658153e-01   3.056717e+00   4.658153e-01 223200609050012480       1426        417     0 2453983.511157  1.378686e+01  1.654567e-01  1.378686e+01  1.654567e-01 
   84500224   2.802699e+00   4.101489e-01   2.802699e+00   4.101489e-01 224200609050013480      30212       2247     0 2453983.511852  1.388106e+01  1.588879e-01  1.388106e+01  1.588879e-01 
   84500224   2.742075e+00   4.662660e-01   2.742075e+00   4.662660e-01 223200609050013480       1428        414     0 2453983.511852  1.390480e+01  1.846206e-01  1.390480e+01  1.846206e-01 
   84500286   3.336514e+00   4.090795e-01   3.336514e+00   4.090795e-01 224200609050014500      30209       2248     0 2453983.512569  1.369177e+01  1.331192e-01  1.369177e+01  1.331192e-01 
   84500286   3.883178e+00   4.702175e-01   3.883178e+00   4.702175e-01 223200609050014500       1428        411     0 2453983.512569  1.352703e+01  1.314732e-01  1.352703e+01  1.314732e-01 
   84500364   3.553890e+00   4.088588e-01   3.553890e+00   4.088588e-01 224200609050016080      30212       2228     0 2453983.513472  1.362324e+01  1.249094e-01  1.362324e+01  1.249094e-01 
   84500364   4.171946e+00   4.633436e-01   4.171946e+00   4.633436e-01 223200609050016080       1424        429     0 2453983.513472  1.344915e+01  1.205842e-01  1.344915e+01  1.205842e-01 
   84844837   3.576673e+00   5.647194e-01   3.576673e+00   5.647194e-01 224200609082357310      30217       2217     0 2453987.500428  1.361630e+01  1.714270e-01  1.361630e+01  1.714270e-01 
   84844837   3.224704e+00   6.516891e-01   3.224704e+00   6.516891e-01 223200609082357310       1437        425     0 2453987.500428  1.372878e+01  2.194201e-01  1.372878e+01  2.194201e-01 
   84844893   2.916724e+00   6.476700e-01   2.916724e+00   6.476700e-01 223200609082358260       1438        421     0 2453987.501076  1.383776e+01  2.410928e-01  1.383776e+01  2.410928e-01 
   84844894   2.583155e+00   5.661058e-01   2.583155e+00   5.661058e-01 224200609082358270      30215       2219     0 2453987.501088  1.396962e+01  2.379430e-01  1.396962e+01  2.379430e-01 
   84844950   1.656659e+00   5.643421e-01   1.656659e+00   5.643421e-01 224200609082359230      30215       2220     0 2453987.501736  1.445192e+01  3.698580e-01  1.445192e+01  3.698580e-01 
   84844950   2.817283e+00   6.398849e-01   2.817283e+00   6.398849e-01 223200609082359230       1438        418     0 2453987.501736  1.387542e+01  2.466024e-01  1.387542e+01  2.466024e-01 
   84845012   2.496180e+00   5.633051e-01   2.496180e+00   5.633051e-01 224200609090000260      30214       2222     0 2453987.502454  1.400681e+01  2.450155e-01  1.400681e+01  2.450155e-01 
   84845012   3.443771e+00   6.380519e-01   3.443771e+00   6.380519e-01 223200609090000260       1437        415     0 2453987.502454  1.365741e+01  2.011628e-01  1.365741e+01  2.011628e-01 
   85017137   3.141194e+00   3.075937e-01   3.141194e+00   3.075937e-01 224200609102349160      30228       2261     0 2453989.494641  1.375726e+01  1.063184e-01  1.375726e+01  1.063184e-01 
   85017137   2.612079e+00   3.500638e-01   2.612079e+00   3.500638e-01 223200609102349160       1411        379     0 2453989.494641  1.395753e+01  1.455079e-01  1.395753e+01  1.455079e-01 
   85017204   2.947012e+00   4.008941e-01   2.947012e+00   4.008941e-01 224200609102350220      30226       2261     0 2453989.495417  1.382655e+01  1.476977e-01  1.382655e+01  1.476977e-01 
   85017204   3.066504e+00   4.576570e-01   3.066504e+00   4.576570e-01 223200609102350220       1413        376     0 2453989.495417  1.378339e+01  1.620401e-01  1.378339e+01  1.620401e-01 
   85017263   2.891880e+00   3.678038e-01   2.891880e+00   3.678038e-01 224200609102351210      30224       2263     0 2453989.496100  1.384705e+01  1.380899e-01  1.384705e+01  1.380899e-01 
   85017263   2.381191e+00   4.039220e-01   2.381191e+00   4.039220e-01 223200609102351210       1413        374     0 2453989.496100  1.405801e+01  1.841743e-01  1.405801e+01  1.841743e-01 
   85017321   2.702596e+00   3.544621e-01   2.702596e+00   3.544621e-01 224200609102352200      30224       2263     0 2453989.496771  1.392055e+01  1.424015e-01  1.392055e+01  1.424015e-01 
   85017321   2.965312e+00   4.063241e-01   2.965312e+00   4.063241e-01 223200609102352200       1411        367     0 2453989.496771  1.381982e+01  1.487743e-01  1.381982e+01  1.487743e-01 
   85361729   3.064825e+00   1.071093e-01   3.064825e+00   1.071093e-01 224200609142332380      30202       2244     0 2453993.482975  1.378399e+01  3.794436e-02  1.378399e+01  3.794436e-02 
   85361729   1.917949e+00   1.067094e-01   1.917949e+00   1.067094e-01 223200609142332380       1415        332     0 2453993.482975  1.429291e+01  6.040757e-02  1.429291e+01  6.040757e-02 
   85361782   3.249891e+00   1.078596e-01   3.249891e+00   1.078596e-01 224200609142333310      30198       2244     0 2453993.483588  1.372033e+01  3.603428e-02  1.372033e+01  3.603428e-02 
   85361786   2.070028e+00   1.071654e-01   2.070028e+00   1.071654e-01 223200609142333360       1416        329     0 2453993.483634  1.421006e+01  5.620880e-02  1.421006e+01  5.620880e-02 
   85361847   2.956121e+00   1.071161e-01   2.956121e+00   1.071161e-01 224200609142334370      30196       2245     0 2453993.484340  1.382319e+01  3.934219e-02  1.382319e+01  3.934219e-02 
   85361847   1.844154e+00   1.063880e-01   1.844154e+00   1.063880e-01 223200609142334370       1417        326     0 2453993.484340  1.433551e+01  6.263564e-02  1.433551e+01  6.263564e-02 
   85361922   2.954224e+00   1.067080e-01   2.954224e+00   1.067080e-01 224200609142335520      30197       2225     0 2453993.485208  1.382389e+01  3.921747e-02  1.382389e+01  3.921747e-02 
   85361922   1.790489e+00   1.058743e-01   1.790489e+00   1.058743e-01 223200609142335520       1413        345     0 2453993.485208  1.436757e+01  6.420142e-02  1.436757e+01  6.420142e-02 
   85620627   3.208908e+00   1.236411e-01   3.208908e+00   1.236411e-01 224200609172327440      30232       2208     0 2453996.479479  1.373411e+01  4.183420e-02  1.373411e+01  4.183420e-02 
   85620627   2.049619e+00   1.209920e-01   2.049619e+00   1.209920e-01 223200609172327440       1384        336     0 2453996.479479  1.422082e+01  6.409282e-02  1.422082e+01  6.409282e-02 
   85620686   3.377879e+00   1.243328e-01   3.377879e+00   1.243328e-01 224200609172328430      30229       2209     0 2453996.480162  1.367839e+01  3.996386e-02  1.367839e+01  3.996386e-02 
   85620686   2.097641e+00   1.218501e-01   2.097641e+00   1.218501e-01 223200609172328430       1385        333     0 2453996.480162  1.419567e+01  6.306967e-02  1.419567e+01  6.306967e-02 
   85620749   3.449659e+00   1.248577e-01   3.449659e+00   1.248577e-01 224200609172329460      30229       2211     0 2453996.480891  1.365556e+01  3.929750e-02  1.365556e+01  3.929750e-02 
   85620749   1.835250e+00   1.211374e-01   1.835250e+00   1.211374e-01 223200609172329460       1385        330     0 2453996.480891  1.434076e+01  7.166529e-02  1.434076e+01  7.166529e-02 
   85620803   3.338726e+00   1.253045e-01   3.338726e+00   1.253045e-01 224200609172330410      30228       2213     0 2453996.481516  1.369105e+01  4.074851e-02  1.369105e+01  4.074851e-02 
   85620803   2.201958e+00   1.227611e-01   2.201958e+00   1.227611e-01 223200609172330410       1385        327     0 2453996.481516  1.414298e+01  6.053099e-02  1.414298e+01  6.053099e-02 
   85706423   3.451939e+00   1.230293e-01   3.451939e+00   1.230293e-01 224200609182317440      30231       2165     0 2453997.472488  1.365484e+01  3.869646e-02  1.365484e+01  3.869646e-02 
   85706486   3.373095e+00   1.219868e-01   3.373095e+00   1.219868e-01 224200609182318460      30225       2187     0 2453997.473218  1.367993e+01  3.926539e-02  1.367993e+01  3.926539e-02 
   85706486   1.862870e+00   1.164410e-01   1.862870e+00   1.164410e-01 223200609182318460       1392        288     0 2453997.473218  1.432454e+01  6.786552e-02  1.432454e+01  6.786552e-02 
   85706541   3.412592e+00   1.212251e-01   3.412592e+00   1.212251e-01 224200609182319420      30222       2189     0 2453997.473854  1.366729e+01  3.856861e-02  1.366729e+01  3.856861e-02 
   85706541   1.941859e+00   1.160324e-01   1.941859e+00   1.160324e-01 223200609182319410       1393        286     0 2453997.473854  1.427946e+01  6.487647e-02  1.427946e+01  6.487647e-02 
   85706618   3.357004e+00   1.225310e-01   3.357004e+00   1.225310e-01 224200609182320580      30225       2170     0 2453997.474745  1.368512e+01  3.962962e-02  1.368512e+01  3.962962e-02 
   85706618   1.847811e+00   1.161716e-01   1.847811e+00   1.161716e-01 223200609182320580       1390        306     0 2453997.474745  1.433336e+01  6.826031e-02  1.433336e+01  6.826031e-02 
   85878737   3.046558e+00   1.155989e-01   3.046558e+00   1.155989e-01 224200609202309430      30206       2210     0 2453999.466863  1.379048e+01  4.119744e-02  1.379048e+01  4.119744e-02 
   85878737   2.006432e+00   1.179302e-01   2.006432e+00   1.179302e-01 223200609202309430       1390        363     0 2453999.466863  1.424394e+01  6.381555e-02  1.424394e+01  6.381555e-02 
   85878794   3.243095e+00   1.180258e-01   3.243095e+00   1.180258e-01 224200609202310410      30200       2211     0 2453999.467523  1.372260e+01  3.951328e-02  1.372260e+01  3.951328e-02 
   85878794   2.004676e+00   1.185280e-01   2.004676e+00   1.185280e-01 223200609202310400       1392        360     0 2453999.467523  1.424489e+01  6.419522e-02  1.424489e+01  6.419522e-02 
   85878855   3.213018e+00   1.177309e-01   3.213018e+00   1.177309e-01 224200609202311410      30197       2213     0 2453999.468229  1.373272e+01  3.978352e-02  1.373272e+01  3.978352e-02 
   85878855   1.970006e+00   1.187267e-01   1.970006e+00   1.187267e-01 223200609202311410       1393        357     0 2453999.468229  1.426383e+01  6.543446e-02  1.426383e+01  6.543446e-02 
   85878915   3.062349e+00   1.177003e-01   3.062349e+00   1.177003e-01 224200609202312420      30195       2216     0 2453999.468924  1.378486e+01  4.173002e-02  1.378486e+01  4.173002e-02 
   85878915   2.028807e+00   1.182268e-01   2.028807e+00   1.182268e-01 223200609202312420       1393        355     0 2453999.468924  1.423190e+01  6.327043e-02  1.423190e+01  6.327043e-02 
   85964860   3.074733e+00   1.122326e-01   3.074733e+00   1.122326e-01 224200609212305090      30199       2230     0 2454000.463657  1.378048e+01  3.963123e-02  1.378048e+01  3.963123e-02 
   85964860   1.878922e+00   1.090465e-01   1.878922e+00   1.090465e-01 223200609212305090       1404        357     0 2454000.463657  1.431523e+01  6.301282e-02  1.431523e+01  6.301282e-02 
   85965013   3.028130e+00   1.124457e-01   3.028130e+00   1.124457e-01 224200609212307420      30194       2232     0 2454000.465428  1.379706e+01  4.031758e-02  1.379706e+01  4.031758e-02 
   85965013   2.064057e+00   1.083034e-01   2.064057e+00   1.083034e-01 223200609212307420       1406        349     0 2454000.465428  1.421320e+01  5.696999e-02  1.421320e+01  5.696999e-02 
   85965076   3.189504e+00   1.118832e-01   3.189504e+00   1.118832e-01 224200609212308460      30192       2234     0 2454000.466157  1.374069e+01  3.808620e-02  1.374069e+01  3.808620e-02 
   85965076   1.980744e+00   1.084280e-01   1.980744e+00   1.084280e-01 223200609212308460       1407        347     0 2454000.466157  1.425793e+01  5.943454e-02  1.425793e+01  5.943454e-02 
   85965132   3.007107e+00   1.106565e-01   3.007107e+00   1.106565e-01 224200609212309410      30191       2236     0 2454000.466806  1.380463e+01  3.995341e-02  1.380463e+01  3.995341e-02 
   85965132   2.030995e+00   1.089596e-01   2.030995e+00   1.089596e-01 223200609212309410       1408        345     0 2454000.466806  1.423073e+01  5.824817e-02  1.423073e+01  5.824817e-02 
   86404973   3.069293e+00   1.116307e-01   3.069293e+00   1.116307e-01 224200609270120390      30299       2454     0 2454005.557558  1.378240e+01  3.948856e-02  1.378240e+01  3.948856e-02 
   86405032   3.078256e+00   1.117878e-01   3.078256e+00   1.117878e-01 224200609270121390      30295       2476     0 2454005.558241  1.377924e+01  3.942897e-02  1.377924e+01  3.942897e-02 
   86405102   3.117935e+00   1.124134e-01   3.117935e+00   1.124134e-01 224200609270122490      30297       2475     0 2454005.559051  1.376533e+01  3.914506e-02  1.376533e+01  3.914506e-02 
   86405161   2.862311e+00   1.119487e-01   2.862311e+00   1.119487e-01 224200609270123480      30296       2475     0 2454005.559734  1.385821e+01  4.246469e-02  1.385821e+01  4.246469e-02 
   87688145   1.873514e+00   9.485341e-02   1.873514e+00   9.485341e-02 223200610112147440       1067        166     0 2454020.409086  1.431836e+01  5.496952e-02  1.431836e+01  5.496952e-02 
   87688219   1.936876e+00   9.521355e-02   1.936876e+00   9.521355e-02 223200610112148580       1069        139     0 2454020.409942  1.428225e+01  5.337314e-02  1.428225e+01  5.337314e-02 
   87688273   1.934494e+00   9.575216e-02   1.934494e+00   9.575216e-02 223200610112149520       1069        137     0 2454020.410567  1.428358e+01  5.374116e-02  1.428358e+01  5.374116e-02 
   87860491   2.046371e+00   1.071185e-01   2.046371e+00   1.071185e-01 223200610132140170       1029        188     0 2454022.403831  1.422254e+01  5.683369e-02  1.422254e+01  5.683369e-02 
   87860558   2.018859e+00   1.067220e-01   2.018859e+00   1.067220e-01 223200610132141240       1029        184     0 2454022.404606  1.423724e+01  5.739496e-02  1.423724e+01  5.739496e-02 
   87860614   2.032185e+00   1.068678e-01   2.032185e+00   1.068678e-01 223200610132142200       1029        181     0 2454022.405255  1.423009e+01  5.709649e-02  1.423009e+01  5.709649e-02 
   87860674   1.937051e+00   1.061888e-01   1.937051e+00   1.061888e-01 223200610132143190       1028        179     0 2454022.405949  1.428215e+01  5.952009e-02  1.428215e+01  5.952009e-02 
   88033103   1.935573e+00   1.002659e-01   1.935573e+00   1.002659e-01 223200610152137170       1025        218     0 2454024.401655  1.428298e+01  5.624314e-02  1.428298e+01  5.624314e-02 
   88033164   1.964502e+00   1.001657e-01   1.964502e+00   1.001657e-01 223200610152138180       1025        213     0 2454024.402361  1.426687e+01  5.535956e-02  1.426687e+01  5.535956e-02 
   88033219   1.953549e+00   9.887472e-02   1.953549e+00   9.887472e-02 223200610152139130       1024        209     0 2454024.402998  1.427294e+01  5.495242e-02  1.427294e+01  5.495242e-02 
   88033278   1.954736e+00   9.891069e-02   1.954736e+00   9.891069e-02 223200610152140120       1024        205     0 2454024.403681  1.427228e+01  5.493904e-02  1.427228e+01  5.493904e-02 
   88377426   2.158275e+00   1.028355e-01   2.158275e+00   1.028355e-01 223200610192116140       1009        233     0 2454028.386875  1.416473e+01  5.173232e-02  1.416473e+01  5.173232e-02 
   88377478   1.954708e+00   1.031469e-01   1.954708e+00   1.031469e-01 223200610192117070       1009        230     0 2454028.387477  1.427229e+01  5.729281e-02  1.427229e+01  5.729281e-02 
   88377563   1.989923e+00   1.042713e-01   1.989923e+00   1.042713e-01 223200610192118310       1004        248     0 2454028.388461  1.425291e+01  5.689238e-02  1.425291e+01  5.689238e-02 
   88377625   2.147664e+00   1.042012e-01   2.147664e+00   1.042012e-01 223200610192119340       1005        245     0 2454028.389178  1.417008e+01  5.267838e-02  1.417008e+01  5.267838e-02 
   88463591   2.157777e+00   1.030072e-01   2.157777e+00   1.030072e-01 223200610202112230       1033        190     0 2454029.384155  1.416498e+01  5.183069e-02  1.416498e+01  5.183069e-02 
   88463663   1.951534e+00   1.021148e-01   1.951534e+00   1.021148e-01 223200610202113350       1030        185     0 2454029.384988  1.427406e+01  5.681180e-02  1.427406e+01  5.681180e-02 
   88463726   1.936919e+00   1.026921e-01   1.936919e+00   1.026921e-01 223200610202114380       1030        182     0 2454029.385718  1.428222e+01  5.756406e-02  1.428222e+01  5.756406e-02 
   88463785   1.951162e+00   1.021836e-01   1.951162e+00   1.021836e-01 223200610202115380       1030        180     0 2454029.386400  1.427427e+01  5.686086e-02  1.427427e+01  5.686086e-02 
   88551539   2.031068e+00   1.108530e-01   2.031068e+00   1.108530e-01 223200610212138150       1027        127     0 2454030.402072  1.423069e+01  5.925826e-02  1.423069e+01  5.925826e-02 
   88551671   2.071128e+00   1.122366e-01   2.071128e+00   1.122366e-01 223200610212140270       1025        117     0 2454030.403600  1.420948e+01  5.883737e-02  1.420948e+01  5.883737e-02 
   88551743   2.042933e+00   1.128848e-01   2.042933e+00   1.128848e-01 223200610212141400       1020        136     0 2454030.404433  1.422436e+01  5.999391e-02  1.422436e+01  5.999391e-02 
   88637601   2.939314e+00   1.265426e+00   2.939314e+00   1.265426e+00 223200610222132420       1026        169     0 2454031.398160  1.382938e+01  4.674301e-01  1.382938e+01  4.674301e-01 
   88637674   1.688993e+00   1.564378e+00   1.688993e+00   1.564378e+00 223200610222133550       1025        140     0 2454031.399005  1.443093e+01  1.005634e+00  1.443093e+01  1.005634e+00 
   88637749   3.252656e+00   1.554980e+00   3.252656e+00   1.554980e+00 223200610222135100       1021        158     0 2454031.399873  1.371941e+01  5.190540e-01  1.371941e+01  5.190540e-01 
   88722091   2.236372e+00   1.054878e-01   2.236372e+00   1.054878e-01 223200610232100550       1016        219     0 2454032.376053  1.412614e+01  5.121344e-02  1.412614e+01  5.121344e-02 
   88722145   1.994950e+00   1.042139e-01   1.994950e+00   1.042139e-01 223200610232101500       1017        216     0 2454032.376678  1.425017e+01  5.671781e-02  1.425017e+01  5.671781e-02 
   88722207   2.010910e+00   1.044727e-01   2.010910e+00   1.044727e-01 223200610232102520       1016        214     0 2454032.377396  1.424152e+01  5.640737e-02  1.424152e+01  5.640737e-02 
   88722274   1.908886e+00   1.047679e-01   1.908886e+00   1.047679e-01 223200610232103590       1017        211     0 2454032.378171  1.429805e+01  5.959013e-02  1.429805e+01  5.959013e-02 
   88980537   2.153416e+00   1.172275e-01   2.153416e+00   1.172275e-01 223200610262048320       1018        274     0 2454035.367326  1.416718e+01  5.910546e-02  1.416718e+01  5.910546e-02 
   88980591   2.162705e+00   1.168681e-01   2.162705e+00   1.168681e-01 223200610262049260       1018        270     0 2454035.367951  1.416251e+01  5.867114e-02  1.416251e+01  5.867114e-02 
   88980651   2.317991e+00   1.176749e-01   2.317991e+00   1.176749e-01 223200610262050270       1018        268     0 2454035.368646  1.408722e+01  5.511854e-02  1.408722e+01  5.511854e-02 
   88980715   2.117565e+00   1.171518e-01   2.117565e+00   1.171518e-01 223200610262051300       1014        259     0 2454035.369387  1.418541e+01  6.006729e-02  1.418541e+01  6.006729e-02 
   89066653   2.151108e+00   1.294613e-01   2.151108e+00   1.294613e-01 223200610272043520       1038        245     0 2454036.364039  1.416834e+01  6.534369e-02  1.416834e+01  6.534369e-02 
   89066716   2.198738e+00   1.286827e-01   2.198738e+00   1.286827e-01 223200610272044550       1038        243     0 2454036.364769  1.414457e+01  6.354371e-02  1.414457e+01  6.354371e-02 
   89066772   2.148287e+00   1.287238e-01   2.148287e+00   1.287238e-01 223200610272045520       1037        239     0 2454036.365417  1.416977e+01  6.505677e-02  1.416977e+01  6.505677e-02 
   89066837   2.422745e+00   1.308746e-01   2.422745e+00   1.308746e-01 223200610272046560       1037        237     0 2454036.366169  1.403923e+01  5.865076e-02  1.403923e+01  5.865076e-02 
   89152851   2.761998e+00   2.090193e-01   2.761998e+00   2.090193e-01 223200610282040350       1022        259     0 2454037.361701  1.389694e+01  8.216539e-02  1.389694e+01  8.216539e-02 
   89152924   2.313286e+00   1.995926e-01   2.313286e+00   1.995926e-01 223200610282041480       1024        230     0 2454037.362546  1.408943e+01  9.367874e-02  1.408943e+01  9.367874e-02 
   89152985   2.569889e+00   1.679259e-01   2.569889e+00   1.679259e-01 223200610282042490       1024        228     0 2454037.363252  1.397521e+01  7.094621e-02  1.397521e+01  7.094621e-02 
   89238973   2.532959e+00   1.786187e-01   2.532959e+00   1.786187e-01 223200610292035590       1015        221     0 2454038.358484  1.399093e+01  7.656399e-02  1.399093e+01  7.656399e-02 
   89239028   2.512335e+00   1.785117e-01   2.512335e+00   1.785117e-01 223200610292036550       1016        217     0 2454038.359120  1.399981e+01  7.714630e-02  1.399981e+01  7.714630e-02 
   89239075   2.466774e+00   1.788235e-01   2.466774e+00   1.788235e-01 223200610292037410       1014        210     0 2454038.359664  1.401968e+01  7.870843e-02  1.401968e+01  7.870843e-02 
   89239153   2.204090e+00   1.777128e-01   2.204090e+00   1.777128e-01 223200610292038590       1014        208     0 2454038.360567  1.414193e+01  8.754177e-02  1.414193e+01  8.754177e-02 
   89411348   3.056288e+00   2.828877e-01   3.056288e+00   2.828877e-01 223200610312029020       1008        221     0 2454040.353565  1.378701e+01  1.004953e-01  1.378701e+01  1.004953e-01 
   89411421   3.352173e+00   2.787785e-01   3.352173e+00   2.787785e-01 223200610312030160       1005        238     0 2454040.354410  1.368668e+01  9.029395e-02  1.368668e+01  9.029395e-02 
   89411491   2.776714e+00   2.850611e-01   2.776714e+00   2.850611e-01 223200610312031250       1007        209     0 2454040.355220  1.389117e+01  1.114635e-01  1.389117e+01  1.114635e-01 
   89411548   3.000383e+00   2.840353e-01   3.000383e+00   2.840353e-01 223200610312032230       1008        206     0 2454040.355880  1.380706e+01  1.027831e-01  1.380706e+01  1.027831e-01 
   89842109   2.957676e+00   4.172387e-01   2.957676e+00   4.172387e-01 223200611052008420       1020        223     0 2454045.339225  1.382262e+01  1.531651e-01  1.382262e+01  1.531651e-01 
   89842167   3.142905e+00   4.215036e-01   3.142905e+00   4.215036e-01 223200611052009400       1020        219     0 2454045.339896  1.375667e+01  1.456116e-01  1.375667e+01  1.456116e-01 
   89842240   3.211723e+00   4.259461e-01   3.211723e+00   4.259461e-01 223200611052010530       1020        215     0 2454045.340741  1.373316e+01  1.439933e-01  1.373316e+01  1.439933e-01 
   89842299   3.008347e+00   4.244589e-01   3.008347e+00   4.244589e-01 223200611052011520       1020        213     0 2454045.341424  1.380418e+01  1.531911e-01  1.380418e+01  1.531911e-01 
   89928293   3.026233e+00   3.155817e-01   3.026233e+00   3.155817e-01 223200611062005110       1023        240     0 2454046.336725  1.379774e+01  1.132232e-01  1.379774e+01  1.132232e-01 
   89928362   3.250908e+00   3.194845e-01   3.250908e+00   3.194845e-01 223200611062006190       1023        235     0 2454046.337523  1.371999e+01  1.067016e-01  1.371999e+01  1.067016e-01 
   89928416   3.765289e+00   3.224828e-01   3.765289e+00   3.224828e-01 223200611062007140       1023        233     0 2454046.338148  1.356050e+01  9.298952e-02  1.356050e+01  9.298952e-02 
   89928480   2.899088e+00   3.227214e-01   2.899088e+00   3.227214e-01 223200611062008180       1023        230     0 2454046.338889  1.384435e+01  1.208627e-01  1.384435e+01  1.208627e-01 
   90014481   2.260090e+00   1.994157e-01   2.260090e+00   1.994157e-01 223200611072001430       1031        247     0 2454047.334271  1.411469e+01  9.579867e-02  1.411469e+01  9.579867e-02 
   90014535   2.419378e+00   1.807104e-01   2.419378e+00   1.807104e-01 223200611072002370       1031        244     0 2454047.334896  1.404074e+01  8.109710e-02  1.404074e+01  8.109710e-02 
   90014624   2.568691e+00   1.876668e-01   2.568691e+00   1.876668e-01 223200611072004050       1027        262     0 2454047.335926  1.397572e+01  7.932342e-02  1.397572e+01  7.932342e-02 
   90014686   2.493165e+00   1.901890e-01   2.493165e+00   1.901890e-01 223200611072005080       1026        258     0 2454047.336644  1.400812e+01  8.282477e-02  1.400812e+01  8.282477e-02 
   90272971   2.132056e+00   1.153806e-01   2.132056e+00   1.153806e-01 223200611101950030       1027        231     0 2454050.326053  1.417800e+01  5.875707e-02  1.417800e+01  5.875707e-02 
   90273025   1.856175e+00   1.140852e-01   1.856175e+00   1.140852e-01 223200611101950570       1026        228     0 2454050.326678  1.432845e+01  6.673235e-02  1.432845e+01  6.673235e-02 
   90273073   2.012724e+00   1.166274e-01   2.012724e+00   1.166274e-01 223200611101951450       1026        224     0 2454050.327234  1.424054e+01  6.291328e-02  1.424054e+01  6.291328e-02 
   90273138   2.096434e+00   1.133190e-01   2.096434e+00   1.133190e-01 223200611101952500       1025        222     0 2454050.327986  1.419630e+01  5.868774e-02  1.419630e+01  5.868774e-02 
   90617587   2.028361e+00   1.080235e-01   2.028361e+00   1.080235e-01 223200611141933540       1018        255     0 2454054.314664  1.423214e+01  5.782275e-02  1.423214e+01  5.782275e-02 
   90617649   2.101165e+00   1.084638e-01   2.101165e+00   1.084638e-01 223200611141934560       1018        251     0 2454054.315382  1.419385e+01  5.604675e-02  1.419385e+01  5.604675e-02 
   90617709   2.018237e+00   1.073195e-01   2.018237e+00   1.073195e-01 223200611141935570       1021        224     0 2454054.316076  1.423757e+01  5.773411e-02  1.423757e+01  5.773411e-02 
   90617760   2.085764e+00   1.077606e-01   2.085764e+00   1.077606e-01 223200611141936470       1021        223     0 2454054.316667  1.420184e+01  5.609452e-02  1.420184e+01  5.609452e-02 
   94935179   3.015764e+00   3.677704e-01   3.015764e+00   3.677704e-01 224200701031856070      29442       2119     0 2454104.286794  1.380151e+01  1.324053e-01  1.380151e+01  1.324053e-01 
   94935245   2.986678e+00   3.628885e-01   2.986678e+00   3.628885e-01 224200701031857140      29441       2118     0 2454104.287558  1.381203e+01  1.319200e-01  1.381203e+01  1.319200e-01 
   94935303   2.917804e+00   3.584121e-01   2.917804e+00   3.584121e-01 224200701031858120      29442       2118     0 2454104.288229  1.383736e+01  1.333682e-01  1.383736e+01  1.333682e-01 
   94935368   2.662673e+00   3.537309e-01   2.662673e+00   3.537309e-01 224200701031859170      29442       2118     0 2454104.288981  1.393671e+01  1.442384e-01  1.393671e+01  1.442384e-01 
   95021608   2.994200e+00   2.773338e-01   2.994200e+00   2.773338e-01 224200701041856390      29444       2106     0 2454105.287130  1.380930e+01  1.005652e-01  1.380930e+01  1.005652e-01 
   95021680   2.981555e+00   2.578662e-01   2.981555e+00   2.578662e-01 224200701041857500      29440       2128     0 2454105.287963  1.381389e+01  9.390257e-02  1.381389e+01  9.390257e-02 
   95021745   3.001090e+00   2.478185e-01   3.001090e+00   2.478185e-01 224200701041858560      29440       2128     0 2454105.288715  1.380680e+01  8.965624e-02  1.380680e+01  8.965624e-02 
   95021801   3.094689e+00   2.408756e-01   3.094689e+00   2.408756e-01 224200701041859510      29441       2128     0 2454105.289363  1.377346e+01  8.450875e-02  1.377346e+01  8.450875e-02 
   95107910   2.930714e+00   2.417250e-01   2.930714e+00   2.417250e-01 224200701051855020      29463       2140     0 2454106.285995  1.383257e+01  8.955173e-02  1.383257e+01  8.955173e-02 
   95107966   2.955430e+00   2.286925e-01   2.955430e+00   2.286925e-01 224200701051855570      29463       2140     0 2454106.286644  1.382345e+01  8.401503e-02  1.382345e+01  8.401503e-02 
   95108020   3.369080e+00   2.167871e-01   3.369080e+00   2.167871e-01 224200701051856510      29464       2140     0 2454106.287269  1.368122e+01  6.986310e-02  1.368122e+01  6.986310e-02 
   95108074   3.057592e+00   2.053720e-01   3.057592e+00   2.053720e-01 224200701051857460      29464       2141     0 2454106.287894  1.378655e+01  7.292686e-02  1.378655e+01  7.292686e-02 
   95280698   2.922053e+00   2.125186e-01   2.922053e+00   2.125186e-01 224200701071854530      29485       2128     0 2454108.285856  1.383578e+01  7.896502e-02  1.383578e+01  7.896502e-02 
   95280828   2.727461e+00   1.892110e-01   2.727461e+00   1.892110e-01 224200701071857030      29473       2073     0 2454108.287361  1.391060e+01  7.532058e-02  1.391060e+01  7.532058e-02 
   95280884   2.621069e+00   1.792982e-01   2.621069e+00   1.792982e-01 224200701071857590      29474       2074     0 2454108.288009  1.395380e+01  7.427169e-02  1.395380e+01  7.427169e-02 
   95280940   3.105615e+00   1.717301e-01   3.105615e+00   1.717301e-01 224200701071858540      29475       2074     0 2454108.288657  1.376963e+01  6.003780e-02  1.376963e+01  6.003780e-02 
   95367162   3.316169e+00   2.361169e-01   3.316169e+00   2.361169e-01 224200701081855580      29482       2150     0 2454109.286597  1.369841e+01  7.730655e-02  1.369841e+01  7.730655e-02 
   95367216   2.861258e+00   2.219872e-01   2.861258e+00   2.219872e-01 224200701081856520      29481       2150     0 2454109.287222  1.385861e+01  8.423584e-02  1.385861e+01  8.423584e-02 
   95367273   3.070043e+00   2.098842e-01   3.070043e+00   2.098842e-01 224200701081857490      29482       2149     0 2454109.287882  1.378214e+01  7.422686e-02  1.378214e+01  7.422686e-02 
   95367329   3.096177e+00   1.989232e-01   3.096177e+00   1.989232e-01 224200701081858450      29482       2149     0 2454109.288530  1.377294e+01  6.975664e-02  1.377294e+01  6.975664e-02 
   95453548   3.114958e+00   2.347986e-01   3.114958e+00   2.347986e-01 224200701091855450      29476       2171     0 2454110.286435  1.376637e+01  8.184066e-02  1.376637e+01  8.184066e-02 
   95453604   3.315311e+00   2.226286e-01   3.315311e+00   2.226286e-01 224200701091856400      29475       2169     0 2454110.287083  1.369869e+01  7.290924e-02  1.369869e+01  7.290924e-02 
   95453658   3.068104e+00   2.104262e-01   3.068104e+00   2.104262e-01 224200701091857350      29476       2169     0 2454110.287708  1.378282e+01  7.446559e-02  1.378282e+01  7.446559e-02 
   95453714   2.959048e+00   1.998764e-01   2.959048e+00   1.998764e-01 224200701091858300      29477       2169     0 2454110.288356  1.382212e+01  7.333906e-02  1.382212e+01  7.333906e-02 
   95539938   3.198371e+00   2.326865e-01   3.198371e+00   2.326865e-01 224200701101855350      29481       2178     0 2454111.286319  1.373768e+01  7.898927e-02  1.373768e+01  7.898927e-02 
   95539992   2.830696e+00   2.193797e-01   2.830696e+00   2.193797e-01 224200701101856300      29481       2177     0 2454111.286944  1.387027e+01  8.414513e-02  1.387027e+01  8.414513e-02 
   95540046   2.688610e+00   2.079530e-01   2.688610e+00   2.079530e-01 224200701101857240      29480       2176     0 2454111.287569  1.392618e+01  8.397755e-02  1.392618e+01  8.397755e-02 
   95540102   3.127139e+00   1.977697e-01   3.127139e+00   1.977697e-01 224200701101858190      29481       2176     0 2454111.288218  1.376213e+01  6.866547e-02  1.376213e+01  6.866547e-02 
   95626320   3.082031e+00   2.483096e-01   3.082031e+00   2.483096e-01 224200701111855200      29503       2168     0 2454112.286111  1.377791e+01  8.747465e-02  1.377791e+01  8.747465e-02 
   95626377   2.803850e+00   2.343871e-01   2.803850e+00   2.343871e-01 224200701111856160      29502       2167     0 2454112.286771  1.388061e+01  9.076217e-02  1.388061e+01  9.076217e-02 
   95626431   2.725111e+00   2.221910e-01   2.725111e+00   2.221910e-01 224200701111857110      29502       2166     0 2454112.287396  1.391154e+01  8.852546e-02  1.391154e+01  8.852546e-02 
   95626487   3.051935e+00   2.113658e-01   3.051935e+00   2.113658e-01 224200701111858070      29502       2166     0 2454112.288044  1.378856e+01  7.519434e-02  1.378856e+01  7.519434e-02 
   95712707   2.985330e+00   2.319105e-01   2.985330e+00   2.319105e-01 224200701121855060      29474       2168     0 2454113.285961  1.381252e+01  8.434392e-02  1.381252e+01  8.434392e-02 
   95712761   2.854920e+00   2.197315e-01   2.854920e+00   2.197315e-01 224200701121856000      29474       2168     0 2454113.286586  1.386102e+01  8.356494e-02  1.386102e+01  8.356494e-02 
   95712815   2.894955e+00   2.088680e-01   2.894955e+00   2.088680e-01 224200701121856550      29474       2167     0 2454113.287211  1.384590e+01  7.833500e-02  1.384590e+01  7.833500e-02 
   95712871   2.637886e+00   1.982980e-01   2.637886e+00   1.982980e-01 224200701121857500      29474       2167     0 2454113.287859  1.394686e+01  8.161843e-02  1.394686e+01  8.161843e-02 
   95799127   2.750251e+00   2.020116e-01   2.750251e+00   2.020116e-01 224200701131855270      29475       2183     0 2454114.286192  1.390157e+01  7.974984e-02  1.390157e+01  7.974984e-02 
   95799181   2.806625e+00   1.922930e-01   2.806625e+00   1.922930e-01 224200701131856210      29474       2183     0 2454114.286817  1.387954e+01  7.438837e-02  1.387954e+01  7.438837e-02 
   95799305   2.984449e+00   1.722675e-01   2.984449e+00   1.722675e-01 224200701131858250      29465       2191     0 2454114.288252  1.381284e+01  6.267076e-02  1.381284e+01  6.267076e-02 
   95799359   2.984732e+00   1.645725e-01   2.984732e+00   1.645725e-01 224200701131859190      29466       2191     0 2454114.288877  1.381274e+01  5.986564e-02  1.381274e+01  5.986564e-02 
   95885597   3.081244e+00   1.933553e-01   3.081244e+00   1.933553e-01 224200701141856390      29477       2189     0 2454115.287002  1.377818e+01  6.813272e-02  1.377818e+01  6.813272e-02 
   95885707   3.269718e+00   1.760491e-01   3.269718e+00   1.760491e-01 224200701141858280      29476       2188     0 2454115.288275  1.371372e+01  5.845870e-02  1.371372e+01  5.845870e-02 
   95885838   3.252214e+00   1.591851e-01   3.252214e+00   1.591851e-01 224200701141900400      29479       2185     0 2454115.289792  1.371955e+01  5.314337e-02  1.371955e+01  5.314337e-02 
  105941762   2.208949e+00   3.057030e-01   2.208949e+00   3.057030e-01 223200705110414520        994        557     0 2454231.677801  1.413954e+01  1.502588e-01  1.413954e+01  1.502588e-01 
  105941818   2.644200e+00   3.261979e-01   2.644200e+00   3.261979e-01 223200705110415490        998        556     0 2454231.678449  1.394426e+01  1.339407e-01  1.394426e+01  1.339407e-01 
  105941877   2.691805e+00   3.487443e-01   2.691805e+00   3.487443e-01 223200705110416470       1000        555     0 2454231.679132  1.392489e+01  1.406661e-01  1.392489e+01  1.406661e-01 
  105941932   3.092287e+00   3.750174e-01   3.092287e+00   3.750174e-01 223200705110417430       1002        554     0 2454231.679769  1.377430e+01  1.316732e-01  1.377430e+01  1.316732e-01 
  106027817   2.721418e+00   1.907593e-01   2.721418e+00   1.907593e-01 223200705120409040       1019        533     0 2454232.673808  1.391301e+01  7.610556e-02  1.391301e+01  7.610556e-02 
  106027943   2.273792e+00   2.016616e-01   2.273792e+00   2.016616e-01 223200705120411090       1006        545     0 2454232.675266  1.410812e+01  9.629384e-02  1.410812e+01  9.629384e-02 
  106027997   2.448941e+00   2.112755e-01   2.448941e+00   2.112755e-01 223200705120412040       1009        544     0 2454232.675891  1.402755e+01  9.366918e-02  1.402755e+01  9.366918e-02 
  106028051   2.788095e+00   2.246190e-01   2.788095e+00   2.246190e-01 223200705120412580       1011        544     0 2454232.676516  1.388673e+01  8.747113e-02  1.388673e+01  8.747113e-02 
  106114072   2.544997e+00   1.886629e-01   2.544997e+00   1.886629e-01 223200705130406340        995        556     0 2454233.672130  1.398578e+01  8.048688e-02  1.398578e+01  8.048688e-02 
  106114126   2.364606e+00   1.945212e-01   2.364606e+00   1.945212e-01 223200705130407290        999        555     0 2454233.672755  1.406560e+01  8.931699e-02  1.406560e+01  8.931699e-02 
  106114182   2.402782e+00   1.991159e-01   2.402782e+00   1.991159e-01 223200705130408240       1002        555     0 2454233.673403  1.404821e+01  8.997410e-02  1.404821e+01  8.997410e-02 
  106114236   2.514322e+00   2.052688e-01   2.514322e+00   2.052688e-01 223200705130409190       1003        555     0 2454233.674028  1.399895e+01  8.863960e-02  1.399895e+01  8.863960e-02 
  124569718   3.049177e+00   2.951757e-01   3.049177e+00   2.951757e-01 223200712121844190        582       4022     0 2454447.279144  1.378954e+01  1.051051e-01  1.378954e+01  1.051051e-01 
  124571584   3.545824e+00   1.045701e-01   3.545824e+00   1.045701e-01 222200712121915250       4657      18566     0 2454447.300741  1.362571e+01  3.201963e-02  1.362571e+01  3.201963e-02 
  124571648   3.148966e+00   8.805943e-02   3.148966e+00   8.805943e-02 221200712121916280      19388       7894     0 2454447.301481  1.375458e+01  3.036223e-02  1.375458e+01  3.036223e-02 
  124571708   2.209213e+00   9.452564e-02   2.209213e+00   9.452564e-02 223200712121917280        597       3978     0 2454447.302176  1.413941e+01  4.645558e-02  1.413941e+01  4.645558e-02 
  124572792   3.590125e+00   1.024400e-01   3.590125e+00   1.024400e-01 222200712121935320       4639      18581     0 2454447.314722  1.361223e+01  3.098031e-02  1.361223e+01  3.098031e-02 
  124573042   2.119947e+00   9.318618e-02   2.119947e+00   9.318618e-02 223200712121939430        583       3904     0 2454447.317616  1.418419e+01  4.772571e-02  1.418419e+01  4.772571e-02 
