\OBJNAME = '1SWASP J002209.29-721436.5'
\OBSSTART = '2006-05-11T04:14:48'
\OBSSTOP = '2007-12-12T19:39:43'
\TSTART = 74405740
\TSTOP = 124573052
\JD_REF = 2453005.5
\RA_OBJ = '5.538714'
\DEC_OBJ = '-72.243494'
\WASP_MAG = 13.09742
\HJD_START = 2453866.677546
\HJD_STOP = 2454447.317731
\fixlen = T
\NUMRECORDS = 392
\
\ This file was produced by the NASA Exoplanet Archive  http://exoplanetarchive.ipac.caltech.edu 
\ Wed Sep 11, 21:23:08 2013
\ Documentation for the SuperWASP dataset can be found at http://exoplanetarchive.ipac.caltech.edu/docs/SuperWASPMission.html
\
|TMID      |FLUX2         |FLUX2_ERR     |TAMFLUX2      |TAMFLUX2_ERR  |IMAGEID           |CCDX      |CCDY      |FLAG |           HJD|         MAG2|     MAG2_ERR|      TAMMAG2|  TAMMAG2_ERR|
|int       |float         |float         |float         |float         |char              |int       |int       |int  |        double|        float|        float|        float|        float|
|sec       |micro Vega    |micro Vega    |micro Vega    |micro Vega    |                  |1/16 pixel|1/16 pixel|     |           day|          mag|          mag|          mag|          mag|
|null      |null          |null          |null          |null          |null              |null      |null      |null |          null|         null|         null|         null|         null|
   74405740   5.840973e+00   2.665000e-01   5.840973e+00   2.665000e-01 223200605110414480      10886        825     0 2453866.677546  1.308379e+01  4.953793e-02  1.308379e+01  4.953793e-02 
   74405793   6.077831e+00   2.886431e-01   6.077831e+00   2.886431e-01 223200605110415410      10891        822     0 2453866.678160  1.304063e+01  5.156302e-02  1.304063e+01  5.156302e-02 
   74405877   6.190789e+00   3.207905e-01   6.190789e+00   3.207905e-01 223200605110417040      10896        820     0 2453866.679132  1.302063e+01  5.626020e-02  1.302063e+01  5.626020e-02 
   74405942   6.397251e+00   3.632227e-01   6.397251e+00   3.632227e-01 223200605110418100      10903        794     0 2453866.679884  1.298502e+01  6.164607e-02  1.298502e+01  6.164607e-02 
   74491853   6.448133e+00   2.888789e-01   6.448133e+00   2.888789e-01 223200605120409570      10906        752     0 2453867.674225  1.297641e+01  4.864157e-02  1.297641e+01  4.864157e-02 
   74491991   6.964723e+00   3.013374e-01   6.964723e+00   3.013374e-01 223200605120412150      10914        749     0 2453867.675822  1.289274e+01  4.697589e-02  1.289274e+01  4.697589e-02 
   74492044   6.508492e+00   3.145704e-01   6.508492e+00   3.145704e-01 223200605120413070      10917        748     0 2453867.676435  1.296630e+01  5.247630e-02  1.296630e+01  5.247630e-02 
   74750436   5.970846e+00   3.994142e-01   5.970846e+00   3.994142e-01 223200605150359270      10906        752     0 2453870.667083  1.305991e+01  7.262959e-02  1.305991e+01  7.262959e-02 
   74750549   6.153684e+00   3.924609e-01   6.153684e+00   3.924609e-01 223200605150401200      10913        750     0 2453870.668391  1.302716e+01  6.924478e-02  1.302716e+01  6.924478e-02 
   75613636   5.332408e+00   1.643830e-01   5.332408e+00   1.643830e-01 223200605250345300      10981        768     0 2453880.657824  1.318269e+01  3.347028e-02  1.318269e+01  3.347028e-02 
   75613699   5.168612e+00   1.647210e-01   5.168612e+00   1.647210e-01 223200605250346340      10990        740     0 2453880.658553  1.321657e+01  3.460198e-02  1.321657e+01  3.460198e-02 
   75613757   5.029119e+00   1.624622e-01   5.029119e+00   1.624622e-01 223200605250347310      10993        739     0 2453880.659225  1.324627e+01  3.507408e-02  1.324627e+01  3.507408e-02 
   75613825   5.397097e+00   1.648281e-01   5.397097e+00   1.648281e-01 223200605250348400      10992        762     0 2453880.660012  1.316960e+01  3.315865e-02  1.316960e+01  3.315865e-02 
   75700091   5.325540e+00   1.627351e-01   5.325540e+00   1.627351e-01 223200605260346210      11001        758     0 2453881.658461  1.318409e+01  3.317749e-02  1.318409e+01  3.317749e-02 
   75700154   5.342529e+00   1.610647e-01   5.342529e+00   1.610647e-01 223200605260347250      11008        728     0 2453881.659190  1.318063e+01  3.273251e-02  1.318063e+01  3.273251e-02 
   75700221   5.259568e+00   1.588785e-01   5.259568e+00   1.588785e-01 223200605260348310      11007        752     0 2453881.659965  1.319763e+01  3.279752e-02  1.319763e+01  3.279752e-02 
   75700290   5.270255e+00   1.601842e-01   5.270255e+00   1.601842e-01 223200605260349400      11012        722     0 2453881.660764  1.319542e+01  3.299998e-02  1.319542e+01  3.299998e-02 
   76132310   4.770130e+00   1.375486e-01   4.770130e+00   1.375486e-01 223200605310349440      11065        731     0 2453886.660995  1.330367e+01  3.130775e-02  1.330367e+01  3.130775e-02 
   76132377   4.968330e+00   1.364723e-01   4.968330e+00   1.364723e-01 223200605310350510      11072        701     0 2453886.661771  1.325947e+01  2.982359e-02  1.325947e+01  2.982359e-02 
   76132426   4.854977e+00   1.357147e-01   4.854977e+00   1.357147e-01 223200605310351390      11073        699     0 2453886.662338  1.328453e+01  3.035048e-02  1.328453e+01  3.035048e-02 
   76132488   4.828783e+00   1.366165e-01   4.828783e+00   1.366165e-01 223200605310352410      11076        698     0 2453886.663056  1.329041e+01  3.071789e-02  1.329041e+01  3.071789e-02 
   76218781   4.754764e+00   1.398798e-01   4.754764e+00   1.398798e-01 223200606010350510      11083        693     0 2453887.661817  1.330718e+01  3.194125e-02  1.330718e+01  3.194125e-02 
   76218849   4.871950e+00   1.408889e-01   4.871950e+00   1.408889e-01 223200606010351580      11083        715     0 2453887.662604  1.328074e+01  3.139785e-02  1.328074e+01  3.139785e-02 
   76218919   4.883697e+00   1.399475e-01   4.883697e+00   1.399475e-01 223200606010353090      11087        713     0 2453887.663414  1.327813e+01  3.111303e-02  1.327813e+01  3.111303e-02 
   76219005   4.678566e+00   1.392472e-01   4.678566e+00   1.392472e-01 223200606010354350      11094        686     0 2453887.664410  1.332472e+01  3.231465e-02  1.332472e+01  3.231465e-02 
   76478187   5.144999e+00   1.518558e-01   5.144999e+00   1.518558e-01 223200606040354060      11094        685     0 2453890.664201  1.322154e+01  3.204585e-02  1.322154e+01  3.204585e-02 
   76478260   5.111518e+00   1.530593e-01   5.111518e+00   1.530593e-01 223200606040355190      11095        708     0 2453890.665046  1.322863e+01  3.251140e-02  1.322863e+01  3.251140e-02 
   76478336   5.319283e+00   1.531682e-01   5.319283e+00   1.531682e-01 223200606040356360      11102        677     0 2453890.665926  1.318537e+01  3.126378e-02  1.318537e+01  3.126378e-02 
   76478389   5.293081e+00   1.520063e-01   5.293081e+00   1.520063e-01 223200606040357280      11104        675     0 2453890.666539  1.319073e+01  3.118021e-02  1.319073e+01  3.118021e-02 
   76564529   6.190614e+00   3.645434e-01   6.190614e+00   3.645434e-01 223200606050353060      11121        669     0 2453891.663530  1.302067e+01  6.393540e-02  1.302067e+01  6.393540e-02 
   76564588   6.353334e+00   3.558509e-01   6.353334e+00   3.558509e-01 223200606050354050      11125        669     0 2453891.664213  1.299250e+01  6.081241e-02  1.299250e+01  6.081241e-02 
   76564648   6.878467e+00   3.617516e-01   6.878467e+00   3.617516e-01 223200606050355050      11128        666     0 2453891.664907  1.290627e+01  5.710113e-02  1.290627e+01  5.710113e-02 
   76564706   5.722217e+00   3.300357e-01   5.722217e+00   3.300357e-01 223200606050356020      11130        665     0 2453891.665579  1.310609e+01  6.262136e-02  1.310609e+01  6.262136e-02 
   76650901   4.851528e+00   1.407698e-01   4.851528e+00   1.407698e-01 223200606060352330      11110        666     0 2453892.663206  1.328530e+01  3.150335e-02  1.328530e+01  3.150335e-02 
   76651035   5.122337e+00   1.471783e-01   5.122337e+00   1.471783e-01 223200606060354480      11117        665     0 2453892.664757  1.322633e+01  3.119618e-02  1.322633e+01  3.119618e-02 
   76651091   5.204934e+00   1.442375e-01   5.204934e+00   1.442375e-01 223200606060355430      11119        662     0 2453892.665405  1.320896e+01  3.008770e-02  1.320896e+01  3.008770e-02 
   76651167   5.109544e+00   1.433249e-01   5.109544e+00   1.433249e-01 223200606060357000      11118        685     0 2453892.666285  1.322904e+01  3.045548e-02  1.322904e+01  3.045548e-02 
   76737395   5.271281e+00   1.458150e-01   5.271281e+00   1.458150e-01 223200606070354040      11120        669     0 2453893.664294  1.319521e+01  3.003390e-02  1.319521e+01  3.003390e-02 
   76737448   5.075994e+00   1.450703e-01   5.075994e+00   1.450703e-01 223200606070354570      11123        667     0 2453893.664907  1.323620e+01  3.103011e-02  1.323620e+01  3.103011e-02 
   76737503   4.850103e+00   1.447839e-01   4.850103e+00   1.447839e-01 223200606070355530      11125        664     0 2453893.665544  1.328562e+01  3.241120e-02  1.328562e+01  3.241120e-02 
   76737559   4.990537e+00   1.456240e-01   4.990537e+00   1.456240e-01 223200606070356480      11127        663     0 2453893.666192  1.325463e+01  3.168192e-02  1.325463e+01  3.168192e-02 
   76823785   4.973139e+00   1.437295e-01   4.973139e+00   1.437295e-01 223200606080353510      11147        668     0 2453894.664178  1.325842e+01  3.137914e-02  1.325842e+01  3.137914e-02 
   76823844   4.923510e+00   1.436632e-01   4.923510e+00   1.436632e-01 223200606080354510      11151        665     0 2453894.664861  1.326931e+01  3.168083e-02  1.326931e+01  3.168083e-02 
   76823903   5.112360e+00   1.428571e-01   5.112360e+00   1.428571e-01 223200606080355500      11153        663     0 2453894.665544  1.322845e+01  3.033935e-02  1.322845e+01  3.033935e-02 
   76823989   5.151123e+00   1.417406e-01   5.151123e+00   1.417406e-01 223200606080357160      11152        686     0 2453894.666539  1.322025e+01  2.987571e-02  1.322025e+01  2.987571e-02 
   76910211   4.755614e+00   1.385896e-01   4.755614e+00   1.385896e-01 223200606090354140      11143        655     0 2453895.664479  1.330698e+01  3.164098e-02  1.330698e+01  3.164098e-02 
   76910265   4.577175e+00   1.410143e-01   4.577175e+00   1.410143e-01 223200606090355080      11146        653     0 2453895.665104  1.334851e+01  3.344963e-02  1.334851e+01  3.344963e-02 
   76910349   5.004809e+00   1.420087e-01   5.004809e+00   1.420087e-01 223200606090356320      11145        675     0 2453895.666076  1.325153e+01  3.080728e-02  1.325153e+01  3.080728e-02 
   76910421   4.792940e+00   1.388302e-01   4.792940e+00   1.388302e-01 223200606090357440      11150        648     0 2453895.666910  1.329850e+01  3.144908e-02  1.329850e+01  3.144908e-02 
   76996566   6.107445e+00   2.611978e-01   6.107445e+00   2.611978e-01 223200606100353270      11149        656     0 2453896.663958  1.303535e+01  4.643397e-02  1.303535e+01  4.643397e-02 
   76996631   5.882404e+00   2.567964e-01   5.882404e+00   2.567964e-01 223200606100354320      11152        652     0 2453896.664711  1.307611e+01  4.739799e-02  1.307611e+01  4.739799e-02 
   76996692   5.934900e+00   2.532050e-01   5.934900e+00   2.532050e-01 223200606100355320      11154        650     0 2453896.665417  1.306647e+01  4.632173e-02  1.306647e+01  4.632173e-02 
   76996747   6.058420e+00   2.529450e-01   6.058420e+00   2.529450e-01 223200606100356270      11156        649     0 2453896.666053  1.304410e+01  4.533071e-02  1.304410e+01  4.533071e-02 
   77082986   6.350654e+00   4.323027e-01   6.350654e+00   4.323027e-01 223200606110353440      11161        645     0 2453897.664190  1.299295e+01  7.390866e-02  1.299295e+01  7.390866e-02 
   77083063   5.842093e+00   4.338507e-01   5.842093e+00   4.338507e-01 223200606110355000      11162        667     0 2453897.665081  1.308358e+01  8.063020e-02  1.308358e+01  8.063020e-02 
   77083144   6.157228e+00   4.220815e-01   6.157228e+00   4.220815e-01 223200606110356210      11168        639     0 2453897.666019  1.302654e+01  7.442810e-02  1.302654e+01  7.442810e-02 
   77083198   6.564813e+00   4.230798e-01   6.564813e+00   4.230798e-01 223200606110357160      11169        637     0 2453897.666644  1.295694e+01  6.997224e-02  1.295694e+01  6.997224e-02 
   77169252   6.290034e+00   5.366459e-01   6.290034e+00   5.366459e-01 223200606120351270      11161        664     0 2453898.662639  1.300337e+01  9.263193e-02  1.300337e+01  9.263193e-02 
   77169314   6.806375e+00   5.303968e-01   6.806375e+00   5.303968e-01 223200606120352290      11168        636     0 2453898.663356  1.291771e+01  8.460790e-02  1.291771e+01  8.460790e-02 
   77169372   5.971197e+00   5.260962e-01   5.971197e+00   5.260962e-01 223200606120353260      11170        634     0 2453898.664028  1.305985e+01  9.565983e-02  1.305985e+01  9.565983e-02 
   77169432   5.720720e+00   5.310930e-01   5.720720e+00   5.310930e-01 223200606120354260      11171        631     0 2453898.664722  1.310637e+01  1.007966e-01  1.310637e+01  1.007966e-01 
   77514678   1.293946e+01   2.438347e+00   1.293946e+01   2.438347e+00 223200606160348210      11171        603     0 2453902.660625  1.222021e+01  2.045997e-01  1.222021e+01  2.045997e-01 
   77514743   1.243436e+01   3.095509e+00   1.243436e+01   3.095509e+00 223200606160349260      11172        601     0 2453902.661377  1.226344e+01  2.702928e-01  1.226344e+01  2.702928e-01 
   77601363   5.745016e+00   2.271310e-01   5.745016e+00   2.271310e-01 223200606170353030      11185        587     0 2453903.663924  1.310177e+01  4.292506e-02  1.310177e+01  4.292506e-02 
   77601433   5.733006e+00   2.253203e-01   5.733006e+00   2.253203e-01 223200606170354120      11184        610     0 2453903.664734  1.310404e+01  4.267208e-02  1.310404e+01  4.267208e-02 
   77601503   5.740335e+00   2.234494e-01   5.740335e+00   2.234494e-01 223200606170355220      11185        608     0 2453903.665544  1.310266e+01  4.226373e-02  1.310266e+01  4.226373e-02 
   77601560   6.045950e+00   2.288376e-01   6.045950e+00   2.288376e-01 223200606170356190      11190        581     0 2453903.666204  1.304634e+01  4.109496e-02  1.304634e+01  4.109496e-02 
   77687707   5.537136e+00   1.982778e-01   5.537136e+00   1.982778e-01 223200606180352030      11206        581     0 2453904.663275  1.314179e+01  3.887896e-02  1.314179e+01  3.887896e-02 
   77687750   5.620435e+00   1.990689e-01   5.620435e+00   1.990689e-01 223200606180352470      11207        580     0 2453904.663773  1.312558e+01  3.845558e-02  1.312558e+01  3.845558e-02 
   77687818   5.541445e+00   1.971047e-01   5.541445e+00   1.971047e-01 223200606180353550      11209        578     0 2453904.664560  1.314094e+01  3.861889e-02  1.314094e+01  3.861889e-02 
   77687869   5.512518e+00   1.974356e-01   5.512518e+00   1.974356e-01 223200606180354460      11210        577     0 2453904.665150  1.314662e+01  3.888673e-02  1.314662e+01  3.888673e-02 
   77774343   5.124422e+00   1.671209e-01   5.124422e+00   1.671209e-01 223200606190355570      11251        562     0 2453905.666007  1.322589e+01  3.540884e-02  1.322589e+01  3.540884e-02 
   77774399   5.319367e+00   1.679664e-01   5.319367e+00   1.679664e-01 223200606190356530      11251        562     0 2453905.666655  1.318535e+01  3.428374e-02  1.318535e+01  3.428374e-02 
   77774461   5.107577e+00   1.658745e-01   5.107577e+00   1.658745e-01 223200606190357560      11251        561     0 2453905.667373  1.322946e+01  3.526066e-02  1.322946e+01  3.526066e-02 
   77774526   5.337934e+00   1.694399e-01   5.337934e+00   1.694399e-01 223200606190359000      11246        587     0 2453905.668125  1.318157e+01  3.446421e-02  1.318157e+01  3.446421e-02 
   77860757   5.086105e+00   1.488859e-01   5.086105e+00   1.488859e-01 223200606200356080      11235        557     0 2453906.666169  1.323404e+01  3.178294e-02  1.323404e+01  3.178294e-02 
   77860816   5.340447e+00   1.497867e-01   5.340447e+00   1.497867e-01 223200606200357080      11236        556     0 2453906.666852  1.318106e+01  3.045241e-02  1.318106e+01  3.045241e-02 
   77860880   5.058720e+00   1.489199e-01   5.058720e+00   1.489199e-01 223200606200358110      11235        556     0 2453906.667593  1.323990e+01  3.196229e-02  1.323990e+01  3.196229e-02 
   77860945   4.962779e+00   1.500258e-01   4.962779e+00   1.500258e-01 223200606200359170      11231        583     0 2453906.668345  1.326069e+01  3.282214e-02  1.326069e+01  3.282214e-02 
   77947068   5.336327e+00   1.560329e-01   5.336327e+00   1.560329e-01 223200606210354360      11230        556     0 2453907.665139  1.318189e+01  3.174678e-02  1.318189e+01  3.174678e-02 
   77947122   5.423069e+00   1.552583e-01   5.423069e+00   1.552583e-01 223200606210355300      11230        557     0 2453907.665764  1.316439e+01  3.108389e-02  1.316439e+01  3.108389e-02 
   77947200   4.711893e+00   1.557896e-01   4.711893e+00   1.557896e-01 223200606210356480      11227        582     0 2453907.666667  1.331701e+01  3.589790e-02  1.331701e+01  3.589790e-02 
   77947267   5.157698e+00   1.557670e-01   5.157698e+00   1.557670e-01 223200606210357550      11230        557     0 2453907.667442  1.321886e+01  3.279029e-02  1.321886e+01  3.279029e-02 
   78119978   5.176473e+00   1.453972e-01   5.176473e+00   1.453972e-01 223200606230356210      11221        536     0 2453909.666412  1.321492e+01  3.049636e-02  1.321492e+01  3.049636e-02 
   78120032   5.125822e+00   1.446877e-01   5.125822e+00   1.446877e-01 223200606230357150      11220        537     0 2453909.667037  1.322559e+01  3.064742e-02  1.322559e+01  3.064742e-02 
   78120180   5.075333e+00   1.452032e-01   5.075333e+00   1.452032e-01 223200606230359440      11220        547     0 2453909.668750  1.323634e+01  3.106259e-02  1.323634e+01  3.106259e-02 
   78120242   5.152949e+00   1.447218e-01   5.152949e+00   1.447218e-01 223200606230400460      11221        524     0 2453909.669468  1.321986e+01  3.049326e-02  1.321986e+01  3.049326e-02 
   78206437   5.052055e+00   1.483877e-01   5.052055e+00   1.483877e-01 223200606240357190      11240        522     0 2453910.667095  1.324133e+01  3.189008e-02  1.324133e+01  3.189008e-02 
   78206496   5.010850e+00   1.455236e-01   5.010850e+00   1.455236e-01 223200606240358180      11237        526     0 2453910.667778  1.325022e+01  3.153173e-02  1.325022e+01  3.153173e-02 
   78206571   5.058489e+00   1.459704e-01   5.058489e+00   1.459704e-01 223200606240359320      11229        556     0 2453910.668646  1.323995e+01  3.133069e-02  1.323995e+01  3.133069e-02 
   78206630   5.126346e+00   1.471198e-01   5.126346e+00   1.471198e-01 223200606240400310      11225        540     0 2453910.669329  1.322548e+01  3.115940e-02  1.322548e+01  3.115940e-02 
   78292877   5.072427e+00   1.379204e-01   5.072427e+00   1.379204e-01 223200606250357560      11242        505     0 2453911.667558  1.323696e+01  2.952150e-02  1.323696e+01  2.952150e-02 
   78292931   4.795661e+00   1.337994e-01   4.795661e+00   1.337994e-01 223200606250358490      11236        513     0 2453911.668183  1.329788e+01  3.029226e-02  1.329788e+01  3.029226e-02 
   78292982   4.954274e+00   1.367380e-01   4.954274e+00   1.367380e-01 223200606250359400      11226        526     0 2453911.668773  1.326255e+01  2.996643e-02  1.326255e+01  2.996643e-02 
   78293044   4.768433e+00   1.373465e-01   4.768433e+00   1.373465e-01 223200606250400430      11226        525     0 2453911.669491  1.330406e+01  3.127288e-02  1.330406e+01  3.127288e-02 
   78724945   4.940429e+00   1.373061e-01   4.940429e+00   1.373061e-01 223200606300358520      11250        510     0 2453916.668345  1.326559e+01  3.017526e-02  1.326559e+01  3.017526e-02 
   78725022   4.737716e+00   1.386154e-01   4.737716e+00   1.386154e-01 223200606300400090      11256        481     0 2453916.669236  1.331108e+01  3.176642e-02  1.331108e+01  3.176642e-02 
   78725069   5.104572e+00   1.390318e-01   5.104572e+00   1.390318e-01 223200606300400570      11257        479     0 2453916.669780  1.323010e+01  2.957199e-02  1.323010e+01  2.957199e-02 
   78725133   4.782300e+00   1.394073e-01   4.782300e+00   1.394073e-01 223200606300402000      11258        477     0 2453916.670521  1.330091e+01  3.165006e-02  1.330091e+01  3.165006e-02 
   78811381   4.726051e+00   1.431388e-01   4.726051e+00   1.431388e-01 223200607010359260      11249        474     0 2453917.668762  1.331375e+01  3.288401e-02  1.331375e+01  3.288401e-02 
   78811460   4.808104e+00   1.417803e-01   4.808104e+00   1.417803e-01 223200607010400450      11248        497     0 2453917.669676  1.329506e+01  3.201607e-02  1.329506e+01  3.201607e-02 
   78811525   4.652534e+00   1.440409e-01   4.652534e+00   1.440409e-01 223200607010401510      11252        469     0 2453917.670428  1.333078e+01  3.361414e-02  1.333078e+01  3.361414e-02 
   78811576   5.025764e+00   1.444142e-01   5.025764e+00   1.444142e-01 223200607010402420      11253        467     0 2453917.671019  1.324699e+01  3.119851e-02  1.324699e+01  3.119851e-02 
   78897851   1.110738e+01   7.343512e-01   1.110738e+01   7.343512e-01 223200607020400340      11262        462     0 2453918.669572  1.238597e+01  7.178241e-02  1.238597e+01  7.178241e-02 
   78897905   5.657402e+00   4.182586e-01   5.657402e+00   4.182586e-01 223200607020401280      11262        460     0 2453918.670197  1.311846e+01  8.027007e-02  1.311846e+01  8.027007e-02 
   78984194   4.723535e+00   1.379252e-01   4.723535e+00   1.379252e-01 223200607030359350      11268        450     0 2453919.668912  1.331433e+01  3.170314e-02  1.331433e+01  3.170314e-02 
   78984248   4.838867e+00   1.370389e-01   4.838867e+00   1.370389e-01 223200607030400290      11270        447     0 2453919.669537  1.328814e+01  3.074865e-02  1.328814e+01  3.074865e-02 
   78984306   4.736552e+00   1.374167e-01   4.736552e+00   1.374167e-01 223200607030401270      11271        446     0 2453919.670208  1.331134e+01  3.149946e-02  1.331134e+01  3.149946e-02 
   78984361   4.955551e+00   1.485263e-01   4.955551e+00   1.485263e-01 223200607030402220      11271        444     0 2453919.670845  1.326227e+01  3.254148e-02  1.326227e+01  3.254148e-02 
   79070518   4.922871e+00   1.347837e-01   4.922871e+00   1.347837e-01 223200607040358180      11265        429     0 2453920.668032  1.326945e+01  2.972657e-02  1.326945e+01  2.972657e-02 
   79070564   4.938254e+00   1.343738e-01   4.938254e+00   1.343738e-01 223200607040359040      11266        428     0 2453920.668565  1.326607e+01  2.954384e-02  1.326607e+01  2.954384e-02 
   79070630   4.834813e+00   1.362649e-01   4.834813e+00   1.362649e-01 223200607040400090      11267        425     0 2453920.669329  1.328905e+01  3.060061e-02  1.328905e+01  3.060061e-02 
   79070682   5.017343e+00   1.363894e-01   5.017343e+00   1.363894e-01 223200607040401020      11267        423     0 2453920.669931  1.324882e+01  2.951430e-02  1.324882e+01  2.951430e-02 
   79415947   4.917059e+00   1.377677e-01   4.917059e+00   1.377677e-01 223200607080355190      11263        414     0 2453924.666053  1.327074e+01  3.042061e-02  1.327074e+01  3.042061e-02 
   79416104   4.822768e+00   1.371146e-01   4.822768e+00   1.371146e-01 223200607080357570      11266        437     0 2453924.667870  1.329176e+01  3.086834e-02  1.329176e+01  3.086834e-02 
   79416171   4.697624e+00   1.379463e-01   4.697624e+00   1.379463e-01 223200607080359030      11270        409     0 2453924.668646  1.332030e+01  3.188288e-02  1.332030e+01  3.188288e-02 
   79416229   5.052633e+00   1.393230e-01   5.052633e+00   1.393230e-01 223200607080400010      11271        406     0 2453924.669317  1.324121e+01  2.993856e-02  1.324121e+01  2.993856e-02 
   79502435   5.134168e+00   1.946715e-01   5.134168e+00   1.946715e-01 223200607090356460      11275        407     0 2453925.667072  1.322382e+01  4.116784e-02  1.322382e+01  4.116784e-02 
   79502487   5.182782e+00   1.933520e-01   5.182782e+00   1.933520e-01 223200607090357380      11275        405     0 2453925.667674  1.321359e+01  4.050528e-02  1.321359e+01  4.050528e-02 
   79502556   5.232716e+00   1.876224e-01   5.232716e+00   1.876224e-01 223200607090358470      11276        402     0 2453925.668472  1.320318e+01  3.892990e-02  1.320318e+01  3.892990e-02 
   79502710   5.263034e+00   1.855898e-01   5.263034e+00   1.855898e-01 223200607090401200      11273        385     0 2453925.670255  1.319691e+01  3.828634e-02  1.319691e+01  3.828634e-02 
   80278189   5.350419e+00   2.161432e-01   5.350419e+00   2.161432e-01 223200607180325470      11306        365     0 2453934.645706  1.317903e+01  4.386112e-02  1.317903e+01  4.386112e-02 
   80278251   5.510813e+00   2.082886e-01   5.510813e+00   2.082886e-01 223200607180326500      11310        336     0 2453934.646424  1.314696e+01  4.103701e-02  1.314696e+01  4.103701e-02 
   80278326   6.036196e+00   2.384135e-01   6.036196e+00   2.384135e-01 223200607180328050      11306        360     0 2453934.647292  1.304809e+01  4.288381e-02  1.304809e+01  4.288381e-02 
   80278404   5.557642e+00   3.065975e-01   5.557642e+00   3.065975e-01 223200607180329220      11310        332     0 2453934.648194  1.313777e+01  5.989684e-02  1.313777e+01  5.989684e-02 
   80364281   4.904500e+00   1.624726e-01   4.904500e+00   1.624726e-01 223200607190320380      11302        347     0 2453935.642141  1.327351e+01  3.596758e-02  1.327351e+01  3.596758e-02 
   80364337   5.441530e+00   1.627064e-01   5.441530e+00   1.627064e-01 223200607190321350      11302        345     0 2453935.642789  1.316070e+01  3.246456e-02  1.316070e+01  3.246456e-02 
   80364397   5.251532e+00   1.624351e-01   5.251532e+00   1.624351e-01 223200607190322340      11302        344     0 2453935.643484  1.319929e+01  3.358302e-02  1.319929e+01  3.358302e-02 
   80364458   5.385396e+00   1.620903e-01   5.385396e+00   1.620903e-01 223200607190323360      11303        342     0 2453935.644190  1.317196e+01  3.267872e-02  1.317196e+01  3.267872e-02 
   80450497   4.983632e+00   1.467556e-01   4.983632e+00   1.467556e-01 223200607200317340      11306        338     0 2453936.640012  1.325613e+01  3.197236e-02  1.325613e+01  3.197236e-02 
   80450558   4.864957e+00   1.475800e-01   4.864957e+00   1.475800e-01 223200607200318350      11306        337     0 2453936.640718  1.328230e+01  3.293626e-02  1.328230e+01  3.293626e-02 
   80450622   5.128359e+00   1.474037e-01   5.128359e+00   1.474037e-01 223200607200319380      11306        335     0 2453936.641458  1.322505e+01  3.120728e-02  1.322505e+01  3.120728e-02 
   80450679   4.978990e+00   1.485115e-01   4.978990e+00   1.485115e-01 223200607200320360      11306        333     0 2453936.642118  1.325715e+01  3.238506e-02  1.325715e+01  3.238506e-02 
   80967429   4.787040e+00   1.350154e-01   4.787040e+00   1.350154e-01 223200607260253020      11265        374     0 2453942.623021  1.329983e+01  3.062259e-02  1.329983e+01  3.062259e-02 
   80967488   4.987104e+00   1.341764e-01   4.987104e+00   1.341764e-01 223200607260254000      11266        372     0 2453942.623704  1.325538e+01  2.921149e-02  1.325538e+01  2.921149e-02 
   80967548   4.779803e+00   1.324590e-01   4.779803e+00   1.324590e-01 223200607260255010      11267        370     0 2453942.624398  1.330147e+01  3.008828e-02  1.330147e+01  3.008828e-02 
   80967604   4.629623e+00   1.327164e-01   4.629623e+00   1.327164e-01 223200607260255560      11268        368     0 2453942.625046  1.333614e+01  3.112468e-02  1.333614e+01  3.112468e-02 
   81053649   4.877192e+00   1.458070e-01   4.877192e+00   1.458070e-01 223200607270250020      11261        370     0 2453943.620938  1.327958e+01  3.245893e-02  1.327958e+01  3.245893e-02 
   81053711   5.022737e+00   1.490654e-01   5.022737e+00   1.490654e-01 223200607270251040      11262        367     0 2453943.621655  1.324765e+01  3.222273e-02  1.324765e+01  3.222273e-02 
   81053767   4.953318e+00   1.466816e-01   4.953318e+00   1.466816e-01 223200607270251590      11263        366     0 2453943.622303  1.326276e+01  3.215180e-02  1.326276e+01  3.215180e-02 
   81053829   4.885231e+00   1.440892e-01   4.885231e+00   1.440892e-01 223200607270253010      11263        363     0 2453943.623021  1.327779e+01  3.202374e-02  1.327779e+01  3.202374e-02 
   81139886   9.512431e+00   1.577572e+00   9.512431e+00   1.577572e+00 223200607280247170      11280        359     0 2453944.619051  1.255427e+01  1.800626e-01  1.255427e+01  1.800626e-01 
   81139994   6.278051e+00   6.591557e-01   6.278051e+00   6.591557e-01 223200607280249060      11281        356     0 2453944.620301  1.300544e+01  1.139958e-01  1.300544e+01  1.139958e-01 
   82346064   7.442286e+00   4.279094e-01   7.442286e+00   4.279094e-01 224200608110150170      20408       1924     0 2453958.579444  1.282073e+01  6.242684e-02  1.282073e+01  6.242684e-02 
   82346064   6.111245e+00   4.456747e-01   6.111245e+00   4.456747e-01 223200608110150170      11277        404     0 2453958.579444  1.303468e+01  7.917976e-02  1.303468e+01  7.917976e-02 
   82346120   7.318448e+00   4.250055e-01   7.318448e+00   4.250055e-01 224200608110151120      20403       1925     0 2453958.580093  1.283895e+01  6.305236e-02  1.283895e+01  6.305236e-02 
   82346120   5.793873e+00   4.379357e-01   5.793873e+00   4.379357e-01 223200608110151120      11280        403     0 2453958.580093  1.309258e+01  8.206674e-02  1.309258e+01  8.206674e-02 
   82346175   7.150229e+00   4.265301e-01   7.150229e+00   4.265301e-01 224200608110152070      20402       1927     0 2453958.580729  1.286420e+01  6.476726e-02  1.286420e+01  6.476726e-02 
   82346175   6.606517e+00   4.416315e-01   6.606517e+00   4.416315e-01 223200608110152070      11281        399     0 2453958.580729  1.295007e+01  7.257940e-02  1.295007e+01  7.257940e-02 
   82346234   7.260648e+00   4.254098e-01   7.260648e+00   4.254098e-01 224200608110153070      20401       1929     0 2453958.581412  1.284756e+01  6.361476e-02  1.284756e+01  6.361476e-02 
   82346234   6.933218e+00   4.412488e-01   6.933218e+00   4.412488e-01 223200608110153070      11281        397     0 2453958.581412  1.289766e+01  6.909943e-02  1.289766e+01  6.909943e-02 
   82518419   1.148265e+01   4.429364e-01   1.148265e+01   4.429364e-01 224200608130142530      20367       2009     0 2453960.574294  1.234989e+01  4.188177e-02  1.234989e+01  4.188177e-02 
   82518419   6.000692e+00   2.924436e-01   6.000692e+00   2.924436e-01 223200608130142530      11279        373     0 2453960.574294  1.305450e+01  5.291352e-02  1.305450e+01  5.291352e-02 
   82518478   1.147357e+01   4.426568e-01   1.147357e+01   4.426568e-01 224200608130143530      20363       2010     0 2453960.574977  1.235075e+01  4.188848e-02  1.235075e+01  4.188848e-02 
   82518478   5.796878e+00   2.889391e-01   5.796878e+00   2.889391e-01 223200608130143520      11281        370     0 2453960.574977  1.309201e+01  5.411753e-02  1.309201e+01  5.411753e-02 
   82518540   6.146195e+00   2.943431e-01   6.146195e+00   2.943431e-01 223200608130144550      11279        365     0 2453960.575694  1.302848e+01  5.199641e-02  1.302848e+01  5.199641e-02 
   82518618   1.125605e+01   4.433157e-01   1.125605e+01   4.433157e-01 224200608130146120      20364       1988     0 2453960.576597  1.237154e+01  4.276150e-02  1.237154e+01  4.276150e-02 
   82518618   5.451398e+00   2.928382e-01   5.451398e+00   2.928382e-01 223200608130146120      11276        387     0 2453960.576597  1.315873e+01  5.832378e-02  1.315873e+01  5.832378e-02 
   82604601   6.833099e+00   2.368148e-01   6.833099e+00   2.368148e-01 224200608140139160      20341       2020     0 2453961.571771  1.291346e+01  3.762850e-02  1.291346e+01  3.762850e-02 
   82604601   5.472104e+00   2.396559e-01   5.472104e+00   2.396559e-01 223200608140139160      11280        393     0 2453961.571771  1.315461e+01  4.755100e-02  1.315461e+01  4.755100e-02 
   82604657   7.562447e+00   2.373268e-01   7.562447e+00   2.373268e-01 224200608140140120      20338       2019     0 2453961.572419  1.280334e+01  3.407299e-02  1.280334e+01  3.407299e-02 
   82604657   5.593204e+00   2.425283e-01   5.593204e+00   2.425283e-01 223200608140140120      11286        390     0 2453961.572419  1.313085e+01  4.707903e-02  1.313085e+01  4.707903e-02 
   82604714   7.522652e+00   2.386115e-01   7.522652e+00   2.386115e-01 224200608140141080      20333       2017     0 2453961.573079  1.280907e+01  3.443865e-02  1.280907e+01  3.443865e-02 
   82604714   5.429082e+00   2.447779e-01   5.429082e+00   2.447779e-01 223200608140141080      11299        388     0 2453961.573079  1.316318e+01  4.895213e-02  1.316318e+01  4.895213e-02 
   82604768   7.250096e+00   2.399662e-01   7.250096e+00   2.399662e-01 224200608140142030      20333       2018     0 2453961.573704  1.284914e+01  3.593620e-02  1.284914e+01  3.593620e-02 
   82604768   5.410481e+00   2.473153e-01   5.410481e+00   2.473153e-01 223200608140142030      11299        385     0 2453961.573704  1.316691e+01  4.962962e-02  1.316691e+01  4.962962e-02 
   82863074   7.375345e+00   1.674986e-01   7.375345e+00   1.674986e-01 224200608170127120      20352       1993     0 2453964.563356  1.283054e+01  2.465782e-02  1.283054e+01  2.465782e-02 
   82863074   5.182453e+00   1.676117e-01   5.182453e+00   1.676117e-01 223200608170127120      11270        402     0 2453964.563356  1.321366e+01  3.511518e-02  1.321366e+01  3.511518e-02 
   82863142   7.461036e+00   1.689627e-01   7.461036e+00   1.689627e-01 224200608170128190      20343       2018     0 2453964.564144  1.281800e+01  2.458768e-02  1.281800e+01  2.458768e-02 
   82863142   4.965376e+00   1.653815e-01   4.965376e+00   1.653815e-01 223200608170128190      11277        369     0 2453964.564144  1.326012e+01  3.616268e-02  1.326012e+01  3.616268e-02 
   82863198   7.425927e+00   1.692909e-01   7.425927e+00   1.692909e-01 224200608170129150      20342       2019     0 2453964.564792  1.282312e+01  2.475191e-02  1.282312e+01  2.475191e-02 
   82863198   5.228611e+00   1.660442e-01   5.228611e+00   1.660442e-01 223200608170129150      11278        367     0 2453964.564792  1.320403e+01  3.447968e-02  1.320403e+01  3.447968e-02 
   82863258   7.285603e+00   1.678294e-01   7.285603e+00   1.678294e-01 224200608170130160      20340       2020     0 2453964.565486  1.284384e+01  2.501084e-02  1.284384e+01  2.501084e-02 
   82863258   5.326294e+00   1.675377e-01   5.326294e+00   1.675377e-01 223200608170130160      11279        365     0 2453964.565486  1.318394e+01  3.415177e-02  1.318394e+01  3.415177e-02 
   82949247   7.286839e+00   1.390964e-01   7.286839e+00   1.390964e-01 224200608180123250      20413       1967     0 2453965.560729  1.284365e+01  2.072538e-02  1.284365e+01  2.072538e-02 
   82949247   4.816916e+00   1.376039e-01   4.816916e+00   1.376039e-01 223200608180123250      11273        348     0 2453965.560729  1.329308e+01  3.101613e-02  1.329308e+01  3.101613e-02 
   82949309   7.300908e+00   1.420885e-01   7.300908e+00   1.420885e-01 224200608180124270      20408       1968     0 2453965.561447  1.284156e+01  2.113041e-02  1.284156e+01  2.113041e-02 
   82949309   4.853420e+00   1.389031e-01   4.853420e+00   1.389031e-01 223200608180124270      11276        347     0 2453965.561447  1.328488e+01  3.107348e-02  1.328488e+01  3.107348e-02 
   82949372   7.033436e+00   1.414875e-01   7.033436e+00   1.414875e-01 224200608180125310      20407       1971     0 2453965.562176  1.288208e+01  2.184120e-02  1.288208e+01  2.184120e-02 
   82949372   4.709942e+00   1.372389e-01   4.709942e+00   1.372389e-01 223200608180125310      11275        344     0 2453965.562176  1.331746e+01  3.163643e-02  1.331746e+01  3.163643e-02 
   82949463   7.379725e+00   1.424526e-01   7.379725e+00   1.424526e-01 224200608180127020      20410       1949     0 2453965.563229  1.282990e+01  2.095830e-02  1.282990e+01  2.095830e-02 
   82949463   4.851658e+00   1.385465e-01   4.851658e+00   1.385465e-01 223200608180127020      11272        364     0 2453965.563229  1.328527e+01  3.100496e-02  1.328527e+01  3.100496e-02 
   83724675   7.198895e+00   1.388074e-01   7.198895e+00   1.388074e-01 224200608270047250      20389       2002     0 2453974.535590  1.285684e+01  2.093499e-02  1.285684e+01  2.093499e-02 
   83724675   4.619202e+00   1.327765e-01   4.619202e+00   1.327765e-01 223200608270047250      11254        401     0 2453974.535590  1.333858e+01  3.120902e-02  1.333858e+01  3.120902e-02 
   83724739   7.082911e+00   1.366356e-01   7.082911e+00   1.366356e-01 224200608270048280      20383       2027     0 2453974.536331  1.287447e+01  2.094489e-02  1.287447e+01  2.094489e-02 
   83724739   4.955201e+00   1.360656e-01   4.955201e+00   1.360656e-01 223200608270048280      11256        366     0 2453974.536331  1.326235e+01  2.981349e-02  1.326235e+01  2.981349e-02 
   83724814   4.587512e+00   1.338331e-01   4.587512e+00   1.338331e-01 223200608270049440      11253        388     0 2453974.537199  1.334606e+01  3.167467e-02  1.334606e+01  3.167467e-02 
   83724876   7.038233e+00   1.359374e-01   7.038233e+00   1.359374e-01 224200608270050460      20381       2030     0 2453974.537917  1.288134e+01  2.097013e-02  1.288134e+01  2.097013e-02 
   83724876   4.390234e+00   1.333813e-01   4.390234e+00   1.333813e-01 223200608270050460      11257        358     0 2453974.537917  1.339378e+01  3.298626e-02  1.339378e+01  3.298626e-02 
   83810841   6.820303e+00   1.321580e-01   6.820303e+00   1.321580e-01 224200608280043330      20386       2007     0 2453975.532882  1.291549e+01  2.103853e-02  1.291549e+01  2.103853e-02 
   83810841   4.468056e+00   1.285315e-01   4.468056e+00   1.285315e-01 223200608280043330      11258        389     0 2453975.532882  1.337470e+01  3.123321e-02  1.337470e+01  3.123321e-02 
   83810893   4.401220e+00   1.289018e-01   4.401220e+00   1.289018e-01 223200608280044250      11259        386     0 2453975.533484  1.339107e+01  3.179887e-02  1.339107e+01  3.179887e-02 
   83810964   4.536491e+00   1.280887e-01   4.536491e+00   1.280887e-01 223200608280045350      11259        382     0 2453975.534306  1.335820e+01  3.065609e-02  1.335820e+01  3.065609e-02 
   83810965   6.970066e+00   1.309831e-01   6.970066e+00   1.309831e-01 224200608280045360      20383       2011     0 2453975.534317  1.289191e+01  2.040348e-02  1.289191e+01  2.040348e-02 
   83811021   6.943563e+00   1.308165e-01   6.943563e+00   1.308165e-01 224200608280046320      20383       2011     0 2453975.534965  1.289604e+01  2.045530e-02  1.289604e+01  2.045530e-02 
   83811021   4.508837e+00   1.307297e-01   4.508837e+00   1.307297e-01 223200608280046320      11259        380     0 2453975.534965  1.336484e+01  3.148006e-02  1.336484e+01  3.148006e-02 
   84328674   7.361200e+00   3.168685e-01   7.361200e+00   3.168685e-01 224200609030034170      20389       2070     0 2453981.526319  1.283263e+01  4.673652e-02  1.283263e+01  4.673652e-02 
   84328674   5.888789e+00   3.335026e-01   5.888789e+00   3.335026e-01 223200609030034170      11248        318     0 2453981.526319  1.307493e+01  6.148923e-02  1.307493e+01  6.148923e-02 
   84328746   7.094001e+00   3.221127e-01   7.094001e+00   3.221127e-01 224200609030035290      20391       2045     0 2453981.527153  1.287277e+01  4.929949e-02  1.287277e+01  4.929949e-02 
   84328746   5.935605e+00   3.247718e-01   5.935605e+00   3.247718e-01 223200609030035280      11245        339     0 2453981.527153  1.306634e+01  5.940721e-02  1.306634e+01  5.940721e-02 
   84328813   7.228698e+00   3.329764e-01   7.228698e+00   3.329764e-01 224200609030036350      20390       2070     0 2453981.527928  1.285235e+01  5.001257e-02  1.285235e+01  5.001257e-02 
   84328813   5.974818e+00   3.628131e-01   5.974818e+00   3.628131e-01 223200609030036350      11245        304     0 2453981.527928  1.305919e+01  6.593015e-02  1.305919e+01  6.593015e-02 
   84328870   7.037603e+00   3.356581e-01   7.037603e+00   3.356581e-01 224200609030037320      20388       2071     0 2453981.528588  1.288144e+01  5.178430e-02  1.288144e+01  5.178430e-02 
   84328870   5.816246e+00   3.386064e-01   5.816246e+00   3.386064e-01 223200609030037320      11246        303     0 2453981.528588  1.308839e+01  6.320890e-02  1.308839e+01  6.320890e-02 
   84500181   6.943552e+00   4.641197e-01   6.943552e+00   4.641197e-01 224200609050012480      20389       2018     0 2453983.511354  1.289605e+01  7.257285e-02  1.289605e+01  7.257285e-02 
   84500181   5.662337e+00   5.009434e-01   5.662337e+00   5.009434e-01 223200609050012480      11256        384     0 2453983.511354  1.311751e+01  9.605473e-02  1.311751e+01  9.605473e-02 
   84500241   7.109402e+00   4.675589e-01   7.109402e+00   4.675589e-01 224200609050013480      20384       2018     0 2453983.512049  1.287042e+01  7.140508e-02  1.287042e+01  7.140508e-02 
   84500241   5.938891e+00   5.087796e-01   5.938891e+00   5.087796e-01 223200609050013480      11257        381     0 2453983.512049  1.306574e+01  9.301438e-02  1.306574e+01  9.301438e-02 
   84500303   6.546161e+00   4.645543e-01   6.546161e+00   4.645543e-01 224200609050014500      20382       2020     0 2453983.512766  1.296003e+01  7.705052e-02  1.296003e+01  7.705052e-02 
   84500303   6.516349e+00   5.028844e-01   6.516349e+00   5.028844e-01 223200609050014500      11257        377     0 2453983.512766  1.296499e+01  8.378951e-02  1.296499e+01  8.378951e-02 
   84500381   6.814662e+00   4.526316e-01   6.814662e+00   4.526316e-01 224200609050016080      20385       1997     0 2453983.513669  1.291639e+01  7.211513e-02  1.291639e+01  7.211513e-02 
   84500381   6.068422e+00   4.944246e-01   6.068422e+00   4.944246e-01 223200609050016080      11254        400     0 2453983.513669  1.304231e+01  8.846065e-02  1.304231e+01  8.846065e-02 
   84844855   6.344978e+00   6.598643e-01   6.344978e+00   6.598643e-01 224200609082357310      20391       1987     0 2453987.500637  1.299393e+01  1.129147e-01  1.299393e+01  1.129147e-01 
   84844855   5.917905e+00   6.943954e-01   5.917905e+00   6.943954e-01 223200609082357310      11266        393     0 2453987.500637  1.306958e+01  1.273986e-01  1.306958e+01  1.273986e-01 
   84844912   6.411635e+00   6.588345e-01   6.411635e+00   6.588345e-01 224200609082358270      20388       1990     0 2453987.501296  1.298258e+01  1.115664e-01  1.298258e+01  1.115664e-01 
   84844968   6.132446e+00   6.484853e-01   6.132446e+00   6.484853e-01 224200609082359230      20388       1991     0 2453987.501944  1.303092e+01  1.148133e-01  1.303092e+01  1.148133e-01 
   84844968   5.723616e+00   6.858037e-01   5.723616e+00   6.858037e-01 223200609082359230      11266        386     0 2453987.501944  1.310582e+01  1.300934e-01  1.310582e+01  1.300934e-01 
   84845030   5.221223e+00   6.499289e-01   5.221223e+00   6.499289e-01 224200609090000260      20387       1992     0 2453987.502662  1.320557e+01  1.351511e-01  1.320557e+01  1.351511e-01 
   84845030   6.511483e+00   6.909510e-01   6.511483e+00   6.909510e-01 223200609090000260      11266        383     0 2453987.502662  1.296580e+01  1.152108e-01  1.296580e+01  1.152108e-01 
   85017155   6.311383e+00   3.784367e-01   6.311383e+00   3.784367e-01 223200609102349160      11242        344     0 2453989.494850  1.299969e+01  6.510203e-02  1.299969e+01  6.510203e-02 
   85017222   7.437042e+00   4.658179e-01   7.437042e+00   4.658179e-01 224200609102350220      20397       2034     0 2453989.495625  1.282150e+01  6.800515e-02  1.282150e+01  6.800515e-02 
   85017222   6.369009e+00   4.912080e-01   6.369009e+00   4.912080e-01 223200609102350220      11244        341     0 2453989.495625  1.298982e+01  8.373738e-02  1.298982e+01  8.373738e-02 
   85017281   7.882379e+00   4.253577e-01   7.882379e+00   4.253577e-01 224200609102351210      20395       2035     0 2453989.496308  1.275836e+01  5.858991e-02  1.275836e+01  5.858991e-02 
   85017281   6.088172e+00   4.322839e-01   6.088172e+00   4.322839e-01 223200609102351210      11244        339     0 2453989.496308  1.303878e+01  7.709175e-02  1.303878e+01  7.709175e-02 
   85017339   7.923462e+00   4.125633e-01   7.923462e+00   4.125633e-01 224200609102352200      20396       2036     0 2453989.496979  1.275271e+01  5.653292e-02  1.275271e+01  5.653292e-02 
   85017339   6.278007e+00   4.485398e-01   6.278007e+00   4.485398e-01 223200609102352200      11242        332     0 2453989.496979  1.300545e+01  7.757201e-02  1.300545e+01  7.757201e-02 
   85361748   7.289739e+00   1.371308e-01   7.289739e+00   1.371308e-01 224200609142332380      20373       2016     0 2453993.483194  1.284322e+01  2.042438e-02  1.284322e+01  2.042438e-02 
   85361748   4.493510e+00   1.324691e-01   4.493510e+00   1.324691e-01 223200609142332380      11245        298     0 2453993.483194  1.336854e+01  3.200772e-02  1.336854e+01  3.200772e-02 
   85361801   7.189970e+00   1.354536e-01   7.189970e+00   1.354536e-01 224200609142333310      20369       2017     0 2453993.483808  1.285818e+01  2.045452e-02  1.285818e+01  2.045452e-02 
   85361805   4.610038e+00   1.302522e-01   4.610038e+00   1.302522e-01 223200609142333360      11246        295     0 2453993.483854  1.334074e+01  3.067655e-02  1.334074e+01  3.067655e-02 
   85361866   7.101449e+00   1.352547e-01   7.101449e+00   1.352547e-01 224200609142334370      20367       2018     0 2453993.484560  1.287163e+01  2.067908e-02  1.287163e+01  2.067908e-02 
   85361866   4.554636e+00   1.290424e-01   4.554636e+00   1.290424e-01 223200609142334370      11247        292     0 2453993.484560  1.335387e+01  3.076128e-02  1.335387e+01  3.076128e-02 
   85361941   6.762849e+00   1.367582e-01   6.762849e+00   1.367582e-01 224200609142335520      20369       1994     0 2453993.485428  1.292468e+01  2.195581e-02  1.292468e+01  2.195581e-02 
   85361941   4.698858e+00   1.321258e-01   4.698858e+00   1.321258e-01 223200609142335520      11243        314     0 2453993.485428  1.332002e+01  3.052960e-02  1.332002e+01  3.052960e-02 
   85620646   7.960161e+00   1.606252e-01   7.960161e+00   1.606252e-01 224200609172327440      20402       1977     0 2453996.479699  1.274769e+01  2.190875e-02  1.274769e+01  2.190875e-02 
   85620646   4.609017e+00   1.463175e-01   4.609017e+00   1.463175e-01 223200609172327440      11215        305     0 2453996.479699  1.334098e+01  3.446781e-02  1.334098e+01  3.446781e-02 
   85620705   8.010088e+00   1.598432e-01   8.010088e+00   1.598432e-01 224200609172328430      20399       1979     0 2453996.480382  1.274091e+01  2.166619e-02  1.274091e+01  2.166619e-02 
   85620705   4.976619e+00   1.491449e-01   4.976619e+00   1.491449e-01 223200609172328430      11216        301     0 2453996.480382  1.325766e+01  3.253867e-02  1.325766e+01  3.253867e-02 
   85620768   8.226738e+00   1.601522e-01   8.226738e+00   1.601522e-01 224200609172329460      20398       1981     0 2453996.481111  1.271193e+01  2.113640e-02  1.271193e+01  2.113640e-02 
   85620768   5.323078e+00   1.512822e-01   5.323078e+00   1.512822e-01 223200609172329460      11216        299     0 2453996.481111  1.318459e+01  3.085680e-02  1.318459e+01  3.085680e-02 
   85620822   8.134611e+00   1.606112e-01   8.134611e+00   1.606112e-01 224200609172330410      20397       1983     0 2453996.481736  1.272416e+01  2.143705e-02  1.272416e+01  2.143705e-02 
   85620822   4.980380e+00   1.512926e-01   4.980380e+00   1.512926e-01 223200609172330410      11216        296     0 2453996.481736  1.325684e+01  3.298232e-02  1.325684e+01  3.298232e-02 
   85706442   7.876237e+00   1.588980e-01   7.876237e+00   1.588980e-01 224200609182317440      20401       1934     0 2453997.472708  1.275920e+01  2.190410e-02  1.275920e+01  2.190410e-02 
   85706442   5.082688e+00   1.485753e-01   5.082688e+00   1.485753e-01 223200609182317440      11219        280     0 2453997.472708  1.323477e+01  3.173796e-02  1.323477e+01  3.173796e-02 
   85706505   7.930020e+00   1.621829e-01   7.930020e+00   1.621829e-01 224200609182318460      20394       1958     0 2453997.473438  1.275181e+01  2.220530e-02  1.275181e+01  2.220530e-02 
   85706505   4.966507e+00   1.486484e-01   4.966507e+00   1.486484e-01 223200609182318460      11222        255     0 2453997.473438  1.325987e+01  3.249637e-02  1.325987e+01  3.249637e-02 
   85706560   8.133824e+00   1.614066e-01   8.133824e+00   1.614066e-01 224200609182319420      20391       1961     0 2453997.474074  1.272426e+01  2.154528e-02  1.272426e+01  2.154528e-02 
   85706560   5.145872e+00   1.507249e-01   5.145872e+00   1.507249e-01 223200609182319410      11223        253     0 2453997.474074  1.322135e+01  3.180181e-02  1.322135e+01  3.180181e-02 
   85706637   7.997585e+00   1.608540e-01   7.997585e+00   1.608540e-01 224200609182320580      20395       1938     0 2453997.474965  1.274260e+01  2.183730e-02  1.274260e+01  2.183730e-02 
   85706637   5.088820e+00   1.484672e-01   5.088820e+00   1.484672e-01 223200609182320580      11220        277     0 2453997.474965  1.323346e+01  3.167664e-02  1.323346e+01  3.167664e-02 
   85878756   7.399911e+00   1.507456e-01   7.399911e+00   1.507456e-01 224200609202309430      20376       1979     0 2453999.467083  1.282693e+01  2.211790e-02  1.282693e+01  2.211790e-02 
   85878756   4.896737e+00   1.457475e-01   4.896737e+00   1.457475e-01 223200609202309430      11221        331     0 2453999.467083  1.327523e+01  3.231620e-02  1.327523e+01  3.231620e-02 
   85878813   7.146965e+00   1.483662e-01   7.146965e+00   1.483662e-01 224200609202310410      20370       1981     0 2453999.467743  1.286470e+01  2.253923e-02  1.286470e+01  2.253923e-02 
   85878813   4.897645e+00   1.458900e-01   4.897645e+00   1.458900e-01 223200609202310400      11223        328     0 2453999.467743  1.327503e+01  3.234179e-02  1.327503e+01  3.234179e-02 
   85878874   4.877599e+00   1.473344e-01   4.877599e+00   1.473344e-01 223200609202311410      11224        326     0 2453999.468449  1.327948e+01  3.279623e-02  1.327948e+01  3.279623e-02 
   85878934   7.597552e+00   1.506891e-01   7.597552e+00   1.506891e-01 224200609202312420      20366       1986     0 2453999.469144  1.279832e+01  2.153447e-02  1.279832e+01  2.153447e-02 
   85878934   4.836506e+00   1.478611e-01   4.836506e+00   1.478611e-01 223200609202312420      11224        323     0 2453999.469144  1.328867e+01  3.319311e-02  1.328867e+01  3.319311e-02 
   85964879   4.745681e+00   1.338599e-01   4.745681e+00   1.338599e-01 223200609212305090      11235        326     0 2454000.463877  1.330925e+01  3.062512e-02  1.330925e+01  3.062512e-02 
   85965032   7.337359e+00   1.418035e-01   7.337359e+00   1.418035e-01 224200609212307420      20365       2003     0 2454000.465648  1.283615e+01  2.098326e-02  1.283615e+01  2.098326e-02 
   85965032   4.610085e+00   1.313710e-01   4.610085e+00   1.313710e-01 223200609212307420      11237        319     0 2454000.465648  1.334073e+01  3.093971e-02  1.334073e+01  3.093971e-02 
   85965095   7.215635e+00   1.434019e-01   7.215635e+00   1.434019e-01 224200609212308460      20363       2004     0 2454000.466377  1.285431e+01  2.157775e-02  1.285431e+01  2.157775e-02 
   85965095   4.617109e+00   1.328424e-01   4.617109e+00   1.328424e-01 223200609212308460      11238        316     0 2454000.466377  1.333907e+01  3.123865e-02  1.333907e+01  3.123865e-02 
   85965151   6.918946e+00   1.426893e-01   6.918946e+00   1.426893e-01 224200609212309410      20362       2006     0 2454000.467025  1.289990e+01  2.239119e-02  1.289990e+01  2.239119e-02 
   85965151   4.659167e+00   1.338738e-01   4.659167e+00   1.338738e-01 223200609212309410      11239        314     0 2454000.467025  1.332923e+01  3.119703e-02  1.332923e+01  3.119703e-02 
   86404994   6.820370e+00   1.409011e-01   6.820370e+00   1.409011e-01 224200609270120390      20471       2211     0 2454005.557801  1.291548e+01  2.243015e-02  1.291548e+01  2.243015e-02 
   86405053   6.735831e+00   1.387783e-01   6.735831e+00   1.387783e-01 224200609270121390      20467       2236     0 2454005.558484  1.292902e+01  2.236949e-02  1.292902e+01  2.236949e-02 
   86405123   6.915894e+00   1.406470e-01   6.915894e+00   1.406470e-01 224200609270122490      20468       2235     0 2454005.559294  1.290038e+01  2.208045e-02  1.290038e+01  2.208045e-02 
   86405182   7.011377e+00   1.416415e-01   7.011377e+00   1.416415e-01 224200609270123480      20467       2235     0 2454005.559977  1.288549e+01  2.193376e-02  1.288549e+01  2.193376e-02 
   87688166   4.497357e+00   1.172198e-01   4.497357e+00   1.172198e-01 223200610112147440      10896        126     0 2454020.409329  1.336761e+01  2.829889e-02  1.336761e+01  2.829889e-02 
   87688240   4.475291e+00   1.171371e-01   4.475291e+00   1.171371e-01 223200610112148580      10899         97     0 2454020.410185  1.337295e+01  2.841837e-02  1.337295e+01  2.841837e-02 
   87860511   4.463748e+00   1.294379e-01   4.463748e+00   1.294379e-01 223200610132140170      10859        148     0 2454022.404063  1.337575e+01  3.148384e-02  1.337575e+01  3.148384e-02 
   87860578   4.487485e+00   1.294792e-01   4.487485e+00   1.294792e-01 223200610132141240      10859        144     0 2454022.404838  1.336999e+01  3.132730e-02  1.336999e+01  3.132730e-02 
   87860634   4.690597e+00   1.288564e-01   4.690597e+00   1.288564e-01 223200610132142200      10859        141     0 2454022.405486  1.332193e+01  2.982660e-02  1.332193e+01  2.982660e-02 
   87860694   4.406975e+00   1.294997e-01   4.406975e+00   1.294997e-01 223200610132143190      10859        139     0 2454022.406181  1.338965e+01  3.190465e-02  1.338965e+01  3.190465e-02 
   88033124   4.514166e+00   1.222923e-01   4.514166e+00   1.222923e-01 223200610152137170      10855        179     0 2454024.401898  1.336356e+01  2.941354e-02  1.336356e+01  2.941354e-02 
   88033185   4.318033e+00   1.213107e-01   4.318033e+00   1.213107e-01 223200610152138180      10855        174     0 2454024.402604  1.341179e+01  3.050275e-02  1.341179e+01  3.050275e-02 
   88033240   4.317219e+00   1.222502e-01   4.317219e+00   1.222502e-01 223200610152139130      10854        170     0 2454024.403241  1.341199e+01  3.074477e-02  1.341199e+01  3.074477e-02 
   88033299   4.387922e+00   1.221517e-01   4.387922e+00   1.221517e-01 223200610152140120      10854        166     0 2454024.403924  1.339435e+01  3.022501e-02  1.339435e+01  3.022501e-02 
   88377446   4.829861e+00   1.280538e-01   4.829861e+00   1.280538e-01 223200610192116140      10840        194     0 2454028.387106  1.329016e+01  2.878615e-02  1.329016e+01  2.878615e-02 
   88377498   4.675765e+00   1.270497e-01   4.675765e+00   1.270497e-01 223200610192117070      10839        191     0 2454028.387708  1.332537e+01  2.950169e-02  1.332537e+01  2.950169e-02 
   88377583   4.842803e+00   1.273872e-01   4.842803e+00   1.273872e-01 223200610192118310      10836        213     0 2454028.388692  1.328726e+01  2.855978e-02  1.328726e+01  2.855978e-02 
   88377645   4.634853e+00   1.255182e-01   4.634853e+00   1.255182e-01 223200610192119340      10835        210     0 2454028.389410  1.333491e+01  2.940332e-02  1.333491e+01  2.940332e-02 
   88463612   4.707259e+00   1.246203e-01   4.707259e+00   1.246203e-01 223200610202112230      10862        148     0 2454029.384398  1.331808e+01  2.874395e-02  1.331808e+01  2.874395e-02 
   88463684   4.365439e+00   1.243686e-01   4.365439e+00   1.243686e-01 223200610202113350      10860        143     0 2454029.385231  1.339993e+01  3.093203e-02  1.339993e+01  3.093203e-02 
   88463747   4.507370e+00   1.243351e-01   4.507370e+00   1.243351e-01 223200610202114380      10859        141     0 2454029.385961  1.336519e+01  2.994996e-02  1.336519e+01  2.994996e-02 
   88463806   4.487602e+00   1.257688e-01   4.487602e+00   1.257688e-01 223200610202115380      10859        139     0 2454029.386644  1.336996e+01  3.042876e-02  1.336996e+01  3.042876e-02 
   88551764   4.596485e+00   1.354004e-01   4.596485e+00   1.354004e-01 223200610212141400      10850        101     0 2454030.404676  1.334394e+01  3.198306e-02  1.334394e+01  3.198306e-02 
   88637622   5.685183e+00   1.378942e+00   5.685183e+00   1.378942e+00 223200610222132420      10856        134     0 2454031.398403  1.311314e+01  2.633464e-01  1.311314e+01  2.633464e-01 
   88637695   7.008000e+00   1.762241e+00   7.008000e+00   1.762241e+00 223200610222133550      10856        102     0 2454031.399248  1.288601e+01  2.730216e-01  1.288601e+01  2.730216e-01 
   88637832   1.016701e+00   2.678700e+00   1.016701e+00   2.678700e+00 223200610222136110      10852        122     0 2454031.400833  1.498202e+01  2.860597e+00  1.498202e+01  2.860597e+00 
   88722112   4.451019e+00   1.248114e-01   4.451019e+00   1.248114e-01 223200610232100550      10846        180     0 2454032.376296  1.337885e+01  3.044532e-02  1.337885e+01  3.044532e-02 
   88722166   4.661168e+00   1.244430e-01   4.661168e+00   1.244430e-01 223200610232101500      10847        177     0 2454032.376921  1.332876e+01  2.898689e-02  1.332876e+01  2.898689e-02 
   88722228   4.716283e+00   1.260297e-01   4.716283e+00   1.260297e-01 223200610232102520      10847        174     0 2454032.377639  1.331600e+01  2.901341e-02  1.331600e+01  2.901341e-02 
   88722295   4.710008e+00   1.266639e-01   4.710008e+00   1.266639e-01 223200610232103590      10847        171     0 2454032.378414  1.331745e+01  2.919826e-02  1.331745e+01  2.919826e-02 
   88980557   4.857298e+00   1.398961e-01   4.857298e+00   1.398961e-01 223200610262048320      10848        241     0 2454035.367558  1.328401e+01  3.127064e-02  1.328401e+01  3.127064e-02 
   88980611   5.049030e+00   1.438532e-01   5.049030e+00   1.438532e-01 223200610262049260      10849        238     0 2454035.368183  1.324198e+01  3.093410e-02  1.324198e+01  3.093410e-02 
   88980671   5.116827e+00   1.404509e-01   5.116827e+00   1.404509e-01 223200610262050270      10849        236     0 2454035.368877  1.322750e+01  2.980228e-02  1.322750e+01  2.980228e-02 
   88980735   4.602047e+00   1.393944e-01   4.602047e+00   1.393944e-01 223200610262051300      10845        227     0 2454035.369618  1.334262e+01  3.288669e-02  1.334262e+01  3.288669e-02 
   89066673   5.106125e+00   1.526922e-01   5.106125e+00   1.526922e-01 223200610272043520      10869        212     0 2454036.364271  1.322977e+01  3.246768e-02  1.322977e+01  3.246768e-02 
   89066736   4.993751e+00   1.514846e-01   4.993751e+00   1.514846e-01 223200610272044550      10868        210     0 2454036.365000  1.325393e+01  3.293575e-02  1.325393e+01  3.293575e-02 
   89066792   4.834897e+00   1.500420e-01   4.834897e+00   1.500420e-01 223200610272045520      10868        206     0 2454036.365648  1.328903e+01  3.369391e-02  1.328903e+01  3.369391e-02 
   89066857   5.096977e+00   1.518307e-01   5.096977e+00   1.518307e-01 223200610272046560      10867        203     0 2454036.366400  1.323172e+01  3.234243e-02  1.323172e+01  3.234243e-02 
   89152944   4.969331e+00   2.357372e-01   4.969331e+00   2.357372e-01 223200610282041480      10854        190     0 2454037.362778  1.325926e+01  5.150579e-02  1.325926e+01  5.150579e-02 
   89153005   5.535872e+00   1.946970e-01   5.535872e+00   1.946970e-01 223200610282042490      10854        188     0 2454037.363484  1.314203e+01  3.818556e-02  1.314203e+01  3.818556e-02 
   89238992   5.637316e+00   2.005605e-01   5.637316e+00   2.005605e-01 223200610292035590      10846        179     0 2454038.358704  1.312232e+01  3.862771e-02  1.312232e+01  3.862771e-02 
   89239047   5.511281e+00   2.027950e-01   5.511281e+00   2.027950e-01 223200610292036550      10847        176     0 2454038.359340  1.314687e+01  3.995126e-02  1.314687e+01  3.995126e-02 
   89239094   5.326928e+00   2.025103e-01   5.326928e+00   2.025103e-01 223200610292037410      10845        169     0 2454038.359884  1.318381e+01  4.127586e-02  1.318381e+01  4.127586e-02 
   89239172   5.401315e+00   2.016615e-01   5.401315e+00   2.016615e-01 223200610292038590      10845        166     0 2454038.360787  1.316875e+01  4.053679e-02  1.316875e+01  4.053679e-02 
   89411367   7.038737e+00   3.210271e-01   7.038737e+00   3.210271e-01 223200610312029020      10839        180     0 2454040.353785  1.288126e+01  4.951910e-02  1.288126e+01  4.951910e-02 
   89411440   6.853759e+00   3.107973e-01   6.853759e+00   3.107973e-01 223200610312030160      10836        201     0 2454040.354630  1.291018e+01  4.923504e-02  1.291018e+01  4.923504e-02 
   89411510   6.503168e+00   3.207465e-01   6.503168e+00   3.207465e-01 223200610312031250      10839        169     0 2454040.355440  1.296719e+01  5.355041e-02  1.296719e+01  5.355041e-02 
   89411567   7.038920e+00   3.267679e-01   7.038920e+00   3.267679e-01 223200610312032230      10838        165     0 2454040.356100  1.288124e+01  5.040332e-02  1.288124e+01  5.040332e-02 
   89842128   5.780710e+00   4.502066e-01   5.780710e+00   4.502066e-01 223200611052008420      10850        182     0 2454045.339444  1.309505e+01  8.455835e-02  1.309505e+01  8.455835e-02 
   89842186   6.595775e+00   4.515095e-01   6.595775e+00   4.515095e-01 223200611052009400      10851        179     0 2454045.340116  1.295184e+01  7.432363e-02  1.295184e+01  7.432363e-02 
   89842259   6.607828e+00   4.521635e-01   6.607828e+00   4.521635e-01 223200611052010530      10850        175     0 2454045.340961  1.294985e+01  7.429552e-02  1.294985e+01  7.429552e-02 
   89842318   6.565783e+00   4.557584e-01   6.565783e+00   4.557584e-01 223200611052011520      10850        172     0 2454045.341644  1.295678e+01  7.536574e-02  1.295678e+01  7.536574e-02 
   89928312   5.937857e+00   3.445521e-01   5.937857e+00   3.445521e-01 223200611062005110      10853        200     0 2454046.336944  1.306593e+01  6.300151e-02  1.306593e+01  6.300151e-02 
   89928381   6.255352e+00   3.479005e-01   6.255352e+00   3.479005e-01 223200611062006190      10854        196     0 2454046.337743  1.300937e+01  6.038500e-02  1.300937e+01  6.038500e-02 
   89928435   5.844755e+00   3.458176e-01   5.844755e+00   3.458176e-01 223200611062007140      10854        194     0 2454046.338368  1.308308e+01  6.424016e-02  1.308308e+01  6.424016e-02 
   89928499   5.780338e+00   3.462947e-01   5.780338e+00   3.462947e-01 223200611062008180      10854        192     0 2454046.339109  1.309512e+01  6.504567e-02  1.309512e+01  6.504567e-02 
   90014500   5.393935e+00   2.252333e-01   5.393935e+00   2.252333e-01 223200611072001430      10861        209     0 2454047.334491  1.317024e+01  4.533701e-02  1.317024e+01  4.533701e-02 
   90014554   5.483825e+00   2.464969e-01   5.483825e+00   2.464969e-01 223200611072002370      10862        206     0 2454047.335116  1.315229e+01  4.880380e-02  1.315229e+01  4.880380e-02 
   90014643   5.413326e+00   2.125251e-01   5.413326e+00   2.125251e-01 223200611072004050      10858        228     0 2454047.336146  1.316634e+01  4.262573e-02  1.316634e+01  4.262573e-02 
   90014705   5.341803e+00   2.164590e-01   5.341803e+00   2.164590e-01 223200611072005080      10856        224     0 2454047.336863  1.318078e+01  4.399604e-02  1.318078e+01  4.399604e-02 
   90272989   5.026226e+00   1.399556e-01   5.026226e+00   1.399556e-01 223200611101950030      10857        191     0 2454050.326262  1.324689e+01  3.023249e-02  1.324689e+01  3.023249e-02 
   90273043   4.928626e+00   1.410975e-01   4.928626e+00   1.410975e-01 223200611101950570      10857        188     0 2454050.326887  1.326819e+01  3.108275e-02  1.326819e+01  3.108275e-02 
   90273091   4.920256e+00   1.447053e-01   4.920256e+00   1.447053e-01 223200611101951450      10856        184     0 2454050.327442  1.327003e+01  3.193175e-02  1.327003e+01  3.193175e-02 
   90273156   4.839377e+00   1.403071e-01   4.839377e+00   1.403071e-01 223200611101952500      10856        182     0 2454050.328194  1.328803e+01  3.147864e-02  1.328803e+01  3.147864e-02 
   90617604   4.866687e+00   1.304234e-01   4.866687e+00   1.304234e-01 223200611141933540      10848        217     0 2454054.314861  1.328192e+01  2.909698e-02  1.328192e+01  2.909698e-02 
   90617666   4.720904e+00   1.292889e-01   4.720904e+00   1.292889e-01 223200611141934560      10848        213     0 2454054.315579  1.331494e+01  2.973458e-02  1.331494e+01  2.973458e-02 
   90617726   4.839782e+00   1.321255e-01   4.839782e+00   1.321255e-01 223200611141935570      10852        184     0 2454054.316273  1.328794e+01  2.964057e-02  1.328794e+01  2.964057e-02 
   90617777   4.750354e+00   1.311777e-01   4.750354e+00   1.311777e-01 223200611141936470      10852        182     0 2454054.316863  1.330818e+01  2.998195e-02  1.330818e+01  2.998195e-02 
   94935181   6.781164e+00   4.180216e-01   6.781164e+00   4.180216e-01 224200701031856070      19614       1869     0 2454104.286817  1.292174e+01  6.692991e-02  1.292174e+01  6.692991e-02 
   94935247   6.853336e+00   4.135358e-01   6.853336e+00   4.135358e-01 224200701031857140      19613       1869     0 2454104.287581  1.291024e+01  6.551443e-02  1.291024e+01  6.551443e-02 
   94935370   6.870940e+00   4.023217e-01   6.870940e+00   4.023217e-01 224200701031859170      19614       1868     0 2454104.289005  1.290746e+01  6.357452e-02  1.290746e+01  6.357452e-02 
   95021610   7.089549e+00   3.155442e-01   7.089549e+00   3.155442e-01 224200701041856390      19616       1853     0 2454105.287153  1.287345e+01  4.832450e-02  1.287345e+01  4.832450e-02 
   95021682   6.911036e+00   3.079832e-01   6.911036e+00   3.079832e-01 224200701041857500      19612       1878     0 2454105.287986  1.290114e+01  4.838489e-02  1.290114e+01  4.838489e-02 
   95021747   6.504817e+00   2.965176e-01   6.504817e+00   2.965176e-01 224200701041858560      19612       1878     0 2454105.288738  1.296691e+01  4.949272e-02  1.296691e+01  4.949272e-02 
   95021803   6.973789e+00   2.878533e-01   6.973789e+00   2.878533e-01 224200701041859510      19613       1878     0 2454105.289387  1.289133e+01  4.481550e-02  1.289133e+01  4.481550e-02 
   95107911   6.842568e+00   2.781397e-01   6.842568e+00   2.781397e-01 224200701051855020      19635       1891     0 2454106.286007  1.291195e+01  4.413363e-02  1.291195e+01  4.413363e-02 
   95107967   6.410366e+00   2.634282e-01   6.410366e+00   2.634282e-01 224200701051855570      19635       1890     0 2454106.286655  1.298279e+01  4.461751e-02  1.298279e+01  4.461751e-02 
   95108075   6.765631e+00   2.389954e-01   6.765631e+00   2.389954e-01 224200701051857460      19636       1891     0 2454106.287905  1.292423e+01  3.835368e-02  1.292423e+01  3.835368e-02 
   95280829   7.181875e+00   2.261741e-01   7.181875e+00   2.261741e-01 224200701071857030      19644       1821     0 2454108.287373  1.285941e+01  3.419250e-02  1.285941e+01  3.419250e-02 
   95280885   7.180171e+00   2.145703e-01   7.180171e+00   2.145703e-01 224200701071857590      19645       1821     0 2454108.288021  1.285966e+01  3.244596e-02  1.285966e+01  3.244596e-02 
   95367162   6.687571e+00   2.761507e-01   6.687571e+00   2.761507e-01 224200701081855580      19653       1899     0 2454109.286597  1.293683e+01  4.483361e-02  1.293683e+01  4.483361e-02 
   95367216   6.499065e+00   2.580734e-01   6.499065e+00   2.580734e-01 224200701081856520      19653       1898     0 2454109.287222  1.296787e+01  4.311400e-02  1.296787e+01  4.311400e-02 
   95367273   6.709734e+00   2.457319e-01   6.709734e+00   2.457319e-01 224200701081857490      19653       1897     0 2454109.287882  1.293324e+01  3.976327e-02  1.293324e+01  3.976327e-02 
   95367329   6.341856e+00   2.338615e-01   6.341856e+00   2.338615e-01 224200701081858450      19653       1897     0 2454109.288530  1.299446e+01  4.003761e-02  1.299446e+01  4.003761e-02 
   95453548   6.651642e+00   2.715575e-01   6.651642e+00   2.715575e-01 224200701091855450      19648       1919     0 2454110.286435  1.294268e+01  4.432601e-02  1.294268e+01  4.432601e-02 
   95453604   6.755511e+00   2.568053e-01   6.755511e+00   2.568053e-01 224200701091856400      19647       1918     0 2454110.287083  1.292585e+01  4.127352e-02  1.292585e+01  4.127352e-02 
   95453658   6.801579e+00   2.432271e-01   6.801579e+00   2.432271e-01 224200701091857350      19647       1917     0 2454110.287708  1.291848e+01  3.882648e-02  1.291848e+01  3.882648e-02 
   95453714   6.356675e+00   2.298652e-01   6.356675e+00   2.298652e-01 224200701091858300      19648       1917     0 2454110.288356  1.299193e+01  3.926169e-02  1.299193e+01  3.926169e-02 
   95539937   6.787780e+00   2.712071e-01   6.787780e+00   2.712071e-01 224200701101855350      19653       1925     0 2454111.286308  1.292068e+01  4.338095e-02  1.292068e+01  4.338095e-02 
   95539991   6.497827e+00   2.565899e-01   6.497827e+00   2.565899e-01 224200701101856300      19652       1925     0 2454111.286933  1.296808e+01  4.287432e-02  1.296808e+01  4.287432e-02 
   95540045   6.667326e+00   2.440320e-01   6.667326e+00   2.440320e-01 224200701101857240      19652       1924     0 2454111.287558  1.294012e+01  3.973936e-02  1.294012e+01  3.973936e-02 
   95540101   6.314579e+00   2.331604e-01   6.314579e+00   2.331604e-01 224200701101858190      19653       1923     0 2454111.288206  1.299914e+01  4.009003e-02  1.299914e+01  4.009003e-02 
   95626320   6.677228e+00   2.893087e-01   6.677228e+00   2.893087e-01 224200701111855200      19674       1915     0 2454112.286111  1.293851e+01  4.704258e-02  1.293851e+01  4.704258e-02 
   95626377   7.147184e+00   2.742378e-01   7.147184e+00   2.742378e-01 224200701111856160      19674       1914     0 2454112.286771  1.286466e+01  4.165989e-02  1.286466e+01  4.165989e-02 
   95626431   7.103215e+00   2.620614e-01   7.103215e+00   2.620614e-01 224200701111857110      19674       1913     0 2454112.287396  1.287136e+01  4.005659e-02  1.287136e+01  4.005659e-02 
   95626487   7.136877e+00   2.495327e-01   7.136877e+00   2.495327e-01 224200701111858070      19673       1913     0 2454112.288044  1.286623e+01  3.796165e-02  1.286623e+01  3.796165e-02 
   95712706   6.903615e+00   2.696167e-01   6.903615e+00   2.696167e-01 224200701121855060      19646       1915     0 2454113.285949  1.290231e+01  4.240295e-02  1.290231e+01  4.240295e-02 
   95712760   7.075786e+00   2.570416e-01   7.075786e+00   2.570416e-01 224200701121856000      19645       1914     0 2454113.286574  1.287556e+01  3.944160e-02  1.287556e+01  3.944160e-02 
   95712814   7.090804e+00   2.456576e-01   7.090804e+00   2.456576e-01 224200701121856550      19646       1914     0 2454113.287199  1.287326e+01  3.761496e-02  1.287326e+01  3.761496e-02 
   95712870   7.027668e+00   2.345623e-01   7.027668e+00   2.345623e-01 224200701121857500      19646       1913     0 2454113.287847  1.288297e+01  3.623871e-02  1.288297e+01  3.623871e-02 
   95799125   6.689235e+00   2.375412e-01   6.689235e+00   2.375412e-01 224200701131855270      19646       1930     0 2454114.286169  1.293656e+01  3.855568e-02  1.293656e+01  3.855568e-02 
   95799179   6.682707e+00   2.271743e-01   6.682707e+00   2.271743e-01 224200701131856210      19646       1930     0 2454114.286794  1.293762e+01  3.690902e-02  1.293762e+01  3.690902e-02 
   95799303   6.412589e+00   2.056707e-01   6.412589e+00   2.056707e-01 224200701131858250      19637       1937     0 2454114.288229  1.298242e+01  3.482289e-02  1.298242e+01  3.482289e-02 
   95799357   6.549172e+00   1.977236e-01   6.549172e+00   1.977236e-01 224200701131859190      19637       1937     0 2454114.288854  1.295953e+01  3.277917e-02  1.295953e+01  3.277917e-02 
   95885595   6.692910e+00   2.273394e-01   6.692910e+00   2.273394e-01 224200701141856390      19649       1936     0 2454115.286979  1.293596e+01  3.687955e-02  1.293596e+01  3.687955e-02 
   95885650   7.045880e+00   2.164646e-01   7.045880e+00   2.164646e-01 224200701141857330      19647       1934     0 2454115.287616  1.288016e+01  3.335627e-02  1.288016e+01  3.335627e-02 
   95885705   6.869647e+00   2.072224e-01   6.869647e+00   2.072224e-01 224200701141858280      19648       1934     0 2454115.288252  1.290766e+01  3.275127e-02  1.290766e+01  3.275127e-02 
   95885836   6.657910e+00   1.910583e-01   6.657910e+00   1.910583e-01 224200701141900400      19650       1930     0 2454115.289769  1.294166e+01  3.115687e-02  1.294166e+01  3.115687e-02 
  105941744   6.590943e+00   3.438287e-01   6.590943e+00   3.438287e-01 223200705110414520      10827        495     0 2454231.677593  1.295263e+01  5.663963e-02  1.295263e+01  5.663963e-02 
  105941800   6.699191e+00   3.635944e-01   6.699191e+00   3.635944e-01 223200705110415490      10830        494     0 2454231.678241  1.293494e+01  5.892786e-02  1.293494e+01  5.892786e-02 
  105941859   6.260576e+00   3.788100e-01   6.260576e+00   3.788100e-01 223200705110416470      10833        494     0 2454231.678924  1.300846e+01  6.569509e-02  1.300846e+01  6.569509e-02 
  105941914   6.668628e+00   4.093921e-01   6.668628e+00   4.093921e-01 223200705110417430      10835        493     0 2454231.679560  1.293991e+01  6.665440e-02  1.293991e+01  6.665440e-02 
  106027799   5.265032e+00   2.150805e-01   5.265032e+00   2.150805e-01 223200705120409040      10851        471     0 2454232.673600  1.319650e+01  4.435330e-02  1.319650e+01  4.435330e-02 
  106027925   5.475815e+00   2.348185e-01   5.475815e+00   2.348185e-01 223200705120411090      10838        483     0 2454232.675058  1.315388e+01  4.655962e-02  1.315388e+01  4.655962e-02 
  106027979   5.902318e+00   2.447569e-01   5.902318e+00   2.447569e-01 223200705120412040      10841        483     0 2454232.675683  1.307244e+01  4.502339e-02  1.307244e+01  4.502339e-02 
  106028033   5.763686e+00   2.533369e-01   5.763686e+00   2.533369e-01 223200705120412580      10843        482     0 2454232.676308  1.309825e+01  4.772259e-02  1.309825e+01  4.772259e-02 
  106114054   5.703150e+00   2.164821e-01   5.703150e+00   2.164821e-01 223200705130406340      10828        495     0 2454233.671921  1.310971e+01  4.121289e-02  1.310971e+01  4.121289e-02 
  106114108   5.687641e+00   2.220553e-01   5.687641e+00   2.220553e-01 223200705130407290      10831        494     0 2454233.672546  1.311267e+01  4.238916e-02  1.311267e+01  4.238916e-02 
  106114164   5.652703e+00   2.252957e-01   5.652703e+00   2.252957e-01 223200705130408240      10834        495     0 2454233.673194  1.311936e+01  4.327355e-02  1.311936e+01  4.327355e-02 
  106114218   5.672484e+00   2.318603e-01   5.672484e+00   2.318603e-01 223200705130409190      10836        494     0 2454233.673819  1.311557e+01  4.437915e-02  1.311557e+01  4.437915e-02 
  124569535   6.017169e+00   3.529307e-01   6.017169e+00   3.529307e-01 221200712121841060       9643       8483     0 2454447.277025  1.305152e+01  6.368293e-02  1.305152e+01  6.368293e-02 
  124569728   5.776095e+00   3.061742e-01   5.776095e+00   3.061742e-01 223200712121844190      10388       4555     0 2454447.279259  1.309591e+01  5.755195e-02  1.309591e+01  5.755195e-02 
  124571594   7.810977e+00   1.356271e-01   7.810977e+00   1.356271e-01 222200712121915250      13961      21673     0 2454447.300856  1.276824e+01  1.885242e-02  1.276824e+01  1.885242e-02 
  124571658   6.083270e+00   1.206133e-01   6.083270e+00   1.206133e-01 221200712121916280       9591       8607     0 2454447.301597  1.303966e+01  2.152703e-02  1.303966e+01  2.152703e-02 
  124571718   4.428810e+00   1.103215e-01   4.428810e+00   1.103215e-01 223200712121917280      10404       4518     0 2454447.302292  1.338428e+01  2.704573e-02  1.338428e+01  2.704573e-02 
  124572802   7.889807e+00   1.310483e-01   7.889807e+00   1.310483e-01 222200712121935320      13937      21698     0 2454447.314838  1.275733e+01  1.803395e-02  1.275733e+01  1.803395e-02 
  124572993   6.223537e+00   1.196801e-01   6.223537e+00   1.196801e-01 221200712121938430       9629       8676     0 2454447.317049  1.301491e+01  2.087904e-02  1.301491e+01  2.087904e-02 
  124573052   4.555020e+00   1.081990e-01   4.555020e+00   1.081990e-01 223200712121939430      10390       4446     0 2454447.317731  1.335377e+01  2.579044e-02  1.335377e+01  2.579044e-02 
