\OBJNAME = '1SWASP J000733.49-750012.7'
\OBSSTART = '2006-08-13T01:43:53'
\OBSSTOP = '2007-12-12T19:38:43'
\TSTART = 82518469
\TSTOP = 124572978
\JD_REF = 2453005.5
\RA_OBJ = '1.889575'
\DEC_OBJ = '-75.00355'
\WASP_MAG = 13.41068
\HJD_START = 2453960.574873
\HJD_STOP = 2454447.316875
\fixlen = T
\NUMRECORDS = 49
\
\ This file was produced by the NASA Exoplanet Archive  http://exoplanetarchive.ipac.caltech.edu 
\ Sun Sep 15, 00:32:14 2013
\ Documentation for the SuperWASP dataset can be found at http://exoplanetarchive.ipac.caltech.edu/docs/SuperWASPMission.html
\
|TMID      |FLUX2         |FLUX2_ERR     |TAMFLUX2      |TAMFLUX2_ERR  |IMAGEID           |CCDX      |CCDY      |FLAG |           HJD|         MAG2|     MAG2_ERR|      TAMMAG2|  TAMMAG2_ERR|
|int       |float         |float         |float         |float         |char              |int       |int       |int  |        double|        float|        float|        float|        float|
|sec       |micro Vega    |micro Vega    |micro Vega    |micro Vega    |                  |1/16 pixel|1/16 pixel|     |           day|          mag|          mag|          mag|          mag|
|null      |null          |null          |null          |null          |null              |null      |null      |null |          null|         null|         null|         null|         null|
   82518469   6.548293e+00   4.182658e-01   6.548293e+00   4.182658e-01 224200608130143530      32090        118     0 2453960.574873  1.295968e+01  6.935057e-02  1.295968e+01  6.935057e-02 
   82518531   6.907444e+00   4.169500e-01   6.907444e+00   4.169500e-01 224200608130144550      32089        120     0 2453960.575590  1.290171e+01  6.553790e-02  1.290171e+01  6.553790e-02 
   82518609   6.913001e+00   4.188972e-01   6.913001e+00   4.188972e-01 224200608130146120      32091        100     0 2453960.576493  1.290083e+01  6.579103e-02  1.290083e+01  6.579103e-02 
   82604591   3.378275e+00   2.185877e-01   3.378275e+00   2.185877e-01 224200608140139160      32067        128     0 2453961.571655  1.367826e+01  7.025164e-02  1.367826e+01  7.025164e-02 
   82604758   3.438837e+00   2.217506e-01   3.438837e+00   2.217506e-01 224200608140142030      32059        127     0 2453961.573588  1.365897e+01  7.001305e-02  1.365897e+01  7.001305e-02 
   82863063   1.947887e+00   1.474045e-01   1.947887e+00   1.474045e-01 224200608170127120      32079        104     0 2453964.563229  1.427609e+01  8.216237e-02  1.427609e+01  8.216237e-02 
   82863187   2.127458e+00   1.464045e-01   2.127458e+00   1.464045e-01 224200608170129150      32068        126     0 2453964.564664  1.418035e+01  7.471697e-02  1.418035e+01  7.471697e-02 
   82863247   2.097497e+00   1.454925e-01   2.097497e+00   1.454925e-01 224200608170130160      32067        127     0 2453964.565359  1.419575e+01  7.531215e-02  1.419575e+01  7.531215e-02 
   83724724   1.537754e+00   1.141388e-01   1.537754e+00   1.141388e-01 224200608270048280      32109        134     0 2453974.536157  1.453278e+01  8.058838e-02  1.453278e+01  8.058838e-02 
   83724799   1.578041e+00   1.134098e-01   1.578041e+00   1.134098e-01 224200608270049440      32112        116     0 2453974.537025  1.450470e+01  7.802939e-02  1.450470e+01  7.802939e-02 
   83724861   1.509464e+00   1.141126e-01   1.509464e+00   1.141126e-01 224200608270050460      32107        137     0 2453974.537743  1.455294e+01  8.207989e-02  1.455294e+01  8.207989e-02 
   83810826   1.332120e+00   1.070972e-01   1.332120e+00   1.070972e-01 224200608280043330      32112        116     0 2453975.532708  1.468864e+01  8.728921e-02  1.468864e+01  8.728921e-02 
   83810878   1.441607e+00   1.082386e-01   1.441607e+00   1.082386e-01 224200608280044250      32110        118     0 2453975.533310  1.460288e+01  8.151948e-02  1.460288e+01  8.151948e-02 
   83810950   1.504123e+00   1.083149e-01   1.504123e+00   1.083149e-01 224200608280045360      32109        120     0 2453975.534144  1.455679e+01  7.818626e-02  1.455679e+01  7.818626e-02 
   83811006   1.611112e+00   1.091484e-01   1.611112e+00   1.091484e-01 224200608280046320      32109        121     0 2453975.534792  1.448219e+01  7.355592e-02  1.448219e+01  7.355592e-02 
   84328729   4.544639e+00   3.090797e-01   4.544639e+00   3.090797e-01 224200609030035290      32119        155     0 2453981.526956  1.335625e+01  7.384090e-02  1.335625e+01  7.384090e-02 
   84328796   5.335706e+00   3.156459e-01   5.335706e+00   3.156459e-01 224200609030036350      32117        176     0 2453981.527731  1.318202e+01  6.422943e-02  1.318202e+01  6.422943e-02 
   84328853   5.417613e+00   3.176050e-01   5.417613e+00   3.176050e-01 224200609030037320      32115        177     0 2453981.528391  1.316548e+01  6.365099e-02  1.316548e+01  6.365099e-02 
   84500163   1.035153e+01   4.523382e-01   1.035153e+01   4.523382e-01 224200609050012480      32116        126     0 2453983.511146  1.246249e+01  4.744434e-02  1.246249e+01  4.744434e-02 
   84500223   9.311258e+00   4.469994e-01   9.311258e+00   4.469994e-01 224200609050013480      32112        127     0 2453983.511840  1.257748e+01  5.212240e-02  1.257748e+01  5.212240e-02 
   84500285   8.853395e+00   4.471274e-01   8.853395e+00   4.471274e-01 224200609050014500      32110        127     0 2453983.512558  1.263223e+01  5.483367e-02  1.263223e+01  5.483367e-02 
   84500363   1.048328e+01   4.518342e-01   1.048328e+01   4.518342e-01 224200609050016080      32113        108     0 2453983.513461  1.244876e+01  4.679588e-02  1.244876e+01  4.679588e-02 
   84844836   1.753283e+01   6.253721e-01   1.753283e+01   6.253721e-01 224200609082357310      32117         97     0 2453987.500417  1.189037e+01  3.872686e-02  1.189037e+01  3.872686e-02 
   84844893   1.689622e+01   6.234538e-01   1.689622e+01   6.234538e-01 224200609082358270      32115         99     0 2453987.501076  1.193053e+01  4.006273e-02  1.193053e+01  4.006273e-02 
   84844949   1.746945e+01   6.243619e-01   1.746945e+01   6.243619e-01 224200609082359230      32115        100     0 2453987.501725  1.189430e+01  3.880459e-02  1.189430e+01  3.880459e-02 
   84845011   1.708109e+01   6.256875e-01   1.708109e+01   6.256875e-01 224200609090000260      32114        102     0 2453987.502442  1.191871e+01  3.977112e-02  1.191871e+01  3.977112e-02 
   85017136   6.163183e+00   3.372516e-01   6.163183e+00   3.372516e-01 224200609102349160      32128        139     0 2453989.494630  1.302549e+01  5.941209e-02  1.302549e+01  5.941209e-02 
   85017262   6.766948e+00   4.024955e-01   6.766948e+00   4.024955e-01 224200609102351210      32123        142     0 2453989.496088  1.292402e+01  6.457941e-02  1.292402e+01  6.457941e-02 
   85017320   7.366222e+00   3.890648e-01   7.366222e+00   3.890648e-01 224200609102352200      32124        142     0 2453989.496759  1.283189e+01  5.734599e-02  1.283189e+01  5.734599e-02 
   85361728   1.707837e+00   1.140393e-01   1.707837e+00   1.140393e-01 224200609142332380      32101        123     0 2453993.482963  1.441888e+01  7.249930e-02  1.441888e+01  7.249930e-02 
   85361781   1.589718e+00   1.136121e-01   1.589718e+00   1.136121e-01 224200609142333310      32098        123     0 2453993.483576  1.449670e+01  7.759438e-02  1.449670e+01  7.759438e-02 
   85361846   1.557161e+00   1.125127e-01   1.557161e+00   1.125127e-01 224200609142334370      32096        124     0 2453993.484329  1.451917e+01  7.845014e-02  1.451917e+01  7.845014e-02 
   85361921   1.569345e+00   1.142326e-01   1.569345e+00   1.142326e-01 224200609142335520      32098        105     0 2453993.485197  1.451070e+01  7.903097e-02  1.451070e+01  7.903097e-02 
   85964857   1.733211e+00   1.193709e-01   1.733211e+00   1.193709e-01 224200609212305090      32100        109     0 2454000.463623  1.440287e+01  7.477788e-02  1.440287e+01  7.477788e-02 
   85965010   1.700953e+00   1.178785e-01   1.700953e+00   1.178785e-01 224200609212307420      32095        111     0 2454000.465394  1.442327e+01  7.524332e-02  1.442327e+01  7.524332e-02 
   85965073   1.653230e+00   1.183224e-01   1.653230e+00   1.183224e-01 224200609212308460      32092        114     0 2454000.466123  1.445417e+01  7.770690e-02  1.445417e+01  7.770690e-02 
   85965129   1.533820e+00   1.185399e-01   1.533820e+00   1.185399e-01 224200609212309410      32092        115     0 2454000.466771  1.453556e+01  8.391048e-02  1.453556e+01  8.391048e-02 
   86404970   8.809786e-01   1.164695e-01   8.809786e-01   1.164695e-01 224200609270120390      32202        337     0 2454005.557523  1.513759e+01  1.435399e-01  1.513759e+01  1.435399e-01 
   86405029   1.113356e+00   1.175930e-01   1.113356e+00   1.175930e-01 224200609270121390      32197        358     0 2454005.558206  1.488341e+01  1.146761e-01  1.488341e+01  1.146761e-01 
   86405099   1.079294e+00   1.180907e-01   1.079294e+00   1.180907e-01 224200609270122490      32199        356     0 2454005.559016  1.491715e+01  1.187960e-01  1.491715e+01  1.187960e-01 
   86405158   1.000996e+00   1.183269e-01   1.000996e+00   1.183269e-01 224200609270123480      32198        356     0 2454005.559699  1.499892e+01  1.283445e-01  1.499892e+01  1.283445e-01 
   93467307   7.679683e-01   1.134002e-01   7.679683e-01   1.134002e-01 223200612171911070        181       2031     0 2454087.297535  1.528664e+01  1.603232e-01  1.528664e+01  1.603232e-01 
   93467363   6.641078e-01   1.117975e-01   6.641078e-01   1.117975e-01 223200612171912030        179       2028     0 2454087.298183  1.544440e+01  1.827760e-01  1.544440e+01  1.827760e-01 
   93467423   6.209557e-01   1.110206e-01   6.209557e-01   1.110206e-01 223200612171913020        178       2025     0 2454087.298877  1.551735e+01  1.941194e-01  1.551735e+01  1.941194e-01 
   93467493   7.935281e-01   1.109624e-01   7.935281e-01   1.109624e-01 223200612171914130        171       2042     0 2454087.299688  1.525109e+01  1.518237e-01  1.525109e+01  1.518237e-01 
  124569520   9.749832e-01   2.907856e-01   9.749832e-01   2.907856e-01 221200712121841060      21119       5473     0 2454447.276852  1.502751e+01  3.238185e-01  1.502751e+01  3.238185e-01 
  124570447   1.269084e+00   1.453347e-01   1.269084e+00   1.453347e-01 222200712121856320       2205      20083     0 2454447.287581  1.474127e+01  1.243383e-01  1.474127e+01  1.243383e-01 
  124571579   1.193418e+00   1.031086e-01   1.193418e+00   1.031086e-01 222200712121915250       2225      20031     0 2454447.300683  1.480802e+01  9.380548e-02  1.480802e+01  9.380548e-02 
  124572978   9.487919e-01   8.449473e-02   9.487919e-01   8.449473e-02 221200712121938430      21109       5679     0 2454447.316875  1.505707e+01  9.669065e-02  1.505707e+01  9.669065e-02 
