\OBJNAME = '1SWASP J002139.79-722237.0'
\OBSSTART = '2006-05-11T04:14:48'
\OBSSTOP = '2007-12-12T19:39:43'
\TSTART = 74405741
\TSTOP = 124573052
\JD_REF = 2453005.5
\RA_OBJ = '5.415806'
\DEC_OBJ = '-72.376947'
\WASP_MAG = 13.62832
\HJD_START = 2453866.677558
\HJD_STOP = 2454447.317731
\fixlen = T
\NUMRECORDS = 391
\
\ This file was produced by the NASA Exoplanet Archive  http://exoplanetarchive.ipac.caltech.edu 
\ Wed Sep 11, 16:14:50 2013
\ Documentation for the SuperWASP dataset can be found at http://exoplanetarchive.ipac.caltech.edu/docs/SuperWASPMission.html
\
|TMID      |FLUX2         |FLUX2_ERR     |TAMFLUX2      |TAMFLUX2_ERR  |IMAGEID           |CCDX      |CCDY      |FLAG |           HJD|         MAG2|     MAG2_ERR|      TAMMAG2|  TAMMAG2_ERR|
|int       |float         |float         |float         |float         |char              |int       |int       |int  |        double|        float|        float|        float|        float|
|sec       |micro Vega    |micro Vega    |micro Vega    |micro Vega    |                  |1/16 pixel|1/16 pixel|     |           day|          mag|          mag|          mag|          mag|
|null      |null          |null          |null          |null          |null              |null      |null      |null |          null|         null|         null|         null|         null|
   74405741   3.979505e+00   2.247994e-01   3.979505e+00   2.247994e-01 223200605110414480      10334        899     0 2453866.677558  1.350043e+01  6.133268e-02  1.350043e+01  6.133268e-02 
   74405794   4.306273e+00   2.439885e-01   4.306273e+00   2.439885e-01 223200605110415410      10338        896     0 2453866.678171  1.341475e+01  6.151678e-02  1.341475e+01  6.151678e-02 
   74405878   4.047085e+00   2.764086e-01   4.047085e+00   2.764086e-01 223200605110417040      10343        895     0 2453866.679144  1.348214e+01  7.415408e-02  1.348214e+01  7.415408e-02 
   74405943   4.418351e+00   3.091764e-01   4.418351e+00   3.091764e-01 223200605110418100      10351        869     0 2453866.679896  1.338685e+01  7.597521e-02  1.338685e+01  7.597521e-02 
   74491854   4.073736e+00   2.442424e-01   4.073736e+00   2.442424e-01 223200605120409570      10353        827     0 2453867.674236  1.347502e+01  6.509595e-02  1.347502e+01  6.509595e-02 
   74491992   4.046227e+00   2.586629e-01   4.046227e+00   2.586629e-01 223200605120412150      10362        824     0 2453867.675833  1.348237e+01  6.940804e-02  1.348237e+01  6.940804e-02 
   74492045   4.186522e+00   2.686745e-01   4.186522e+00   2.686745e-01 223200605120413070      10365        822     0 2453867.676447  1.344537e+01  6.967850e-02  1.344537e+01  6.967850e-02 
   74750377   3.905866e+00   3.391937e-01   3.905866e+00   3.391937e-01 223200605150358270      10349        831     0 2453870.666400  1.352071e+01  9.428798e-02  1.352071e+01  9.428798e-02 
   74750437   3.919008e+00   3.415453e-01   3.919008e+00   3.415453e-01 223200605150359270      10354        827     0 2453870.667095  1.351706e+01  9.462326e-02  1.351706e+01  9.462326e-02 
   74750491   4.190545e+00   3.433634e-01   4.190545e+00   3.433634e-01 223200605150400210      10358        826     0 2453870.667720  1.344432e+01  8.896300e-02  1.344432e+01  8.896300e-02 
   74750550   3.949442e+00   3.434050e-01   3.949442e+00   3.434050e-01 223200605150401200      10361        825     0 2453870.668403  1.350866e+01  9.440539e-02  1.350866e+01  9.440539e-02 
   75613637   2.944552e+00   1.332397e-01   2.944552e+00   1.332397e-01 223200605250345300      10429        843     0 2453880.657836  1.382745e+01  4.912927e-02  1.382745e+01  4.912927e-02 
   75613700   2.839808e+00   1.328648e-01   2.839808e+00   1.328648e-01 223200605250346340      10437        815     0 2453880.658565  1.386678e+01  5.079801e-02  1.386678e+01  5.079801e-02 
   75613758   2.982963e+00   1.335063e-01   2.982963e+00   1.335063e-01 223200605250347310      10441        813     0 2453880.659236  1.381338e+01  4.859369e-02  1.381338e+01  4.859369e-02 
   75613826   2.961873e+00   1.334212e-01   2.961873e+00   1.334212e-01 223200605250348400      10439        836     0 2453880.660023  1.382108e+01  4.890850e-02  1.382108e+01  4.890850e-02 
   75700092   2.889991e+00   1.288301e-01   2.889991e+00   1.288301e-01 223200605260346210      10448        833     0 2453881.658472  1.384776e+01  4.840014e-02  1.384776e+01  4.840014e-02 
   75700155   3.078060e+00   1.309350e-01   3.078060e+00   1.309350e-01 223200605260347250      10455        802     0 2453881.659201  1.377931e+01  4.618539e-02  1.377931e+01  4.618539e-02 
   75700222   2.944122e+00   1.295217e-01   2.944122e+00   1.295217e-01 223200605260348310      10454        826     0 2453881.659977  1.382761e+01  4.776531e-02  1.382761e+01  4.776531e-02 
   75700291   2.881140e+00   1.285507e-01   2.881140e+00   1.285507e-01 223200605260349400      10460        796     0 2453881.660775  1.385109e+01  4.844357e-02  1.385109e+01  4.844357e-02 
   76132311   2.903010e+00   1.095576e-01   2.903010e+00   1.095576e-01 223200605310349440      10513        805     0 2453886.661007  1.384288e+01  4.097508e-02  1.384288e+01  4.097508e-02 
   76132378   3.150371e+00   1.102009e-01   3.150371e+00   1.102009e-01 223200605310350510      10519        775     0 2453886.661782  1.375410e+01  3.797950e-02  1.375410e+01  3.797950e-02 
   76132427   3.187995e+00   1.113201e-01   3.187995e+00   1.113201e-01 223200605310351390      10521        774     0 2453886.662350  1.374121e+01  3.791244e-02  1.374121e+01  3.791244e-02 
   76132489   3.124383e+00   1.109359e-01   3.124383e+00   1.109359e-01 223200605310352410      10523        772     0 2453886.663067  1.376309e+01  3.855084e-02  1.376309e+01  3.855084e-02 
   76218782   3.209513e+00   1.122759e-01   3.209513e+00   1.122759e-01 223200606010350510      10530        767     0 2453887.661829  1.373390e+01  3.798159e-02  1.373390e+01  3.798159e-02 
   76218850   3.172086e+00   1.133228e-01   3.172086e+00   1.133228e-01 223200606010351580      10531        789     0 2453887.662616  1.374664e+01  3.878808e-02  1.374664e+01  3.878808e-02 
   76218920   3.326199e+00   1.137198e-01   3.326199e+00   1.137198e-01 223200606010353090      10534        788     0 2453887.663426  1.369513e+01  3.712049e-02  1.369513e+01  3.712049e-02 
   76219006   3.304874e+00   1.139426e-01   3.304874e+00   1.139426e-01 223200606010354350      10541        760     0 2453887.664421  1.370211e+01  3.743320e-02  1.370211e+01  3.743320e-02 
   76478188   2.994380e+00   1.210514e-01   2.994380e+00   1.210514e-01 223200606040354060      10542        759     0 2453890.664213  1.380923e+01  4.389235e-02  1.380923e+01  4.389235e-02 
   76478261   2.899490e+00   1.193008e-01   2.899490e+00   1.193008e-01 223200606040355190      10543        782     0 2453890.665058  1.384420e+01  4.467325e-02  1.384420e+01  4.467325e-02 
   76478337   2.978708e+00   1.217500e-01   2.978708e+00   1.217500e-01 223200606040356360      10550        751     0 2453890.665938  1.381493e+01  4.437790e-02  1.381493e+01  4.437790e-02 
   76478390   2.872092e+00   1.226806e-01   2.872092e+00   1.226806e-01 223200606040357280      10552        749     0 2453890.666551  1.385450e+01  4.637707e-02  1.385450e+01  4.637707e-02 
   76564530   3.417163e+00   2.967140e-01   3.417163e+00   2.967140e-01 223200606050353060      10569        744     0 2453891.663542  1.366584e+01  9.427536e-02  1.366584e+01  9.427536e-02 
   76564589   3.257588e+00   2.889701e-01   3.257588e+00   2.889701e-01 223200606050354050      10573        743     0 2453891.664225  1.371776e+01  9.631247e-02  1.371776e+01  9.631247e-02 
   76564649   3.378411e+00   2.869442e-01   3.378411e+00   2.869442e-01 223200606050355050      10575        740     0 2453891.664919  1.367822e+01  9.221697e-02  1.367822e+01  9.221697e-02 
   76564707   3.463300e+00   2.636052e-01   3.463300e+00   2.636052e-01 223200606050356020      10577        740     0 2453891.665590  1.365127e+01  8.263988e-02  1.365127e+01  8.263988e-02 
   76650901   2.914180e+00   1.105678e-01   2.914180e+00   1.105678e-01 223200606060352330      10557        740     0 2453892.663206  1.383871e+01  4.119441e-02  1.383871e+01  4.119441e-02 
   76651035   2.878812e+00   1.146425e-01   2.878812e+00   1.146425e-01 223200606060354480      10564        739     0 2453892.664757  1.385197e+01  4.323726e-02  1.385197e+01  4.323726e-02 
   76651091   2.760668e+00   1.132130e-01   2.760668e+00   1.132130e-01 223200606060355430      10567        737     0 2453892.665405  1.389746e+01  4.452543e-02  1.389746e+01  4.452543e-02 
   76651167   2.776982e+00   1.125458e-01   2.776982e+00   1.125458e-01 223200606060357000      10565        759     0 2453892.666285  1.389107e+01  4.400298e-02  1.389107e+01  4.400298e-02 
   76737396   2.945058e+00   1.168243e-01   2.945058e+00   1.168243e-01 223200606070354040      10568        743     0 2453893.664306  1.382727e+01  4.306905e-02  1.382727e+01  4.306905e-02 
   76737449   2.764895e+00   1.148519e-01   2.764895e+00   1.148519e-01 223200606070354570      10571        741     0 2453893.664919  1.389580e+01  4.510092e-02  1.389580e+01  4.510092e-02 
   76737504   2.965903e+00   1.146812e-01   2.965903e+00   1.146812e-01 223200606070355530      10572        738     0 2453893.665556  1.381961e+01  4.198181e-02  1.381961e+01  4.198181e-02 
   76737560   2.864437e+00   1.139984e-01   2.864437e+00   1.139984e-01 223200606070356480      10574        737     0 2453893.666204  1.385740e+01  4.321009e-02  1.385740e+01  4.321009e-02 
   76823786   2.948825e+00   1.144055e-01   2.948825e+00   1.144055e-01 223200606080353510      10594        742     0 2453894.664190  1.382588e+01  4.212343e-02  1.382588e+01  4.212343e-02 
   76823845   3.018537e+00   1.153583e-01   3.018537e+00   1.153583e-01 223200606080354510      10598        739     0 2453894.664873  1.380051e+01  4.149333e-02  1.380051e+01  4.149333e-02 
   76823904   3.154192e+00   1.155760e-01   3.154192e+00   1.155760e-01 223200606080355500      10600        737     0 2453894.665556  1.375278e+01  3.978370e-02  1.375278e+01  3.978370e-02 
   76823990   2.948846e+00   1.145400e-01   2.948846e+00   1.145400e-01 223200606080357160      10600        760     0 2453894.666551  1.382587e+01  4.217264e-02  1.382587e+01  4.217264e-02 
   76910212   2.877519e+00   1.109371e-01   2.877519e+00   1.109371e-01 223200606090354140      10591        729     0 2453895.664491  1.385245e+01  4.185859e-02  1.385245e+01  4.185859e-02 
   76910266   2.981617e+00   1.117082e-01   2.981617e+00   1.117082e-01 223200606090355080      10593        727     0 2453895.665116  1.381387e+01  4.067796e-02  1.381387e+01  4.067796e-02 
   76910350   2.734692e+00   1.103069e-01   2.734692e+00   1.103069e-01 223200606090356320      10593        749     0 2453895.666088  1.390773e+01  4.379456e-02  1.390773e+01  4.379456e-02 
   76910422   3.030169e+00   1.111273e-01   3.030169e+00   1.111273e-01 223200606090357440      10598        722     0 2453895.666921  1.379633e+01  3.981804e-02  1.379633e+01  3.981804e-02 
   76996567   3.540532e+00   2.227945e-01   3.540532e+00   2.227945e-01 223200606100353270      10596        730     0 2453896.663970  1.362733e+01  6.832219e-02  1.362733e+01  6.832219e-02 
   76996632   3.509549e+00   2.189834e-01   3.509549e+00   2.189834e-01 223200606100354320      10600        726     0 2453896.664722  1.363687e+01  6.774630e-02  1.363687e+01  6.774630e-02 
   76996693   3.819741e+00   2.171677e-01   3.819741e+00   2.171677e-01 223200606100355320      10602        725     0 2453896.665428  1.354492e+01  6.172869e-02  1.354492e+01  6.172869e-02 
   76996748   3.850026e+00   2.133139e-01   3.850026e+00   2.133139e-01 223200606100356270      10604        723     0 2453896.666065  1.353634e+01  6.015633e-02  1.353634e+01  6.015633e-02 
   77082987   3.815261e+00   3.656394e-01   3.815261e+00   3.656394e-01 223200606110353440      10609        719     0 2453897.664201  1.354619e+01  1.040530e-01  1.354619e+01  1.040530e-01 
   77083064   3.423491e+00   3.696299e-01   3.423491e+00   3.696299e-01 223200606110355000      10609        741     0 2453897.665093  1.366383e+01  1.172259e-01  1.366383e+01  1.172259e-01 
   77083145   4.151932e+00   3.689979e-01   4.151932e+00   3.689979e-01 223200606110356210      10615        713     0 2453897.666030  1.345437e+01  9.649382e-02  1.345437e+01  9.649382e-02 
   77083199   3.959049e+00   3.689913e-01   3.959049e+00   3.689913e-01 223200606110357160      10617        711     0 2453897.666655  1.350602e+01  1.011932e-01  1.350602e+01  1.011932e-01 
   77169253   3.526811e+00   4.570960e-01   3.526811e+00   4.570960e-01 223200606120351270      10609        738     0 2453898.662650  1.363154e+01  1.407185e-01  1.363154e+01  1.407185e-01 
   77169433   3.400556e+00   4.566245e-01   3.400556e+00   4.566245e-01 223200606120354260      10619        705     0 2453898.664734  1.367113e+01  1.457925e-01  1.367113e+01  1.457925e-01 
   77514679   4.084397e+00   2.112201e+00   4.084397e+00   2.112201e+00 223200606160348210      10618        677     0 2453902.660637  1.347218e+01  5.614784e-01  1.347218e+01  5.614784e-01 
   77514744   3.050439e+00   2.673351e+00   3.050439e+00   2.673351e+00 223200606160349260      10620        675     0 2453902.661389  1.378909e+01  9.515234e-01  1.378909e+01  9.515234e-01 
   77601364   3.166252e+00   1.922565e-01   3.166252e+00   1.922565e-01 223200606170353030      10633        661     0 2453903.663935  1.374864e+01  6.592672e-02  1.374864e+01  6.592672e-02 
   77601434   3.456099e+00   1.924243e-01   3.456099e+00   1.924243e-01 223200606170354120      10631        684     0 2453903.664745  1.365353e+01  6.045046e-02  1.365353e+01  6.045046e-02 
   77601504   3.230716e+00   1.915485e-01   3.230716e+00   1.915485e-01 223200606170355220      10633        682     0 2453903.665556  1.372675e+01  6.437329e-02  1.372675e+01  6.437329e-02 
   77601561   3.348929e+00   1.884385e-01   3.348929e+00   1.884385e-01 223200606170356190      10637        655     0 2453903.666215  1.368774e+01  6.109272e-02  1.368774e+01  6.109272e-02 
   77687707   3.298977e+00   1.624074e-01   3.298977e+00   1.624074e-01 223200606180352030      10653        655     0 2453904.663275  1.370405e+01  5.345058e-02  1.370405e+01  5.345058e-02 
   77687750   3.382096e+00   1.619266e-01   3.382096e+00   1.619266e-01 223200606180352470      10655        654     0 2453904.663773  1.367704e+01  5.198262e-02  1.367704e+01  5.198262e-02 
   77687818   3.453434e+00   1.621847e-01   3.453434e+00   1.621847e-01 223200606180353550      10656        652     0 2453904.664560  1.365437e+01  5.098993e-02  1.365437e+01  5.098993e-02 
   77687869   3.062784e+00   1.622883e-01   3.062784e+00   1.622883e-01 223200606180354460      10657        651     0 2453904.665150  1.378471e+01  5.753029e-02  1.378471e+01  5.753029e-02 
   77774344   3.293655e+00   1.396602e-01   3.293655e+00   1.396602e-01 223200606190355570      10698        636     0 2453905.666019  1.370580e+01  4.603843e-02  1.370580e+01  4.603843e-02 
   77774400   3.261452e+00   1.393261e-01   3.261452e+00   1.393261e-01 223200606190356530      10698        636     0 2453905.666667  1.371647e+01  4.638176e-02  1.371647e+01  4.638176e-02 
   77774462   3.308398e+00   1.394893e-01   3.308398e+00   1.394893e-01 223200606190357560      10698        635     0 2453905.667384  1.370096e+01  4.577716e-02  1.370096e+01  4.577716e-02 
   77774527   3.201959e+00   1.391006e-01   3.201959e+00   1.391006e-01 223200606190359000      10694        661     0 2453905.668137  1.373646e+01  4.716709e-02  1.373646e+01  4.716709e-02 
   77860758   3.224558e+00   1.224938e-01   3.224558e+00   1.224938e-01 223200606200356080      10682        631     0 2453906.666181  1.372882e+01  4.124486e-02  1.372882e+01  4.124486e-02 
   77860817   3.084292e+00   1.219997e-01   3.084292e+00   1.219997e-01 223200606200357080      10683        630     0 2453906.666863  1.377711e+01  4.294662e-02  1.377711e+01  4.294662e-02 
   77860881   3.066978e+00   1.217179e-01   3.066978e+00   1.217179e-01 223200606200358110      10683        630     0 2453906.667604  1.378322e+01  4.308931e-02  1.378322e+01  4.308931e-02 
   77860946   3.380444e+00   1.228210e-01   3.380444e+00   1.228210e-01 223200606200359170      10678        657     0 2453906.668356  1.367757e+01  3.944798e-02  1.367757e+01  3.944798e-02 
   77947068   3.055828e+00   1.259441e-01   3.055828e+00   1.259441e-01 223200606210354360      10677        630     0 2453907.665139  1.378718e+01  4.474811e-02  1.378718e+01  4.474811e-02 
   77947122   2.985716e+00   1.253199e-01   2.985716e+00   1.253199e-01 223200606210355300      10678        631     0 2453907.665764  1.381238e+01  4.557195e-02  1.381238e+01  4.557195e-02 
   77947200   3.229175e+00   1.251183e-01   3.229175e+00   1.251183e-01 223200606210356480      10675        656     0 2453907.666667  1.372727e+01  4.206829e-02  1.372727e+01  4.206829e-02 
   77947267   3.047522e+00   1.260916e-01   3.047522e+00   1.260916e-01 223200606210357550      10678        631     0 2453907.667442  1.379013e+01  4.492264e-02  1.379013e+01  4.492264e-02 
   78119978   2.613303e+00   1.105096e-01   2.613303e+00   1.105096e-01 223200606230356210      10669        610     0 2453909.666412  1.395703e+01  4.591304e-02  1.395703e+01  4.591304e-02 
   78120032   2.523150e+00   1.113131e-01   2.523150e+00   1.113131e-01 223200606230357150      10668        611     0 2453909.667037  1.399514e+01  4.789927e-02  1.399514e+01  4.789927e-02 
   78120180   2.490179e+00   1.109618e-01   2.490179e+00   1.109618e-01 223200606230359440      10667        620     0 2453909.668750  1.400942e+01  4.838033e-02  1.400942e+01  4.838033e-02 
   78120242   2.494987e+00   1.118546e-01   2.494987e+00   1.118546e-01 223200606230400460      10668        598     0 2453909.669468  1.400733e+01  4.867560e-02  1.400733e+01  4.867560e-02 
   78206438   2.996156e+00   1.166449e-01   2.996156e+00   1.166449e-01 223200606240357190      10688        596     0 2453910.667106  1.380859e+01  4.226948e-02  1.380859e+01  4.226948e-02 
   78206497   2.942842e+00   1.165191e-01   2.942842e+00   1.165191e-01 223200606240358180      10685        600     0 2453910.667789  1.382808e+01  4.298886e-02  1.382808e+01  4.298886e-02 
   78206572   2.829660e+00   1.154239e-01   2.829660e+00   1.154239e-01 223200606240359320      10677        630     0 2453910.668657  1.387066e+01  4.428811e-02  1.387066e+01  4.428811e-02 
   78206631   2.855617e+00   1.154375e-01   2.855617e+00   1.154375e-01 223200606240400310      10672        613     0 2453910.669340  1.386075e+01  4.389073e-02  1.386075e+01  4.389073e-02 
   78292877   2.608004e+00   1.059254e-01   2.608004e+00   1.059254e-01 223200606250357560      10690        579     0 2453911.667558  1.395923e+01  4.409786e-02  1.395923e+01  4.409786e-02 
   78292931   2.867472e+00   1.069334e-01   2.867472e+00   1.069334e-01 223200606250358490      10684        586     0 2453911.668183  1.385625e+01  4.048927e-02  1.385625e+01  4.048927e-02 
   78292982   2.710355e+00   1.069099e-01   2.710355e+00   1.069099e-01 223200606250359400      10673        600     0 2453911.668773  1.391743e+01  4.282700e-02  1.391743e+01  4.282700e-02 
   78293044   2.852341e+00   1.083470e-01   2.852341e+00   1.083470e-01 223200606250400430      10674        599     0 2453911.669491  1.386200e+01  4.124215e-02  1.386200e+01  4.124215e-02 
   78724945   2.699303e+00   1.089090e-01   2.699303e+00   1.089090e-01 223200606300358520      10698        584     0 2453916.668345  1.392187e+01  4.380645e-02  1.392187e+01  4.380645e-02 
   78725022   2.778469e+00   1.084709e-01   2.778469e+00   1.084709e-01 223200606300400090      10704        555     0 2453916.669236  1.389049e+01  4.238707e-02  1.389049e+01  4.238707e-02 
   78725069   2.737632e+00   1.087426e-01   2.737632e+00   1.087426e-01 223200606300400570      10704        553     0 2453916.669780  1.390656e+01  4.312714e-02  1.390656e+01  4.312714e-02 
   78725133   2.604935e+00   1.085054e-01   2.604935e+00   1.085054e-01 223200606300402000      10705        551     0 2453916.670521  1.396051e+01  4.522517e-02  1.396051e+01  4.522517e-02 
   78811381   2.561333e+00   1.132918e-01   2.561333e+00   1.132918e-01 223200607010359260      10697        548     0 2453917.668762  1.397884e+01  4.802399e-02  1.397884e+01  4.802399e-02 
   78811460   2.692360e+00   1.138308e-01   2.692360e+00   1.138308e-01 223200607010400450      10695        570     0 2453917.669676  1.392467e+01  4.590420e-02  1.392467e+01  4.590420e-02 
   78811525   2.738448e+00   1.120641e-01   2.738448e+00   1.120641e-01 223200607010401510      10699        542     0 2453917.670428  1.390624e+01  4.443117e-02  1.390624e+01  4.443117e-02 
   78811576   2.621533e+00   1.118706e-01   2.621533e+00   1.118706e-01 223200607010402420      10700        540     0 2453917.671019  1.395361e+01  4.633258e-02  1.395361e+01  4.633258e-02 
   78897851   5.450273e+00   5.751629e-01   5.450273e+00   5.751629e-01 223200607020400340      10710        536     0 2453918.669572  1.315895e+01  1.145773e-01  1.315895e+01  1.145773e-01 
   78897905   2.486434e+00   3.269772e-01   2.486434e+00   3.269772e-01 223200607020401280      10709        534     0 2453918.670197  1.401106e+01  1.427797e-01  1.401106e+01  1.427797e-01 
   78984194   2.637864e+00   1.076040e-01   2.637864e+00   1.076040e-01 223200607030359350      10715        524     0 2453919.668912  1.394687e+01  4.428963e-02  1.394687e+01  4.428963e-02 
   78984248   2.629853e+00   1.067130e-01   2.629853e+00   1.067130e-01 223200607030400290      10718        521     0 2453919.669537  1.395017e+01  4.405668e-02  1.395017e+01  4.405668e-02 
   78984306   2.436393e+00   1.056158e-01   2.436393e+00   1.056158e-01 223200607030401270      10718        519     0 2453919.670208  1.403313e+01  4.706600e-02  1.403313e+01  4.706600e-02 
   78984361   2.660983e+00   1.069686e-01   2.660983e+00   1.069686e-01 223200607030402220      10718        517     0 2453919.670845  1.393739e+01  4.364555e-02  1.393739e+01  4.364555e-02 
   79070518   2.694503e+00   1.066543e-01   2.694503e+00   1.066543e-01 223200607040358180      10712        503     0 2453920.668032  1.392380e+01  4.297595e-02  1.392380e+01  4.297595e-02 
   79070564   2.632514e+00   1.066337e-01   2.632514e+00   1.066337e-01 223200607040359040      10713        501     0 2453920.668565  1.394907e+01  4.397945e-02  1.394907e+01  4.397945e-02 
   79070630   2.694759e+00   1.065957e-01   2.694759e+00   1.065957e-01 223200607040400090      10714        499     0 2453920.669329  1.392370e+01  4.294825e-02  1.392370e+01  4.294825e-02 
   79070682   2.746106e+00   1.060957e-01   2.746106e+00   1.060957e-01 223200607040401020      10715        497     0 2453920.669931  1.390321e+01  4.194753e-02  1.390321e+01  4.194753e-02 
   79415947   2.420445e+00   1.070014e-01   2.420445e+00   1.070014e-01 223200607080355190      10710        488     0 2453924.666053  1.404026e+01  4.799765e-02  1.404026e+01  4.799765e-02 
   79416104   2.566443e+00   1.065501e-01   2.566443e+00   1.065501e-01 223200607080357570      10713        511     0 2453924.667870  1.397667e+01  4.507625e-02  1.397667e+01  4.507625e-02 
   79416171   2.620142e+00   1.055896e-01   2.620142e+00   1.055896e-01 223200607080359030      10718        482     0 2453924.668646  1.395419e+01  4.375445e-02  1.395419e+01  4.375445e-02 
   79416229   2.573146e+00   1.050588e-01   2.573146e+00   1.050588e-01 223200607080400010      10718        479     0 2453924.669317  1.397384e+01  4.432962e-02  1.397384e+01  4.432962e-02 
   79502435   2.824976e+00   1.581064e-01   2.824976e+00   1.581064e-01 223200607090356460      10722        481     0 2453925.667072  1.387246e+01  6.076601e-02  1.387246e+01  6.076601e-02 
   79502487   3.342923e+00   1.583679e-01   3.342923e+00   1.583679e-01 223200607090357380      10723        479     0 2453925.667674  1.368968e+01  5.143594e-02  1.368968e+01  5.143594e-02 
   79502556   2.896281e+00   1.549959e-01   2.896281e+00   1.549959e-01 223200607090358470      10723        476     0 2453925.668472  1.384540e+01  5.810391e-02  1.384540e+01  5.810391e-02 
   79502710   2.894414e+00   1.513364e-01   2.894414e+00   1.513364e-01 223200607090401200      10721        458     0 2453925.670255  1.384610e+01  5.676866e-02  1.384610e+01  5.676866e-02 
   80278189   2.892662e+00   1.749789e-01   2.892662e+00   1.749789e-01 223200607180325470      10754        438     0 2453934.645706  1.384676e+01  6.567710e-02  1.384676e+01  6.567710e-02 
   80278251   3.154483e+00   1.723341e-01   3.154483e+00   1.723341e-01 223200607180326500      10757        410     0 2453934.646424  1.375268e+01  5.931558e-02  1.375268e+01  5.931558e-02 
   80278326   3.782593e+00   1.909954e-01   3.782593e+00   1.909954e-01 223200607180328050      10753        433     0 2453934.647292  1.355553e+01  5.482254e-02  1.355553e+01  5.482254e-02 
   80278404   3.167167e+00   2.540136e-01   3.167167e+00   2.540136e-01 223200607180329220      10757        405     0 2453934.648194  1.374832e+01  8.707865e-02  1.374832e+01  8.707865e-02 
   80364281   3.002252e+00   1.291170e-01   3.002252e+00   1.291170e-01 223200607190320380      10749        420     0 2453935.642141  1.380638e+01  4.669412e-02  1.380638e+01  4.669412e-02 
   80364337   2.916360e+00   1.287410e-01   2.916360e+00   1.287410e-01 223200607190321350      10749        419     0 2453935.642789  1.383790e+01  4.792934e-02  1.383790e+01  4.792934e-02 
   80364397   2.770180e+00   1.275008e-01   2.770180e+00   1.275008e-01 223200607190322340      10749        417     0 2453935.643484  1.389373e+01  4.997246e-02  1.389373e+01  4.997246e-02 
   80364458   2.675232e+00   1.262659e-01   2.675232e+00   1.262659e-01 223200607190323360      10750        416     0 2453935.644190  1.393160e+01  5.124488e-02  1.393160e+01  5.124488e-02 
   80450496   2.904321e+00   1.165819e-01   2.904321e+00   1.165819e-01 223200607200317340      10754        412     0 2453936.640000  1.384239e+01  4.358254e-02  1.384239e+01  4.358254e-02 
   80450557   2.807137e+00   1.167722e-01   2.807137e+00   1.167722e-01 223200607200318350      10753        410     0 2453936.640706  1.387934e+01  4.516498e-02  1.387934e+01  4.516498e-02 
   80450621   2.644118e+00   1.165628e-01   2.644118e+00   1.165628e-01 223200607200319380      10753        408     0 2453936.641447  1.394430e+01  4.786357e-02  1.394430e+01  4.786357e-02 
   80450678   2.756996e+00   1.171139e-01   2.756996e+00   1.171139e-01 223200607200320360      10754        407     0 2453936.642106  1.389891e+01  4.612095e-02  1.389891e+01  4.612095e-02 
   80967429   2.715358e+00   1.054853e-01   2.715358e+00   1.054853e-01 223200607260253020      10712        448     0 2453942.623021  1.391543e+01  4.217847e-02  1.391543e+01  4.217847e-02 
   80967488   2.672400e+00   1.049010e-01   2.672400e+00   1.049010e-01 223200607260254000      10713        446     0 2453942.623704  1.393275e+01  4.261905e-02  1.393275e+01  4.261905e-02 
   80967548   2.680119e+00   1.041648e-01   2.680119e+00   1.041648e-01 223200607260255010      10715        444     0 2453942.624398  1.392962e+01  4.219811e-02  1.392962e+01  4.219811e-02 
   80967604   2.548813e+00   1.042147e-01   2.548813e+00   1.042147e-01 223200607260255560      10715        441     0 2453942.625046  1.398416e+01  4.439325e-02  1.398416e+01  4.439325e-02 
   81053649   2.617378e+00   1.149128e-01   2.617378e+00   1.149128e-01 223200607270250020      10709        444     0 2453943.620938  1.395533e+01  4.766808e-02  1.395533e+01  4.766808e-02 
   81053711   2.536136e+00   1.178775e-01   2.536136e+00   1.178775e-01 223200607270251040      10710        441     0 2453943.621655  1.398957e+01  5.046428e-02  1.398957e+01  5.046428e-02 
   81053767   2.447132e+00   1.151129e-01   2.447132e+00   1.151129e-01 223200607270251590      10710        439     0 2453943.622303  1.402836e+01  5.107313e-02  1.402836e+01  5.107313e-02 
   81053829   2.611234e+00   1.139383e-01   2.611234e+00   1.139383e-01 223200607270253010      10711        437     0 2453943.623021  1.395789e+01  4.737505e-02  1.395789e+01  4.737505e-02 
   81139885   3.430124e+00   1.272297e+00   3.430124e+00   1.272297e+00 223200607280247170      10727        433     0 2453944.619039  1.366173e+01  4.027211e-01  1.366173e+01  4.027211e-01 
   81139939   2.805477e+00   7.949078e-01   2.805477e+00   7.949078e-01 223200607280248110      10728        431     0 2453944.619664  1.387998e+01  3.076351e-01  1.387998e+01  3.076351e-01 
   82346063   3.850304e+00   3.670970e-01   3.850304e+00   3.670970e-01 224200608110150170      20962       1865     0 2453958.579433  1.353626e+01  1.035170e-01  1.353626e+01  1.035170e-01 
   82346063   3.580421e+00   3.829286e-01   3.580421e+00   3.829286e-01 223200608110150170      10725        478     0 2453958.579433  1.361516e+01  1.161207e-01  1.361516e+01  1.161207e-01 
   82346119   3.191138e+00   3.635955e-01   3.191138e+00   3.635955e-01 224200608110151120      20958       1866     0 2453958.580081  1.374014e+01  1.237083e-01  1.374014e+01  1.237083e-01 
   82346119   4.106476e+00   3.857318e-01   4.106476e+00   3.857318e-01 223200608110151120      10728        476     0 2453958.580081  1.346633e+01  1.019863e-01  1.346633e+01  1.019863e-01 
   82346174   3.886488e+00   3.640377e-01   3.886488e+00   3.640377e-01 224200608110152070      20956       1868     0 2453958.580718  1.352611e+01  1.016986e-01  1.352611e+01  1.016986e-01 
   82346174   3.516059e+00   3.847140e-01   3.516059e+00   3.847140e-01 223200608110152070      10728        472     0 2453958.580718  1.363486e+01  1.187976e-01  1.363486e+01  1.187976e-01 
   82346233   2.925457e+00   3.613932e-01   2.925457e+00   3.613932e-01 224200608110153070      20955       1870     0 2453958.581400  1.383452e+01  1.341258e-01  1.383452e+01  1.341258e-01 
   82346233   3.753057e+00   3.835315e-01   3.753057e+00   3.835315e-01 223200608110153070      10728        470     0 2453958.581400  1.356404e+01  1.109537e-01  1.356404e+01  1.109537e-01 
   82518419   2.953441e+00   2.487131e-01   2.953441e+00   2.487131e-01 223200608130142530      10727        446     0 2453960.574294  1.382418e+01  9.143159e-02  1.382418e+01  9.143159e-02 
   82518478   5.298596e+00   3.738110e-01   5.298596e+00   3.738110e-01 224200608130143530      20918       1951     0 2453960.574977  1.318960e+01  7.659794e-02  1.318960e+01  7.659794e-02 
   82518478   2.693640e+00   2.491424e-01   2.693640e+00   2.491424e-01 223200608130143520      10728        444     0 2453960.574977  1.392415e+01  1.004232e-01  1.392415e+01  1.004232e-01 
   82518540   5.204759e+00   3.726287e-01   5.204759e+00   3.726287e-01 224200608130144550      20917       1952     0 2453960.575694  1.320900e+01  7.773230e-02  1.320900e+01  7.773230e-02 
   82518540   3.113667e+00   2.479271e-01   3.113667e+00   2.479271e-01 223200608130144550      10727        439     0 2453960.575694  1.376682e+01  8.645251e-02  1.376682e+01  8.645251e-02 
   82518618   3.020951e+00   2.473658e-01   3.020951e+00   2.473658e-01 223200608130146120      10724        461     0 2453960.576597  1.379964e+01  8.890411e-02  1.379964e+01  8.890411e-02 
   82604600   3.845892e+00   1.985305e-01   3.845892e+00   1.985305e-01 224200608140139160      20896       1961     0 2453961.571759  1.353751e+01  5.604747e-02  1.353751e+01  5.604747e-02 
   82604600   3.347123e+00   2.017998e-01   3.347123e+00   2.017998e-01 223200608140139160      10727        467     0 2453961.571759  1.368832e+01  6.545984e-02  1.368832e+01  6.545984e-02 
   82604656   3.946901e+00   2.004219e-01   3.946901e+00   2.004219e-01 224200608140140120      20892       1960     0 2453961.572407  1.350936e+01  5.513339e-02  1.350936e+01  5.513339e-02 
   82604656   3.213804e+00   1.996170e-01   3.213804e+00   1.996170e-01 223200608140140120      10734        464     0 2453961.572407  1.373245e+01  6.743789e-02  1.373245e+01  6.743789e-02 
   82604713   3.640733e+00   2.011324e-01   3.640733e+00   2.011324e-01 224200608140141080      20888       1957     0 2453961.573067  1.359703e+01  5.998174e-02  1.359703e+01  5.998174e-02 
   82604713   3.327255e+00   2.045473e-01   3.327255e+00   2.045473e-01 223200608140141080      10747        461     0 2453961.573067  1.369478e+01  6.674727e-02  1.369478e+01  6.674727e-02 
   82604767   3.712458e+00   2.010278e-01   3.712458e+00   2.010278e-01 224200608140142030      20888       1959     0 2453961.573692  1.357585e+01  5.879228e-02  1.357585e+01  5.879228e-02 
   82604767   3.238147e+00   2.093640e-01   3.238147e+00   2.093640e-01 223200608140142030      10747        459     0 2453961.573692  1.372426e+01  7.019908e-02  1.372426e+01  7.019908e-02 
   82863074   3.894511e+00   1.354431e-01   3.894511e+00   1.354431e-01 224200608170127120      20906       1934     0 2453964.563356  1.352387e+01  3.775981e-02  1.352387e+01  3.775981e-02 
   82863074   2.885837e+00   1.339315e-01   2.885837e+00   1.339315e-01 223200608170127120      10718        476     0 2453964.563356  1.384932e+01  5.038912e-02  1.384932e+01  5.038912e-02 
   82863142   3.884355e+00   1.361902e-01   3.884355e+00   1.361902e-01 224200608170128190      20898       1959     0 2453964.564144  1.352670e+01  3.806735e-02  1.352670e+01  3.806735e-02 
   82863142   2.923402e+00   1.351816e-01   2.923402e+00   1.351816e-01 223200608170128190      10725        443     0 2453964.564144  1.383528e+01  5.020591e-02  1.383528e+01  5.020591e-02 
   82863198   2.585142e+00   1.344658e-01   2.585142e+00   1.344658e-01 223200608170129150      10725        441     0 2453964.564792  1.396879e+01  5.647460e-02  1.396879e+01  5.647460e-02 
   82863258   3.839461e+00   1.359174e-01   3.839461e+00   1.359174e-01 224200608170130160      20895       1960     0 2453964.565486  1.353932e+01  3.843534e-02  1.353932e+01  3.843534e-02 
   82863258   2.856650e+00   1.353333e-01   2.856650e+00   1.353333e-01 223200608170130160      10726        439     0 2453964.565486  1.386036e+01  5.143676e-02  1.386036e+01  5.143676e-02 
   82949247   4.070610e+00   1.115589e-01   4.070610e+00   1.115589e-01 224200608180123250      20967       1908     0 2453965.560729  1.347585e+01  2.975572e-02  1.347585e+01  2.975572e-02 
   82949247   2.629105e+00   1.062233e-01   2.629105e+00   1.062233e-01 223200608180123250      10720        421     0 2453965.560729  1.395048e+01  4.386699e-02  1.395048e+01  4.386699e-02 
   82949309   2.477388e+00   1.063512e-01   2.477388e+00   1.063512e-01 223200608180124270      10723        421     0 2453965.561447  1.401501e+01  4.660946e-02  1.401501e+01  4.660946e-02 
   82949372   2.692625e+00   1.061637e-01   2.692625e+00   1.061637e-01 223200608180125310      10723        417     0 2453965.562176  1.392456e+01  4.280810e-02  1.392456e+01  4.280810e-02 
   82949463   4.057847e+00   1.117143e-01   4.057847e+00   1.117143e-01 224200608180127020      20964       1889     0 2453965.563229  1.347926e+01  2.989091e-02  1.347926e+01  2.989091e-02 
   82949463   2.833101e+00   1.081375e-01   2.833101e+00   1.081375e-01 223200608180127020      10720        437     0 2453965.563229  1.386934e+01  4.144193e-02  1.386934e+01  4.144193e-02 
   83724674   3.835819e+00   1.095143e-01   3.835819e+00   1.095143e-01 224200608270047250      20944       1943     0 2453974.535579  1.354035e+01  3.099833e-02  1.354035e+01  3.099833e-02 
   83724674   2.681794e+00   1.052980e-01   2.681794e+00   1.052980e-01 223200608270047250      10701        474     0 2453974.535579  1.392894e+01  4.263052e-02  1.392894e+01  4.263052e-02 
   83724738   2.693143e+00   1.051273e-01   2.693143e+00   1.051273e-01 223200608270048280      10704        439     0 2453974.536319  1.392435e+01  4.238207e-02  1.392435e+01  4.238207e-02 
   83724813   3.998230e+00   1.096232e-01   3.998230e+00   1.096232e-01 224200608270049440      20940       1945     0 2453974.537187  1.349533e+01  2.976875e-02  1.349533e+01  2.976875e-02 
   83724813   2.773283e+00   1.045550e-01   2.773283e+00   1.045550e-01 223200608270049440      10701        461     0 2453974.537187  1.389251e+01  4.093328e-02  1.389251e+01  4.093328e-02 
   83724875   4.081996e+00   1.098022e-01   4.081996e+00   1.098022e-01 224200608270050460      20936       1971     0 2453974.537905  1.347282e+01  2.920549e-02  1.347282e+01  2.920549e-02 
   83724875   2.706078e+00   1.037721e-01   2.706078e+00   1.037721e-01 223200608270050460      10704        432     0 2453974.537905  1.391915e+01  4.163571e-02  1.391915e+01  4.163571e-02 
   83810840   3.921787e+00   1.041785e-01   3.921787e+00   1.041785e-01 224200608280043330      20940       1948     0 2453975.532870  1.351629e+01  2.884165e-02  1.351629e+01  2.884165e-02 
   83810840   2.657163e+00   9.994518e-02   2.657163e+00   9.994518e-02 223200608280043330      10706        462     0 2453975.532870  1.393895e+01  4.083847e-02  1.393895e+01  4.083847e-02 
   83810892   4.055326e+00   1.048992e-01   4.055326e+00   1.048992e-01 224200608280044250      20938       1949     0 2453975.533472  1.347994e+01  2.808486e-02  1.347994e+01  2.808486e-02 
   83810892   2.688972e+00   1.012217e-01   2.688972e+00   1.012217e-01 223200608280044250      10707        460     0 2453975.533472  1.392603e+01  4.087080e-02  1.392603e+01  4.087080e-02 
   83810963   2.571635e+00   1.001779e-01   2.571635e+00   1.001779e-01 223200608280045350      10706        456     0 2453975.534294  1.397448e+01  4.229495e-02  1.397448e+01  4.229495e-02 
   83810964   4.097763e+00   1.042435e-01   4.097763e+00   1.042435e-01 224200608280045360      20938       1952     0 2453975.534306  1.346863e+01  2.762026e-02  1.346863e+01  2.762026e-02 
   83811020   4.095256e+00   1.046633e-01   4.095256e+00   1.046633e-01 224200608280046320      20937       1952     0 2453975.534954  1.346930e+01  2.774848e-02  1.346930e+01  2.774848e-02 
   83811020   2.716775e+00   1.015624e-01   2.716775e+00   1.015624e-01 223200608280046320      10706        453     0 2453975.534954  1.391487e+01  4.058872e-02  1.391487e+01  4.058872e-02 
   84328673   4.245692e+00   2.673101e-01   4.245692e+00   2.673101e-01 224200609030034170      20944       2011     0 2453981.526308  1.343013e+01  6.835853e-02  1.343013e+01  6.835853e-02 
   84328673   3.689067e+00   2.734764e-01   3.689067e+00   2.734764e-01 223200609030034170      10696        391     0 2453981.526308  1.358271e+01  8.048762e-02  1.358271e+01  8.048762e-02 
   84328745   4.416121e+00   2.680923e-01   4.416121e+00   2.680923e-01 224200609030035290      20946       1986     0 2453981.527141  1.338740e+01  6.591270e-02  1.338740e+01  6.591270e-02 
   84328745   3.496214e+00   2.775592e-01   3.496214e+00   2.775592e-01 223200609030035280      10692        413     0 2453981.527141  1.364100e+01  8.619526e-02  1.364100e+01  8.619526e-02 
   84328812   4.053479e+00   2.810864e-01   4.053479e+00   2.810864e-01 224200609030036350      20944       2011     0 2453981.527917  1.348043e+01  7.529010e-02  1.348043e+01  7.529010e-02 
   84328812   3.231839e+00   2.949761e-01   3.231839e+00   2.949761e-01 223200609030036350      10692        377     0 2453981.527917  1.372638e+01  9.909753e-02  1.372638e+01  9.909753e-02 
   84328869   4.088194e+00   2.838573e-01   4.088194e+00   2.838573e-01 224200609030037320      20942       2012     0 2453981.528576  1.347117e+01  7.538665e-02  1.347117e+01  7.538665e-02 
   84328869   3.176191e+00   2.856104e-01   3.176191e+00   2.856104e-01 223200609030037320      10693        376     0 2453981.528576  1.374523e+01  9.763227e-02  1.374523e+01  9.763227e-02 
   84500180   3.603790e+00   4.326760e-01   3.603790e+00   4.326760e-01 223200609050012480      10703        457     0 2453983.511343  1.360810e+01  1.303554e-01  1.360810e+01  1.303554e-01 
   84500240   4.255850e+00   4.022036e-01   4.255850e+00   4.022036e-01 224200609050013480      20939       1958     0 2453983.512037  1.342753e+01  1.026090e-01  1.342753e+01  1.026090e-01 
   84500240   3.991017e+00   4.328657e-01   3.991017e+00   4.328657e-01 223200609050013480      10705        454     0 2453983.512037  1.349729e+01  1.177594e-01  1.349729e+01  1.177594e-01 
   84500302   4.482651e+00   4.278790e-01   4.482651e+00   4.278790e-01 223200609050014500      10705        451     0 2453983.512755  1.337116e+01  1.036363e-01  1.337116e+01  1.036363e-01 
   84500380   4.670427e+00   3.976425e-01   4.670427e+00   3.976425e-01 224200609050016080      20940       1938     0 2453983.513657  1.332661e+01  9.244045e-02  1.332661e+01  9.244045e-02 
   84500380   3.751631e+00   4.326190e-01   3.751631e+00   4.326190e-01 223200609050016080      10701        473     0 2453983.513657  1.356445e+01  1.252020e-01  1.356445e+01  1.252020e-01 
   84844854   5.077216e+00   5.612139e-01   5.077216e+00   5.612139e-01 224200609082357310      20945       1928     0 2453987.500625  1.323594e+01  1.200131e-01  1.323594e+01  1.200131e-01 
   84844854   4.560938e+00   6.040295e-01   4.560938e+00   6.040295e-01 223200609082357310      10714        466     0 2453987.500625  1.335236e+01  1.437904e-01  1.335236e+01  1.437904e-01 
   84844910   4.777791e+00   5.999708e-01   4.777791e+00   5.999708e-01 223200609082358260      10715        462     0 2453987.501273  1.330193e+01  1.363417e-01  1.330193e+01  1.363417e-01 
   84844911   5.885575e+00   5.586258e-01   5.885575e+00   5.586258e-01 224200609082358270      20943       1930     0 2453987.501285  1.307553e+01  1.030523e-01  1.307553e+01  1.030523e-01 
   84844967   5.115613e+00   5.556863e-01   5.115613e+00   5.556863e-01 224200609082359230      20942       1932     0 2453987.501933  1.322776e+01  1.179391e-01  1.322776e+01  1.179391e-01 
   84844967   4.497255e+00   6.006000e-01   4.497255e+00   6.006000e-01 223200609082359230      10714        459     0 2453987.501933  1.336763e+01  1.449986e-01  1.336763e+01  1.449986e-01 
   84845029   4.602804e+00   5.530665e-01   4.602804e+00   5.530665e-01 224200609090000260      20942       1933     0 2453987.502650  1.334244e+01  1.304610e-01  1.334244e+01  1.304610e-01 
   85017154   3.766876e+00   2.971426e-01   3.766876e+00   2.971426e-01 224200609102349160      20955       1975     0 2453989.494838  1.356005e+01  8.564647e-02  1.356005e+01  8.564647e-02 
   85017154   3.743564e+00   3.163379e-01   3.743564e+00   3.163379e-01 223200609102349160      10689        417     0 2453989.494838  1.356679e+01  9.174698e-02  1.356679e+01  9.174698e-02 
   85017221   3.661909e+00   3.915327e-01   3.661909e+00   3.915327e-01 224200609102350220      20952       1975     0 2453989.495613  1.359073e+01  1.160878e-01  1.359073e+01  1.160878e-01 
   85017221   3.476063e+00   4.173894e-01   3.476063e+00   4.173894e-01 223200609102350220      10691        414     0 2453989.495613  1.364728e+01  1.303706e-01  1.364728e+01  1.303706e-01 
   85017280   4.674296e+00   3.585641e-01   4.674296e+00   3.585641e-01 224200609102351210      20950       1976     0 2453989.496296  1.332571e+01  8.328685e-02  1.332571e+01  8.328685e-02 
   85017280   3.461130e+00   3.698258e-01   3.461130e+00   3.698258e-01 223200609102351210      10691        412     0 2453989.496296  1.365196e+01  1.160126e-01  1.365196e+01  1.160126e-01 
   85017338   3.797700e+00   3.466280e-01   3.797700e+00   3.466280e-01 224200609102352200      20950       1977     0 2453989.496968  1.355120e+01  9.909892e-02  1.355120e+01  9.909892e-02 
   85017338   3.442698e+00   3.786550e-01   3.442698e+00   3.786550e-01 223200609102352200      10689        405     0 2453989.496968  1.365775e+01  1.194182e-01  1.365775e+01  1.194182e-01 
   85361747   3.945021e+00   1.080057e-01   3.945021e+00   1.080057e-01 224200609142332380      20928       1957     0 2453993.483183  1.350988e+01  2.972510e-02  1.350988e+01  2.972510e-02 
   85361747   2.735760e+00   1.032429e-01   2.735760e+00   1.032429e-01 223200609142332380      10692        371     0 2453993.483183  1.390730e+01  4.097399e-02  1.390730e+01  4.097399e-02 
   85361800   4.006087e+00   1.087677e-01   4.006087e+00   1.087677e-01 224200609142333310      20923       1957     0 2453993.483796  1.349320e+01  2.947851e-02  1.349320e+01  2.947851e-02 
   85361804   2.768230e+00   1.030476e-01   2.768230e+00   1.030476e-01 223200609142333360      10693        368     0 2453993.483843  1.389449e+01  4.041675e-02  1.389449e+01  4.041675e-02 
   85361865   4.049261e+00   1.088101e-01   4.049261e+00   1.088101e-01 224200609142334370      20921       1959     0 2453993.484549  1.348156e+01  2.917557e-02  1.348156e+01  2.917557e-02 
   85361865   2.870800e+00   1.039505e-01   2.870800e+00   1.039505e-01 223200609142334370      10694        365     0 2453993.484549  1.385499e+01  3.931418e-02  1.385499e+01  3.931418e-02 
   85361940   4.049540e+00   1.082860e-01   4.049540e+00   1.082860e-01 224200609142335520      20923       1934     0 2453993.485417  1.348149e+01  2.903304e-02  1.348149e+01  2.903304e-02 
   85361940   2.751216e+00   1.027512e-01   2.751216e+00   1.027512e-01 223200609142335520      10690        388     0 2453993.485417  1.390119e+01  4.054975e-02  1.390119e+01  4.054975e-02 
   85620645   3.736676e+00   1.240942e-01   3.736676e+00   1.240942e-01 224200609172327440      20956       1918     0 2453996.479687  1.356879e+01  3.605720e-02  1.356879e+01  3.605720e-02 
   85620645   2.526716e+00   1.167584e-01   2.526716e+00   1.167584e-01 223200609172327440      10663        378     0 2453996.479687  1.399361e+01  5.017157e-02  1.399361e+01  5.017157e-02 
   85620704   3.840433e+00   1.256048e-01   3.840433e+00   1.256048e-01 224200609172328430      20954       1920     0 2453996.480370  1.353905e+01  3.551010e-02  1.353905e+01  3.551010e-02 
   85620704   2.616637e+00   1.173739e-01   2.616637e+00   1.173739e-01 223200609172328430      10663        375     0 2453996.480370  1.395564e+01  4.870280e-02  1.395564e+01  4.870280e-02 
   85620767   3.678344e+00   1.262251e-01   3.678344e+00   1.262251e-01 224200609172329460      20953       1922     0 2453996.481100  1.358587e+01  3.725797e-02  1.358587e+01  3.725797e-02 
   85620767   2.546621e+00   1.178430e-01   2.546621e+00   1.178430e-01 223200609172329460      10663        372     0 2453996.481100  1.398509e+01  5.024181e-02  1.398509e+01  5.024181e-02 
   85620821   3.759031e+00   1.268860e-01   3.759031e+00   1.268860e-01 224200609172330410      20952       1924     0 2453996.481725  1.356231e+01  3.664914e-02  1.356231e+01  3.664914e-02 
   85620821   2.703476e+00   1.184833e-01   2.703476e+00   1.184833e-01 223200609172330410      10663        369     0 2453996.481725  1.392019e+01  4.758393e-02  1.392019e+01  4.758393e-02 
   85706441   3.287901e+00   1.230963e-01   3.287901e+00   1.230963e-01 224200609182317440      20956       1874     0 2453997.472697  1.370770e+01  4.064921e-02  1.370770e+01  4.064921e-02 
   85706441   2.491089e+00   1.139890e-01   2.491089e+00   1.139890e-01 223200609182317440      10666        353     0 2453997.472697  1.400903e+01  4.968204e-02  1.400903e+01  4.968204e-02 
   85706504   3.598710e+00   1.245373e-01   3.598710e+00   1.245373e-01 224200609182318460      20949       1899     0 2453997.473426  1.360963e+01  3.757321e-02  1.360963e+01  3.757321e-02 
   85706504   2.394437e+00   1.145495e-01   2.394437e+00   1.145495e-01 223200609182318460      10670        328     0 2453997.473426  1.405199e+01  5.194163e-02  1.405199e+01  5.194163e-02 
   85706559   3.558593e+00   1.223694e-01   3.558593e+00   1.223694e-01 224200609182319420      20946       1902     0 2453997.474063  1.362180e+01  3.733536e-02  1.362180e+01  3.733536e-02 
   85706559   2.284435e+00   1.134543e-01   2.284435e+00   1.134543e-01 223200609182319410      10671        326     0 2453997.474063  1.410305e+01  5.392225e-02  1.410305e+01  5.392225e-02 
   85706636   3.499308e+00   1.242226e-01   3.499308e+00   1.242226e-01 224200609182320580      20950       1879     0 2453997.474954  1.364005e+01  3.854289e-02  1.364005e+01  3.854289e-02 
   85706636   2.485290e+00   1.129382e-01   2.485290e+00   1.129382e-01 223200609182320580      10667        350     0 2453997.474954  1.401156e+01  4.933890e-02  1.401156e+01  4.933890e-02 
   85878755   3.818748e+00   1.170899e-01   3.818748e+00   1.170899e-01 224200609202309430      20931       1920     0 2453999.467072  1.354520e+01  3.329081e-02  1.354520e+01  3.329081e-02 
   85878755   2.700389e+00   1.139492e-01   2.700389e+00   1.139492e-01 223200609202309430      10668        404     0 2453999.467072  1.392143e+01  4.581532e-02  1.392143e+01  4.581532e-02 
   85878812   3.839863e+00   1.176135e-01   3.839863e+00   1.176135e-01 224200609202310410      20925       1922     0 2453999.467731  1.353921e+01  3.325579e-02  1.353921e+01  3.325579e-02 
   85878812   2.818300e+00   1.132309e-01   2.818300e+00   1.132309e-01 223200609202310400      10670        402     0 2453999.467731  1.387503e+01  4.362179e-02  1.387503e+01  4.362179e-02 
   85878873   3.798114e+00   1.191227e-01   3.798114e+00   1.191227e-01 224200609202311410      20921       1924     0 2453999.468437  1.355108e+01  3.405277e-02  1.355108e+01  3.405277e-02 
   85878873   2.613329e+00   1.129450e-01   2.613329e+00   1.129450e-01 223200609202311410      10671        399     0 2453999.468437  1.395702e+01  4.692443e-02  1.395702e+01  4.692443e-02 
   85878933   3.697500e+00   1.187771e-01   3.697500e+00   1.187771e-01 224200609202312420      20920       1927     0 2453999.469132  1.358023e+01  3.487789e-02  1.358023e+01  3.487789e-02 
   85878933   2.739654e+00   1.140819e-01   2.739654e+00   1.140819e-01 223200609202312420      10671        396     0 2453999.469132  1.390576e+01  4.521129e-02  1.390576e+01  4.521129e-02 
   85964878   4.095763e+00   1.137069e-01   4.095763e+00   1.137069e-01 224200609212305090      20925       1941     0 2454000.463866  1.346916e+01  3.014240e-02  1.346916e+01  3.014240e-02 
   85964878   3.064894e+00   1.064373e-01   3.064894e+00   1.064373e-01 223200609212305090      10683        400     0 2454000.463866  1.378396e+01  3.770546e-02  1.378396e+01  3.770546e-02 
   85965031   4.382449e+00   1.139878e-01   4.382449e+00   1.139878e-01 224200609212307420      20919       1944     0 2454000.465637  1.339571e+01  2.824018e-02  1.339571e+01  2.824018e-02 
   85965031   2.874149e+00   1.058513e-01   2.874149e+00   1.058513e-01 223200609212307420      10685        392     0 2454000.465637  1.385373e+01  3.998645e-02  1.385373e+01  3.998645e-02 
   85965094   4.521226e+00   1.145653e-01   4.521226e+00   1.145653e-01 224200609212308460      20918       1945     0 2454000.466366  1.336186e+01  2.751204e-02  1.336186e+01  2.751204e-02 
   85965094   2.956748e+00   1.058481e-01   2.956748e+00   1.058481e-01 223200609212308460      10686        389     0 2454000.466366  1.382296e+01  3.886821e-02  1.382296e+01  3.886821e-02 
   85965150   4.275069e+00   1.143417e-01   4.275069e+00   1.143417e-01 224200609212309410      20916       1947     0 2454000.467014  1.342264e+01  2.903938e-02  1.342264e+01  2.903938e-02 
   85965150   3.032765e+00   1.056662e-01   3.032765e+00   1.056662e-01 223200609212309410      10686        387     0 2454000.467014  1.379540e+01  3.782886e-02  1.379540e+01  3.782886e-02 
   86404993   4.334629e+00   1.134434e-01   4.334629e+00   1.134434e-01 224200609270120390      21025       2153     0 2454005.557789  1.340762e+01  2.841536e-02  1.340762e+01  2.841536e-02 
   86405122   4.048572e+00   1.117051e-01   4.048572e+00   1.117051e-01 224200609270122490      21022       2177     0 2454005.559282  1.348175e+01  2.995690e-02  1.348175e+01  2.995690e-02 
   86405181   4.318693e+00   1.128590e-01   4.318693e+00   1.128590e-01 224200609270123480      21022       2177     0 2454005.559965  1.341162e+01  2.837328e-02  1.341162e+01  2.837328e-02 
   87688165   3.340590e+00   9.335262e-02   3.340590e+00   9.335262e-02 223200610112147440      10344        200     0 2454020.409317  1.369044e+01  3.034095e-02  1.369044e+01  3.034095e-02 
   87688239   3.371358e+00   9.437960e-02   3.371358e+00   9.437960e-02 223200610112148580      10347        171     0 2454020.410174  1.368049e+01  3.039478e-02  1.368049e+01  3.039478e-02 
   87688293   3.262370e+00   9.424476e-02   3.262370e+00   9.424476e-02 223200610112149520      10347        168     0 2454020.410799  1.371617e+01  3.136533e-02  1.371617e+01  3.136533e-02 
   87860510   3.214042e+00   1.021627e-01   3.214042e+00   1.021627e-01 223200610132140170      10307        222     0 2454022.404051  1.373237e+01  3.451172e-02  1.373237e+01  3.451172e-02 
   87860577   3.155637e+00   1.023378e-01   3.155637e+00   1.023378e-01 223200610132141240      10307        217     0 2454022.404826  1.375228e+01  3.521071e-02  1.375228e+01  3.521071e-02 
   87860633   3.113258e+00   1.025025e-01   3.113258e+00   1.025025e-01 223200610132142200      10306        215     0 2454022.405475  1.376696e+01  3.574745e-02  1.376696e+01  3.574745e-02 
   87860693   3.314623e+00   1.022356e-01   3.314623e+00   1.022356e-01 223200610132143190      10306        212     0 2454022.406169  1.369891e+01  3.348836e-02  1.369891e+01  3.348836e-02 
   88033123   3.360043e+00   9.731740e-02   3.360043e+00   9.731740e-02 223200610152137170      10303        253     0 2454024.401887  1.368414e+01  3.144644e-02  1.368414e+01  3.144644e-02 
   88033184   3.311730e+00   9.770721e-02   3.311730e+00   9.770721e-02 223200610152138180      10302        248     0 2454024.402593  1.369986e+01  3.203299e-02  1.369986e+01  3.203299e-02 
   88033239   3.499836e+00   9.793611e-02   3.499836e+00   9.793611e-02 223200610152139130      10301        243     0 2454024.403229  1.363988e+01  3.038232e-02  1.363988e+01  3.038232e-02 
   88033298   3.518768e+00   9.697979e-02   3.518768e+00   9.697979e-02 223200610152140120      10301        240     0 2454024.403912  1.363402e+01  2.992378e-02  1.363402e+01  2.992378e-02 
   88377445   3.134476e+00   9.984038e-02   3.134476e+00   9.984038e-02 223200610192116140      10287        268     0 2454028.387095  1.375959e+01  3.458335e-02  1.375959e+01  3.458335e-02 
   88377497   3.060791e+00   1.006131e-01   3.060791e+00   1.006131e-01 223200610192117070      10287        264     0 2454028.387697  1.378542e+01  3.569000e-02  1.378542e+01  3.569000e-02 
   88377582   3.255334e+00   1.006506e-01   3.255334e+00   1.006506e-01 223200610192118310      10283        287     0 2454028.388681  1.371851e+01  3.356964e-02  1.371851e+01  3.356964e-02 
   88377644   3.199606e+00   1.005319e-01   3.199606e+00   1.005319e-01 223200610192119340      10283        283     0 2454028.389398  1.373726e+01  3.411403e-02  1.373726e+01  3.411403e-02 
   88463610   3.555522e+00   1.000060e-01   3.555522e+00   1.000060e-01 223200610202112230      10310        222     0 2454029.384375  1.362274e+01  3.053857e-02  1.362274e+01  3.053857e-02 
   88463682   3.448178e+00   9.968539e-02   3.448178e+00   9.968539e-02 223200610202113350      10307        217     0 2454029.385208  1.365603e+01  3.138829e-02  1.365603e+01  3.138829e-02 
   88463745   3.313259e+00   9.947929e-02   3.313259e+00   9.947929e-02 223200610202114380      10307        215     0 2454029.385937  1.369936e+01  3.259892e-02  1.369936e+01  3.259892e-02 
   88463804   3.546867e+00   9.967636e-02   3.546867e+00   9.967636e-02 223200610202115380      10307        213     0 2454029.386620  1.362539e+01  3.051217e-02  1.362539e+01  3.051217e-02 
   88551558   3.218302e+00   1.075610e-01   3.218302e+00   1.075610e-01 223200610212138150      10306        163     0 2454030.402292  1.373093e+01  3.628723e-02  1.373093e+01  3.628723e-02 
   88551690   3.457438e+00   1.088539e-01   3.457438e+00   1.088539e-01 223200610212140270      10302        153     0 2454030.403819  1.365311e+01  3.418339e-02  1.365311e+01  3.418339e-02 
   88551762   3.500652e+00   1.091342e-01   3.500652e+00   1.091342e-01 223200610212141400      10298        175     0 2454030.404653  1.363963e+01  3.384838e-02  1.363963e+01  3.384838e-02 
   88637693   5.617613e+00   1.419960e+00   5.617613e+00   1.419960e+00 223200610222133550      10303        176     0 2454031.399225  1.312612e+01  2.744416e-01  1.312612e+01  2.744416e-01 
   88637768   3.472207e+00   1.425173e+00   3.472207e+00   1.425173e+00 223200610222135100      10299        197     0 2454031.400093  1.364849e+01  4.456438e-01  1.364849e+01  4.456438e-01 
   88722111   3.313340e+00   1.012729e-01   3.313340e+00   1.012729e-01 223200610232100550      10294        253     0 2454032.376285  1.369934e+01  3.318584e-02  1.369934e+01  3.318584e-02 
   88722165   3.449634e+00   1.018372e-01   3.449634e+00   1.018372e-01 223200610232101500      10294        250     0 2454032.376910  1.365557e+01  3.205230e-02  1.365557e+01  3.205230e-02 
   88722227   3.375609e+00   1.012646e-01   3.375609e+00   1.012646e-01 223200610232102520      10294        248     0 2454032.377627  1.367912e+01  3.257101e-02  1.367912e+01  3.257101e-02 
   88722294   3.463952e+00   1.021910e-01   3.463952e+00   1.021910e-01 223200610232103590      10295        245     0 2454032.378403  1.365107e+01  3.203072e-02  1.365107e+01  3.203072e-02 
   88980556   3.105954e+00   1.133508e-01   3.105954e+00   1.133508e-01 223200610262048320      10296        315     0 2454035.367546  1.376951e+01  3.962373e-02  1.376951e+01  3.962373e-02 
   88980610   3.152414e+00   1.125592e-01   3.152414e+00   1.125592e-01 223200610262049260      10296        311     0 2454035.368171  1.375339e+01  3.876713e-02  1.375339e+01  3.876713e-02 
   88980670   3.159655e+00   1.130842e-01   3.159655e+00   1.130842e-01 223200610262050270      10296        309     0 2454035.368866  1.375090e+01  3.885867e-02  1.375090e+01  3.885867e-02 
   88980734   3.008837e+00   1.114808e-01   3.008837e+00   1.114808e-01 223200610262051300      10292        300     0 2454035.369606  1.380400e+01  4.022788e-02  1.380400e+01  4.022788e-02 
   89066672   3.861805e+00   1.237479e-01   3.861805e+00   1.237479e-01 223200610272043520      10316        286     0 2454036.364259  1.353302e+01  3.479152e-02  1.353302e+01  3.479152e-02 
   89066735   3.748399e+00   1.251279e-01   3.748399e+00   1.251279e-01 223200610272044550      10316        283     0 2454036.364988  1.356539e+01  3.624384e-02  1.356539e+01  3.624384e-02 
   89066791   3.646448e+00   1.255599e-01   3.646448e+00   1.255599e-01 223200610272045520      10315        279     0 2454036.365637  1.359532e+01  3.738581e-02  1.359532e+01  3.738581e-02 
   89066856   3.669464e+00   1.256340e-01   3.669464e+00   1.256340e-01 223200610272046560      10315        277     0 2454036.366389  1.358849e+01  3.717325e-02  1.358849e+01  3.717325e-02 
   89152943   3.419592e+00   1.865773e-01   3.419592e+00   1.865773e-01 223200610282041480      10302        264     0 2454037.362766  1.366506e+01  5.923937e-02  1.366506e+01  5.923937e-02 
   89153004   3.724311e+00   1.598198e-01   3.724311e+00   1.598198e-01 223200610282042490      10301        261     0 2454037.363472  1.357238e+01  4.659189e-02  1.357238e+01  4.659189e-02 
   89238991   3.673560e+00   1.666709e-01   3.673560e+00   1.666709e-01 223200610292035590      10293        253     0 2454038.358692  1.358728e+01  4.926047e-02  1.358728e+01  4.926047e-02 
   89239046   3.422773e+00   1.666302e-01   3.422773e+00   1.666302e-01 223200610292036550      10294        250     0 2454038.359329  1.366405e+01  5.285687e-02  1.366405e+01  5.285687e-02 
   89239093   3.520644e+00   1.668930e-01   3.520644e+00   1.668930e-01 223200610292037410      10293        242     0 2454038.359873  1.363344e+01  5.146853e-02  1.363344e+01  5.146853e-02 
   89239171   3.594841e+00   1.662033e-01   3.594841e+00   1.662033e-01 223200610292038590      10292        240     0 2454038.360775  1.361080e+01  5.019793e-02  1.361080e+01  5.019793e-02 
   89411366   4.419328e+00   2.578296e-01   4.419328e+00   2.578296e-01 223200610312029020      10287        254     0 2454040.353773  1.338661e+01  6.334355e-02  1.338661e+01  6.334355e-02 
   89411439   3.953015e+00   2.592073e-01   3.953015e+00   2.592073e-01 223200610312030160      10284        275     0 2454040.354618  1.350768e+01  7.119419e-02  1.350768e+01  7.119419e-02 
   89411509   4.009887e+00   2.630831e-01   4.009887e+00   2.630831e-01 223200610312031250      10286        243     0 2454040.355428  1.349217e+01  7.123391e-02  1.349217e+01  7.123391e-02 
   89411566   4.161016e+00   2.603891e-01   4.161016e+00   2.603891e-01 223200610312032230      10286        239     0 2454040.356088  1.345200e+01  6.794372e-02  1.345200e+01  6.794372e-02 
   89842127   4.398910e+00   3.782420e-01   4.398910e+00   3.782420e-01 223200611052008420      10298        256     0 2454045.339433  1.339164e+01  9.335778e-02  1.339164e+01  9.335778e-02 
   89842185   4.073498e+00   3.796062e-01   4.073498e+00   3.796062e-01 223200611052009400      10298        253     0 2454045.340104  1.347508e+01  1.011793e-01  1.347508e+01  1.011793e-01 
   89842258   3.902576e+00   3.810581e-01   3.902576e+00   3.810581e-01 223200611052010530      10298        249     0 2454045.340949  1.352162e+01  1.060146e-01  1.352162e+01  1.060146e-01 
   89842317   4.001837e+00   3.821223e-01   4.001837e+00   3.821223e-01 223200611052011520      10298        246     0 2454045.341632  1.349435e+01  1.036737e-01  1.349435e+01  1.036737e-01 
   89928311   4.221987e+00   2.887778e-01   4.221987e+00   2.887778e-01 223200611062005110      10301        274     0 2454046.336933  1.343621e+01  7.426304e-02  1.343621e+01  7.426304e-02 
   89928380   4.288791e+00   2.878198e-01   4.288791e+00   2.878198e-01 223200611062006190      10301        270     0 2454046.337731  1.341916e+01  7.286378e-02  1.341916e+01  7.286378e-02 
   89928434   4.176089e+00   2.890577e-01   4.176089e+00   2.890577e-01 223200611062007140      10302        268     0 2454046.338356  1.344808e+01  7.515201e-02  1.344808e+01  7.515201e-02 
   89928498   4.154267e+00   2.923770e-01   4.154267e+00   2.923770e-01 223200611062008180      10302        265     0 2454046.339097  1.345376e+01  7.641430e-02  1.345376e+01  7.641430e-02 
   90014499   3.714981e+00   1.890774e-01   3.714981e+00   1.890774e-01 223200611072001430      10309        282     0 2454047.334479  1.357511e+01  5.525975e-02  1.357511e+01  5.525975e-02 
   90014553   3.879178e+00   1.956967e-01   3.879178e+00   1.956967e-01 223200611072002370      10309        279     0 2454047.335104  1.352815e+01  5.477338e-02  1.352815e+01  5.477338e-02 
   90014642   3.470425e+00   1.727209e-01   3.470425e+00   1.727209e-01 223200611072004050      10305        301     0 2454047.336134  1.364904e+01  5.403661e-02  1.364904e+01  5.403661e-02 
   90014704   3.727196e+00   1.786529e-01   3.727196e+00   1.786529e-01 223200611072005080      10304        297     0 2454047.336852  1.357154e+01  5.204196e-02  1.357154e+01  5.204196e-02 
   90272988   3.181159e+00   1.106447e-01   3.181159e+00   1.106447e-01 223200611101950030      10305        265     0 2454050.326250  1.374354e+01  3.776339e-02  1.374354e+01  3.776339e-02 
   90273042   3.219897e+00   1.110500e-01   3.219897e+00   1.110500e-01 223200611101950570      10305        262     0 2454050.326875  1.373040e+01  3.744576e-02  1.373040e+01  3.744576e-02 
   90273090   3.156264e+00   1.128049e-01   3.156264e+00   1.128049e-01 223200611101951450      10304        258     0 2454050.327431  1.375207e+01  3.880436e-02  1.375207e+01  3.880436e-02 
   90273155   3.454403e+00   1.101458e-01   3.454403e+00   1.101458e-01 223200611101952500      10303        256     0 2454050.328183  1.365407e+01  3.461949e-02  1.365407e+01  3.461949e-02 
   90617603   3.333357e+00   1.058222e-01   3.333357e+00   1.058222e-01 223200611141933540      10295        291     0 2454054.314850  1.369280e+01  3.446838e-02  1.369280e+01  3.446838e-02 
   90617665   3.186692e+00   1.046122e-01   3.186692e+00   1.046122e-01 223200611141934560      10295        287     0 2454054.315567  1.374165e+01  3.564249e-02  1.374165e+01  3.564249e-02 
   90617725   3.457536e+00   1.052438e-01   3.457536e+00   1.052438e-01 223200611141935570      10299        258     0 2454054.316262  1.365308e+01  3.304880e-02  1.365308e+01  3.304880e-02 
   90617776   3.497089e+00   1.051095e-01   3.497089e+00   1.051095e-01 223200611141936470      10299        256     0 2454054.316852  1.364073e+01  3.263330e-02  1.364073e+01  3.263330e-02 
   93120145   4.982244e+00   2.380219e-01   4.982244e+00   2.380219e-01 223200612131844400      10968        103     0 2454083.279456  1.325644e+01  5.187019e-02  1.325644e+01  5.187019e-02 
   93120204   4.782875e+00   2.240238e-01   4.782875e+00   2.240238e-01 223200612131845380      10969        101     0 2454083.280139  1.330078e+01  5.085469e-02  1.330078e+01  5.085469e-02 
   93120280   4.342830e+00   2.020228e-01   4.342830e+00   2.020228e-01 223200612131846550      10966        123     0 2454083.281019  1.340557e+01  5.050721e-02  1.340557e+01  5.050721e-02 
   94935181   5.257640e+00   3.671918e-01   5.257640e+00   3.671918e-01 224200701031856070      20168       1811     0 2454104.286817  1.319802e+01  7.582771e-02  1.319802e+01  7.582771e-02 
   94935247   4.654252e+00   3.616821e-01   4.654252e+00   3.616821e-01 224200701031857140      20168       1811     0 2454104.287581  1.333038e+01  8.437289e-02  1.333038e+01  8.437289e-02 
   94935305   4.609708e+00   3.572063e-01   4.609708e+00   3.572063e-01 224200701031858120      20168       1810     0 2454104.288252  1.334082e+01  8.413401e-02  1.334082e+01  8.413401e-02 
   94935370   4.333896e+00   3.524143e-01   4.333896e+00   3.524143e-01 224200701031859170      20169       1810     0 2454104.289005  1.340780e+01  8.828782e-02  1.340780e+01  8.828782e-02 
   95021610   5.008214e+00   2.767468e-01   5.008214e+00   2.767468e-01 224200701041856390      20170       1795     0 2454105.287153  1.325079e+01  5.999646e-02  1.325079e+01  5.999646e-02 
   95021682   4.719256e+00   2.636911e-01   4.719256e+00   2.636911e-01 224200701041857500      20166       1820     0 2454105.287986  1.331532e+01  6.066635e-02  1.331532e+01  6.066635e-02 
   95021747   4.958587e+00   2.533496e-01   4.958587e+00   2.533496e-01 224200701041858560      20167       1820     0 2454105.288738  1.326161e+01  5.547382e-02  1.326161e+01  5.547382e-02 
   95021803   5.037753e+00   2.456620e-01   5.037753e+00   2.456620e-01 224200701041859510      20167       1820     0 2454105.289387  1.324441e+01  5.294524e-02  1.324441e+01  5.294524e-02 
   95107911   4.308309e+00   2.394708e-01   4.308309e+00   2.394708e-01 224200701051855020      20190       1833     0 2454106.286007  1.341423e+01  6.034920e-02  1.341423e+01  6.034920e-02 
   95107967   4.613842e+00   2.271601e-01   4.613842e+00   2.271601e-01 224200701051855570      20190       1832     0 2454106.286655  1.333984e+01  5.345583e-02  1.333984e+01  5.345583e-02 
   95108021   4.357584e+00   2.148054e-01   4.357584e+00   2.148054e-01 224200701051856510      20190       1832     0 2454106.287280  1.340189e+01  5.352113e-02  1.340189e+01  5.352113e-02 
   95108075   4.656192e+00   2.045272e-01   4.656192e+00   2.045272e-01 224200701051857460      20191       1833     0 2454106.287905  1.332992e+01  4.769205e-02  1.332992e+01  4.769205e-02 
   95280699   4.196074e+00   2.164176e-01   4.196074e+00   2.164176e-01 224200701071854530      20211       1820     0 2454108.285868  1.344289e+01  5.599837e-02  1.344289e+01  5.599837e-02 
   95280885   4.385205e+00   1.838066e-01   4.385205e+00   1.838066e-01 224200701071857590      20200       1764     0 2454108.288021  1.339503e+01  4.550896e-02  1.339503e+01  4.550896e-02 
   95280941   4.297087e+00   1.749849e-01   4.297087e+00   1.749849e-01 224200701071858540      20200       1764     0 2454108.288669  1.341706e+01  4.421324e-02  1.341706e+01  4.421324e-02 
   95367162   4.511678e+00   2.320562e-01   4.511678e+00   2.320562e-01 224200701081855580      20208       1841     0 2454109.286597  1.336415e+01  5.584457e-02  1.336415e+01  5.584457e-02 
   95367216   4.516185e+00   2.188143e-01   4.516185e+00   2.188143e-01 224200701081856520      20207       1840     0 2454109.287222  1.336307e+01  5.260534e-02  1.336307e+01  5.260534e-02 
   95367273   4.326081e+00   2.071758e-01   4.326081e+00   2.071758e-01 224200701081857490      20208       1839     0 2454109.287882  1.340976e+01  5.199603e-02  1.340976e+01  5.199603e-02 
   95367329   4.748827e+00   1.965950e-01   4.748827e+00   1.965950e-01 224200701081858450      20208       1839     0 2454109.288530  1.330853e+01  4.494816e-02  1.330853e+01  4.494816e-02 
   95453548   5.034750e+00   2.362336e-01   5.034750e+00   2.362336e-01 224200701091855450      20202       1861     0 2454110.286435  1.324506e+01  5.094361e-02  1.324506e+01  5.094361e-02 
   95453604   5.515831e+00   2.241790e-01   5.515831e+00   2.241790e-01 224200701091856400      20202       1860     0 2454110.287083  1.314597e+01  4.412755e-02  1.314597e+01  4.412755e-02 
   95453658   5.333474e+00   2.118428e-01   5.333474e+00   2.118428e-01 224200701091857350      20202       1859     0 2454110.287708  1.318247e+01  4.312504e-02  1.318247e+01  4.312504e-02 
   95453714   4.816495e+00   2.006307e-01   4.816495e+00   2.006307e-01 224200701091858300      20203       1859     0 2454110.288356  1.329317e+01  4.522640e-02  1.329317e+01  4.522640e-02 
   95539991   4.725825e+00   2.198560e-01   4.725825e+00   2.198560e-01 224200701101856300      20207       1867     0 2454111.286933  1.331381e+01  5.051107e-02  1.331381e+01  5.051107e-02 
   95540045   4.774144e+00   2.091018e-01   4.774144e+00   2.091018e-01 224200701101857240      20207       1866     0 2454111.287558  1.330276e+01  4.755410e-02  1.330276e+01  4.755410e-02 
   95540101   5.125306e+00   1.993621e-01   5.125306e+00   1.993621e-01 224200701101858190      20207       1866     0 2454111.288206  1.322570e+01  4.223268e-02  1.322570e+01  4.223268e-02 
   95626320   4.596687e+00   2.477520e-01   4.596687e+00   2.477520e-01 224200701111855200      20229       1857     0 2454112.286111  1.334389e+01  5.851915e-02  1.334389e+01  5.851915e-02 
   95626431   4.700902e+00   2.219241e-01   4.700902e+00   2.219241e-01 224200701111857110      20228       1855     0 2454112.287396  1.331955e+01  5.125653e-02  1.331955e+01  5.125653e-02 
   95626487   4.691707e+00   2.109480e-01   4.691707e+00   2.109480e-01 224200701111858070      20228       1855     0 2454112.288044  1.332167e+01  4.881692e-02  1.332167e+01  4.881692e-02 
   95712705   4.963183e+00   2.333601e-01   4.963183e+00   2.333601e-01 224200701121855060      20201       1857     0 2454113.285938  1.326060e+01  5.104956e-02  1.326060e+01  5.104956e-02 
   95712759   5.157370e+00   2.208188e-01   5.157370e+00   2.208188e-01 224200701121856000      20200       1857     0 2454113.286563  1.321893e+01  4.648722e-02  1.321893e+01  4.648722e-02 
   95712813   5.216252e+00   2.103292e-01   5.216252e+00   2.103292e-01 224200701121856550      20200       1856     0 2454113.287187  1.320660e+01  4.377911e-02  1.320660e+01  4.377911e-02 
   95712869   4.931252e+00   1.998784e-01   4.931252e+00   1.998784e-01 224200701121857500      20200       1856     0 2454113.287836  1.326761e+01  4.400829e-02  1.326761e+01  4.400829e-02 
   95799125   5.199073e+00   2.037253e-01   5.199073e+00   2.037253e-01 224200701131855270      20201       1872     0 2454114.286169  1.321019e+01  4.254464e-02  1.321019e+01  4.254464e-02 
   95799303   4.646739e+00   1.748785e-01   4.646739e+00   1.748785e-01 224200701131858250      20191       1879     0 2454114.288229  1.333213e+01  4.086148e-02  1.333213e+01  4.086148e-02 
   95799357   4.734037e+00   1.678198e-01   4.734037e+00   1.678198e-01 224200701131859190      20192       1879     0 2454114.288854  1.331192e+01  3.848907e-02  1.331192e+01  3.848907e-02 
   95885595   4.943151e+00   1.963049e-01   4.943151e+00   1.963049e-01 224200701141856390      20203       1878     0 2454115.286979  1.326499e+01  4.311745e-02  1.326499e+01  4.311745e-02 
   95885650   4.741438e+00   1.871993e-01   4.741438e+00   1.871993e-01 224200701141857330      20202       1877     0 2454115.287616  1.331022e+01  4.286670e-02  1.331022e+01  4.286670e-02 
   95885705   4.962812e+00   1.790657e-01   4.962812e+00   1.790657e-01 224200701141858280      20202       1876     0 2454115.288252  1.326068e+01  3.917512e-02  1.326068e+01  3.917512e-02 
   95885836   4.887571e+00   1.600748e-01   4.887571e+00   1.600748e-01 224200701141900400      20205       1872     0 2454115.289769  1.327727e+01  3.555951e-02  1.327727e+01  3.555951e-02 
  105941745   3.304358e+00   2.936821e-01   3.304358e+00   2.936821e-01 223200705110414520      10274        570     0 2454231.677604  1.370228e+01  9.649756e-02  1.370228e+01  9.649756e-02 
  105941801   3.843907e+00   3.103422e-01   3.843907e+00   3.103422e-01 223200705110415490      10278        569     0 2454231.678252  1.353807e+01  8.765846e-02  1.353807e+01  8.765846e-02 
  105941860   3.980989e+00   3.301261e-01   3.980989e+00   3.301261e-01 223200705110416470      10280        569     0 2454231.678935  1.350002e+01  9.003570e-02  1.350002e+01  9.003570e-02 
  105941915   3.321534e+00   3.544104e-01   3.321534e+00   3.544104e-01 223200705110417430      10282        568     0 2454231.679572  1.369665e+01  1.158494e-01  1.369665e+01  1.158494e-01 
  106027800   3.221412e+00   1.810653e-01   3.221412e+00   1.810653e-01 223200705120409040      10299        546     0 2454232.673611  1.372988e+01  6.102598e-02  1.372988e+01  6.102598e-02 
  106027926   3.442546e+00   1.929205e-01   3.442546e+00   1.929205e-01 223200705120411090      10286        559     0 2454232.675069  1.365780e+01  6.084495e-02  1.365780e+01  6.084495e-02 
  106027980   3.624370e+00   2.023620e-01   3.624370e+00   2.023620e-01 223200705120412040      10289        558     0 2454232.675694  1.360192e+01  6.062088e-02  1.360192e+01  6.062088e-02 
  106028034   3.502853e+00   2.132295e-01   3.502853e+00   2.132295e-01 223200705120412580      10291        557     0 2454232.676319  1.363895e+01  6.609236e-02  1.363895e+01  6.609236e-02 
  106114055   3.348573e+00   1.815533e-01   3.348573e+00   1.815533e-01 223200705130406340      10275        570     0 2454233.671933  1.368785e+01  5.886678e-02  1.368785e+01  5.886678e-02 
  106114109   3.401044e+00   1.868221e-01   3.401044e+00   1.868221e-01 223200705130407290      10279        569     0 2454233.672558  1.367097e+01  5.964058e-02  1.367097e+01  5.964058e-02 
  106114165   3.539647e+00   1.917243e-01   3.539647e+00   1.917243e-01 223200705130408240      10281        570     0 2454233.673206  1.362760e+01  5.880888e-02  1.362760e+01  5.880888e-02 
  106114219   3.553971e+00   1.973644e-01   3.553971e+00   1.973644e-01 223200705130409190      10283        569     0 2454233.673831  1.362322e+01  6.029493e-02  1.362322e+01  6.029493e-02 
  124569535   5.000800e+00   2.993219e-01   5.000800e+00   2.993219e-01 221200712121841060      10189       8370     0 2454447.277025  1.325240e+01  6.498677e-02  1.325240e+01  6.498677e-02 
  124569728   5.452984e+00   2.678744e-01   5.452984e+00   2.678744e-01 223200712121844190       9833       4597     0 2454447.279259  1.315841e+01  5.333629e-02  1.315841e+01  5.333629e-02 
  124571718   4.089603e+00   9.244556e-02   4.089603e+00   9.244556e-02 223200712121917280       9849       4559     0 2454447.302292  1.347080e+01  2.454317e-02  1.347080e+01  2.454317e-02 
  124572993   4.967564e+00   9.784566e-02   4.967564e+00   9.784566e-02 221200712121938430      10175       8564     0 2454447.317049  1.325964e+01  2.138573e-02  1.325964e+01  2.138573e-02 
  124573052   3.830559e+00   9.117835e-02   3.830559e+00   9.117835e-02 223200712121939430       9835       4487     0 2454447.317731  1.354184e+01  2.584374e-02  1.354184e+01  2.584374e-02 
