\OBJNAME = '1SWASP J001100.47-743326.1'
\OBSSTART = '2006-05-11T04:14:48'
\OBSSTOP = '2007-12-12T19:38:43'
\TSTART = 74405760
\TSTOP = 124572981
\JD_REF = 2453005.5
\RA_OBJ = '2.751989'
\DEC_OBJ = '-74.557253'
\WASP_MAG = 14.41369
\HJD_START = 2453866.677778
\HJD_STOP = 2454447.316910
\fixlen = T
\NUMRECORDS = 448
\
\ This file was produced by the NASA Exoplanet Archive  http://exoplanetarchive.ipac.caltech.edu 
\ Thu Sep 12, 23:42:51 2013
\ Documentation for the SuperWASP dataset can be found at http://exoplanetarchive.ipac.caltech.edu/docs/SuperWASPMission.html
\
|TMID      |FLUX2         |FLUX2_ERR     |TAMFLUX2      |TAMFLUX2_ERR  |IMAGEID           |CCDX      |CCDY      |FLAG |           HJD|         MAG2|     MAG2_ERR|      TAMMAG2|  TAMMAG2_ERR|
|int       |float         |float         |float         |float         |char              |int       |int       |int  |        double|        float|        float|        float|        float|
|sec       |micro Vega    |micro Vega    |micro Vega    |micro Vega    |                  |1/16 pixel|1/16 pixel|     |           day|          mag|          mag|          mag|          mag|
|null      |null          |null          |null          |null          |null              |null      |null      |null |          null|         null|         null|         null|         null|
   74405760   2.286411e+00   2.292946e-01   2.286411e+00   2.292946e-01 223200605110414480       1166       2493     0 2453866.677778  1.410211e+01  1.088843e-01  1.410211e+01  1.088843e-01 
   74405813   1.591751e+00   2.527831e-01   1.591751e+00   2.527831e-01 223200605110415410       1170       2489     0 2453866.678391  1.449531e+01  1.724245e-01  1.449531e+01  1.724245e-01 
   74405897   1.933465e+00   2.847224e-01   1.933465e+00   2.847224e-01 223200605110417040       1175       2488     0 2453866.679363  1.428416e+01  1.598862e-01  1.428416e+01  1.598862e-01 
   74405962   2.237435e+00   3.155332e-01   2.237435e+00   3.155332e-01 223200605110418100       1183       2465     0 2453866.680116  1.412562e+01  1.531160e-01  1.412562e+01  1.531160e-01 
   74491873   1.944423e+00   2.492610e-01   1.944423e+00   2.492610e-01 223200605120409570       1186       2430     0 2453867.674456  1.427802e+01  1.391841e-01  1.427802e+01  1.391841e-01 
   74492011   1.833158e+00   2.653587e-01   1.833158e+00   2.653587e-01 223200605120412150       1195       2427     0 2453867.676053  1.434200e+01  1.571662e-01  1.434200e+01  1.571662e-01 
   74492064   1.967821e+00   2.762801e-01   1.967821e+00   2.762801e-01 223200605120413070       1198       2425     0 2453867.676667  1.426504e+01  1.524369e-01  1.426504e+01  1.524369e-01 
   74750395   1.765351e+00   3.557699e-01   1.765351e+00   3.557699e-01 223200605150358270       1184       2434     0 2453870.666609  1.438292e+01  2.188084e-01  1.438292e+01  2.188084e-01 
   74750509   1.916537e+00   3.609349e-01   1.916537e+00   3.609349e-01 223200605150400210       1193       2429     0 2453870.667928  1.429371e+01  2.044737e-01  1.429371e+01  2.044737e-01 
   75613653   1.454031e+00   1.322324e-01   1.454031e+00   1.322324e-01 223200605250345300       1263       2439     0 2453880.658021  1.459357e+01  9.873932e-02  1.459357e+01  9.873932e-02 
   75613716   1.313383e+00   1.314226e-01   1.313383e+00   1.314226e-01 223200605250346340       1272       2414     0 2453880.658750  1.470402e+01  1.086437e-01  1.470402e+01  1.086437e-01 
   75613774   1.409150e+00   1.305526e-01   1.409150e+00   1.305526e-01 223200605250347310       1276       2413     0 2453880.659421  1.462761e+01  1.005898e-01  1.462761e+01  1.005898e-01 
   75613842   1.337577e+00   1.305620e-01   1.337577e+00   1.305620e-01 223200605250348400       1274       2433     0 2453880.660208  1.468420e+01  1.059800e-01  1.468420e+01  1.059800e-01 
   75700108   1.475328e+00   1.277278e-01   1.475328e+00   1.277278e-01 223200605260346210       1283       2429     0 2453881.658657  1.457778e+01  9.399890e-02  1.457778e+01  9.399890e-02 
   75700171   1.443411e+00   1.271893e-01   1.443411e+00   1.271893e-01 223200605260347250       1290       2402     0 2453881.659387  1.460152e+01  9.567235e-02  1.460152e+01  9.567235e-02 
   75700238   1.376678e+00   1.266864e-01   1.376678e+00   1.266864e-01 223200605260348310       1289       2422     0 2453881.660162  1.465292e+01  9.991334e-02  1.465292e+01  9.991334e-02 
   75700307   1.409530e+00   1.260269e-01   1.409530e+00   1.260269e-01 223200605260349400       1295       2396     0 2453881.660961  1.462731e+01  9.707660e-02  1.462731e+01  9.707660e-02 
   76132326   1.282741e+00   1.058367e-01   1.282741e+00   1.058367e-01 223200605310349440       1347       2399     0 2453886.661181  1.472965e+01  8.958245e-02  1.472965e+01  8.958245e-02 
   76132393   1.350054e+00   1.070065e-01   1.350054e+00   1.070065e-01 223200605310350510       1354       2372     0 2453886.661956  1.467412e+01  8.605675e-02  1.467412e+01  8.605675e-02 
   76132442   1.290554e+00   1.062184e-01   1.290554e+00   1.062184e-01 223200605310351390       1355       2370     0 2453886.662523  1.472306e+01  8.936135e-02  1.472306e+01  8.936135e-02 
   76132504   1.424903e+00   1.061217e-01   1.424903e+00   1.061217e-01 223200605310352410       1357       2369     0 2453886.663241  1.461554e+01  8.086210e-02  1.461554e+01  8.086210e-02 
   76218797   1.465664e+00   1.108372e-01   1.465664e+00   1.108372e-01 223200606010350510       1365       2363     0 2453887.662002  1.458491e+01  8.210638e-02  1.458491e+01  8.210638e-02 
   76218865   1.359273e+00   1.097127e-01   1.359273e+00   1.097127e-01 223200606010351580       1365       2382     0 2453887.662789  1.466673e+01  8.763472e-02  1.466673e+01  8.763472e-02 
   76218935   1.347226e+00   1.099762e-01   1.347226e+00   1.099762e-01 223200606010353090       1368       2380     0 2453887.663600  1.467640e+01  8.863065e-02  1.467640e+01  8.863065e-02 
   76219021   1.381173e+00   1.101168e-01   1.381173e+00   1.101168e-01 223200606010354350       1376       2356     0 2453887.664595  1.464938e+01  8.656280e-02  1.464938e+01  8.656280e-02 
   76478202   1.322692e+00   1.180147e-01   1.322692e+00   1.180147e-01 223200606040354060       1376       2354     0 2453890.664375  1.469635e+01  9.687310e-02  1.469635e+01  9.687310e-02 
   76478275   1.445926e+00   1.181983e-01   1.445926e+00   1.181983e-01 223200606040355190       1377       2374     0 2453890.665220  1.459964e+01  8.875459e-02  1.459964e+01  8.875459e-02 
   76478351   1.348252e+00   1.184794e-01   1.348252e+00   1.184794e-01 223200606040356360       1384       2346     0 2453890.666100  1.467557e+01  9.541077e-02  1.467557e+01  9.541077e-02 
   76478404   1.461487e+00   1.201125e-01   1.461487e+00   1.201125e-01 223200606040357280       1386       2345     0 2453890.666713  1.458801e+01  8.923164e-02  1.458801e+01  8.923164e-02 
   76564663   1.061360e+00   2.839666e-01   1.061360e+00   2.839666e-01 223200606050355050       1410       2335     0 2453891.665081  1.493534e+01  2.904896e-01  1.493534e+01  2.904896e-01 
   76650915   1.360914e+00   1.049482e-01   1.360914e+00   1.049482e-01 223200606060352330       1391       2334     0 2453892.663368  1.466542e+01  8.372794e-02  1.466542e+01  8.372794e-02 
   76651049   1.190510e+00   1.099547e-01   1.190510e+00   1.099547e-01 223200606060354480       1398       2333     0 2453892.664919  1.481067e+01  1.002782e-01  1.481067e+01  1.002782e-01 
   76651105   1.316174e+00   1.097347e-01   1.316174e+00   1.097347e-01 223200606060355430       1401       2330     0 2453892.665567  1.470172e+01  9.052249e-02  1.470172e+01  9.052249e-02 
   76651181   1.371578e+00   1.086902e-01   1.371578e+00   1.086902e-01 223200606060357000       1399       2350     0 2453892.666447  1.465695e+01  8.603912e-02  1.465695e+01  8.603912e-02 
   76737409   1.257357e+00   1.140051e-01   1.257357e+00   1.140051e-01 223200606070354040       1402       2337     0 2453893.664456  1.475135e+01  9.844445e-02  1.475135e+01  9.844445e-02 
   76737462   1.362576e+00   1.114434e-01   1.362576e+00   1.114434e-01 223200606070354570       1405       2334     0 2453893.665069  1.466410e+01  8.880131e-02  1.466410e+01  8.880131e-02 
   76737517   1.271043e+00   1.106286e-01   1.271043e+00   1.106286e-01 223200606070355530       1406       2332     0 2453893.665706  1.473960e+01  9.450030e-02  1.473960e+01  9.450030e-02 
   76737573   1.284634e+00   1.113393e-01   1.284634e+00   1.113393e-01 223200606070356480       1408       2330     0 2453893.666354  1.472805e+01  9.410110e-02  1.472805e+01  9.410110e-02 
   76823799   1.402716e+00   1.112208e-01   1.402716e+00   1.112208e-01 223200606080353510       1428       2335     0 2453894.664340  1.463258e+01  8.608788e-02  1.463258e+01  8.608788e-02 
   76823858   1.443754e+00   1.130985e-01   1.443754e+00   1.130985e-01 223200606080354510       1432       2331     0 2453894.665023  1.460127e+01  8.505297e-02  1.460127e+01  8.505297e-02 
   76823917   1.461510e+00   1.129967e-01   1.461510e+00   1.129967e-01 223200606080355500       1434       2329     0 2453894.665706  1.458800e+01  8.394399e-02  1.458800e+01  8.394399e-02 
   76824003   1.465762e+00   1.130129e-01   1.465762e+00   1.130129e-01 223200606080357160       1433       2349     0 2453894.666701  1.458484e+01  8.371248e-02  1.458484e+01  8.371248e-02 
   76910225   1.335056e+00   1.064582e-01   1.335056e+00   1.064582e-01 223200606090354140       1425       2322     0 2453895.664641  1.468625e+01  8.657760e-02  1.468625e+01  8.657760e-02 
   76910279   1.282860e+00   1.070042e-01   1.282860e+00   1.070042e-01 223200606090355080       1427       2319     0 2453895.665266  1.472955e+01  9.056226e-02  1.472955e+01  9.056226e-02 
   76910363   1.313356e+00   1.080568e-01   1.313356e+00   1.080568e-01 223200606090356320       1426       2338     0 2453895.666238  1.470404e+01  8.932957e-02  1.470404e+01  8.932957e-02 
   76910435   1.369633e+00   1.089558e-01   1.369633e+00   1.089558e-01 223200606090357440       1432       2314     0 2453895.667072  1.465849e+01  8.637180e-02  1.465849e+01  8.637180e-02 
   76996580   1.652611e+00   2.317573e-01   1.652611e+00   2.317573e-01 223200606100353270       1430       2322     0 2453896.664120  1.445457e+01  1.522609e-01  1.445457e+01  1.522609e-01 
   76996645   1.538080e+00   2.270396e-01   1.538080e+00   2.270396e-01 223200606100354320       1434       2319     0 2453896.664873  1.453255e+01  1.602686e-01  1.453255e+01  1.602686e-01 
   76996706   1.695604e+00   2.233132e-01   1.695604e+00   2.233132e-01 223200606100355320       1436       2317     0 2453896.665579  1.442669e+01  1.429933e-01  1.442669e+01  1.429933e-01 
   76996761   2.033942e+00   2.210521e-01   2.033942e+00   2.210521e-01 223200606100356270       1438       2315     0 2453896.666215  1.422915e+01  1.180000e-01  1.422915e+01  1.180000e-01 
   77083000   1.599637e+00   3.958327e-01   1.599637e+00   3.958327e-01 223200606110353440       1443       2311     0 2453897.664352  1.448995e+01  2.686681e-01  1.448995e+01  2.686681e-01 
   77169265   1.421245e+00   4.950026e-01   1.421245e+00   4.950026e-01 223200606120351270       1442       2327     0 2453898.662789  1.461833e+01  3.781503e-01  1.461833e+01  3.781503e-01 
   77169327   7.031626e-01   4.934250e-01   7.031626e-01   4.934250e-01 223200606120352290       1449       2302     0 2453898.663507  1.538236e+01  7.618882e-01  1.538236e+01  7.618882e-01 
   77514690   2.170771e+00   2.294827e+00   2.170771e+00   2.294827e+00 223200606160348210       1451       2268     0 2453902.660764  1.415846e+01  1.147788e+00  1.415846e+01  1.147788e+00 
   77514755   3.333018e-01   2.860322e+00   3.333018e-01   2.860322e+00 223200606160349260       1453       2265     0 2453902.661516  1.619291e+01  9.317581e+00  1.619291e+01  9.317581e+00 
   77601374   1.826599e+00   1.962449e-01   1.826599e+00   1.962449e-01 223200606170353030       1465       2251     0 2453903.664051  1.434589e+01  1.166490e-01  1.434589e+01  1.166490e-01 
   77601444   1.695561e+00   1.951799e-01   1.695561e+00   1.951799e-01 223200606170354120       1463       2270     0 2453903.664861  1.442672e+01  1.249820e-01  1.442672e+01  1.249820e-01 
   77601514   1.915181e+00   1.956955e-01   1.915181e+00   1.956955e-01 223200606170355220       1465       2268     0 2453903.665671  1.429448e+01  1.109422e-01  1.429448e+01  1.109422e-01 
   77601571   1.686318e+00   1.934922e-01   1.686318e+00   1.934922e-01 223200606170356190       1470       2244     0 2453903.666331  1.443265e+01  1.245804e-01  1.443265e+01  1.245804e-01 
   77687718   1.618669e+00   1.651262e-01   1.618669e+00   1.651262e-01 223200606180352030       1486       2244     0 2453904.663403  1.447711e+01  1.107602e-01  1.447711e+01  1.107602e-01 
   77687761   1.559992e+00   1.637031e-01   1.559992e+00   1.637031e-01 223200606180352470       1487       2243     0 2453904.663900  1.451719e+01  1.139358e-01  1.451719e+01  1.139358e-01 
   77687829   1.626097e+00   1.624437e-01   1.626097e+00   1.624437e-01 223200606180353550       1488       2241     0 2453904.664687  1.447213e+01  1.084632e-01  1.447213e+01  1.084632e-01 
   77687880   1.480434e+00   1.614371e-01   1.480434e+00   1.614371e-01 223200606180354460       1490       2240     0 2453904.665278  1.457403e+01  1.183968e-01  1.457403e+01  1.183968e-01 
   77774354   1.695553e+00   1.388478e-01   1.695553e+00   1.388478e-01 223200606190355570       1531       2225     0 2453905.666134  1.442672e+01  8.891057e-02  1.442672e+01  8.891057e-02 
   77774410   1.426627e+00   1.379993e-01   1.426627e+00   1.379993e-01 223200606190356530       1531       2225     0 2453905.666782  1.461422e+01  1.050249e-01  1.461422e+01  1.050249e-01 
   77774472   1.700277e+00   1.387721e-01   1.700277e+00   1.387721e-01 223200606190357560       1531       2224     0 2453905.667500  1.442370e+01  8.861524e-02  1.442370e+01  8.861524e-02 
   77774537   1.550682e+00   1.389711e-01   1.550682e+00   1.389711e-01 223200606190359000       1526       2246     0 2453905.668252  1.452369e+01  9.730332e-02  1.452369e+01  9.730332e-02 
   77860768   1.416445e+00   1.202535e-01   1.416445e+00   1.202535e-01 223200606200356080       1515       2219     0 2453906.666296  1.462200e+01  9.217727e-02  1.462200e+01  9.217727e-02 
   77860827   1.476022e+00   1.205039e-01   1.476022e+00   1.205039e-01 223200606200357080       1516       2218     0 2453906.666979  1.457727e+01  8.864090e-02  1.457727e+01  8.864090e-02 
   77860891   1.432562e+00   1.198769e-01   1.432562e+00   1.198769e-01 223200606200358110       1516       2219     0 2453906.667720  1.460972e+01  9.085482e-02  1.460972e+01  9.085482e-02 
   77860956   1.550114e+00   1.205886e-01   1.550114e+00   1.205886e-01 223200606200359170       1511       2242     0 2453906.668472  1.452409e+01  8.446340e-02  1.452409e+01  8.446340e-02 
   77947078   1.394200e+00   1.243388e-01   1.394200e+00   1.243388e-01 223200606210354360       1510       2218     0 2453907.665255  1.463919e+01  9.682941e-02  1.463919e+01  9.682941e-02 
   77947132   1.665242e+00   1.253051e-01   1.665242e+00   1.253051e-01 223200606210355300       1510       2219     0 2453907.665880  1.444631e+01  8.169910e-02  1.444631e+01  8.169910e-02 
   77947210   1.552740e+00   1.237491e-01   1.552740e+00   1.237491e-01 223200606210356480       1507       2240     0 2453907.666782  1.452225e+01  8.653051e-02  1.452225e+01  8.653051e-02 
   77947277   1.355177e+00   1.245516e-01   1.355177e+00   1.245516e-01 223200606210357550       1511       2219     0 2453907.667558  1.467001e+01  9.978817e-02  1.467001e+01  9.978817e-02 
   78119987   1.149155e+00   1.072640e-01   1.149155e+00   1.072640e-01 223200606230356210       1501       2198     0 2453909.666516  1.484905e+01  1.013448e-01  1.484905e+01  1.013448e-01 
   78120189   1.197532e+00   1.076228e-01   1.197532e+00   1.076228e-01 223200606230359440       1499       2205     0 2453909.668854  1.480428e+01  9.757600e-02  1.480428e+01  9.757600e-02 
   78120251   1.094633e+00   1.076044e-01   1.094633e+00   1.076044e-01 223200606230400460       1501       2185     0 2453909.669572  1.490183e+01  1.067302e-01  1.490183e+01  1.067302e-01 
   78206447   1.461581e+00   1.152638e-01   1.461581e+00   1.152638e-01 223200606240357190       1520       2183     0 2453910.667211  1.458794e+01  8.562412e-02  1.458794e+01  8.562412e-02 
   78206506   1.582559e+00   1.144621e-01   1.582559e+00   1.144621e-01 223200606240358180       1517       2187     0 2453910.667894  1.450160e+01  7.852858e-02  1.450160e+01  7.852858e-02 
   78206581   1.378859e+00   1.146300e-01   1.378859e+00   1.146300e-01 223200606240359320       1508       2213     0 2453910.668762  1.465120e+01  9.026182e-02  1.465120e+01  9.026182e-02 
   78206640   1.521495e+00   1.156777e-01   1.521495e+00   1.156777e-01 223200606240400310       1504       2200     0 2453910.669444  1.454432e+01  8.254773e-02  1.454432e+01  8.254773e-02 
   78292886   1.365578e+00   1.050417e-01   1.365578e+00   1.050417e-01 223200606250357560       1522       2166     0 2453911.667662  1.466171e+01  8.351621e-02  1.466171e+01  8.351621e-02 
   78292940   1.314198e+00   1.036878e-01   1.314198e+00   1.036878e-01 223200606250358490       1516       2173     0 2453911.668287  1.470335e+01  8.566292e-02  1.470335e+01  8.566292e-02 
   78292991   1.324785e+00   1.049050e-01   1.324785e+00   1.049050e-01 223200606250359400       1506       2186     0 2453911.668877  1.469464e+01  8.597591e-02  1.469464e+01  8.597591e-02 
   78293053   1.436681e+00   1.052561e-01   1.436681e+00   1.052561e-01 223200606250400430       1506       2185     0 2453911.669595  1.460660e+01  7.954500e-02  1.460660e+01  7.954500e-02 
   78724952   1.259860e+00   1.055928e-01   1.259860e+00   1.055928e-01 223200606300358520       1530       2166     0 2453916.668426  1.474919e+01  9.099927e-02  1.474919e+01  9.099927e-02 
   78725029   1.173551e+00   1.039539e-01   1.173551e+00   1.039539e-01 223200606300400090       1536       2140     0 2453916.669317  1.482625e+01  9.617554e-02  1.482625e+01  9.617554e-02 
   78725076   1.373938e+00   1.055315e-01   1.373938e+00   1.055315e-01 223200606300400570       1537       2138     0 2453916.669861  1.465508e+01  8.339518e-02  1.465508e+01  8.339518e-02 
   78725140   1.324853e+00   1.058721e-01   1.324853e+00   1.058721e-01 223200606300402000       1538       2136     0 2453916.670602  1.469458e+01  8.676407e-02  1.469458e+01  8.676407e-02 
   78811388   1.451600e+00   1.114645e-01   1.451600e+00   1.114645e-01 223200607010359260       1529       2133     0 2453917.668843  1.459538e+01  8.337110e-02  1.459538e+01  8.337110e-02 
   78811467   1.230814e+00   1.098386e-01   1.230814e+00   1.098386e-01 223200607010400450       1527       2152     0 2453917.669757  1.477452e+01  9.689207e-02  1.477452e+01  9.689207e-02 
   78811532   1.325100e+00   1.090234e-01   1.325100e+00   1.090234e-01 223200607010401510       1532       2127     0 2453917.670509  1.469438e+01  8.932995e-02  1.469438e+01  8.932995e-02 
   78811583   1.235242e+00   1.091782e-01   1.235242e+00   1.091782e-01 223200607010402420       1533       2125     0 2453917.671100  1.477062e+01  9.596426e-02  1.477062e+01  9.596426e-02 
   78897799   1.764150e+00   2.766179e-01   1.764150e+00   2.766179e-01 223200607020359350       1540       2122     0 2453918.668970  1.438366e+01  1.702435e-01  1.438366e+01  1.702435e-01 
   78897912   1.224813e+00   3.210966e-01   1.224813e+00   3.210966e-01 223200607020401280       1541       2118     0 2453918.670278  1.477983e+01  2.846372e-01  1.477983e+01  2.846372e-01 
   78897985   9.739587e-01   1.845289e-01   9.739587e-01   1.845289e-01 223200607020402420       1538       2137     0 2453918.671123  1.502865e+01  2.057073e-01  1.502865e+01  2.057073e-01 
   78984200   1.310397e+00   1.035193e-01   1.310397e+00   1.035193e-01 223200607030359350       1548       2109     0 2453919.668981  1.470649e+01  8.577175e-02  1.470649e+01  8.577175e-02 
   78984254   1.263564e+00   1.023114e-01   1.263564e+00   1.023114e-01 223200607030400290       1550       2106     0 2453919.669606  1.474601e+01  8.791295e-02  1.474601e+01  8.791295e-02 
   78984312   1.325855e+00   1.025227e-01   1.325855e+00   1.025227e-01 223200607030401270       1550       2104     0 2453919.670278  1.469376e+01  8.395560e-02  1.469376e+01  8.395560e-02 
   79070524   1.383429e+00   1.041551e-01   1.383429e+00   1.041551e-01 223200607040358180       1544       2088     0 2453920.668102  1.464761e+01  8.174280e-02  1.464761e+01  8.174280e-02 
   79070570   1.230040e+00   1.032972e-01   1.230040e+00   1.032972e-01 223200607040359040       1545       2086     0 2453920.668634  1.477520e+01  9.117903e-02  1.477520e+01  9.117903e-02 
   79070636   1.316903e+00   1.038942e-01   1.316903e+00   1.038942e-01 223200607040400090       1546       2084     0 2453920.669398  1.470112e+01  8.565710e-02  1.470112e+01  8.565710e-02 
   79070688   1.249644e+00   1.034553e-01   1.249644e+00   1.034553e-01 223200607040401020       1547       2082     0 2453920.670000  1.475803e+01  8.988605e-02  1.475803e+01  8.988605e-02 
   79415952   1.379137e+00   1.044440e-01   1.379137e+00   1.044440e-01 223200607080355190       1542       2071     0 2453924.666111  1.465098e+01  8.222462e-02  1.465098e+01  8.222462e-02 
   79416109   1.270818e+00   1.038621e-01   1.270818e+00   1.038621e-01 223200607080357570       1545       2091     0 2453924.667928  1.473979e+01  8.873595e-02  1.473979e+01  8.873595e-02 
   79416176   1.194996e+00   1.019781e-01   1.194996e+00   1.019781e-01 223200607080359030       1550       2065     0 2453924.668704  1.480658e+01  9.265441e-02  1.480658e+01  9.265441e-02 
   79416234   1.304437e+00   1.015718e-01   1.304437e+00   1.015718e-01 223200607080400010       1550       2063     0 2453924.669375  1.471144e+01  8.454264e-02  1.471144e+01  8.454264e-02 
   79502439   1.626921e+00   1.625968e-01   1.626921e+00   1.625968e-01 223200607090356460       1554       2064     0 2453925.667118  1.447158e+01  1.085104e-01  1.447158e+01  1.085104e-01 
   79502491   1.362800e+00   1.602368e-01   1.362800e+00   1.602368e-01 223200607090357380       1555       2062     0 2453925.667720  1.466392e+01  1.276603e-01  1.466392e+01  1.276603e-01 
   79502560   1.650358e+00   1.592876e-01   1.650358e+00   1.592876e-01 223200607090358470       1555       2059     0 2453925.668519  1.445605e+01  1.047923e-01  1.445605e+01  1.047923e-01 
   79502714   1.212656e+00   1.551155e-01   1.212656e+00   1.551155e-01 223200607090401200       1553       2041     0 2453925.670301  1.479066e+01  1.388812e-01  1.479066e+01  1.388812e-01 
   80278190   1.382836e+00   1.766674e-01   1.382836e+00   1.766674e-01 223200607180325470       1585       2019     0 2453934.645718  1.464807e+01  1.387112e-01  1.464807e+01  1.387112e-01 
   80278252   1.797148e+00   1.662283e-01   1.797148e+00   1.662283e-01 223200607180326500       1589       1994     0 2453934.646435  1.436354e+01  1.004262e-01  1.436354e+01  1.004262e-01 
   80278327   1.741936e+00   1.888147e-01   1.741936e+00   1.888147e-01 223200607180328050       1584       2014     0 2453934.647303  1.439742e+01  1.176873e-01  1.439742e+01  1.176873e-01 
   80278405   1.541441e+00   2.558227e-01   1.541441e+00   2.558227e-01 223200607180329220       1589       1989     0 2453934.648206  1.453018e+01  1.801930e-01  1.453018e+01  1.801930e-01 
   80364281   1.515373e+00   1.284879e-01   1.515373e+00   1.284879e-01 223200607190320380       1581       2004     0 2453935.642141  1.454870e+01  9.205946e-02  1.454870e+01  9.205946e-02 
   80364337   1.396835e+00   1.281841e-01   1.396835e+00   1.281841e-01 223200607190321350       1581       2004     0 2453935.642789  1.463714e+01  9.963571e-02  1.463714e+01  9.963571e-02 
   80364397   1.448501e+00   1.274457e-01   1.448501e+00   1.274457e-01 223200607190322340       1581       2001     0 2453935.643484  1.459770e+01  9.552833e-02  1.459770e+01  9.552833e-02 
   80364458   1.416806e+00   1.264561e-01   1.416806e+00   1.264561e-01 223200607190323360       1581       2000     0 2453935.644190  1.462172e+01  9.690708e-02  1.462172e+01  9.690708e-02 
   80450497   1.480655e+00   1.164272e-01   1.480655e+00   1.164272e-01 223200607200317340       1585       1996     0 2453936.640012  1.457386e+01  8.537414e-02  1.457386e+01  8.537414e-02 
   80450558   1.365945e+00   1.157491e-01   1.365945e+00   1.157491e-01 223200607200318350       1585       1995     0 2453936.640718  1.466142e+01  9.200476e-02  1.466142e+01  9.200476e-02 
   80450622   1.353061e+00   1.160436e-01   1.353061e+00   1.160436e-01 223200607200319380       1585       1993     0 2453936.641458  1.467171e+01  9.311710e-02  1.467171e+01  9.311710e-02 
   80450679   1.493122e+00   1.165743e-01   1.493122e+00   1.165743e-01 223200607200320360       1585       1991     0 2453936.642118  1.456476e+01  8.476832e-02  1.456476e+01  8.476832e-02 
   80967427   1.332574e+00   1.021460e-01   1.332574e+00   1.021460e-01 223200607260253020       1544       2032     0 2453942.622998  1.468827e+01  8.322537e-02  1.468827e+01  8.322537e-02 
   80967486   1.313772e+00   1.011069e-01   1.313772e+00   1.011069e-01 223200607260254000       1545       2029     0 2453942.623681  1.470370e+01  8.355772e-02  1.470370e+01  8.355772e-02 
   80967546   1.384035e+00   1.007894e-01   1.384035e+00   1.007894e-01 223200607260255010       1546       2027     0 2453942.624375  1.464713e+01  7.906671e-02  1.464713e+01  7.906671e-02 
   80967602   1.362310e+00   1.013745e-01   1.362310e+00   1.013745e-01 223200607260255560       1547       2025     0 2453942.625023  1.466431e+01  8.079389e-02  1.466431e+01  8.079389e-02 
   81053647   1.342623e+00   1.130840e-01   1.342623e+00   1.130840e-01 223200607270250020       1540       2028     0 2453943.620914  1.468011e+01  9.144778e-02  1.468011e+01  9.144778e-02 
   81053709   1.530824e+00   1.183914e-01   1.530824e+00   1.183914e-01 223200607270251040       1541       2025     0 2453943.621632  1.453769e+01  8.396931e-02  1.453769e+01  8.396931e-02 
   81053765   1.284578e+00   1.147030e-01   1.284578e+00   1.147030e-01 223200607270251590       1542       2023     0 2453943.622280  1.472810e+01  9.694830e-02  1.472810e+01  9.694830e-02 
   81053827   1.252291e+00   1.117525e-01   1.252291e+00   1.117525e-01 223200607270253010       1543       2020     0 2453943.622998  1.475574e+01  9.688973e-02  1.475574e+01  9.688973e-02 
   81139824   1.620563e+00   7.517118e-01   1.620563e+00   7.517118e-01 223200607280246190       1558       2019     0 2453944.618333  1.447584e+01  5.036297e-01  1.447584e+01  5.036297e-01 
   81139883   1.496540e+00   1.306133e+00   1.496540e+00   1.306133e+00 223200607280247170       1559       2016     0 2453944.619016  1.456228e+01  9.476001e-01  1.456228e+01  9.476001e-01 
   81139937   9.914535e-01   8.035051e-01   9.914535e-01   8.035051e-01 223200607280248110       1559       2014     0 2453944.619641  1.500932e+01  8.799178e-01  1.500932e+01  8.799178e-01 
   82346056   1.539344e+00   3.844389e-01   1.539344e+00   3.844389e-01 224200608110150170      30177        536     0 2453958.579352  1.453166e+01  2.711549e-01  1.453166e+01  2.711549e-01 
   82346056   1.902512e+00   4.051241e-01   1.902512e+00   4.051241e-01 223200608110150170       1555       2055     0 2453958.579352  1.430168e+01  2.311993e-01  1.430168e+01  2.311993e-01 
   82346112   1.814361e+00   3.838870e-01   1.814361e+00   3.838870e-01 224200608110151120      30173        537     0 2453958.580000  1.435319e+01  2.297236e-01  1.435319e+01  2.297236e-01 
   82346112   1.781929e+00   4.029253e-01   1.781929e+00   4.029253e-01 223200608110151120       1558       2053     0 2453958.580000  1.437277e+01  2.455049e-01  1.437277e+01  2.455049e-01 
   82346167   2.805536e+00   3.854754e-01   2.805536e+00   3.854754e-01 224200608110152070      30171        539     0 2453958.580637  1.387996e+01  1.491787e-01  1.387996e+01  1.491787e-01 
   82346167   2.002411e+00   4.036632e-01   2.002411e+00   4.036632e-01 223200608110152070       1558       2049     0 2453958.580637  1.424612e+01  2.188727e-01  1.424612e+01  2.188727e-01 
   82346226   2.238316e+00   3.834898e-01   2.238316e+00   3.834898e-01 224200608110153070      30170        541     0 2453958.581319  1.412520e+01  1.860194e-01  1.412520e+01  1.860194e-01 
   82518411   1.581896e+00   2.579556e-01   1.581896e+00   2.579556e-01 223200608130142530       1558       2029     0 2453960.574201  1.450206e+01  1.770487e-01  1.450206e+01  1.770487e-01 
   82518470   3.183160e+00   3.930417e-01   3.183160e+00   3.930417e-01 224200608130143530      30131        616     0 2453960.574884  1.374285e+01  1.340621e-01  1.374285e+01  1.340621e-01 
   82518470   1.382878e+00   2.574468e-01   1.382878e+00   2.574468e-01 223200608130143520       1559       2026     0 2453960.574884  1.464804e+01  2.021293e-01  1.464804e+01  2.021293e-01 
   82518532   1.955872e+00   2.577924e-01   1.955872e+00   2.577924e-01 223200608130144550       1558       2021     0 2453960.575602  1.427165e+01  1.431053e-01  1.427165e+01  1.431053e-01 
   82518610   3.193664e+00   3.931680e-01   3.193664e+00   3.931680e-01 224200608130146120      30132        597     0 2453960.576505  1.373928e+01  1.336641e-01  1.373928e+01  1.336641e-01 
   82518610   2.124987e+00   2.588616e-01   2.124987e+00   2.588616e-01 223200608130146120       1554       2040     0 2453960.576505  1.418161e+01  1.322626e-01  1.418161e+01  1.322626e-01 
   82604592   1.655651e+00   2.055738e-01   1.655651e+00   2.055738e-01 224200608140139160      30108        625     0 2453961.571667  1.445258e+01  1.348109e-01  1.445258e+01  1.348109e-01 
   82604592   1.815275e+00   2.074729e-01   1.815275e+00   2.074729e-01 223200608140139160       1558       2046     0 2453961.571667  1.435264e+01  1.240923e-01  1.435264e+01  1.240923e-01 
   82604648   2.217315e+00   2.088794e-01   2.217315e+00   2.088794e-01 224200608140140120      30105        624     0 2453961.572315  1.413543e+01  1.022808e-01  1.413543e+01  1.022808e-01 
   82604648   1.665753e+00   2.090085e-01   1.665753e+00   2.090085e-01 223200608140140120       1565       2042     0 2453961.572315  1.444597e+01  1.362320e-01  1.444597e+01  1.362320e-01 
   82604705   2.065344e+00   2.092084e-01   2.065344e+00   2.092084e-01 224200608140141080      30100        622     0 2453961.572975  1.421252e+01  1.099797e-01  1.421252e+01  1.099797e-01 
   82604705   1.883797e+00   2.125494e-01   1.883797e+00   2.125494e-01 223200608140141080       1577       2040     0 2453961.572975  1.431242e+01  1.225043e-01  1.431242e+01  1.225043e-01 
   82604759   2.200591e+00   2.097234e-01   2.200591e+00   2.097234e-01 224200608140142030      30100        624     0 2453961.573600  1.414365e+01  1.034745e-01  1.414365e+01  1.034745e-01 
   82604759   1.559484e+00   2.159290e-01   1.559484e+00   2.159290e-01 223200608140142030       1577       2037     0 2453961.573600  1.451755e+01  1.503336e-01  1.451755e+01  1.503336e-01 
   82863065   2.133999e+00   1.394306e-01   2.133999e+00   1.394306e-01 224200608170127120      30120        601     0 2453964.563252  1.417701e+01  7.093977e-02  1.417701e+01  7.093977e-02 
   82863065   1.286698e+00   1.350268e-01   1.286698e+00   1.350268e-01 223200608170127120       1548       2055     0 2453964.563252  1.472631e+01  1.139382e-01  1.472631e+01  1.139382e-01 
   82863133   2.099848e+00   1.372500e-01   2.099848e+00   1.372500e-01 224200608170128190      30110        623     0 2453964.564039  1.419453e+01  7.096599e-02  1.419453e+01  7.096599e-02 
   82863133   1.324749e+00   1.354212e-01   1.324749e+00   1.354212e-01 223200608170128190       1556       2025     0 2453964.564039  1.469467e+01  1.109887e-01  1.469467e+01  1.109887e-01 
   82863189   1.566990e+00   1.366379e-01   1.566990e+00   1.366379e-01 223200608170129150       1556       2023     0 2453964.564687  1.451233e+01  9.467400e-02  1.451233e+01  9.467400e-02 
   82863249   2.018347e+00   1.381122e-01   2.018347e+00   1.381122e-01 224200608170130160      30108        624     0 2453964.565382  1.423751e+01  7.429543e-02  1.423751e+01  7.429543e-02 
   82863249   1.510890e+00   1.361135e-01   1.510890e+00   1.361135e-01 223200608170130160       1557       2021     0 2453964.565382  1.455192e+01  9.781244e-02  1.455192e+01  9.781244e-02 
   82949237   2.154000e+00   1.112899e-01   2.154000e+00   1.112899e-01 224200608180123250      30180        571     0 2453965.560613  1.416689e+01  5.609651e-02  1.416689e+01  5.609651e-02 
   82949237   1.327691e+00   1.038154e-01   1.327691e+00   1.038154e-01 223200608180123250       1552       2005     0 2453965.560613  1.469226e+01  8.489670e-02  1.469226e+01  8.489670e-02 
   82949299   1.950905e+00   1.097926e-01   1.950905e+00   1.097926e-01 224200608180124270      30175        572     0 2453965.561331  1.427441e+01  6.110303e-02  1.427441e+01  6.110303e-02 
   82949299   1.394876e+00   1.045154e-01   1.394876e+00   1.045154e-01 223200608180124270       1555       2004     0 2453965.561331  1.463866e+01  8.135240e-02  1.463866e+01  8.135240e-02 
   82949362   2.218776e+00   1.099849e-01   2.218776e+00   1.099849e-01 224200608180125310      30174        574     0 2453965.562060  1.413472e+01  5.382025e-02  1.413472e+01  5.382025e-02 
   82949362   1.243722e+00   1.024918e-01   1.243722e+00   1.024918e-01 223200608180125310       1554       2000     0 2453965.562060  1.476319e+01  8.947296e-02  1.476319e+01  8.947296e-02 
   82949453   1.952966e+00   1.112234e-01   1.952966e+00   1.112234e-01 224200608180127020      30177        555     0 2453965.563113  1.427326e+01  6.183399e-02  1.427326e+01  6.183399e-02 
   82949453   1.244368e+00   1.035335e-01   1.244368e+00   1.035335e-01 223200608180127020       1550       2017     0 2453965.563113  1.476263e+01  9.033535e-02  1.476263e+01  9.033535e-02 
   83724662   2.062551e+00   1.085658e-01   2.062551e+00   1.085658e-01 224200608270047250      30157        610     0 2453974.535440  1.421399e+01  5.714974e-02  1.421399e+01  5.714974e-02 
   83724662   1.242738e+00   1.022964e-01   1.242738e+00   1.022964e-01 223200608270047250       1532       2054     0 2453974.535440  1.476405e+01  8.937301e-02  1.476405e+01  8.937301e-02 
   83724726   1.369728e+00   1.024826e-01   1.369728e+00   1.024826e-01 223200608270048280       1535       2022     0 2453974.536181  1.465841e+01  8.123472e-02  1.465841e+01  8.123472e-02 
   83724801   2.115743e+00   1.097979e-01   2.115743e+00   1.097979e-01 224200608270049440      30153        612     0 2453974.537049  1.418634e+01  5.634522e-02  1.418634e+01  5.634522e-02 
   83724801   1.237466e+00   1.025089e-01   1.237466e+00   1.025089e-01 223200608270049440       1531       2040     0 2453974.537049  1.476867e+01  8.994027e-02  1.476867e+01  8.994027e-02 
   83724863   2.155888e+00   1.094456e-01   2.155888e+00   1.094456e-01 224200608270050460      30148        635     0 2453974.537766  1.416593e+01  5.511857e-02  1.416593e+01  5.511857e-02 
   83724863   1.204183e+00   1.002486e-01   1.204183e+00   1.002486e-01 223200608270050460       1535       2014     0 2453974.537766  1.479827e+01  9.038819e-02  1.479827e+01  9.038819e-02 
   83810828   1.979400e+00   1.039746e-01   1.979400e+00   1.039746e-01 224200608280043330      30153        613     0 2453975.532731  1.425867e+01  5.703210e-02  1.425867e+01  5.703210e-02 
   83810828   1.223894e+00   9.707005e-02   1.223894e+00   9.707005e-02 223200608280043330       1536       2043     0 2453975.532731  1.478064e+01  8.611275e-02  1.478064e+01  8.611275e-02 
   83810880   1.910882e+00   1.033924e-01   1.910882e+00   1.033924e-01 224200608280044250      30151        615     0 2453975.533333  1.429692e+01  5.874632e-02  1.429692e+01  5.874632e-02 
   83810880   1.310014e+00   9.847704e-02   1.310014e+00   9.847704e-02 223200608280044250       1538       2041     0 2453975.533333  1.470681e+01  8.161780e-02  1.470681e+01  8.161780e-02 
   83810951   1.309857e+00   9.720778e-02   1.309857e+00   9.720778e-02 223200608280045350       1537       2036     0 2453975.534155  1.470694e+01  8.057548e-02  1.470694e+01  8.057548e-02 
   83810952   2.074932e+00   1.036576e-01   2.074932e+00   1.036576e-01 224200608280045360      30150        617     0 2453975.534167  1.420749e+01  5.424045e-02  1.420749e+01  5.424045e-02 
   83811008   1.942341e+00   1.035987e-01   1.942341e+00   1.035987e-01 224200608280046320      30150        618     0 2453975.534815  1.427919e+01  5.791016e-02  1.427919e+01  5.791016e-02 
   83811008   1.130031e+00   9.606913e-02   1.130031e+00   9.606913e-02 223200608280046320       1537       2034     0 2453975.534815  1.486727e+01  9.230377e-02  1.486727e+01  9.230377e-02 
   84328660   1.913018e+00   2.822514e-01   1.913018e+00   2.822514e-01 224200609030034170      30157        673     0 2453981.526157  1.429570e+01  1.601928e-01  1.429570e+01  1.601928e-01 
   84328660   2.072935e+00   2.901383e-01   2.072935e+00   2.901383e-01 223200609030034170       1526       1974     0 2453981.526157  1.420854e+01  1.519656e-01  1.420854e+01  1.519656e-01 
   84328732   1.566724e+00   2.851664e-01   1.566724e+00   2.851664e-01 224200609030035290      30160        652     0 2453981.526991  1.451252e+01  1.976203e-01  1.451252e+01  1.976203e-01 
   84328732   1.837503e+00   2.971782e-01   1.837503e+00   2.971782e-01 223200609030035280       1522       1992     0 2453981.526991  1.433943e+01  1.755961e-01  1.433943e+01  1.755961e-01 
   84328799   2.002752e+00   2.955507e-01   2.002752e+00   2.955507e-01 224200609030036350      30158        673     0 2453981.527766  1.424593e+01  1.602252e-01  1.424593e+01  1.602252e-01 
   84328799   2.344957e+00   3.126893e-01   2.344957e+00   3.126893e-01 223200609030036350       1523       1960     0 2453981.527766  1.407466e+01  1.447784e-01  1.407466e+01  1.447784e-01 
   84328856   1.739323e+00   3.026971e-01   1.739323e+00   3.026971e-01 223200609030037320       1523       1958     0 2453981.528426  1.439905e+01  1.889530e-01  1.439905e+01  1.889530e-01 
   84500166   2.139719e+00   4.203709e-01   2.139719e+00   4.203709e-01 224200609050012480      30157        624     0 2453983.511181  1.417411e+01  2.133053e-01  1.417411e+01  2.133053e-01 
   84500226   2.024625e+00   4.251771e-01   2.024625e+00   4.251771e-01 224200609050013480      30153        624     0 2453983.511875  1.423414e+01  2.280085e-01  1.423414e+01  2.280085e-01 
   84500226   1.649099e+00   4.527783e-01   1.649099e+00   4.527783e-01 223200609050013480       1535       2034     0 2453983.511875  1.445688e+01  2.981019e-01  1.445688e+01  2.981019e-01 
   84500288   1.685744e+00   4.243391e-01   1.685744e+00   4.243391e-01 224200609050014500      30150        624     0 2453983.512593  1.443302e+01  2.733049e-01  1.443302e+01  2.733049e-01 
   84500288   1.316594e+00   4.490499e-01   1.316594e+00   4.490499e-01 223200609050014500       1535       2031     0 2453983.512593  1.470137e+01  3.703127e-01  1.470137e+01  3.703127e-01 
   84500366   1.811019e+00   4.247674e-01   1.811019e+00   4.247674e-01 224200609050016080      30154        605     0 2453983.513495  1.435519e+01  2.546560e-01  1.435519e+01  2.546560e-01 
   84500366   1.920219e+00   4.549484e-01   1.920219e+00   4.549484e-01 223200609050016080       1531       2050     0 2453983.513495  1.429162e+01  2.572393e-01  1.429162e+01  2.572393e-01 
   84844839   2.153662e+00   5.777871e-01   2.153662e+00   5.777871e-01 224200609082357310      30158        594     0 2453987.500451  1.416706e+01  2.912837e-01  1.416706e+01  2.912837e-01 
   84844839   1.294592e+00   6.334437e-01   1.294592e+00   6.334437e-01 223200609082357310       1545       2046     0 2453987.500451  1.471967e+01  5.312523e-01  1.471967e+01  5.312523e-01 
   84844895   2.340376e+00   6.341290e-01   2.340376e+00   6.341290e-01 223200609082358260       1546       2041     0 2453987.501100  1.407679e+01  2.941832e-01  1.407679e+01  2.941832e-01 
   84844952   2.197070e+00   5.848175e-01   2.197070e+00   5.848175e-01 224200609082359230      30156        597     0 2453987.501759  1.414539e+01  2.890030e-01  1.414539e+01  2.890030e-01 
   84844952   2.643974e+00   6.302180e-01   2.643974e+00   6.302180e-01 223200609082359230       1545       2038     0 2453987.501759  1.394436e+01  2.587971e-01  1.394436e+01  2.587971e-01 
   84845014   1.790069e+00   6.312448e-01   1.790069e+00   6.312448e-01 223200609090000260       1545       2036     0 2453987.502477  1.436783e+01  3.828723e-01  1.436783e+01  3.828723e-01 
   85017139   1.695031e+00   3.181353e-01   1.695031e+00   3.181353e-01 224200609102349160      30169        637     0 2453989.494664  1.442706e+01  2.037794e-01  1.442706e+01  2.037794e-01 
   85017139   1.536086e+00   3.360879e-01   1.536086e+00   3.360879e-01 223200609102349160       1519       2000     0 2453989.494664  1.453396e+01  2.375544e-01  1.453396e+01  2.375544e-01 
   85017206   1.747428e+00   4.139394e-01   1.747428e+00   4.139394e-01 224200609102350220      30167        638     0 2453989.495440  1.439400e+01  2.571954e-01  1.439400e+01  2.571954e-01 
   85017265   2.832281e+00   3.782981e-01   2.832281e+00   3.782981e-01 224200609102351210      30164        639     0 2453989.496123  1.386966e+01  1.450186e-01  1.386966e+01  1.450186e-01 
   85017265   1.927768e+00   3.904261e-01   1.927768e+00   3.904261e-01 223200609102351210       1521       1995     0 2453989.496123  1.428736e+01  2.198922e-01  1.428736e+01  2.198922e-01 
   85017323   2.027339e+00   3.653885e-01   2.027339e+00   3.653885e-01 224200609102352200      30165        639     0 2453989.496794  1.423268e+01  1.956836e-01  1.423268e+01  1.956836e-01 
   85017323   1.898311e+00   3.956085e-01   1.898311e+00   3.956085e-01 223200609102352200       1519       1987     0 2453989.496794  1.430408e+01  2.262685e-01  1.430408e+01  2.262685e-01 
   85361731   2.146853e+00   1.076003e-01   2.146853e+00   1.076003e-01 224200609142332380      30142        620     0 2453993.482998  1.417049e+01  5.441729e-02  1.417049e+01  5.441729e-02 
   85361731   1.278683e+00   9.928527e-02   1.278683e+00   9.928527e-02 223200609142332380       1523       1953     0 2453993.482998  1.473309e+01  8.430392e-02  1.473309e+01  8.430392e-02 
   85361784   2.070287e+00   1.084748e-01   2.070287e+00   1.084748e-01 224200609142333310      30138        620     0 2453993.483611  1.420992e+01  5.688845e-02  1.420992e+01  5.688845e-02 
   85361788   1.227066e+00   9.943911e-02   1.227066e+00   9.943911e-02 223200609142333360       1524       1950     0 2453993.483657  1.477783e+01  8.798632e-02  1.477783e+01  8.798632e-02 
   85361849   1.921878e+00   1.082639e-01   1.921878e+00   1.082639e-01 224200609142334370      30136        622     0 2453993.484363  1.429069e+01  6.116228e-02  1.429069e+01  6.116228e-02 
   85361849   1.347115e+00   1.008098e-01   1.347115e+00   1.008098e-01 223200609142334370       1524       1946     0 2453993.484363  1.467649e+01  8.125013e-02  1.467649e+01  8.125013e-02 
   85361924   2.191940e+00   1.091225e-01   2.191940e+00   1.091225e-01 224200609142335520      30138        601     0 2453993.485231  1.414793e+01  5.405195e-02  1.414793e+01  5.405195e-02 
   85361924   1.168602e+00   9.823428e-02   1.168602e+00   9.823428e-02 223200609142335520       1520       1965     0 2453993.485231  1.483083e+01  9.126879e-02  1.483083e+01  9.126879e-02 
   85620628   2.203248e+00   1.263469e-01   2.203248e+00   1.263469e-01 224200609172327440      30173        585     0 2453996.479491  1.414234e+01  6.226258e-02  1.414234e+01  6.226258e-02 
   85620628   1.294208e+00   1.142554e-01   1.294208e+00   1.142554e-01 223200609172327440       1492       1957     0 2453996.479491  1.471999e+01  9.585140e-02  1.471999e+01  9.585140e-02 
   85620687   2.380425e+00   1.273371e-01   2.380425e+00   1.273371e-01 224200609172328430      30170        585     0 2453996.480174  1.405836e+01  5.807997e-02  1.405836e+01  5.807997e-02 
   85620687   1.238242e+00   1.138678e-01   1.238242e+00   1.138678e-01 223200609172328430       1493       1954     0 2453996.480174  1.476799e+01  9.984385e-02  1.476799e+01  9.984385e-02 
   85620750   2.162935e+00   1.269581e-01   2.162935e+00   1.269581e-01 224200609172329460      30170        587     0 2453996.480903  1.416239e+01  6.372984e-02  1.416239e+01  6.372984e-02 
   85620750   1.408213e+00   1.148045e-01   1.408213e+00   1.148045e-01 223200609172329460       1492       1950     0 2453996.480903  1.462833e+01  8.851486e-02  1.462833e+01  8.851486e-02 
   85620804   2.329991e+00   1.280527e-01   2.329991e+00   1.280527e-01 224200609172330410      30169        589     0 2453996.481528  1.408161e+01  5.967060e-02  1.408161e+01  5.967060e-02 
   85620804   1.350118e+00   1.152609e-01   1.350118e+00   1.152609e-01 223200609172330410       1492       1947     0 2453996.481528  1.467407e+01  9.269069e-02  1.467407e+01  9.269069e-02 
   85706424   2.244699e+00   1.240395e-01   2.244699e+00   1.240395e-01 224200609182317440      30172        542     0 2453997.472500  1.412210e+01  5.999675e-02  1.412210e+01  5.999675e-02 
   85706424   1.350019e+00   1.121492e-01   1.350019e+00   1.121492e-01 223200609182317440       1496       1930     0 2453997.472500  1.467415e+01  9.019493e-02  1.467415e+01  9.019493e-02 
   85706487   2.258435e+00   1.252939e-01   2.258435e+00   1.252939e-01 224200609182318460      30165        564     0 2453997.473229  1.411548e+01  6.023489e-02  1.411548e+01  6.023489e-02 
   85706487   1.228616e+00   1.115591e-01   1.228616e+00   1.115591e-01 223200609182318460       1500       1908     0 2453997.473229  1.477646e+01  9.858590e-02  1.477646e+01  9.858590e-02 
   85706542   2.097048e+00   1.243517e-01   2.097048e+00   1.243517e-01 224200609182319420      30163        565     0 2453997.473866  1.419598e+01  6.438266e-02  1.419598e+01  6.438266e-02 
   85706542   1.425114e+00   1.108160e-01   1.425114e+00   1.108160e-01 223200609182319410       1501       1906     0 2453997.473866  1.461538e+01  8.442644e-02  1.461538e+01  8.442644e-02 
   85706619   2.394542e+00   1.258534e-01   2.394542e+00   1.258534e-01 224200609182320580      30166        546     0 2453997.474757  1.405194e+01  5.706479e-02  1.405194e+01  5.706479e-02 
   85706619   1.208086e+00   1.108860e-01   1.208086e+00   1.108860e-01 223200609182320580       1497       1927     0 2453997.474757  1.479475e+01  9.965631e-02  1.479475e+01  9.965631e-02 
   85878738   2.300199e+00   1.196953e-01   2.300199e+00   1.196953e-01 224200609202309430      30147        586     0 2453999.466875  1.409559e+01  5.649859e-02  1.409559e+01  5.649859e-02 
   85878738   1.295909e+00   1.120635e-01   1.295909e+00   1.120635e-01 223200609202309430       1497       1983     0 2453999.466875  1.471856e+01  9.388917e-02  1.471856e+01  9.388917e-02 
   85878795   1.931108e+00   1.183849e-01   1.931108e+00   1.183849e-01 224200609202310410      30141        587     0 2453999.467535  1.428548e+01  6.656033e-02  1.428548e+01  6.656033e-02 
   85878795   1.367255e+00   1.121088e-01   1.367255e+00   1.121088e-01 223200609202310400       1500       1981     0 2453999.467535  1.466038e+01  8.902578e-02  1.466038e+01  8.902578e-02 
   85878856   2.149435e+00   1.198070e-01   2.149435e+00   1.198070e-01 224200609202311410      30138        589     0 2453999.468241  1.416919e+01  6.051787e-02  1.416919e+01  6.051787e-02 
   85878856   1.326628e+00   1.129168e-01   1.326628e+00   1.129168e-01 223200609202311410       1500       1978     0 2453999.468241  1.469313e+01  9.241340e-02  1.469313e+01  9.241340e-02 
   85878916   2.054660e+00   1.192740e-01   2.054660e+00   1.192740e-01 224200609202312420      30136        592     0 2453999.468935  1.421815e+01  6.302775e-02  1.421815e+01  6.302775e-02 
   85878916   1.399278e+00   1.132722e-01   1.399278e+00   1.132722e-01 223200609202312420       1501       1975     0 2453999.468935  1.463524e+01  8.789114e-02  1.463524e+01  8.789114e-02 
   85964861   2.314461e+00   1.136930e-01   2.314461e+00   1.136930e-01 224200609212305090      30140        606     0 2454000.463669  1.408888e+01  5.333470e-02  1.408888e+01  5.333470e-02 
   85964861   1.335210e+00   1.034920e-01   1.335210e+00   1.034920e-01 223200609212305090       1511       1978     0 2454000.463669  1.468613e+01  8.415557e-02  1.468613e+01  8.415557e-02 
   85965014   2.154022e+00   1.142980e-01   2.154022e+00   1.142980e-01 224200609212307420      30135        608     0 2454000.465440  1.416687e+01  5.761215e-02  1.416687e+01  5.761215e-02 
   85965014   1.335591e+00   1.032520e-01   1.335591e+00   1.032520e-01 223200609212307420       1514       1970     0 2454000.465440  1.468582e+01  8.393648e-02  1.468582e+01  8.393648e-02 
   85965077   2.056982e+00   1.139135e-01   2.056982e+00   1.139135e-01 224200609212308460      30133        611     0 2454000.466169  1.421692e+01  6.012716e-02  1.421692e+01  6.012716e-02 
   85965077   1.398747e+00   1.029555e-01   1.398747e+00   1.029555e-01 223200609212308460       1515       1967     0 2454000.466169  1.463565e+01  7.991646e-02  1.463565e+01  7.991646e-02 
   85965133   2.053768e+00   1.133253e-01   2.053768e+00   1.133253e-01 224200609212309410      30132        612     0 2454000.466817  1.421862e+01  5.991029e-02  1.421862e+01  5.991029e-02 
   85965133   1.423244e+00   1.024168e-01   1.423244e+00   1.024168e-01 223200609212309410       1515       1965     0 2454000.466817  1.461680e+01  7.813000e-02  1.461680e+01  7.813000e-02 
   86404974   2.019310e+00   1.119194e-01   2.019310e+00   1.119194e-01 224200609270120390      30242        831     0 2454005.557569  1.423699e+01  6.017667e-02  1.423699e+01  6.017667e-02 
   86404974   1.451097e+00   1.073456e-01   1.451097e+00   1.073456e-01 223200609270120390       1377       1620     0 2454005.557569  1.459576e+01  8.031815e-02  1.459576e+01  8.031815e-02 
   86405033   1.988387e+00   1.130498e-01   1.988387e+00   1.130498e-01 224200609270121390      30238        853     0 2454005.558252  1.425375e+01  6.172978e-02  1.425375e+01  6.172978e-02 
   86405035   1.268732e+00   1.073879e-01   1.268732e+00   1.073879e-01 223200609270121400       1380       1595     0 2454005.558275  1.474158e+01  9.189910e-02  1.474158e+01  9.189910e-02 
   86405103   2.098630e+00   1.131359e-01   2.098630e+00   1.131359e-01 224200609270122490      30239        852     0 2454005.559063  1.419516e+01  5.853160e-02  1.419516e+01  5.853160e-02 
   86405103   1.411963e+00   1.084794e-01   1.411963e+00   1.084794e-01 223200609270122490       1378       1593     0 2454005.559063  1.462544e+01  8.341610e-02  1.462544e+01  8.341610e-02 
   86405162   1.997541e+00   1.133261e-01   1.997541e+00   1.133261e-01 224200609270123480      30238        852     0 2454005.559745  1.424876e+01  6.159707e-02  1.424876e+01  6.159707e-02 
   86405164   1.429387e+00   1.091211e-01   1.429387e+00   1.091211e-01 223200609270123490       1378       1591     0 2454005.559769  1.461213e+01  8.288667e-02  1.461213e+01  8.288667e-02 
   87688145   1.401483e+00   8.762327e-02   1.401483e+00   8.762327e-02 223200610112147440       1175       1786     0 2454020.409086  1.463353e+01  6.788245e-02  1.463353e+01  6.788245e-02 
   87688219   1.402835e+00   8.690842e-02   1.402835e+00   8.690842e-02 223200610112148580       1179       1760     0 2454020.409942  1.463248e+01  6.726374e-02  1.463248e+01  6.726374e-02 
   87688273   1.356304e+00   8.712932e-02   1.356304e+00   8.712932e-02 223200610112149520       1178       1757     0 2454020.410567  1.466911e+01  6.974822e-02  1.466911e+01  6.974822e-02 
   87860490   1.373662e+00   9.732745e-02   1.373662e+00   9.732745e-02 223200610132140170       1138       1808     0 2454022.403819  1.465530e+01  7.692745e-02  1.465530e+01  7.692745e-02 
   87860557   1.343655e+00   9.765020e-02   1.343655e+00   9.765020e-02 223200610132141240       1138       1804     0 2454022.404595  1.467928e+01  7.890620e-02  1.467928e+01  7.890620e-02 
   87860673   1.321777e+00   9.781521e-02   1.321777e+00   9.781521e-02 223200610132143190       1137       1799     0 2454022.405937  1.469710e+01  8.034778e-02  1.469710e+01  8.034778e-02 
   88033103   1.350135e+00   9.185922e-02   1.350135e+00   9.185922e-02 223200610152137170       1134       1839     0 2454024.401655  1.467406e+01  7.387057e-02  1.467406e+01  7.387057e-02 
   88033164   1.378198e+00   9.285121e-02   1.378198e+00   9.285121e-02 223200610152138180       1134       1834     0 2454024.402361  1.465172e+01  7.314789e-02  1.465172e+01  7.314789e-02 
   88033219   1.377501e+00   9.275506e-02   1.377501e+00   9.275506e-02 223200610152139130       1132       1829     0 2454024.402998  1.465227e+01  7.310914e-02  1.465227e+01  7.310914e-02 
   88033278   1.358213e+00   9.179249e-02   1.358213e+00   9.179249e-02 223200610152140120       1132       1826     0 2454024.403681  1.466758e+01  7.337788e-02  1.466758e+01  7.337788e-02 
   88377425   1.472521e+00   9.451808e-02   1.472521e+00   9.451808e-02 223200610192116140       1118       1853     0 2454028.386863  1.457985e+01  6.969138e-02  1.457985e+01  6.969138e-02 
   88377477   1.497338e+00   9.656464e-02   1.497338e+00   9.656464e-02 223200610192117070       1117       1850     0 2454028.387465  1.456170e+01  7.002033e-02  1.456170e+01  7.002033e-02 
   88377562   1.457529e+00   9.744404e-02   1.457529e+00   9.744404e-02 223200610192118310       1113       1869     0 2454028.388449  1.459096e+01  7.258786e-02  1.459096e+01  7.258786e-02 
   88377624   1.466556e+00   9.718974e-02   1.466556e+00   9.718974e-02 223200610192119340       1113       1866     0 2454028.389167  1.458425e+01  7.195277e-02  1.458425e+01  7.195277e-02 
   88463590   1.343884e+00   9.461837e-02   1.343884e+00   9.461837e-02 223200610202112230       1142       1810     0 2454029.384144  1.467910e+01  7.644334e-02  1.467910e+01  7.644334e-02 
   88463662   1.287849e+00   9.360234e-02   1.287849e+00   9.360234e-02 223200610202113350       1139       1805     0 2454029.384977  1.472534e+01  7.891284e-02  1.472534e+01  7.891284e-02 
   88463725   1.428266e+00   9.519245e-02   1.428266e+00   9.519245e-02 223200610202114380       1139       1803     0 2454029.385706  1.461298e+01  7.236344e-02  1.461298e+01  7.236344e-02 
   88463784   1.385216e+00   9.471361e-02   1.385216e+00   9.471361e-02 223200610202115380       1138       1800     0 2454029.386389  1.464621e+01  7.423706e-02  1.464621e+01  7.423706e-02 
   88551538   1.409682e+00   1.021438e-01   1.409682e+00   1.021438e-01 223200610212138150       1136       1748     0 2454030.402060  1.462720e+01  7.867138e-02  1.462720e+01  7.867138e-02 
   88551670   1.445918e+00   1.030544e-01   1.445918e+00   1.030544e-01 223200610212140270       1133       1738     0 2454030.403588  1.459964e+01  7.738356e-02  1.459964e+01  7.738356e-02 
   88551742   1.510767e+00   1.043508e-01   1.510767e+00   1.043508e-01 223200610212141400       1128       1756     0 2454030.404421  1.455201e+01  7.499357e-02  1.455201e+01  7.499357e-02 
   88637601   2.829061e+00   1.178928e+00   2.829061e+00   1.178928e+00 223200610222132420       1134       1789     0 2454031.398160  1.387089e+01  4.524502e-01  1.387089e+01  4.524502e-01 
   88637674   1.036487e+00   1.453179e+00   1.036487e+00   1.453179e+00 223200610222133550       1134       1760     0 2454031.399005  1.496109e+01  1.522232e+00  1.496109e+01  1.522232e+00 
   88637749   1.343183e+00   1.477117e+00   1.343183e+00   1.477117e+00 223200610222135100       1129       1778     0 2454031.399873  1.467966e+01  1.194003e+00  1.467966e+01  1.194003e+00 
   88722091   1.463747e+00   9.710895e-02   1.463747e+00   9.710895e-02 223200610232100550       1125       1840     0 2454032.376053  1.458634e+01  7.203095e-02  1.458634e+01  7.203095e-02 
   88722145   1.380636e+00   9.693605e-02   1.380636e+00   9.693605e-02 223200610232101500       1125       1837     0 2454032.376678  1.464980e+01  7.623108e-02  1.464980e+01  7.623108e-02 
   88722207   1.331690e+00   9.724599e-02   1.331690e+00   9.724599e-02 223200610232102520       1125       1834     0 2454032.377396  1.468899e+01  7.928561e-02  1.468899e+01  7.928561e-02 
   88722274   1.350781e+00   9.770393e-02   1.350781e+00   9.770393e-02 223200610232103590       1125       1831     0 2454032.378171  1.467354e+01  7.853315e-02  1.467354e+01  7.853315e-02 
   88980536   1.478810e+00   1.110938e-01   1.478810e+00   1.110938e-01 223200610262048320       1125       1894     0 2454035.367315  1.457522e+01  8.156488e-02  1.457522e+01  8.156488e-02 
   88980590   1.556714e+00   1.110724e-01   1.556714e+00   1.110724e-01 223200610262049260       1125       1891     0 2454035.367940  1.451948e+01  7.746813e-02  1.451948e+01  7.746813e-02 
   88980650   1.568208e+00   1.105069e-01   1.568208e+00   1.105069e-01 223200610262050270       1126       1888     0 2454035.368634  1.451149e+01  7.650886e-02  1.451149e+01  7.650886e-02 
   88980714   1.610490e+00   1.111207e-01   1.610490e+00   1.111207e-01 223200610262051300       1122       1879     0 2454035.369375  1.448260e+01  7.491396e-02  1.448260e+01  7.491396e-02 
   89066652   1.522343e+00   1.233410e-01   1.522343e+00   1.233410e-01 223200610272043520       1146       1866     0 2454036.364028  1.454372e+01  8.796719e-02  1.454372e+01  8.796719e-02 
   89066715   1.584272e+00   1.231884e-01   1.584272e+00   1.231884e-01 223200610272044550       1145       1863     0 2454036.364757  1.450043e+01  8.442400e-02  1.450043e+01  8.442400e-02 
   89066771   1.500945e+00   1.234625e-01   1.500945e+00   1.234625e-01 223200610272045520       1145       1859     0 2454036.365405  1.455909e+01  8.930919e-02  1.455909e+01  8.930919e-02 
   89066836   1.499497e+00   1.242507e-01   1.499497e+00   1.242507e-01 223200610272046560       1145       1857     0 2454036.366157  1.456014e+01  8.996613e-02  1.456014e+01  8.996613e-02 
   89152850   1.918870e+00   2.038690e-01   1.918870e+00   2.038690e-01 223200610282040350       1130       1880     0 2454037.361690  1.429239e+01  1.153537e-01  1.429239e+01  1.153537e-01 
   89152923   1.590772e+00   1.905421e-01   1.590772e+00   1.905421e-01 223200610282041480       1132       1850     0 2454037.362535  1.449598e+01  1.300495e-01  1.449598e+01  1.300495e-01 
   89152984   1.768936e+00   1.608952e-01   1.768936e+00   1.608952e-01 223200610282042490       1132       1848     0 2454037.363241  1.438072e+01  9.875444e-02  1.438072e+01  9.875444e-02 
   89238972   1.944918e+00   1.693107e-01   1.944918e+00   1.693107e-01 223200610292035590       1124       1841     0 2454038.358472  1.427775e+01  9.451677e-02  1.427775e+01  9.451677e-02 
   89239027   1.777578e+00   1.695475e-01   1.777578e+00   1.695475e-01 223200610292036550       1125       1838     0 2454038.359109  1.437543e+01  1.035592e-01  1.437543e+01  1.035592e-01 
   89239074   1.801764e+00   1.704132e-01   1.801764e+00   1.704132e-01 223200610292037410       1124       1830     0 2454038.359653  1.436075e+01  1.026907e-01  1.436075e+01  1.026907e-01 
   89239152   1.992266e+00   1.702039e-01   1.992266e+00   1.702039e-01 223200610292038590       1123       1828     0 2454038.360556  1.425163e+01  9.275731e-02  1.425163e+01  9.275731e-02 
   89411347   2.272987e+00   2.708689e-01   2.272987e+00   2.708689e-01 223200610312029020       1117       1841     0 2454040.353553  1.410851e+01  1.293862e-01  1.410851e+01  1.293862e-01 
   89411420   1.947711e+00   2.710290e-01   1.947711e+00   2.710290e-01 223200610312030160       1114       1858     0 2454040.354398  1.427619e+01  1.510835e-01  1.427619e+01  1.510835e-01 
   89411490   2.334977e+00   2.779628e-01   2.334977e+00   2.779628e-01 223200610312031250       1116       1829     0 2454040.355208  1.407929e+01  1.292498e-01  1.407929e+01  1.292498e-01 
   89411547   2.357094e+00   2.737355e-01   2.357094e+00   2.737355e-01 223200610312032230       1116       1826     0 2454040.355868  1.406906e+01  1.260899e-01  1.406906e+01  1.260899e-01 
   89506206   2.490538e+00   2.807148e-01   2.490538e+00   2.807148e-01 223200611012250050       1046       1458     0 2454041.451458  1.400927e+01  1.223765e-01  1.400927e+01  1.223765e-01 
   89506279   2.130566e+00   2.801499e-01   2.130566e+00   2.801499e-01 223200611012251190       1049       1431     0 2454041.452303  1.417876e+01  1.427648e-01  1.417876e+01  1.427648e-01 
   89506336   1.867313e+00   2.811424e-01   1.867313e+00   2.811424e-01 223200611012252160       1048       1428     0 2454041.452963  1.432196e+01  1.634689e-01  1.432196e+01  1.634689e-01 
   89506398   2.051145e+00   2.837243e-01   2.051145e+00   2.837243e-01 223200611012253170       1047       1426     0 2454041.453681  1.422001e+01  1.501848e-01  1.422001e+01  1.501848e-01 
   89842108   2.005741e+00   4.042518e-01   2.005741e+00   4.042518e-01 223200611052008420       1129       1843     0 2454045.339213  1.424431e+01  2.188281e-01  1.424431e+01  2.188281e-01 
   89842166   2.552686e+00   4.037847e-01   2.552686e+00   4.037847e-01 223200611052009400       1129       1840     0 2454045.339884  1.398251e+01  1.717427e-01  1.398251e+01  1.717427e-01 
   89842239   1.921190e+00   4.064441e-01   1.921190e+00   4.064441e-01 223200611052010530       1129       1836     0 2454045.340729  1.429107e+01  2.296975e-01  1.429107e+01  2.296975e-01 
   89842298   1.871072e+00   4.055096e-01   1.871072e+00   4.055096e-01 223200611052011520       1129       1833     0 2454045.341412  1.431977e+01  2.353079e-01  1.431977e+01  2.353079e-01 
   89928292   1.780367e+00   3.082910e-01   1.780367e+00   3.082910e-01 223200611062005110       1132       1860     0 2454046.336713  1.437373e+01  1.880084e-01  1.437373e+01  1.880084e-01 
   89928361   2.064283e+00   3.062105e-01   2.064283e+00   3.062105e-01 223200611062006190       1132       1856     0 2454046.337512  1.421308e+01  1.610559e-01  1.421308e+01  1.610559e-01 
   89928415   1.920478e+00   3.063560e-01   1.920478e+00   3.063560e-01 223200611062007140       1132       1854     0 2454046.338137  1.429148e+01  1.731980e-01  1.429148e+01  1.731980e-01 
   89928479   2.417782e+00   3.098130e-01   2.417782e+00   3.098130e-01 223200611062008180       1132       1851     0 2454046.338877  1.404146e+01  1.391260e-01  1.404146e+01  1.391260e-01 
   90014480   1.558484e+00   1.903130e-01   1.558484e+00   1.903130e-01 223200611072001430       1139       1867     0 2454047.334259  1.451824e+01  1.325843e-01  1.451824e+01  1.325843e-01 
   90014534   1.675133e+00   1.733200e-01   1.675133e+00   1.733200e-01 223200611072002370       1140       1864     0 2454047.334884  1.443988e+01  1.123376e-01  1.443988e+01  1.123376e-01 
   90014623   1.902078e+00   1.792464e-01   1.902078e+00   1.792464e-01 223200611072004050       1135       1883     0 2454047.335914  1.430193e+01  1.023171e-01  1.430193e+01  1.023171e-01 
   90014685   1.785643e+00   1.845495e-01   1.785643e+00   1.845495e-01 223200611072005080       1134       1879     0 2454047.336632  1.437051e+01  1.122132e-01  1.437051e+01  1.122132e-01 
   90272969   1.430382e+00   1.062384e-01   1.430382e+00   1.062384e-01 223200611101950030       1136       1852     0 2454050.326030  1.461137e+01  8.064088e-02  1.461137e+01  8.064088e-02 
   90273023   1.460491e+00   1.079757e-01   1.460491e+00   1.079757e-01 223200611101950570       1135       1848     0 2454050.326655  1.458875e+01  8.026992e-02  1.458875e+01  8.026992e-02 
   90273071   1.379819e+00   1.097665e-01   1.379819e+00   1.097665e-01 223200611101951450       1135       1845     0 2454050.327211  1.465044e+01  8.637206e-02  1.465044e+01  8.637206e-02 
   90273136   1.564702e+00   1.062028e-01   1.564702e+00   1.062028e-01 223200611101952500       1134       1842     0 2454050.327963  1.451392e+01  7.369364e-02  1.451392e+01  7.369364e-02 
   90617585   1.505394e+00   1.022982e-01   1.505394e+00   1.022982e-01 223200611141933540       1126       1875     0 2454054.314641  1.455587e+01  7.378088e-02  1.455587e+01  7.378088e-02 
   90617647   1.521412e+00   1.019228e-01   1.521412e+00   1.019228e-01 223200611141934560       1126       1871     0 2454054.315359  1.454438e+01  7.273616e-02  1.454438e+01  7.273616e-02 
   90617707   1.543865e+00   1.024200e-01   1.543865e+00   1.024200e-01 223200611141935570       1130       1845     0 2454054.316053  1.452848e+01  7.202798e-02  1.452848e+01  7.202798e-02 
   90617758   1.453166e+00   1.017753e-01   1.453166e+00   1.017753e-01 223200611141936470       1130       1843     0 2454054.316644  1.459421e+01  7.604188e-02  1.459421e+01  7.604188e-02 
   93120133   2.151222e+00   2.399010e-01   2.151222e+00   2.399010e-01 223200612131844400       1799       1680     0 2454083.279317  1.416829e+01  1.210801e-01  1.416829e+01  1.210801e-01 
   93120192   1.976106e+00   2.234606e-01   1.976106e+00   2.234606e-01 223200612131845380       1800       1679     0 2454083.280000  1.426047e+01  1.227769e-01  1.426047e+01  1.227769e-01 
   93120268   1.798483e+00   2.019194e-01   1.798483e+00   2.019194e-01 223200612131846550       1796       1697     0 2454083.280880  1.436273e+01  1.218982e-01  1.436273e+01  1.218982e-01 
   93120332   1.795995e+00   1.895724e-01   1.795995e+00   1.895724e-01 223200612131847580       1800       1673     0 2454083.281620  1.436424e+01  1.146030e-01  1.436424e+01  1.146030e-01 
   93292968   2.230361e+00   2.892981e-01   2.230361e+00   2.892981e-01 223200612151845190       1774       1652     0 2454085.279722  1.412906e+01  1.408303e-01  1.412906e+01  1.408303e-01 
   93293022   2.383138e+00   2.696843e-01   2.383138e+00   2.696843e-01 223200612151846130       1773       1650     0 2454085.280347  1.405713e+01  1.228662e-01  1.405713e+01  1.228662e-01 
   93293076   2.224287e+00   2.520407e-01   2.224287e+00   2.520407e-01 223200612151847070       1772       1648     0 2454085.280972  1.413202e+01  1.230285e-01  1.413202e+01  1.230285e-01 
   93293130   2.000772e+00   2.372724e-01   2.000772e+00   2.372724e-01 223200612151848010       1772       1646     0 2454085.281597  1.424701e+01  1.287584e-01  1.424701e+01  1.287584e-01 
   93467310   1.413287e+00   1.121173e-01   1.413287e+00   1.121173e-01 223200612171911070       2123       1479     0 2454087.297569  1.462442e+01  8.613270e-02  1.462442e+01  8.613270e-02 
   93467366   1.530033e+00   1.110998e-01   1.530033e+00   1.110998e-01 223200612171912030       2121       1476     0 2454087.298218  1.453825e+01  7.883848e-02  1.453825e+01  7.883848e-02 
   93467426   1.553738e+00   1.099964e-01   1.553738e+00   1.099964e-01 223200612171913020       2120       1473     0 2454087.298912  1.452156e+01  7.686462e-02  1.452156e+01  7.686462e-02 
   93467496   1.473581e+00   1.079827e-01   1.473581e+00   1.079827e-01 223200612171914130       2113       1491     0 2454087.299722  1.457906e+01  7.956204e-02  1.457906e+01  7.956204e-02 
   93556667   1.335254e+00   1.000393e-01   1.335254e+00   1.000393e-01 223200612182000260       1182       1411     0 2454088.331794  1.468609e+01  8.134532e-02  1.468609e+01  8.134532e-02 
   93556725   1.423970e+00   9.988382e-02   1.423970e+00   9.988382e-02 223200612182001250       1181       1409     0 2454088.332465  1.461625e+01  7.615881e-02  1.461625e+01  7.615881e-02 
   93556794   1.400671e+00   1.003897e-01   1.400671e+00   1.003897e-01 223200612182002330       1180       1406     0 2454088.333264  1.463416e+01  7.781783e-02  1.463416e+01  7.781783e-02 
   93556858   1.439557e+00   1.019752e-01   1.439557e+00   1.019752e-01 223200612182003370       1179       1404     0 2454088.334005  1.460443e+01  7.691151e-02  1.460443e+01  7.691151e-02 
   93725426   1.767187e+00   2.234626e-01   1.767187e+00   2.234626e-01 223200612201853100       1240       1565     0 2454090.285023  1.438179e+01  1.372930e-01  1.438179e+01  1.372930e-01 
   93725545   1.907637e+00   1.969208e-01   1.907637e+00   1.969208e-01 223200612201855100       1239       1561     0 2454090.286400  1.429876e+01  1.120783e-01  1.429876e+01  1.120783e-01 
   94935176   2.182637e+00   3.813343e-01   2.182637e+00   3.813343e-01 224200701031856070      29386        495     0 2454104.286759  1.415255e+01  1.896925e-01  1.415255e+01  1.896925e-01 
   94935176   2.183942e+00   4.429536e-01   2.183942e+00   4.429536e-01 223200701031856070       1181       1414     0 2454104.286759  1.415190e+01  2.202130e-01  1.415190e+01  2.202130e-01 
   94935242   2.524364e+00   3.769416e-01   2.524364e+00   3.769416e-01 224200701031857140      29385        494     0 2454104.287523  1.399462e+01  1.621242e-01  1.399462e+01  1.621242e-01 
   94935242   1.851247e+00   4.351403e-01   1.851247e+00   4.351403e-01 223200701031857140       1181       1413     0 2454104.287523  1.433134e+01  2.552059e-01  1.433134e+01  2.552059e-01 
   94935300   2.257031e+00   3.718866e-01   2.257031e+00   3.718866e-01 224200701031858120      29386        495     0 2454104.288194  1.411616e+01  1.788952e-01  1.411616e+01  1.788952e-01 
   94935300   1.554967e+00   4.263153e-01   1.554967e+00   4.263153e-01 223200701031858120       1180       1411     0 2454104.288194  1.452070e+01  2.976704e-01  1.452070e+01  2.976704e-01 
   94935365   2.731805e+00   3.667606e-01   2.731805e+00   3.667606e-01 224200701031859170      29386        495     0 2454104.288947  1.390888e+01  1.457669e-01  1.390888e+01  1.457669e-01 
   94935365   1.555860e+00   4.197152e-01   1.555860e+00   4.197152e-01 223200701031859170       1179       1409     0 2454104.288947  1.452007e+01  2.928937e-01  1.452007e+01  2.928937e-01 
   95021605   2.454443e+00   2.865849e-01   2.454443e+00   2.865849e-01 224200701041856390      29388        482     0 2454105.287095  1.402512e+01  1.267728e-01  1.402512e+01  1.267728e-01 
   95021605   2.166725e+00   3.255484e-01   2.166725e+00   3.255484e-01 223200701041856390       1178       1427     0 2454105.287095  1.416049e+01  1.631314e-01  1.416049e+01  1.631314e-01 
   95021677   1.938657e+00   3.056661e-01   1.938657e+00   3.056661e-01 223200701041857500       1182       1403     0 2454105.287928  1.428125e+01  1.711875e-01  1.428125e+01  1.711875e-01 
   95021742   2.365592e+00   2.625757e-01   2.365592e+00   2.625757e-01 224200701041858560      29384        504     0 2454105.288681  1.406515e+01  1.205149e-01  1.406515e+01  1.205149e-01 
   95021798   2.377256e+00   2.548507e-01   2.377256e+00   2.548507e-01 224200701041859510      29385        504     0 2454105.289329  1.405981e+01  1.163953e-01  1.405981e+01  1.163953e-01 
   95021798   2.157454e+00   2.827232e-01   2.157454e+00   2.827232e-01 223200701041859510       1181       1400     0 2454105.289329  1.416515e+01  1.422806e-01  1.416515e+01  1.422806e-01 
   95107907   1.788208e+00   2.489614e-01   1.788208e+00   2.489614e-01 224200701051855020      29407        517     0 2454106.285961  1.436895e+01  1.511611e-01  1.436895e+01  1.511611e-01 
   95107907   1.840169e+00   2.835722e-01   1.840169e+00   2.835722e-01 223200701051855020       1155       1396     0 2454106.285961  1.433786e+01  1.673138e-01  1.433786e+01  1.673138e-01 
   95107963   1.862514e+00   2.354625e-01   1.862514e+00   2.354625e-01 224200701051855570      29407        517     0 2454106.286609  1.432475e+01  1.372613e-01  1.432475e+01  1.372613e-01 
   95108017   1.739108e+00   2.221560e-01   1.739108e+00   2.221560e-01 224200701051856510      29408        516     0 2454106.287234  1.439918e+01  1.386939e-01  1.439918e+01  1.386939e-01 
   95108071   2.307422e+00   2.117275e-01   2.307422e+00   2.117275e-01 224200701051857460      29408        517     0 2454106.287859  1.409218e+01  9.962676e-02  1.409218e+01  9.962676e-02 
   95280695   2.079324e+00   2.244466e-01   2.079324e+00   2.244466e-01 224200701071854530      29429        505     0 2454108.285822  1.420519e+01  1.171970e-01  1.420519e+01  1.171970e-01 
   95280696   2.248977e+00   2.495108e-01   2.248977e+00   2.495108e-01 223200701071854540       1132       1378     0 2454108.285833  1.412004e+01  1.204564e-01  1.412004e+01  1.204564e-01 
   95280825   2.188915e+00   1.972878e-01   2.188915e+00   1.972878e-01 224200701071857030      29417        450     0 2454108.287326  1.414943e+01  9.785820e-02  1.414943e+01  9.785820e-02 
   95280825   2.067462e+00   2.138970e-01   2.067462e+00   2.138970e-01 223200701071857030       1151       1400     0 2454108.287326  1.421141e+01  1.123293e-01  1.421141e+01  1.123293e-01 
   95280881   2.276819e+00   1.870545e-01   2.276819e+00   1.870545e-01 224200701071857590      29419        451     0 2454108.287975  1.410668e+01  8.920012e-02  1.410668e+01  8.920012e-02 
   95280881   1.875759e+00   1.997697e-01   1.875759e+00   1.997697e-01 223200701071857590       1149       1397     0 2454108.287975  1.431706e+01  1.156321e-01  1.431706e+01  1.156321e-01 
   95280937   2.406588e+00   1.772358e-01   2.406588e+00   1.772358e-01 224200701071858540      29419        450     0 2454108.288623  1.404650e+01  7.996051e-02  1.404650e+01  7.996051e-02 
   95280937   1.749944e+00   1.860461e-01   1.749944e+00   1.860461e-01 223200701071858540       1149       1395     0 2454108.288623  1.439244e+01  1.154309e-01  1.439244e+01  1.154309e-01 
   95367159   2.029538e+00   2.417839e-01   2.029538e+00   2.417839e-01 224200701081855580      29426        527     0 2454109.286563  1.423151e+01  1.293469e-01  1.423151e+01  1.293469e-01 
   95367159   1.953076e+00   2.846413e-01   1.953076e+00   2.846413e-01 223200701081855580       1135       1368     0 2454109.286563  1.427320e+01  1.582358e-01  1.427320e+01  1.582358e-01 
   95367213   2.001544e+00   2.274809e-01   2.001544e+00   2.274809e-01 224200701081856520      29425        526     0 2454109.287187  1.424659e+01  1.233973e-01  1.424659e+01  1.233973e-01 
   95367215   1.835340e+00   2.653506e-01   1.835340e+00   2.653506e-01 223200701081856530       1135       1367     0 2454109.287211  1.434071e+01  1.569746e-01  1.434071e+01  1.569746e-01 
   95367270   2.086149e+00   2.153984e-01   2.086149e+00   2.153984e-01 224200701081857490      29426        525     0 2454109.287847  1.420164e+01  1.121045e-01  1.420164e+01  1.121045e-01 
   95367270   1.993566e+00   2.476110e-01   1.993566e+00   2.476110e-01 223200701081857490       1133       1365     0 2454109.287847  1.425092e+01  1.348544e-01  1.425092e+01  1.348544e-01 
   95367326   1.835975e+00   2.037674e-01   1.835975e+00   2.037674e-01 224200701081858450      29426        525     0 2454109.288495  1.434033e+01  1.205019e-01  1.434033e+01  1.205019e-01 
   95367326   2.309475e+00   2.319383e-01   2.309475e+00   2.319383e-01 223200701081858450       1132       1363     0 2454109.288495  1.409122e+01  1.090398e-01  1.409122e+01  1.090398e-01 
   95453545   2.251124e+00   2.430758e-01   2.251124e+00   2.430758e-01 224200701091855450      29420        547     0 2454110.286400  1.411900e+01  1.172379e-01  1.411900e+01  1.172379e-01 
   95453601   1.810189e+00   2.290093e-01   1.810189e+00   2.290093e-01 224200701091856400      29420        546     0 2454110.287049  1.435569e+01  1.373583e-01  1.435569e+01  1.373583e-01 
   95453601   1.909894e+00   2.544758e-01   1.909894e+00   2.544758e-01 223200701091856400       1137       1363     0 2454110.287049  1.429748e+01  1.446649e-01  1.429748e+01  1.446649e-01 
   95453655   1.909819e+00   2.159169e-01   1.909819e+00   2.159169e-01 224200701091857350      29420        545     0 2454110.287674  1.429752e+01  1.227497e-01  1.429752e+01  1.227497e-01 
   95453655   1.472479e+00   2.365448e-01   1.472479e+00   2.365448e-01 223200701091857350       1136       1362     0 2454110.287674  1.457988e+01  1.744175e-01  1.457988e+01  1.744175e-01 
   95453711   2.064625e+00   2.045599e-01   2.064625e+00   2.045599e-01 224200701091858300      29421        545     0 2454110.288322  1.421290e+01  1.075735e-01  1.421290e+01  1.075735e-01 
   95453711   1.655303e+00   2.217067e-01   1.655303e+00   2.217067e-01 223200701091858300       1135       1361     0 2454110.288322  1.445281e+01  1.454210e-01  1.445281e+01  1.454210e-01 
   95539934   2.483128e+00   2.409809e-01   2.483128e+00   2.409809e-01 224200701101855350      29425        554     0 2454111.286273  1.401250e+01  1.053681e-01  1.401250e+01  1.053681e-01 
   95539934   1.971152e+00   2.695922e-01   1.971152e+00   2.695922e-01 223200701101855350       1135       1357     0 2454111.286273  1.426320e+01  1.484954e-01  1.426320e+01  1.484954e-01 
   95539988   2.317881e+00   2.282074e-01   2.317881e+00   2.282074e-01 224200701101856300      29425        553     0 2454111.286898  1.408727e+01  1.068967e-01  1.408727e+01  1.068967e-01 
   95539988   1.618423e+00   2.525101e-01   1.618423e+00   2.525101e-01 223200701101856300       1134       1357     0 2454111.286898  1.447727e+01  1.693996e-01  1.447727e+01  1.693996e-01 
   95540042   1.855411e+00   2.159254e-01   1.855411e+00   2.159254e-01 224200701101857240      29425        553     0 2454111.287523  1.432890e+01  1.263541e-01  1.432890e+01  1.263541e-01 
   95540042   1.746509e+00   2.378045e-01   1.746509e+00   2.378045e-01 223200701101857240       1134       1355     0 2454111.287523  1.439457e+01  1.478343e-01  1.439457e+01  1.478343e-01 
   95540098   2.115633e+00   2.054641e-01   2.115633e+00   2.054641e-01 224200701101858190      29425        553     0 2454111.288171  1.418640e+01  1.054439e-01  1.418640e+01  1.054439e-01 
   95540098   1.552849e+00   2.246433e-01   1.552849e+00   2.246433e-01 223200701101858190       1133       1354     0 2454111.288171  1.452218e+01  1.570688e-01  1.452218e+01  1.570688e-01 
   95626317   2.016336e+00   2.587068e-01   2.016336e+00   2.587068e-01 224200701111855200      29447        544     0 2454112.286076  1.423859e+01  1.393063e-01  1.423859e+01  1.393063e-01 
   95626318   1.954412e+00   2.854097e-01   1.954412e+00   2.854097e-01 223200701111855210       1117       1338     0 2454112.286088  1.427246e+01  1.585545e-01  1.427246e+01  1.585545e-01 
   95626374   2.162410e+00   2.438764e-01   2.162410e+00   2.438764e-01 224200701111856160      29447        543     0 2454112.286736  1.416265e+01  1.224497e-01  1.416265e+01  1.224497e-01 
   95626374   2.090154e+00   2.667117e-01   2.090154e+00   2.667117e-01 223200701111856160       1116       1337     0 2454112.286736  1.419955e+01  1.385446e-01  1.419955e+01  1.385446e-01 
   95626428   1.939441e+00   2.311414e-01   1.939441e+00   2.311414e-01 224200701111857110      29447        543     0 2454112.287361  1.428081e+01  1.293978e-01  1.428081e+01  1.293978e-01 
   95626428   1.963231e+00   2.495036e-01   1.963231e+00   2.495036e-01 223200701111857110       1115       1335     0 2454112.287361  1.426757e+01  1.379848e-01  1.426757e+01  1.379848e-01 
   95626484   1.822984e+00   2.189620e-01   1.822984e+00   2.189620e-01 224200701111858070      29447        542     0 2454112.288009  1.434804e+01  1.304103e-01  1.434804e+01  1.304103e-01 
   95626484   1.748370e+00   2.340121e-01   1.748370e+00   2.340121e-01 223200701111858070       1115       1335     0 2454112.288009  1.439342e+01  1.453218e-01  1.439342e+01  1.453218e-01 
   95712701   1.607254e+00   2.623612e-01   1.607254e+00   2.623612e-01 223200701121855050       1145       1332     0 2454113.285891  1.448479e+01  1.772315e-01  1.448479e+01  1.772315e-01 
   95712703   1.682166e+00   2.392522e-01   1.682166e+00   2.392522e-01 224200701121855060      29419        545     0 2454113.285914  1.443533e+01  1.544233e-01  1.443533e+01  1.544233e-01 
   95712757   2.320616e+00   2.277754e-01   2.320616e+00   2.277754e-01 224200701121856000      29418        544     0 2454113.286539  1.408599e+01  1.065686e-01  1.408599e+01  1.065686e-01 
   95712757   2.086455e+00   2.468078e-01   2.086455e+00   2.468078e-01 223200701121856000       1145       1331     0 2454113.286539  1.420148e+01  1.284327e-01  1.420148e+01  1.284327e-01 
   95712811   2.385836e+00   2.155692e-01   2.385836e+00   2.155692e-01 224200701121856550      29419        543     0 2454113.287164  1.405590e+01  9.810065e-02  1.405590e+01  9.810065e-02 
   95712811   1.917944e+00   2.321521e-01   1.917944e+00   2.321521e-01 223200701121856550       1144       1330     0 2454113.287164  1.429291e+01  1.314203e-01  1.429291e+01  1.314203e-01 
   95712865   1.825331e+00   2.181775e-01   1.825331e+00   2.181775e-01 223200701121857490       1144       1329     0 2454113.287789  1.434665e+01  1.297759e-01  1.434665e+01  1.297759e-01 
   95712867   1.953372e+00   2.050332e-01   1.953372e+00   2.050332e-01 224200701121857500      29418        544     0 2454113.287812  1.427304e+01  1.139633e-01  1.427304e+01  1.139633e-01 
   95799124   2.490642e+00   2.085943e-01   2.490642e+00   2.085943e-01 224200701131855270      29419        560     0 2454114.286157  1.400922e+01  9.093206e-02  1.400922e+01  9.093206e-02 
   95799124   2.060390e+00   2.330355e-01   2.060390e+00   2.330355e-01 223200701131855270       1141       1347     0 2454114.286157  1.421513e+01  1.228000e-01  1.421513e+01  1.228000e-01 
   95799178   1.817159e+00   2.184032e-01   1.817159e+00   2.184032e-01 223200701131856210       1141       1346     0 2454114.286782  1.435152e+01  1.304944e-01  1.435152e+01  1.304944e-01 
   95799302   2.184465e+00   1.792490e-01   2.184465e+00   1.792490e-01 224200701131858250      29410        567     0 2454114.288218  1.415164e+01  8.909179e-02  1.415164e+01  8.909179e-02 
   95799302   1.898119e+00   1.917855e-01   1.898119e+00   1.917855e-01 223200701131858250       1142       1350     0 2454114.288218  1.430419e+01  1.097029e-01  1.430419e+01  1.097029e-01 
   95799356   2.031722e+00   1.714690e-01   2.031722e+00   1.714690e-01 224200701131859190      29411        567     0 2454114.288843  1.423034e+01  9.163199e-02  1.423034e+01  9.163199e-02 
   95799356   1.732989e+00   1.814067e-01   1.732989e+00   1.814067e-01 223200701131859190       1141       1348     0 2454114.288843  1.440301e+01  1.136536e-01  1.440301e+01  1.136536e-01 
   95885594   2.281668e+00   2.012850e-01   2.281668e+00   2.012850e-01 224200701141856390      29422        566     0 2454115.286968  1.410437e+01  9.578222e-02  1.410437e+01  9.578222e-02 
   95885594   1.867737e+00   2.149690e-01   1.867737e+00   2.149690e-01 223200701141856390       1137       1326     0 2454115.286968  1.432171e+01  1.249643e-01  1.432171e+01  1.249643e-01 
   95885649   2.242450e+00   1.914862e-01   2.242450e+00   1.914862e-01 224200701141857330      29421        565     0 2454115.287604  1.412319e+01  9.271298e-02  1.412319e+01  9.271298e-02 
   95885650   1.804132e+00   2.025334e-01   1.804132e+00   2.025334e-01 223200701141857340       1137       1325     0 2454115.287616  1.435933e+01  1.218861e-01  1.435933e+01  1.218861e-01 
   95885704   2.111492e+00   1.822273e-01   2.111492e+00   1.822273e-01 224200701141858280      29420        565     0 2454115.288241  1.418853e+01  9.370220e-02  1.418853e+01  9.370220e-02 
   95885704   1.647781e+00   1.910212e-01   1.647781e+00   1.910212e-01 223200701141858290       1136       1324     0 2454115.288241  1.445775e+01  1.258658e-01  1.445775e+01  1.258658e-01 
   95885835   2.199077e+00   1.619256e-01   2.199077e+00   1.619256e-01 224200701141900400      29423        561     0 2454115.289757  1.414440e+01  7.994676e-02  1.414440e+01  7.994676e-02 
   95885836   1.821724e+00   1.678234e-01   1.821724e+00   1.678234e-01 223200701141900410       1133       1325     0 2454115.289769  1.434879e+01  1.000221e-01  1.434879e+01  1.000221e-01 
  105941764   1.728407e+00   2.961058e-01   1.728407e+00   2.961058e-01 223200705110414520       1107       2177     0 2454231.677824  1.440588e+01  1.860059e-01  1.440588e+01  1.860059e-01 
  105941820   1.837987e+00   3.156219e-01   1.837987e+00   3.156219e-01 223200705110415490       1110       2176     0 2454231.678472  1.433914e+01  1.864449e-01  1.433914e+01  1.864449e-01 
  105941879   2.312102e+00   3.377181e-01   2.312102e+00   3.377181e-01 223200705110416470       1113       2175     0 2454231.679155  1.408998e+01  1.585890e-01  1.408998e+01  1.585890e-01 
  105941934   2.303469e+00   3.609331e-01   2.303469e+00   3.609331e-01 223200705110417430       1115       2174     0 2454231.679792  1.409404e+01  1.701258e-01  1.409404e+01  1.701258e-01 
  106027819   1.579593e+00   1.825575e-01   1.579593e+00   1.825575e-01 223200705120409040       1131       2153     0 2454232.673831  1.450364e+01  1.254817e-01  1.450364e+01  1.254817e-01 
  106027945   1.700557e+00   1.969800e-01   1.700557e+00   1.969800e-01 223200705120411090       1118       2165     0 2454232.675289  1.442352e+01  1.257641e-01  1.442352e+01  1.257641e-01 
  106027999   1.728899e+00   2.057065e-01   1.728899e+00   2.057065e-01 223200705120412040       1121       2164     0 2454232.675914  1.440558e+01  1.291827e-01  1.440558e+01  1.291827e-01 
  106028053   1.874516e+00   2.175869e-01   1.874516e+00   2.175869e-01 223200705120412580       1123       2164     0 2454232.676539  1.431778e+01  1.260287e-01  1.431778e+01  1.260287e-01 
  106114073   1.704760e+00   1.800477e-01   1.704760e+00   1.800477e-01 223200705130406340       1107       2176     0 2454233.672141  1.442084e+01  1.146701e-01  1.442084e+01  1.146701e-01 
  106114127   1.811589e+00   1.867878e-01   1.811589e+00   1.867878e-01 223200705130407290       1111       2175     0 2454233.672766  1.435485e+01  1.119475e-01  1.435485e+01  1.119475e-01 
  106114183   1.765242e+00   1.901424e-01   1.765242e+00   1.901424e-01 223200705130408240       1114       2175     0 2454233.673414  1.438299e+01  1.169500e-01  1.438299e+01  1.169500e-01 
  106114237   2.053388e+00   1.966020e-01   2.053388e+00   1.966020e-01 223200705130409190       1116       2175     0 2454233.674039  1.421882e+01  1.039544e-01  1.421882e+01  1.039544e-01 
  124570450   2.471920e+00   1.455139e-01   2.471920e+00   1.455139e-01 222200712121856320       4218      20183     0 2454447.287616  1.401741e+01  6.391400e-02  1.401741e+01  6.391400e-02 
  124571582   2.559567e+00   1.041243e-01   2.559567e+00   1.041243e-01 222200712121915250       4238      20132     0 2454447.300718  1.397958e+01  4.416838e-02  1.397958e+01  4.416838e-02 
  124571706   1.379490e+00   8.893607e-02   1.379490e+00   8.893607e-02 223200712121917280        610       5600     0 2454447.302153  1.465070e+01  6.999796e-02  1.465070e+01  6.999796e-02 
  124572790   2.415745e+00   1.026539e-01   2.415745e+00   1.026539e-01 222200712121935320       4218      20146     0 2454447.314699  1.404237e+01  4.613709e-02  1.404237e+01  4.613709e-02 
  124572981   2.126733e+00   8.655199e-02   2.126733e+00   8.655199e-02 221200712121938430      19210       6359     0 2454447.316910  1.418072e+01  4.418653e-02  1.418072e+01  4.418653e-02 
