\OBJNAME = '1SWASP J000659.61-745542.8'
\OBSSTART = '2006-09-27T01:20:39'
\OBSSTOP = '2007-12-12T19:38:43'
\TSTART = 86404971
\TSTOP = 124572978
\JD_REF = 2453005.5
\RA_OBJ = '1.748381'
\DEC_OBJ = '-74.928575'
\WASP_MAG = 15.08784
\HJD_START = 2454005.557535
\HJD_STOP = 2454447.316875
\fixlen = T
\NUMRECORDS = 20
\
\ This file was produced by the NASA Exoplanet Archive  http://exoplanetarchive.ipac.caltech.edu 
\ Thu Sep 12, 00:49:20 2013
\ Documentation for the SuperWASP dataset can be found at http://exoplanetarchive.ipac.caltech.edu/docs/SuperWASPMission.html
\
|TMID      |FLUX2         |FLUX2_ERR     |TAMFLUX2      |TAMFLUX2_ERR  |IMAGEID           |CCDX      |CCDY      |FLAG |           HJD|         MAG2|     MAG2_ERR|      TAMMAG2|  TAMMAG2_ERR|
|int       |float         |float         |float         |float         |char              |int       |int       |int  |        double|        float|        float|        float|        float|
|sec       |micro Vega    |micro Vega    |micro Vega    |micro Vega    |                  |1/16 pixel|1/16 pixel|     |           day|          mag|          mag|          mag|          mag|
|null      |null          |null          |null          |null          |null              |null      |null      |null |          null|         null|         null|         null|         null|
   86404971   1.540898e+00   1.195130e-01   1.540898e+00   1.195130e-01 224200609270120390      31941        123     0 2454005.557535  1.453057e+01  8.421066e-02  1.453057e+01  8.421066e-02 
   86405030   1.390147e+00   1.170194e-01   1.390147e+00   1.170194e-01 224200609270121390      31937        145     0 2454005.558218  1.464235e+01  9.139512e-02  1.464235e+01  9.139512e-02 
   86405100   1.323356e+00   1.176263e-01   1.323356e+00   1.176263e-01 224200609270122490      31938        143     0 2454005.559028  1.469581e+01  9.650580e-02  1.469581e+01  9.650580e-02 
   86405159   1.382892e+00   1.180040e-01   1.382892e+00   1.180040e-01 224200609270123480      31938        143     0 2454005.559711  1.464803e+01  9.264764e-02  1.464803e+01  9.264764e-02 
   93120130   6.466906e-01   2.486081e-01   6.466906e-01   2.486081e-01 223200612131844400        124       2437     0 2454083.279282  1.547326e+01  4.173924e-01  1.547326e+01  4.173924e-01 
   93120189   9.238104e-01   2.308466e-01   9.238104e-01   2.308466e-01 223200612131845380        125       2435     0 2454083.279965  1.508604e+01  2.713104e-01  1.508604e+01  2.713104e-01 
   93120265   6.721664e-01   2.106069e-01   6.721664e-01   2.106069e-01 223200612131846550        121       2453     0 2454083.280845  1.543131e+01  3.401901e-01  1.543131e+01  3.401901e-01 
   93120329   7.089596e-01   1.944477e-01   7.089596e-01   1.944477e-01 223200612131847580        125       2429     0 2454083.281586  1.537345e+01  2.977879e-01  1.537345e+01  2.977879e-01 
   93292965   7.715811e-01   3.041097e-01   7.715811e-01   3.041097e-01 223200612151845190         99       2409     0 2454085.279688  1.528155e+01  4.279317e-01  1.528155e+01  4.279317e-01 
   93293073   8.698589e-01   2.645496e-01   8.698589e-01   2.645496e-01 223200612151847070         97       2404     0 2454085.280937  1.515138e+01  3.302054e-01  1.515138e+01  3.302054e-01 
   93293127   8.053249e-01   2.465288e-01   8.053249e-01   2.465288e-01 223200612151848010         97       2402     0 2454085.281563  1.523507e+01  3.323704e-01  1.523507e+01  3.323704e-01 
   93467307   6.021146e-01   1.102040e-01   6.021146e-01   1.102040e-01 223200612171911070        448       2236     0 2454087.297535  1.555080e+01  1.987211e-01  1.555080e+01  1.987211e-01 
   93467363   6.306783e-01   1.095381e-01   6.306783e-01   1.095381e-01 223200612171912030        446       2233     0 2454087.298183  1.550048e+01  1.885745e-01  1.550048e+01  1.885745e-01 
   93467423   6.361325e-01   1.083741e-01   6.361325e-01   1.083741e-01 223200612171913020        445       2230     0 2454087.298877  1.549113e+01  1.849711e-01  1.549113e+01  1.849711e-01 
   93467493   5.725300e-01   1.074285e-01   5.725300e-01   1.074285e-01 223200612171914130        438       2248     0 2454087.299688  1.560550e+01  2.037262e-01  1.560550e+01  2.037262e-01 
  124570447   1.024252e+00   1.463242e-01   1.024252e+00   1.463242e-01 222200712121856320       2392      20363     0 2454447.287581  1.497398e+01  1.551084e-01  1.497398e+01  1.551084e-01 
  124571579   1.103739e+00   1.045323e-01   1.103739e+00   1.045323e-01 222200712121915250       2411      20310     0 2454447.300683  1.489283e+01  1.028277e-01  1.489283e+01  1.028277e-01 
  124571643   9.208525e-01   8.711877e-02   9.208525e-01   8.711877e-02 221200712121916280      20790       5420     0 2454447.301424  1.508953e+01  1.027182e-01  1.508953e+01  1.027182e-01 
  124572787   9.836929e-01   1.018889e-01   9.836929e-01   1.018889e-01 222200712121935320       2391      20323     0 2454447.314664  1.501785e+01  1.124588e-01  1.501785e+01  1.124588e-01 
  124572978   9.360133e-01   8.466604e-02   9.360133e-01   8.466604e-02 221200712121938430      20829       5492     0 2454447.316875  1.507179e+01  9.820941e-02  1.507179e+01  9.820941e-02 
