\OBJNAME = '1SWASP J002135.14-721239.5'
\OBSSTART = '2006-05-11T04:14:48'
\OBSSTOP = '2007-12-12T19:39:43'
\TSTART = 74405740
\TSTOP = 124573052
\JD_REF = 2453005.5
\RA_OBJ = '5.39645 '
\DEC_OBJ = '-72.210989'
\WASP_MAG = 12.97161
\HJD_START = 2453866.677546
\HJD_STOP = 2454447.317731
\fixlen = T
\NUMRECORDS = 423
\
\ This file was produced by the NASA Exoplanet Archive  http://exoplanetarchive.ipac.caltech.edu 
\ Wed Sep 18, 14:33:37 2013
\ Documentation for the SuperWASP dataset can be found at http://exoplanetarchive.ipac.caltech.edu/docs/SuperWASPMission.html
\
|TMID      |FLUX2         |FLUX2_ERR     |TAMFLUX2      |TAMFLUX2_ERR  |IMAGEID           |CCDX      |CCDY      |FLAG |           HJD|         MAG2|     MAG2_ERR|      TAMMAG2|  TAMMAG2_ERR|
|int       |float         |float         |float         |float         |char              |int       |int       |int  |        double|        float|        float|        float|        float|
|sec       |micro Vega    |micro Vega    |micro Vega    |micro Vega    |                  |1/16 pixel|1/16 pixel|     |           day|          mag|          mag|          mag|          mag|
|null      |null          |null          |null          |null          |null              |null      |null      |null |          null|         null|         null|         null|         null|
   74405740   7.345817e+00   2.554880e-01   7.345817e+00   2.554880e-01 223200605110414480      10993       1016     0 2453866.677546  1.283490e+01  3.776212e-02  1.283490e+01  3.776212e-02 
   74405793   6.901464e+00   2.764542e-01   6.901464e+00   2.764542e-01 223200605110415410      10997       1013     0 2453866.678160  1.290265e+01  4.349184e-02  1.290265e+01  4.349184e-02 
   74405877   7.236044e+00   3.085316e-01   7.236044e+00   3.085316e-01 223200605110417040      11002       1012     0 2453866.679132  1.285125e+01  4.629396e-02  1.285125e+01  4.629396e-02 
   74405942   7.292644e+00   3.450217e-01   7.292644e+00   3.450217e-01 223200605110418100      11010        986     0 2453866.679884  1.284279e+01  5.136736e-02  1.284279e+01  5.136736e-02 
   74491853   7.270267e+00   2.751989e-01   7.270267e+00   2.751989e-01 223200605120409570      11012        944     0 2453867.674225  1.284612e+01  4.109814e-02  1.284612e+01  4.109814e-02 
   74491991   7.301920e+00   2.892132e-01   7.301920e+00   2.892132e-01 223200605120412150      11021        940     0 2453867.675822  1.284141e+01  4.300380e-02  1.284141e+01  4.300380e-02 
   74492044   7.719061e+00   2.979245e-01   7.719061e+00   2.979245e-01 223200605120413070      11024        939     0 2453867.676435  1.278109e+01  4.190516e-02  1.278109e+01  4.190516e-02 
   74750376   7.128526e+00   3.822933e-01   7.128526e+00   3.822933e-01 223200605150358270      11008        948     0 2453870.666389  1.286750e+01  5.822679e-02  1.286750e+01  5.822679e-02 
   74750436   7.346990e+00   3.797063e-01   7.346990e+00   3.797063e-01 223200605150359270      11013        943     0 2453870.667083  1.283473e+01  5.611309e-02  1.283473e+01  5.611309e-02 
   74750490   6.813550e+00   3.805205e-01   6.813550e+00   3.805205e-01 223200605150400210      11017        943     0 2453870.667708  1.291657e+01  6.063599e-02  1.291657e+01  6.063599e-02 
   74750549   6.729234e+00   3.768496e-01   6.729234e+00   3.768496e-01 223200605150401200      11020        942     0 2453870.668391  1.293009e+01  6.080345e-02  1.293009e+01  6.080345e-02 
   75613636   5.506888e+00   1.587623e-01   5.506888e+00   1.587623e-01 223200605250345300      11087        960     0 2453880.657824  1.314773e+01  3.130162e-02  1.314773e+01  3.130162e-02 
   75613699   5.509445e+00   1.598767e-01   5.509445e+00   1.598767e-01 223200605250346340      11096        932     0 2453880.658553  1.314723e+01  3.150673e-02  1.314723e+01  3.150673e-02 
   75613757   5.400982e+00   1.578077e-01   5.400982e+00   1.578077e-01 223200605250347310      11099        930     0 2453880.659225  1.316882e+01  3.172352e-02  1.316882e+01  3.172352e-02 
   75613825   5.419749e+00   1.590779e-01   5.419749e+00   1.590779e-01 223200605250348400      11098        953     0 2453880.660012  1.316505e+01  3.186812e-02  1.316505e+01  3.186812e-02 
   75700091   5.545077e+00   1.578609e-01   5.545077e+00   1.578609e-01 223200605260346210      11107        950     0 2453881.658461  1.314023e+01  3.090956e-02  1.314023e+01  3.090956e-02 
   75700154   5.548278e+00   1.563232e-01   5.548278e+00   1.563232e-01 223200605260347250      11114        919     0 2453881.659190  1.313960e+01  3.059081e-02  1.313960e+01  3.059081e-02 
   75700221   5.546307e+00   1.551219e-01   5.546307e+00   1.551219e-01 223200605260348310      11113        944     0 2453881.659965  1.313999e+01  3.036652e-02  1.313999e+01  3.036652e-02 
   75700290   5.626327e+00   1.535671e-01   5.626327e+00   1.535671e-01 223200605260349400      11119        914     0 2453881.660764  1.312444e+01  2.963459e-02  1.312444e+01  2.963459e-02 
   76132311   5.826442e+00   1.340081e-01   5.826442e+00   1.340081e-01 223200605310349440      11171        923     0 2453886.661007  1.308649e+01  2.497201e-02  1.308649e+01  2.497201e-02 
   76132378   5.560769e+00   1.330461e-01   5.560769e+00   1.330461e-01 223200605310350510      11178        892     0 2453886.661782  1.313716e+01  2.597725e-02  1.313716e+01  2.597725e-02 
   76132427   5.667698e+00   1.344341e-01   5.667698e+00   1.344341e-01 223200605310351390      11180        891     0 2453886.662350  1.311648e+01  2.575305e-02  1.311648e+01  2.575305e-02 
   76132489   5.746974e+00   1.349305e-01   5.746974e+00   1.349305e-01 223200605310352410      11182        890     0 2453886.663067  1.310140e+01  2.549158e-02  1.310140e+01  2.549158e-02 
   76218781   5.747614e+00   1.367856e-01   5.747614e+00   1.367856e-01 223200606010350510      11189        885     0 2453887.661817  1.310128e+01  2.583918e-02  1.310128e+01  2.583918e-02 
   76218849   5.851719e+00   1.368903e-01   5.851719e+00   1.368903e-01 223200606010351580      11190        907     0 2453887.662604  1.308179e+01  2.539891e-02  1.308179e+01  2.539891e-02 
   76218919   5.819295e+00   1.359130e-01   5.819295e+00   1.359130e-01 223200606010353090      11193        905     0 2453887.663414  1.308782e+01  2.535809e-02  1.308782e+01  2.535809e-02 
   76219005   5.886001e+00   1.358050e-01   5.886001e+00   1.358050e-01 223200606010354350      11200        877     0 2453887.664410  1.307545e+01  2.505077e-02  1.307545e+01  2.505077e-02 
   76478187   5.453804e+00   1.449643e-01   5.453804e+00   1.449643e-01 223200606040354060      11201        877     0 2453890.664201  1.315825e+01  2.885941e-02  1.315825e+01  2.885941e-02 
   76478260   5.349033e+00   1.458621e-01   5.349033e+00   1.458621e-01 223200606040355190      11201        899     0 2453890.665046  1.317931e+01  2.960691e-02  1.317931e+01  2.960691e-02 
   76478336   5.345165e+00   1.484731e-01   5.345165e+00   1.484731e-01 223200606040356360      11209        869     0 2453890.665926  1.318010e+01  3.015869e-02  1.318010e+01  3.015869e-02 
   76478389   5.432387e+00   1.478745e-01   5.432387e+00   1.478745e-01 223200606040357280      11210        867     0 2453890.666539  1.316252e+01  2.955482e-02  1.316252e+01  2.955482e-02 
   76564530   6.459695e+00   3.510187e-01   6.459695e+00   3.510187e-01 223200606050353060      11227        861     0 2453891.663542  1.297447e+01  5.899892e-02  1.297447e+01  5.899892e-02 
   76564589   6.433798e+00   3.384846e-01   6.433798e+00   3.384846e-01 223200606050354050      11232        860     0 2453891.664225  1.297883e+01  5.712119e-02  1.297883e+01  5.712119e-02 
   76564649   7.245396e+00   3.484231e-01   7.245396e+00   3.484231e-01 223200606050355050      11234        857     0 2453891.664919  1.284984e+01  5.221204e-02  1.284984e+01  5.221204e-02 
   76564707   5.816650e+00   3.153696e-01   5.816650e+00   3.153696e-01 223200606050356020      11236        857     0 2453891.665590  1.308832e+01  5.886712e-02  1.308832e+01  5.886712e-02 
   76650901   5.455236e+00   1.368377e-01   5.455236e+00   1.368377e-01 223200606060352330      11216        857     0 2453892.663206  1.315797e+01  2.723442e-02  1.315797e+01  2.723442e-02 
   76651035   5.244852e+00   1.408315e-01   5.244852e+00   1.408315e-01 223200606060354480      11223        856     0 2453892.664757  1.320067e+01  2.915362e-02  1.320067e+01  2.915362e-02 
   76651091   5.254415e+00   1.401492e-01   5.254415e+00   1.401492e-01 223200606060355430      11226        854     0 2453892.665405  1.319869e+01  2.895957e-02  1.319869e+01  2.895957e-02 
   76651167   5.465209e+00   1.394573e-01   5.465209e+00   1.394573e-01 223200606060357000      11224        877     0 2453892.666285  1.315598e+01  2.770514e-02  1.315598e+01  2.770514e-02 
   76737395   5.313169e+00   1.418236e-01   5.313169e+00   1.418236e-01 223200606070354040      11227        861     0 2453893.664294  1.318662e+01  2.898149e-02  1.318662e+01  2.898149e-02 
   76737448   5.374568e+00   1.411777e-01   5.374568e+00   1.411777e-01 223200606070354570      11229        858     0 2453893.664907  1.317414e+01  2.851992e-02  1.317414e+01  2.851992e-02 
   76737503   5.324987e+00   1.405849e-01   5.324987e+00   1.405849e-01 223200606070355530      11231        856     0 2453893.665544  1.318420e+01  2.866460e-02  1.318420e+01  2.866460e-02 
   76737559   5.563102e+00   1.424202e-01   5.563102e+00   1.424202e-01 223200606070356480      11233        855     0 2453893.666192  1.313671e+01  2.779588e-02  1.313671e+01  2.779588e-02 
   76823785   5.637334e+00   1.389034e-01   5.637334e+00   1.389034e-01 223200606080353510      11253        860     0 2453894.664178  1.312232e+01  2.675253e-02  1.312232e+01  2.675253e-02 
   76823844   5.613511e+00   1.392658e-01   5.613511e+00   1.392658e-01 223200606080354510      11257        857     0 2453894.664861  1.312691e+01  2.693617e-02  1.312691e+01  2.693617e-02 
   76823903   5.527989e+00   1.400737e-01   5.527989e+00   1.400737e-01 223200606080355500      11259        855     0 2453894.665544  1.314358e+01  2.751157e-02  1.314358e+01  2.751157e-02 
   76823989   5.469689e+00   1.387065e-01   5.469689e+00   1.387065e-01 223200606080357160      11258        878     0 2453894.666539  1.315509e+01  2.753342e-02  1.315509e+01  2.753342e-02 
   76910211   5.509489e+00   1.339706e-01   5.509489e+00   1.339706e-01 223200606090354140      11250        847     0 2453895.664479  1.314722e+01  2.640123e-02  1.314722e+01  2.640123e-02 
   76910265   5.910058e+00   1.366904e-01   5.910058e+00   1.366904e-01 223200606090355080      11252        845     0 2453895.665104  1.307102e+01  2.511147e-02  1.307102e+01  2.511147e-02 
   76910349   5.743573e+00   1.378114e-01   5.743573e+00   1.378114e-01 223200606090356320      11251        867     0 2453895.666076  1.310205e+01  2.605126e-02  1.310205e+01  2.605126e-02 
   76910421   5.611173e+00   1.359234e-01   5.611173e+00   1.359234e-01 223200606090357440      11257        840     0 2453895.666910  1.312737e+01  2.630064e-02  1.312737e+01  2.630064e-02 
   76996567   6.511362e+00   2.529895e-01   6.511362e+00   2.529895e-01 223200606100353270      11255        847     0 2453896.663970  1.296582e+01  4.218484e-02  1.296582e+01  4.218484e-02 
   76996632   6.372363e+00   2.461061e-01   6.372363e+00   2.461061e-01 223200606100354320      11259        844     0 2453896.664722  1.298925e+01  4.193220e-02  1.298925e+01  4.193220e-02 
   76996693   6.817043e+00   2.463290e-01   6.817043e+00   2.463290e-01 223200606100355320      11261        842     0 2453896.665428  1.291601e+01  3.923245e-02  1.291601e+01  3.923245e-02 
   76996748   6.424680e+00   2.429375e-01   6.424680e+00   2.429375e-01 223200606100356270      11262        841     0 2453896.666065  1.298037e+01  4.105528e-02  1.298037e+01  4.105528e-02 
   77082987   6.507880e+00   4.127209e-01   6.507880e+00   4.127209e-01 223200606110353440      11268        836     0 2453897.664201  1.296640e+01  6.885616e-02  1.296640e+01  6.885616e-02 
   77083064   7.274176e+00   4.094735e-01   7.274176e+00   4.094735e-01 223200606110355000      11268        859     0 2453897.665093  1.284554e+01  6.111781e-02  1.284554e+01  6.111781e-02 
   77083145   6.837957e+00   4.082671e-01   6.837957e+00   4.082671e-01 223200606110356210      11274        830     0 2453897.666030  1.291268e+01  6.482521e-02  1.291268e+01  6.482521e-02 
   77083199   7.064671e+00   4.076531e-01   7.064671e+00   4.076531e-01 223200606110357160      11275        828     0 2453897.666655  1.287727e+01  6.265052e-02  1.287727e+01  6.265052e-02 
   77169253   6.970952e+00   5.147066e-01   6.970952e+00   5.147066e-01 223200606120351270      11267        856     0 2453898.662650  1.289177e+01  8.016659e-02  1.289177e+01  8.016659e-02 
   77169315   7.284904e+00   5.058137e-01   7.284904e+00   5.058137e-01 223200606120352290      11274        828     0 2453898.663368  1.284394e+01  7.538632e-02  1.284394e+01  7.538632e-02 
   77169373   6.233725e+00   5.084547e-01   6.233725e+00   5.084547e-01 223200606120353260      11276        826     0 2453898.664039  1.301313e+01  8.855854e-02  1.301313e+01  8.855854e-02 
   77169433   6.862775e+00   5.069119e-01   6.862775e+00   5.069119e-01 223200606120354260      11278        823     0 2453898.664734  1.290875e+01  8.019707e-02  1.290875e+01  8.019707e-02 
   77514678   6.772749e+00   2.330272e+00   6.772749e+00   2.330272e+00 223200606160348210      11277        795     0 2453902.660625  1.292309e+01  3.735662e-01  1.292309e+01  3.735662e-01 
   77514743   6.619977e+00   2.966311e+00   6.619977e+00   2.966311e+00 223200606160349260      11279        793     0 2453902.661377  1.294786e+01  4.865037e-01  1.294786e+01  4.865037e-01 
   77601363   6.100874e+00   2.193998e-01   6.100874e+00   2.193998e-01 223200606170353030      11292        779     0 2453903.663924  1.303652e+01  3.904541e-02  1.303652e+01  3.904541e-02 
   77601433   5.744028e+00   2.186824e-01   5.744028e+00   2.186824e-01 223200606170354120      11290        802     0 2453903.664734  1.310196e+01  4.133550e-02  1.310196e+01  4.133550e-02 
   77601503   6.057592e+00   2.174454e-01   6.057592e+00   2.174454e-01 223200606170355220      11291        800     0 2453903.665544  1.304425e+01  3.897410e-02  1.304425e+01  3.897410e-02 
   77601560   6.218692e+00   2.186523e-01   6.218692e+00   2.186523e-01 223200606170356190      11296        773     0 2453903.666204  1.301575e+01  3.817516e-02  1.301575e+01  3.817516e-02 
   77687707   6.293262e+00   1.910286e-01   6.293262e+00   1.910286e-01 223200606180352030      11312        773     0 2453904.663275  1.300281e+01  3.295705e-02  1.300281e+01  3.295705e-02 
   77687750   6.091478e+00   1.893227e-01   6.091478e+00   1.893227e-01 223200606180352470      11313        771     0 2453904.663773  1.303819e+01  3.374473e-02  1.303819e+01  3.374473e-02 
   77687818   5.996870e+00   1.876773e-01   5.996870e+00   1.876773e-01 223200606180353550      11315        770     0 2453904.664560  1.305519e+01  3.397919e-02  1.305519e+01  3.397919e-02 
   77687869   6.276906e+00   1.887406e-01   6.276906e+00   1.887406e-01 223200606180354460      11316        769     0 2453904.665150  1.300564e+01  3.264716e-02  1.300564e+01  3.264716e-02 
   77774344   6.046700e+00   1.635139e-01   6.046700e+00   1.635139e-01 223200606190355570      11357        754     0 2453905.666019  1.304620e+01  2.936041e-02  1.304620e+01  2.936041e-02 
   77774400   6.150117e+00   1.637992e-01   6.150117e+00   1.637992e-01 223200606190356530      11357        754     0 2453905.666667  1.302779e+01  2.891706e-02  1.302779e+01  2.891706e-02 
   77774462   5.966584e+00   1.629064e-01   5.966584e+00   1.629064e-01 223200606190357560      11357        753     0 2453905.667384  1.306069e+01  2.964409e-02  1.306069e+01  2.964409e-02 
   77774527   5.975074e+00   1.627771e-01   5.975074e+00   1.627771e-01 223200606190359000      11352        779     0 2453905.668137  1.305914e+01  2.957849e-02  1.305914e+01  2.957849e-02 
   77860757   5.957717e+00   1.454795e-01   5.957717e+00   1.454795e-01 223200606200356080      11341        749     0 2453906.666169  1.306230e+01  2.651231e-02  1.306230e+01  2.651231e-02 
   77860816   5.756400e+00   1.458210e-01   5.756400e+00   1.458210e-01 223200606200357080      11342        748     0 2453906.666852  1.309962e+01  2.750395e-02  1.309962e+01  2.750395e-02 
   77860880   5.870271e+00   1.453175e-01   5.870271e+00   1.453175e-01 223200606200358110      11341        748     0 2453906.667593  1.307835e+01  2.687729e-02  1.307835e+01  2.687729e-02 
   77860945   5.752775e+00   1.456550e-01   5.752775e+00   1.456550e-01 223200606200359170      11337        775     0 2453906.668345  1.310031e+01  2.748994e-02  1.310031e+01  2.748994e-02 
   77947068   5.723418e+00   1.513216e-01   5.723418e+00   1.513216e-01 223200606210354360      11336        748     0 2453907.665139  1.310586e+01  2.870592e-02  1.310586e+01  2.870592e-02 
   77947122   5.429342e+00   1.497941e-01   5.429342e+00   1.497941e-01 223200606210355300      11336        749     0 2453907.665764  1.316313e+01  2.995528e-02  1.316313e+01  2.995528e-02 
   77947200   5.796132e+00   1.527194e-01   5.796132e+00   1.527194e-01 223200606210356480      11333        774     0 2453907.666667  1.309215e+01  2.860762e-02  1.309215e+01  2.860762e-02 
   77947267   5.598376e+00   1.510498e-01   5.598376e+00   1.510498e-01 223200606210357550      11337        749     0 2453907.667442  1.312984e+01  2.929436e-02  1.312984e+01  2.929436e-02 
   78119978   4.795527e+00   1.391029e-01   4.795527e+00   1.391029e-01 223200606230356210      11327        728     0 2453909.666412  1.329791e+01  3.149385e-02  1.329791e+01  3.149385e-02 
   78120032   5.035955e+00   1.400055e-01   5.035955e+00   1.400055e-01 223200606230357150      11327        729     0 2453909.667037  1.324480e+01  3.018485e-02  1.324480e+01  3.018485e-02 
   78120180   5.162798e+00   1.397288e-01   5.162798e+00   1.397288e-01 223200606230359440      11326        739     0 2453909.668750  1.321779e+01  2.938507e-02  1.321779e+01  2.938507e-02 
   78120242   5.241167e+00   1.392288e-01   5.241167e+00   1.392288e-01 223200606230400460      11327        716     0 2453909.669468  1.320143e+01  2.884210e-02  1.320143e+01  2.884210e-02 
   78206438   5.639709e+00   1.437527e-01   5.639709e+00   1.437527e-01 223200606240357190      11346        714     0 2453910.667106  1.312186e+01  2.767485e-02  1.312186e+01  2.767485e-02 
   78206497   5.437934e+00   1.404233e-01   5.437934e+00   1.404233e-01 223200606240358180      11344        718     0 2453910.667789  1.316142e+01  2.803697e-02  1.316142e+01  2.803697e-02 
   78206572   5.406942e+00   1.403199e-01   5.406942e+00   1.403199e-01 223200606240359320      11335        748     0 2453910.668657  1.316762e+01  2.817691e-02  1.316762e+01  2.817691e-02 
   78206631   5.616861e+00   1.420873e-01   5.616861e+00   1.420873e-01 223200606240400310      11331        731     0 2453910.669340  1.312627e+01  2.746550e-02  1.312627e+01  2.746550e-02 
   78292877   5.406346e+00   1.331774e-01   5.406346e+00   1.331774e-01 223200606250357560      11349        697     0 2453911.667558  1.316774e+01  2.674560e-02  1.316774e+01  2.674560e-02 
   78292931   5.213427e+00   1.306625e-01   5.213427e+00   1.306625e-01 223200606250358490      11343        704     0 2453911.668183  1.320719e+01  2.721156e-02  1.320719e+01  2.721156e-02 
   78292982   5.700563e+00   1.327651e-01   5.700563e+00   1.327651e-01 223200606250359400      11332        718     0 2453911.668773  1.311021e+01  2.528668e-02  1.311021e+01  2.528668e-02 
   78293044   5.640733e+00   1.332760e-01   5.640733e+00   1.332760e-01 223200606250400430      11333        717     0 2453911.669491  1.312166e+01  2.565324e-02  1.312166e+01  2.565324e-02 
   78724945   5.184692e+00   1.342613e-01   5.184692e+00   1.342613e-01 223200606300358520      11356        702     0 2453916.668345  1.321319e+01  2.811602e-02  1.321319e+01  2.811602e-02 
   78725022   5.479065e+00   1.338925e-01   5.479065e+00   1.338925e-01 223200606300400090      11362        673     0 2453916.669236  1.315323e+01  2.653234e-02  1.315323e+01  2.653234e-02 
   78725069   5.323598e+00   1.339250e-01   5.323598e+00   1.339250e-01 223200606300400570      11363        671     0 2453916.669780  1.318449e+01  2.731381e-02  1.318449e+01  2.731381e-02 
   78725133   5.372504e+00   1.344323e-01   5.372504e+00   1.344323e-01 223200606300402000      11364        669     0 2453916.670521  1.317456e+01  2.716769e-02  1.317456e+01  2.716769e-02 
   78811381   5.214725e+00   1.407851e-01   5.214725e+00   1.407851e-01 223200607010359260      11356        666     0 2453917.668762  1.320692e+01  2.931238e-02  1.320692e+01  2.931238e-02 
   78811460   5.181027e+00   1.401243e-01   5.181027e+00   1.401243e-01 223200607010400450      11354        689     0 2453917.669676  1.321396e+01  2.936455e-02  1.321396e+01  2.936455e-02 
   78811525   5.120383e+00   1.401981e-01   5.120383e+00   1.401981e-01 223200607010401510      11358        661     0 2453917.670428  1.322674e+01  2.972800e-02  1.322674e+01  2.972800e-02 
   78811576   5.292315e+00   1.393595e-01   5.292315e+00   1.393595e-01 223200607010402420      11359        658     0 2453917.671019  1.319089e+01  2.859017e-02  1.319089e+01  2.859017e-02 
   78897851   1.084654e+01   7.009183e-01   1.084654e+01   7.009183e-01 223200607020400340      11368        654     0 2453918.669572  1.241177e+01  7.016203e-02  1.241177e+01  7.016203e-02 
   78897905   5.163058e+00   3.950235e-01   5.163058e+00   3.950235e-01 223200607020401280      11368        652     0 2453918.670197  1.321773e+01  8.306952e-02  1.321773e+01  8.306952e-02 
   78984194   5.053253e+00   1.331868e-01   5.053253e+00   1.331868e-01 223200607030359350      11374        642     0 2453919.668912  1.324107e+01  2.861646e-02  1.324107e+01  2.861646e-02 
   78984248   4.915784e+00   1.307442e-01   4.915784e+00   1.307442e-01 223200607030400290      11376        639     0 2453919.669537  1.327102e+01  2.887724e-02  1.327102e+01  2.887724e-02 
   78984306   5.105934e+00   1.311232e-01   5.105934e+00   1.311232e-01 223200607030401270      11377        637     0 2453919.670208  1.322981e+01  2.788240e-02  1.322981e+01  2.788240e-02 
   78984361   2.908394e-01   1.498027e-01   2.908394e-01   1.498027e-01 223200607030402220      11377        636     0 2453919.670845  1.634087e+01  5.592324e-01  1.634087e+01  5.592324e-01 
   79070518   5.418987e+00   1.324045e-01   5.418987e+00   1.324045e-01 223200607040358180      11371        621     0 2453920.668032  1.316521e+01  2.652837e-02  1.316521e+01  2.652837e-02 
   79070564   5.276967e+00   1.322236e-01   5.276967e+00   1.322236e-01 223200607040359040      11372        619     0 2453920.668565  1.319404e+01  2.720511e-02  1.319404e+01  2.720511e-02 
   79070630   5.317322e+00   1.330833e-01   5.317322e+00   1.330833e-01 223200607040400090      11373        617     0 2453920.669329  1.318577e+01  2.717417e-02  1.318577e+01  2.717417e-02 
   79070682   5.124547e+00   1.324615e-01   5.124547e+00   1.324615e-01 223200607040401020      11373        615     0 2453920.669931  1.322586e+01  2.806468e-02  1.322586e+01  2.806468e-02 
   79415947   4.947652e+00   1.340644e-01   4.947652e+00   1.340644e-01 223200607080355190      11369        606     0 2453924.666053  1.326400e+01  2.941983e-02  1.326400e+01  2.941983e-02 
   79416104   4.975286e+00   1.334798e-01   4.975286e+00   1.334798e-01 223200607080357570      11372        629     0 2453924.667870  1.325795e+01  2.912885e-02  1.325795e+01  2.912885e-02 
   79416171   5.171840e+00   1.338092e-01   5.171840e+00   1.338092e-01 223200607080359030      11376        601     0 2453924.668646  1.321589e+01  2.809098e-02  1.321589e+01  2.809098e-02 
   79416230   5.214429e+00   1.340372e-01   5.214429e+00   1.340372e-01 223200607080400010      11377        598     0 2453924.669329  1.320698e+01  2.790900e-02  1.320698e+01  2.790900e-02 
   79502435   6.114068e+00   1.881804e-01   6.114068e+00   1.881804e-01 223200607090356460      11381        599     0 2453925.667072  1.303417e+01  3.341720e-02  1.303417e+01  3.341720e-02 
   79502487   5.534322e+00   1.858651e-01   5.534322e+00   1.858651e-01 223200607090357380      11382        597     0 2453925.667674  1.314234e+01  3.646358e-02  1.314234e+01  3.646358e-02 
   79502556   6.039631e+00   1.830149e-01   6.039631e+00   1.830149e-01 223200607090358470      11382        594     0 2453925.668472  1.304747e+01  3.290046e-02  1.304747e+01  3.290046e-02 
   79502710   5.992515e+00   1.780747e-01   5.992515e+00   1.780747e-01 223200607090401200      11380        577     0 2453925.670255  1.305598e+01  3.226406e-02  1.305598e+01  3.226406e-02 
   80278189   6.069136e+00   2.067122e-01   6.069136e+00   2.067122e-01 223200607180325470      11412        557     0 2453934.645706  1.304218e+01  3.697984e-02  1.304218e+01  3.697984e-02 
   80278251   6.234068e+00   2.047786e-01   6.234068e+00   2.047786e-01 223200607180326500      11416        528     0 2453934.646424  1.301307e+01  3.566471e-02  1.301307e+01  3.566471e-02 
   80278326   6.873798e+00   2.299363e-01   6.873798e+00   2.299363e-01 223200607180328050      11412        552     0 2453934.647292  1.290701e+01  3.631922e-02  1.290701e+01  3.631922e-02 
   80278404   6.052639e+00   2.930149e-01   6.052639e+00   2.930149e-01 223200607180329220      11416        524     0 2453934.648194  1.304514e+01  5.256188e-02  1.304514e+01  5.256188e-02 
   80364281   5.558208e+00   1.558120e-01   5.558208e+00   1.558120e-01 223200607190320380      11408        538     0 2453935.642141  1.313766e+01  3.043630e-02  1.313766e+01  3.043630e-02 
   80364337   5.511056e+00   1.560604e-01   5.511056e+00   1.560604e-01 223200607190321350      11408        537     0 2453935.642789  1.314691e+01  3.074565e-02  1.314691e+01  3.074565e-02 
   80364397   5.405025e+00   1.556742e-01   5.405025e+00   1.556742e-01 223200607190322340      11408        536     0 2453935.643484  1.316801e+01  3.127122e-02  1.316801e+01  3.127122e-02 
   80364458   5.490463e+00   1.560008e-01   5.490463e+00   1.560008e-01 223200607190323360      11409        534     0 2453935.644190  1.315098e+01  3.084918e-02  1.315098e+01  3.084918e-02 
   80450497   5.351499e+00   1.423214e-01   5.351499e+00   1.423214e-01 223200607200317340      11412        530     0 2453936.640012  1.317881e+01  2.887491e-02  1.317881e+01  2.887491e-02 
   80450558   5.375617e+00   1.419770e-01   5.375617e+00   1.419770e-01 223200607200318350      11412        529     0 2453936.640718  1.317393e+01  2.867580e-02  1.317393e+01  2.867580e-02 
   80450622   5.460097e+00   1.422577e-01   5.460097e+00   1.422577e-01 223200607200319380      11412        527     0 2453936.641458  1.315700e+01  2.828794e-02  1.315700e+01  2.828794e-02 
   80450679   5.676692e+00   1.428661e-01   5.676692e+00   1.428661e-01 223200607200320360      11412        525     0 2453936.642118  1.311476e+01  2.732497e-02  1.311476e+01  2.732497e-02 
   80967429   4.870372e+00   1.317966e-01   4.870372e+00   1.317966e-01 223200607260253020      11371        566     0 2453942.623021  1.328109e+01  2.938109e-02  1.328109e+01  2.938109e-02 
   80967488   5.223360e+00   1.310516e-01   5.223360e+00   1.310516e-01 223200607260254000      11372        564     0 2453942.623704  1.320512e+01  2.724070e-02  1.320512e+01  2.724070e-02 
   80967548   5.237891e+00   1.298021e-01   5.237891e+00   1.298021e-01 223200607260255010      11373        562     0 2453942.624398  1.320211e+01  2.690612e-02  1.320211e+01  2.690612e-02 
   80967604   5.257624e+00   1.295012e-01   5.257624e+00   1.295012e-01 223200607260255560      11374        560     0 2453942.625046  1.319803e+01  2.674300e-02  1.319803e+01  2.674300e-02 
   81053650   5.174197e+00   1.429649e-01   5.174197e+00   1.429649e-01 223200607270250020      11368        562     0 2453943.620949  1.321539e+01  2.999937e-02  1.321539e+01  2.999937e-02 
   81053712   5.189585e+00   1.463202e-01   5.189585e+00   1.463202e-01 223200607270251040      11368        559     0 2453943.621667  1.321217e+01  3.061242e-02  1.321217e+01  3.061242e-02 
   81053768   5.007704e+00   1.424320e-01   5.007704e+00   1.424320e-01 223200607270251590      11369        558     0 2453943.622315  1.325090e+01  3.088124e-02  1.325090e+01  3.088124e-02 
   81053830   5.185312e+00   1.408437e-01   5.185312e+00   1.408437e-01 223200607270253010      11370        555     0 2453943.623032  1.321306e+01  2.949092e-02  1.321306e+01  2.949092e-02 
   81139827   6.547250e+00   8.857856e-01   6.547250e+00   8.857856e-01 223200607280246190      11385        554     0 2453944.618368  1.295985e+01  1.468911e-01  1.295985e+01  1.468911e-01 
   81139886   5.477473e+00   1.514632e+00   5.477473e+00   1.514632e+00 223200607280247170      11386        551     0 2453944.619051  1.315355e+01  3.002290e-01  1.315355e+01  3.002290e-01 
   81139940   6.585190e+00   9.590198e-01   6.585190e+00   9.590198e-01 223200607280248110      11387        550     0 2453944.619676  1.295358e+01  1.581194e-01  1.295358e+01  1.581194e-01 
   82346064   7.025642e+00   4.073262e-01   7.025642e+00   4.073262e-01 224200608110150170      20307       1729     0 2453958.579444  1.288328e+01  6.294803e-02  1.288328e+01  6.294803e-02 
   82346064   6.608107e+00   4.270898e-01   6.608107e+00   4.270898e-01 223200608110150170      11383        597     0 2453958.579444  1.294981e+01  7.017265e-02  1.294981e+01  7.017265e-02 
   82346120   7.102736e+00   4.071985e-01   7.102736e+00   4.071985e-01 224200608110151120      20302       1730     0 2453958.580093  1.287144e+01  6.224526e-02  1.287144e+01  6.224526e-02 
   82346120   5.825531e+00   4.224504e-01   5.825531e+00   4.224504e-01 223200608110151120      11386        595     0 2453958.580093  1.308666e+01  7.873468e-02  1.308666e+01  7.873468e-02 
   82346175   6.827610e+00   4.097350e-01   6.827610e+00   4.097350e-01 224200608110152070      20301       1732     0 2453958.580729  1.291433e+01  6.515688e-02  1.291433e+01  6.515688e-02 
   82346175   6.439209e+00   4.247159e-01   6.439209e+00   4.247159e-01 223200608110152070      11387        591     0 2453958.580729  1.297792e+01  7.161299e-02  1.297792e+01  7.161299e-02 
   82346234   6.981962e+00   4.106716e-01   6.981962e+00   4.106716e-01 224200608110153070      20300       1734     0 2453958.581412  1.289006e+01  6.386208e-02  1.289006e+01  6.386208e-02 
   82346234   6.528817e+00   4.211934e-01   6.528817e+00   4.211934e-01 223200608110153070      11387        589     0 2453958.581412  1.296291e+01  7.004432e-02  1.296291e+01  7.004432e-02 
   82518420   6.031004e+00   2.808807e-01   6.031004e+00   2.808807e-01 223200608130142530      11385        565     0 2453960.574306  1.304903e+01  5.056595e-02  1.304903e+01  5.056595e-02 
   82518479   9.536267e+00   4.240308e-01   9.536267e+00   4.240308e-01 224200608130143530      20262       1816     0 2453960.574988  1.255155e+01  4.827750e-02  1.255155e+01  4.827750e-02 
   82518479   5.563199e+00   2.787851e-01   5.563199e+00   2.787851e-01 223200608130143520      11387        562     0 2453960.574988  1.313669e+01  5.440902e-02  1.313669e+01  5.440902e-02 
   82518541   9.405574e+00   4.265074e-01   9.405574e+00   4.265074e-01 224200608130144550      20261       1816     0 2453960.575706  1.256654e+01  4.923423e-02  1.256654e+01  4.923423e-02 
   82518541   6.240446e+00   2.798311e-01   6.240446e+00   2.798311e-01 223200608130144550      11385        557     0 2453960.575706  1.301196e+01  4.868623e-02  1.301196e+01  4.868623e-02 
   82518619   9.762122e+00   4.261441e-01   9.762122e+00   4.261441e-01 224200608130146120      20263       1793     0 2453960.576609  1.252614e+01  4.739561e-02  1.252614e+01  4.739561e-02 
   82518619   5.843635e+00   2.798460e-01   5.843635e+00   2.798460e-01 223200608130146120      11382        579     0 2453960.576609  1.308329e+01  5.199504e-02  1.308329e+01  5.199504e-02 
   82604601   7.444860e+00   2.260860e-01   7.444860e+00   2.260860e-01 224200608140139160      20240       1825     0 2453961.571771  1.282036e+01  3.297182e-02  1.282036e+01  3.297182e-02 
   82604601   6.259866e+00   2.301799e-01   6.259866e+00   2.301799e-01 223200608140139160      11386        585     0 2453961.571771  1.300859e+01  3.992346e-02  1.300859e+01  3.992346e-02 
   82604657   6.953967e+00   2.272662e-01   6.953967e+00   2.272662e-01 224200608140140120      20236       1825     0 2453961.572419  1.289442e+01  3.548362e-02  1.289442e+01  3.548362e-02 
   82604657   5.713388e+00   2.324866e-01   5.713388e+00   2.324866e-01 223200608140140120      11393        582     0 2453961.572419  1.310777e+01  4.418044e-02  1.310777e+01  4.418044e-02 
   82604714   6.762232e+00   2.296906e-01   6.762232e+00   2.296906e-01 224200608140141080      20232       1822     0 2453961.573079  1.292478e+01  3.687898e-02  1.292478e+01  3.687898e-02 
   82604714   6.294357e+00   2.359666e-01   6.294357e+00   2.359666e-01 223200608140141080      11406        580     0 2453961.573079  1.300262e+01  4.070287e-02  1.300262e+01  4.070287e-02 
   82604768   6.839348e+00   2.298497e-01   6.839348e+00   2.298497e-01 224200608140142030      20232       1824     0 2453961.573704  1.291246e+01  3.648842e-02  1.291246e+01  3.648842e-02 
   82604768   6.174891e+00   2.375039e-01   6.174891e+00   2.375039e-01 223200608140142030      11405        577     0 2453961.573704  1.302343e+01  4.176066e-02  1.302343e+01  4.176066e-02 
   82863075   6.469373e+00   1.614618e-01   6.469373e+00   1.614618e-01 224200608170127120      20251       1798     0 2453964.563368  1.297284e+01  2.709776e-02  1.297284e+01  2.709776e-02 
   82863075   5.446428e+00   1.603935e-01   5.446428e+00   1.603935e-01 223200608170127120      11376        594     0 2453964.563368  1.315972e+01  3.197429e-02  1.315972e+01  3.197429e-02 
   82863143   6.626636e+00   1.603022e-01   6.626636e+00   1.603022e-01 224200608170128190      20242       1824     0 2453964.564155  1.294677e+01  2.626468e-02  1.294677e+01  2.626468e-02 
   82863143   5.555909e+00   1.619808e-01   5.555909e+00   1.619808e-01 223200608170128190      11383        561     0 2453964.564155  1.313811e+01  3.165442e-02  1.313811e+01  3.165442e-02 
   82863199   6.954213e+00   1.598235e-01   6.954213e+00   1.598235e-01 224200608170129150      20240       1824     0 2453964.564803  1.289438e+01  2.495276e-02  1.289438e+01  2.495276e-02 
   82863199   5.375437e+00   1.623299e-01   5.375437e+00   1.623299e-01 223200608170129150      11384        559     0 2453964.564803  1.317397e+01  3.278768e-02  1.317397e+01  3.278768e-02 
   82863259   7.027690e+00   1.612877e-01   7.027690e+00   1.612877e-01 224200608170130160      20239       1825     0 2453964.565498  1.288297e+01  2.491808e-02  1.288297e+01  2.491808e-02 
   82863259   5.276275e+00   1.615275e-01   5.276275e+00   1.615275e-01 223200608170130160      11385        557     0 2453964.565498  1.319418e+01  3.323875e-02  1.319418e+01  3.323875e-02 
   82949248   6.991390e+00   1.358750e-01   6.991390e+00   1.358750e-01 224200608180123250      20312       1772     0 2453965.560741  1.288859e+01  2.110094e-02  1.288859e+01  2.110094e-02 
   82949248   5.339489e+00   1.326641e-01   5.339489e+00   1.326641e-01 223200608180123250      11379        540     0 2453965.560741  1.318125e+01  2.697613e-02  1.318125e+01  2.697613e-02 
   82949310   6.804513e+00   1.351816e-01   6.804513e+00   1.351816e-01 224200608180124270      20307       1773     0 2453965.561458  1.291801e+01  2.156981e-02  1.291801e+01  2.156981e-02 
   82949310   5.335676e+00   1.335088e-01   5.335676e+00   1.335088e-01 223200608180124270      11382        539     0 2453965.561458  1.318203e+01  2.716729e-02  1.318203e+01  2.716729e-02 
   82949373   7.095132e+00   1.355387e-01   7.095132e+00   1.355387e-01 224200608180125310      20306       1777     0 2453965.562187  1.287260e+01  2.074096e-02  1.287260e+01  2.074096e-02 
   82949373   5.134602e+00   1.332540e-01   5.134602e+00   1.332540e-01 223200608180125310      11381        536     0 2453965.562187  1.322373e+01  2.817730e-02  1.322373e+01  2.817730e-02 
   82949464   7.080857e+00   1.383640e-01   7.080857e+00   1.383640e-01 224200608180127020      20309       1754     0 2453965.563241  1.287479e+01  2.121598e-02  1.287479e+01  2.121598e-02 
   82949464   5.306065e+00   1.333186e-01   5.306065e+00   1.333186e-01 223200608180127020      11379        556     0 2453965.563241  1.318807e+01  2.727998e-02  1.318807e+01  2.727998e-02 
   83724675   7.233079e+00   1.326544e-01   7.233079e+00   1.326544e-01 224200608270047250      20288       1807     0 2453974.535590  1.285169e+01  1.991243e-02  1.285169e+01  1.991243e-02 
   83724675   5.354673e+00   1.298444e-01   5.354673e+00   1.298444e-01 223200608270047250      11360        593     0 2453974.535590  1.317817e+01  2.632789e-02  1.317817e+01  2.632789e-02 
   83724739   7.144449e+00   1.345358e-01   7.144449e+00   1.345358e-01 224200608270048280      20282       1833     0 2453974.536331  1.286508e+01  2.044537e-02  1.286508e+01  2.044537e-02 
   83724739   5.386481e+00   1.299225e-01   5.386481e+00   1.299225e-01 223200608270048280      11363        558     0 2453974.536331  1.317174e+01  2.618817e-02  1.317174e+01  2.618817e-02 
   83724814   7.148526e+00   1.331311e-01   7.148526e+00   1.331311e-01 224200608270049440      20284       1810     0 2453974.537199  1.286446e+01  2.022036e-02  1.286446e+01  2.022036e-02 
   83724814   5.159264e+00   1.300746e-01   5.159264e+00   1.300746e-01 223200608270049440      11359        580     0 2453974.537199  1.321853e+01  2.737352e-02  1.321853e+01  2.737352e-02 
   83724876   6.888631e+00   1.346136e-01   6.888631e+00   1.346136e-01 224200608270050460      20280       1835     0 2453974.537917  1.290467e+01  2.121690e-02  1.290467e+01  2.121690e-02 
   83724876   5.564817e+00   1.318183e-01   5.564817e+00   1.318183e-01 223200608270050460      11363        550     0 2453974.537917  1.313637e+01  2.571880e-02  1.313637e+01  2.571880e-02 
   83810841   7.193470e+00   1.293108e-01   7.193470e+00   1.293108e-01 224200608280043330      20285       1812     0 2453975.532882  1.285765e+01  1.951742e-02  1.285765e+01  1.951742e-02 
   83810841   5.096202e+00   1.264741e-01   5.096202e+00   1.264741e-01 223200608280043330      11364        581     0 2453975.532882  1.323188e+01  2.694516e-02  1.323188e+01  2.694516e-02 
   83810893   7.305659e+00   1.291651e-01   7.305659e+00   1.291651e-01 224200608280044250      20282       1814     0 2453975.533484  1.284085e+01  1.919604e-02  1.284085e+01  1.919604e-02 
   83810893   5.270631e+00   1.274511e-01   5.270631e+00   1.274511e-01 223200608280044250      11366        578     0 2453975.533484  1.319534e+01  2.625469e-02  1.319534e+01  2.625469e-02 
   83810964   5.365648e+00   1.264976e-01   5.365648e+00   1.264976e-01 223200608280045350      11365        574     0 2453975.534306  1.317594e+01  2.559681e-02  1.317594e+01  2.559681e-02 
   83810965   7.227075e+00   1.285178e-01   7.227075e+00   1.285178e-01 224200608280045360      20282       1816     0 2453975.534317  1.285259e+01  1.930752e-02  1.285259e+01  1.930752e-02 
   83811021   7.060067e+00   1.290655e-01   7.060067e+00   1.290655e-01 224200608280046320      20282       1817     0 2453975.534965  1.287798e+01  1.984848e-02  1.287798e+01  1.984848e-02 
   83811021   5.424794e+00   1.268328e-01   5.424794e+00   1.268328e-01 223200608280046320      11365        572     0 2453975.534965  1.316404e+01  2.538482e-02  1.316404e+01  2.538482e-02 
   84328674   7.638817e+00   3.048679e-01   7.638817e+00   3.048679e-01 224200609030034170      20288       1876     0 2453981.526319  1.279243e+01  4.333227e-02  1.279243e+01  4.333227e-02 
   84328674   6.168615e+00   3.081124e-01   6.168615e+00   3.081124e-01 223200609030034170      11354        510     0 2453981.526319  1.302453e+01  5.423096e-02  1.302453e+01  5.423096e-02 
   84328746   7.357693e+00   3.053466e-01   7.357693e+00   3.053466e-01 224200609030035290      20290       1850     0 2453981.527153  1.283315e+01  4.505856e-02  1.283315e+01  4.505856e-02 
   84328746   6.519193e+00   3.124163e-01   6.519193e+00   3.124163e-01 223200609030035280      11351        531     0 2453981.527153  1.296452e+01  5.203141e-02  1.296452e+01  5.203141e-02 
   84328813   7.363666e+00   3.180385e-01   7.363666e+00   3.180385e-01 224200609030036350      20289       1876     0 2453981.527928  1.283226e+01  4.689337e-02  1.283226e+01  4.689337e-02 
   84328813   6.333554e+00   3.334673e-01   6.333554e+00   3.334673e-01 223200609030036350      11351        496     0 2453981.527928  1.299588e+01  5.716518e-02  1.299588e+01  5.716518e-02 
   84328870   6.995610e+00   3.227824e-01   6.995610e+00   3.227824e-01 224200609030037320      20287       1876     0 2453981.528588  1.288794e+01  5.009682e-02  1.288794e+01  5.009682e-02 
   84328870   6.152440e+00   3.264889e-01   6.152440e+00   3.264889e-01 223200609030037320      11352        495     0 2453981.528588  1.302738e+01  5.761650e-02  1.302738e+01  5.761650e-02 
   84500181   7.446140e+00   4.734821e-01   7.446140e+00   4.734821e-01 223200609050012480      11362        576     0 2453983.511354  1.282017e+01  6.903959e-02  1.282017e+01  6.903959e-02 
   84500241   7.199195e+00   4.415730e-01   7.199195e+00   4.415730e-01 224200609050013480      20283       1823     0 2453983.512049  1.285679e+01  6.659542e-02  1.285679e+01  6.659542e-02 
   84500241   7.977223e+00   4.765636e-01   7.977223e+00   4.765636e-01 223200609050013480      11363        573     0 2453983.512049  1.274537e+01  6.486269e-02  1.274537e+01  6.486269e-02 
   84500303   7.424410e+00   4.809902e-01   7.424410e+00   4.809902e-01 223200609050014500      11363        569     0 2453983.512766  1.282335e+01  7.033964e-02  1.282335e+01  7.033964e-02 
   84500381   7.898875e+00   4.506050e-01   7.898875e+00   4.506050e-01 224200609050016080      20284       1802     0 2453983.513669  1.275609e+01  6.193792e-02  1.275609e+01  6.193792e-02 
   84500381   7.353210e+00   4.711224e-01   7.353210e+00   4.711224e-01 223200609050016080      11360        592     0 2453983.513669  1.283381e+01  6.956369e-02  1.283381e+01  6.956369e-02 
   84844855   8.355729e+00   6.171772e-01   8.355729e+00   6.171772e-01 224200609082357310      20289       1792     0 2453987.500637  1.269504e+01  8.019575e-02  1.269504e+01  8.019575e-02 
   84844855   7.216842e+00   6.688107e-01   7.216842e+00   6.688107e-01 223200609082357310      11372        585     0 2453987.500637  1.285413e+01  1.006194e-01  1.285413e+01  1.006194e-01 
   84844911   7.752642e+00   6.664127e-01   7.752642e+00   6.664127e-01 223200609082358260      11373        580     0 2453987.501285  1.277638e+01  9.332959e-02  1.277638e+01  9.332959e-02 
   84844912   7.973582e+00   6.232057e-01   7.973582e+00   6.232057e-01 224200609082358270      20287       1795     0 2453987.501296  1.274587e+01  8.486014e-02  1.274587e+01  8.486014e-02 
   84844968   9.120254e+00   6.216928e-01   9.120254e+00   6.216928e-01 224200609082359230      20287       1796     0 2453987.501944  1.259998e+01  7.401075e-02  1.259998e+01  7.401075e-02 
   84844968   7.359798e+00   6.612639e-01   7.359798e+00   6.612639e-01 223200609082359230      11372        578     0 2453987.501944  1.283284e+01  9.755167e-02  1.283284e+01  9.755167e-02 
   84845030   8.882548e+00   6.244369e-01   8.882548e+00   6.244369e-01 224200609090000260      20286       1797     0 2453987.502662  1.262866e+01  7.632675e-02  1.262866e+01  7.632675e-02 
   84845030   7.303883e+00   6.588929e-01   7.303883e+00   6.588929e-01 223200609090000260      11373        575     0 2453987.502662  1.284111e+01  9.794603e-02  1.284111e+01  9.794603e-02 
   85017156   7.270861e+00   3.316486e-01   7.270861e+00   3.316486e-01 224200609102349160      20299       1840     0 2453989.494861  1.284604e+01  4.952427e-02  1.284604e+01  4.952427e-02 
   85017156   6.992051e+00   3.612419e-01   6.992051e+00   3.612419e-01 223200609102349160      11348        536     0 2453989.494861  1.288849e+01  5.609438e-02  1.288849e+01  5.609438e-02 
   85017223   6.869771e+00   4.361662e-01   6.869771e+00   4.361662e-01 224200609102350220      20296       1839     0 2453989.495637  1.290764e+01  6.893434e-02  1.290764e+01  6.893434e-02 
   85017223   6.673869e+00   4.688068e-01   6.673869e+00   4.688068e-01 223200609102350220      11350        533     0 2453989.495637  1.293906e+01  7.626796e-02  1.293906e+01  7.626796e-02 
   85017282   7.082734e+00   3.989162e-01   7.082734e+00   3.989162e-01 224200609102351210      20294       1841     0 2453989.496319  1.287450e+01  6.115142e-02  1.287450e+01  6.115142e-02 
   85017282   6.592417e+00   4.155666e-01   6.592417e+00   4.155666e-01 223200609102351210      11350        531     0 2453989.496319  1.295239e+01  6.844186e-02  1.295239e+01  6.844186e-02 
   85017340   6.622295e+00   3.891111e-01   6.622295e+00   3.891111e-01 224200609102352200      20295       1842     0 2453989.496991  1.294748e+01  6.379563e-02  1.294748e+01  6.379563e-02 
   85017340   7.227100e+00   4.230264e-01   7.227100e+00   4.230264e-01 223200609102352200      11348        524     0 2453989.496991  1.285259e+01  6.355201e-02  1.285259e+01  6.355201e-02 
   85361749   7.189190e+00   1.316547e-01   7.189190e+00   1.316547e-01 224200609142332380      20272       1821     0 2453993.483206  1.285830e+01  1.988302e-02  1.285830e+01  1.988302e-02 
   85361749   5.535389e+00   1.284911e-01   5.535389e+00   1.284911e-01 223200609142332380      11351        490     0 2453993.483206  1.314213e+01  2.520291e-02  1.314213e+01  2.520291e-02 
   85361806   5.255559e+00   1.273654e-01   5.255559e+00   1.273654e-01 223200609142333360      11352        487     0 2453993.483866  1.319845e+01  2.631228e-02  1.319845e+01  2.631228e-02 
   85361867   7.248431e+00   1.323494e-01   7.248431e+00   1.323494e-01 224200609142334370      20265       1823     0 2453993.484572  1.284939e+01  1.982458e-02  1.284939e+01  1.982458e-02 
   85361867   5.436767e+00   1.297062e-01   5.436767e+00   1.297062e-01 223200609142334370      11353        484     0 2453993.484572  1.316165e+01  2.590274e-02  1.316165e+01  2.590274e-02 
   85361941   7.155972e+00   1.341921e-01   7.155972e+00   1.341921e-01 224200609142335520      20268       1799     0 2453993.485428  1.286333e+01  2.036031e-02  1.286333e+01  2.036031e-02 
   85361941   5.485753e+00   1.285641e-01   5.485753e+00   1.285641e-01 223200609142335520      11349        506     0 2453993.485428  1.315191e+01  2.544541e-02  1.315191e+01  2.544541e-02 
   85620646   6.555305e+00   1.541103e-01   6.555305e+00   1.541103e-01 224200609172327440      20300       1782     0 2453996.479699  1.295852e+01  2.552493e-02  1.295852e+01  2.552493e-02 
   85620646   5.107536e+00   1.446223e-01   5.107536e+00   1.446223e-01 223200609172327440      11322        497     0 2453996.479699  1.322947e+01  3.074324e-02  1.322947e+01  3.074324e-02 
   85620705   6.696032e+00   1.547160e-01   6.696032e+00   1.547160e-01 224200609172328430      20298       1784     0 2453996.480382  1.293546e+01  2.508670e-02  1.293546e+01  2.508670e-02 
   85620705   5.258202e+00   1.450112e-01   5.258202e+00   1.450112e-01 223200609172328430      11322        494     0 2453996.480382  1.319791e+01  2.994264e-02  1.319791e+01  2.994264e-02 
   85620768   6.346510e+00   1.553687e-01   6.346510e+00   1.553687e-01 224200609172329460      20297       1786     0 2453996.481111  1.299366e+01  2.657996e-02  1.299366e+01  2.657996e-02 
   85620768   4.925561e+00   1.452270e-01   4.925561e+00   1.452270e-01 223200609172329460      11322        491     0 2453996.481111  1.326886e+01  3.201235e-02  1.326886e+01  3.201235e-02 
   85620822   6.341218e+00   1.552618e-01   6.341218e+00   1.552618e-01 224200609172330410      20296       1788     0 2453996.481736  1.299457e+01  2.658385e-02  1.299457e+01  2.658385e-02 
   85620822   4.983765e+00   1.464724e-01   4.983765e+00   1.464724e-01 223200609172330410      11322        488     0 2453996.481736  1.325611e+01  3.190980e-02  1.325611e+01  3.190980e-02 
   85706443   6.074497e+00   1.542720e-01   6.074497e+00   1.542720e-01 224200609182317440      20300       1739     0 2453997.472720  1.304122e+01  2.757418e-02  1.304122e+01  2.757418e-02 
   85706443   5.075401e+00   1.439773e-01   5.075401e+00   1.439773e-01 223200609182317440      11325        472     0 2453997.472720  1.323632e+01  3.079991e-02  1.323632e+01  3.079991e-02 
   85706506   6.203833e+00   1.542290e-01   6.203833e+00   1.542290e-01 224200609182318460      20293       1763     0 2453997.473449  1.301835e+01  2.699180e-02  1.301835e+01  2.699180e-02 
   85706506   5.077532e+00   1.416693e-01   5.077532e+00   1.416693e-01 223200609182318460      11329        447     0 2453997.473449  1.323587e+01  3.029346e-02  1.323587e+01  3.029346e-02 
   85706560   6.472500e+00   1.537026e-01   6.472500e+00   1.537026e-01 224200609182319420      20290       1766     0 2453997.474074  1.297232e+01  2.578309e-02  1.297232e+01  2.578309e-02 
   85706560   5.376343e+00   1.418142e-01   5.376343e+00   1.418142e-01 223200609182319410      11329        445     0 2453997.474074  1.317378e+01  2.863905e-02  1.317378e+01  2.863905e-02 
   85706637   6.388369e+00   1.531990e-01   6.388369e+00   1.531990e-01 224200609182320580      20294       1743     0 2453997.474965  1.298653e+01  2.603705e-02  1.298653e+01  2.603705e-02 
   85706637   4.875751e+00   1.422461e-01   4.875751e+00   1.422461e-01 223200609182320580      11326        469     0 2453997.474965  1.327990e+01  3.167558e-02  1.327990e+01  3.167558e-02 
   85878757   6.677023e+00   1.450463e-01   6.677023e+00   1.450463e-01 224200609202309430      20275       1784     0 2453999.467095  1.293854e+01  2.358575e-02  1.293854e+01  2.358575e-02 
   85878757   5.285195e+00   1.402795e-01   5.285195e+00   1.402795e-01 223200609202309430      11327        523     0 2453999.467095  1.319235e+01  2.881769e-02  1.319235e+01  2.881769e-02 
   85878814   6.328767e+00   1.454529e-01   6.328767e+00   1.454529e-01 224200609202310410      20269       1786     0 2453999.467755  1.299670e+01  2.495337e-02  1.299670e+01  2.495337e-02 
   85878814   5.197825e+00   1.415494e-01   5.197825e+00   1.415494e-01 223200609202310400      11329        520     0 2453999.467755  1.321045e+01  2.956734e-02  1.321045e+01  2.956734e-02 
   85878875   6.731157e+00   1.455168e-01   6.731157e+00   1.455168e-01 224200609202311410      20266       1788     0 2453999.468461  1.292978e+01  2.347196e-02  1.292978e+01  2.347196e-02 
   85878875   5.284656e+00   1.427878e-01   5.284656e+00   1.427878e-01 223200609202311410      11330        518     0 2453999.468461  1.319246e+01  2.933596e-02  1.319246e+01  2.933596e-02 
   85878935   6.814028e+00   1.452298e-01   6.814028e+00   1.452298e-01 224200609202312420      20265       1791     0 2453999.469155  1.291649e+01  2.314076e-02  1.291649e+01  2.314076e-02 
   85878935   5.289001e+00   1.410303e-01   5.289001e+00   1.410303e-01 223200609202312420      11330        515     0 2453999.469155  1.319157e+01  2.895108e-02  1.319157e+01  2.895108e-02 
   85964880   7.475869e+00   1.376459e-01   7.475869e+00   1.376459e-01 224200609212305090      20269       1805     0 2454000.463889  1.281585e+01  1.999068e-02  1.281585e+01  1.999068e-02 
   85964880   5.613872e+00   1.314532e-01   5.613872e+00   1.314532e-01 223200609212305090      11341        518     0 2454000.463889  1.312684e+01  2.542345e-02  1.312684e+01  2.542345e-02 
   85965033   7.618379e+00   1.380197e-01   7.618379e+00   1.380197e-01 224200609212307420      20264       1808     0 2454000.465660  1.279534e+01  1.967000e-02  1.279534e+01  1.967000e-02 
   85965033   5.490992e+00   1.287094e-01   5.490992e+00   1.287094e-01 223200609212307420      11343        511     0 2454000.465660  1.315087e+01  2.544985e-02  1.315087e+01  2.544985e-02 
   85965096   7.520894e+00   1.382427e-01   7.520894e+00   1.382427e-01 224200609212308460      20262       1809     0 2454000.466389  1.280933e+01  1.995716e-02  1.280933e+01  1.995716e-02 
   85965096   5.507974e+00   1.295653e-01   5.507974e+00   1.295653e-01 223200609212308460      11344        508     0 2454000.466389  1.314752e+01  2.554011e-02  1.314752e+01  2.554011e-02 
   85965152   7.613830e+00   1.393140e-01   7.613830e+00   1.393140e-01 224200609212309410      20261       1811     0 2454000.467037  1.279599e+01  1.986631e-02  1.279599e+01  1.986631e-02 
   85965152   5.463618e+00   1.305843e-01   5.463618e+00   1.305843e-01 223200609212309410      11345        506     0 2454000.467037  1.315630e+01  2.594994e-02  1.315630e+01  2.594994e-02 
   86404994   7.692468e+00   1.361521e-01   7.692468e+00   1.361521e-01 224200609270120390      20370       2016     0 2454005.557801  1.278484e+01  1.921695e-02  1.278484e+01  1.921695e-02 
   86404994   5.733022e+00   1.358043e-01   5.733022e+00   1.358043e-01 223200609270120390      11208        168     0 2454005.557801  1.310404e+01  2.571910e-02  1.310404e+01  2.571910e-02 
   86405053   7.225158e+00   1.372160e-01   7.225158e+00   1.372160e-01 224200609270121390      20366       2041     0 2454005.558484  1.285288e+01  2.061974e-02  1.285288e+01  2.061974e-02 
   86405055   5.737273e+00   1.383827e-01   5.737273e+00   1.383827e-01 223200609270121400      11211        140     0 2454005.558507  1.310324e+01  2.618798e-02  1.310324e+01  2.618798e-02 
   86405123   7.376087e+00   1.376418e-01   7.376087e+00   1.376418e-01 224200609270122490      20367       2041     0 2454005.559294  1.283043e+01  2.026049e-02  1.283043e+01  2.026049e-02 
   86405123   5.656327e+00   1.385255e-01   5.656327e+00   1.385255e-01 223200609270122490      11209        138     0 2454005.559294  1.311866e+01  2.659016e-02  1.311866e+01  2.659016e-02 
   86405182   7.572305e+00   1.388110e-01   7.572305e+00   1.388110e-01 224200609270123480      20366       2040     0 2454005.559977  1.280193e+01  1.990314e-02  1.280193e+01  1.990314e-02 
   86405184   5.767259e+00   1.394747e-01   5.767259e+00   1.394747e-01 223200609270123490      11208        136     0 2454005.560000  1.309758e+01  2.625742e-02  1.309758e+01  2.625742e-02 
   87688166   5.579401e+00   1.135176e-01   5.579401e+00   1.135176e-01 223200610112147440      11003        318     0 2454020.409329  1.313353e+01  2.209029e-02  1.313353e+01  2.209029e-02 
   87688240   5.501883e+00   1.124687e-01   5.501883e+00   1.124687e-01 223200610112148580      11006        289     0 2454020.410185  1.314872e+01  2.219453e-02  1.314872e+01  2.219453e-02 
   87688294   5.646868e+00   1.127281e-01   5.646868e+00   1.127281e-01 223200610112149520      11005        286     0 2454020.410810  1.312048e+01  2.167456e-02  1.312048e+01  2.167456e-02 
   87860512   5.721403e+00   1.243355e-01   5.721403e+00   1.243355e-01 223200610132140170      10965        340     0 2454022.404074  1.310624e+01  2.359491e-02  1.310624e+01  2.359491e-02 
   87860579   5.623718e+00   1.237464e-01   5.623718e+00   1.237464e-01 223200610132141240      10966        336     0 2454022.404850  1.312494e+01  2.389103e-02  1.312494e+01  2.389103e-02 
   87860635   5.996961e+00   1.246747e-01   5.996961e+00   1.246747e-01 223200610132142200      10965        333     0 2454022.405498  1.305517e+01  2.257215e-02  1.305517e+01  2.257215e-02 
   87860695   5.588924e+00   1.232716e-01   5.588924e+00   1.232716e-01 223200610132143190      10965        331     0 2454022.406192  1.313168e+01  2.394752e-02  1.313168e+01  2.394752e-02 
   88033124   5.685614e+00   1.189486e-01   5.685614e+00   1.189486e-01 223200610152137170      10962        371     0 2454024.401898  1.311306e+01  2.271474e-02  1.311306e+01  2.271474e-02 
   88033185   5.828244e+00   1.189039e-01   5.828244e+00   1.189039e-01 223200610152138180      10961        366     0 2454024.402604  1.308616e+01  2.215054e-02  1.308616e+01  2.215054e-02 
   88033240   5.839917e+00   1.191955e-01   5.839917e+00   1.191955e-01 223200610152139130      10960        361     0 2454024.403241  1.308398e+01  2.216047e-02  1.308398e+01  2.216047e-02 
   88033299   5.800939e+00   1.189042e-01   5.800939e+00   1.189042e-01 223200610152140120      10960        358     0 2454024.403924  1.309125e+01  2.225486e-02  1.309125e+01  2.225486e-02 
   88377447   5.645893e+00   1.235640e-01   5.645893e+00   1.235640e-01 223200610192116140      10946        386     0 2454028.387118  1.312067e+01  2.376212e-02  1.312067e+01  2.376212e-02 
   88377499   5.631740e+00   1.231829e-01   5.631740e+00   1.231829e-01 223200610192117070      10946        383     0 2454028.387720  1.312339e+01  2.374837e-02  1.312339e+01  2.374837e-02 
   88377584   5.371580e+00   1.246443e-01   5.371580e+00   1.246443e-01 223200610192118310      10942        405     0 2454028.388704  1.317474e+01  2.519395e-02  1.317474e+01  2.519395e-02 
   88377646   5.521906e+00   1.237241e-01   5.521906e+00   1.237241e-01 223200610192119340      10941        402     0 2454028.389421  1.314478e+01  2.432713e-02  1.314478e+01  2.432713e-02 
   88463612   5.928651e+00   1.206007e-01   5.928651e+00   1.206007e-01 223200610202112230      10969        340     0 2454029.384398  1.306761e+01  2.208613e-02  1.306761e+01  2.208613e-02 
   88463684   5.865583e+00   1.194893e-01   5.865583e+00   1.194893e-01 223200610202113350      10966        335     0 2454029.385231  1.307922e+01  2.211788e-02  1.307922e+01  2.211788e-02 
   88463747   6.092964e+00   1.207353e-01   6.092964e+00   1.207353e-01 223200610202114380      10966        333     0 2454029.385961  1.303793e+01  2.151452e-02  1.303793e+01  2.151452e-02 
   88463806   5.917217e+00   1.196807e-01   5.917217e+00   1.196807e-01 223200610202115380      10966        331     0 2454029.386644  1.306971e+01  2.196001e-02  1.306971e+01  2.196001e-02 
   88551560   6.001922e+00   1.304818e-01   6.001922e+00   1.304818e-01 223200610212138150      10965        281     0 2454030.402315  1.305427e+01  2.360399e-02  1.305427e+01  2.360399e-02 
   88551692   6.122131e+00   1.283734e-01   6.122131e+00   1.283734e-01 223200610212140270      10961        271     0 2454030.403843  1.303274e+01  2.276660e-02  1.303274e+01  2.276660e-02 
   88551764   5.854275e+00   1.301735e-01   5.854275e+00   1.301735e-01 223200610212141400      10957        293     0 2454030.404676  1.308132e+01  2.414212e-02  1.308132e+01  2.414212e-02 
   88637622   8.428693e+00   1.256240e+00   8.428693e+00   1.256240e+00 223200610222132420      10962        326     0 2454031.398403  1.268560e+01  1.618222e-01  1.268560e+01  1.618222e-01 
   88637770   4.850225e+00   1.529011e+00   4.850225e+00   1.529011e+00 223200610222135100      10958        316     0 2454031.400116  1.328559e+01  3.422744e-01  1.328559e+01  3.422744e-01 
   88637832   5.291682e-01   2.398283e+00   5.291682e-01   2.398283e+00 223200610222136110      10958        314     0 2454031.400833  1.569102e+01  4.920764e+00  1.569102e+01  4.920764e+00 
   88640083   1.032878e+01   2.521094e+00   1.032878e+01   2.521094e+00 223200610222213430      10955        189     0 2454031.426887  1.246488e+01  2.650123e-01  1.246488e+01  2.650123e-01 
   88722112   5.608100e+00   1.227617e-01   5.608100e+00   1.227617e-01 223200610232100550      10953        371     0 2454032.376296  1.312796e+01  2.376692e-02  1.312796e+01  2.376692e-02 
   88722166   5.639462e+00   1.220736e-01   5.639462e+00   1.220736e-01 223200610232101500      10953        369     0 2454032.376921  1.312191e+01  2.350228e-02  1.312191e+01  2.350228e-02 
   88722228   5.599175e+00   1.224086e-01   5.599175e+00   1.224086e-01 223200610232102520      10953        366     0 2454032.377639  1.312969e+01  2.373633e-02  1.312969e+01  2.373633e-02 
   88722295   5.957201e+00   1.230365e-01   5.957201e+00   1.230365e-01 223200610232103590      10954        363     0 2454032.378414  1.306239e+01  2.242424e-02  1.306239e+01  2.242424e-02 
   88980557   5.566478e+00   1.358440e-01   5.566478e+00   1.358440e-01 223200610262048320      10954        433     0 2454035.367558  1.313605e+01  2.649634e-02  1.313605e+01  2.649634e-02 
   88980611   5.802120e+00   1.365510e-01   5.802120e+00   1.365510e-01 223200610262049260      10955        430     0 2454035.368183  1.309103e+01  2.555254e-02  1.309103e+01  2.555254e-02 
   88980671   5.706565e+00   1.365165e-01   5.706565e+00   1.365165e-01 223200610262050270      10955        428     0 2454035.368877  1.310906e+01  2.597384e-02  1.310906e+01  2.597384e-02 
   88980735   5.702999e+00   1.359583e-01   5.702999e+00   1.359583e-01 223200610262051300      10951        419     0 2454035.369618  1.310974e+01  2.588382e-02  1.310974e+01  2.588382e-02 
   89066673   6.135929e+00   1.468249e-01   6.135929e+00   1.468249e-01 223200610272043520      10975        404     0 2454036.364271  1.303030e+01  2.598037e-02  1.303030e+01  2.598037e-02 
   89066736   6.069755e+00   1.456864e-01   6.069755e+00   1.456864e-01 223200610272044550      10974        402     0 2454036.365000  1.304207e+01  2.605996e-02  1.304207e+01  2.605996e-02 
   89066792   6.122197e+00   1.452436e-01   6.122197e+00   1.452436e-01 223200610272045520      10974        398     0 2454036.365648  1.303273e+01  2.575821e-02  1.303273e+01  2.575821e-02 
   89066857   6.485367e+00   1.480672e-01   6.485367e+00   1.480672e-01 223200610272046560      10974        396     0 2454036.366400  1.297016e+01  2.478850e-02  1.297016e+01  2.478850e-02 
   89152871   7.855525e+00   2.303270e-01   7.855525e+00   2.303270e-01 223200610282040350      10959        415     0 2454037.361933  1.276206e+01  3.183432e-02  1.276206e+01  3.183432e-02 
   89152944   6.274065e+00   2.173450e-01   6.274065e+00   2.173450e-01 223200610282041480      10960        382     0 2454037.362778  1.300613e+01  3.761200e-02  1.300613e+01  3.761200e-02 
   89153005   6.749632e+00   1.847807e-01   6.749632e+00   1.847807e-01 223200610282042490      10960        380     0 2454037.363484  1.292680e+01  2.972366e-02  1.292680e+01  2.972366e-02 
   89238992   6.504085e+00   1.945340e-01   6.504085e+00   1.945340e-01 223200610292035590      10952        371     0 2454038.358704  1.296703e+01  3.247395e-02  1.296703e+01  3.247395e-02 
   89239047   6.139842e+00   1.921516e-01   6.139842e+00   1.921516e-01 223200610292036550      10953        368     0 2454038.359340  1.302961e+01  3.397917e-02  1.302961e+01  3.397917e-02 
   89239094   6.216652e+00   1.899098e-01   6.216652e+00   1.899098e-01 223200610292037410      10951        360     0 2454038.359884  1.301611e+01  3.316780e-02  1.301611e+01  3.316780e-02 
   89239172   6.011158e+00   1.912804e-01   6.011158e+00   1.912804e-01 223200610292038590      10951        358     0 2454038.360787  1.305260e+01  3.454921e-02  1.305260e+01  3.454921e-02 
   89411367   7.297821e+00   2.943684e-01   7.297821e+00   2.943684e-01 223200610312029020      10946        372     0 2454040.353785  1.284202e+01  4.379493e-02  1.284202e+01  4.379493e-02 
   89411440   7.603251e+00   2.963915e-01   7.603251e+00   2.963915e-01 223200610312030160      10943        393     0 2454040.354630  1.279750e+01  4.232454e-02  1.279750e+01  4.232454e-02 
   89411510   7.637602e+00   2.976649e-01   7.637602e+00   2.976649e-01 223200610312031250      10945        361     0 2454040.355440  1.279261e+01  4.231521e-02  1.279261e+01  4.231521e-02 
   89411567   7.664081e+00   2.978049e-01   7.664081e+00   2.978049e-01 223200610312032230      10945        357     0 2454040.356100  1.278885e+01  4.218883e-02  1.278885e+01  4.218883e-02 
   89842128   7.519213e+00   4.216352e-01   7.519213e+00   4.216352e-01 223200611052008420      10956        374     0 2454045.339444  1.280957e+01  6.088220e-02  1.280957e+01  6.088220e-02 
   89842186   7.826375e+00   4.219582e-01   7.826375e+00   4.219582e-01 223200611052009400      10957        371     0 2454045.340116  1.276610e+01  5.853756e-02  1.276610e+01  5.853756e-02 
   89842259   7.422863e+00   4.193449e-01   7.422863e+00   4.193449e-01 223200611052010530      10957        367     0 2454045.340961  1.282357e+01  6.133746e-02  1.282357e+01  6.133746e-02 
   89842318   7.415966e+00   4.196868e-01   7.415966e+00   4.196868e-01 223200611052011520      10957        364     0 2454045.341644  1.282458e+01  6.144455e-02  1.282458e+01  6.144455e-02 
   89928312   7.004052e+00   3.255429e-01   7.004052e+00   3.255429e-01 223200611062005110      10960        392     0 2454046.336944  1.288663e+01  5.046435e-02  1.288663e+01  5.046435e-02 
   89928381   7.351027e+00   3.259818e-01   7.351027e+00   3.259818e-01 223200611062006190      10960        388     0 2454046.337743  1.283413e+01  4.814721e-02  1.283413e+01  4.814721e-02 
   89928435   7.824516e+00   3.232702e-01   7.824516e+00   3.232702e-01 223200611062007140      10961        386     0 2454046.338368  1.276636e+01  4.485739e-02  1.276636e+01  4.485739e-02 
   89928499   7.675065e+00   3.233906e-01   7.675065e+00   3.233906e-01 223200611062008180      10960        384     0 2454046.339109  1.278730e+01  4.574790e-02  1.278730e+01  4.574790e-02 
   90014500   7.044865e+00   2.144539e-01   7.044865e+00   2.144539e-01 223200611072001430      10967        401     0 2454047.334491  1.288032e+01  3.305119e-02  1.288032e+01  3.305119e-02 
   90014554   6.512614e+00   2.294348e-01   6.512614e+00   2.294348e-01 223200611072002370      10968        398     0 2454047.335116  1.296561e+01  3.824986e-02  1.296561e+01  3.824986e-02 
   90014643   6.655561e+00   2.054330e-01   6.655561e+00   2.054330e-01 223200611072004050      10964        420     0 2454047.336146  1.294204e+01  3.351286e-02  1.294204e+01  3.351286e-02 
   90014705   7.227655e+00   2.059341e-01   7.227655e+00   2.059341e-01 223200611072005080      10963        416     0 2454047.336863  1.285251e+01  3.093547e-02  1.285251e+01  3.093547e-02 
   90272989   6.064027e+00   1.354245e-01   6.064027e+00   1.354245e-01 223200611101950030      10963        383     0 2454050.326262  1.304310e+01  2.424721e-02  1.304310e+01  2.424721e-02 
   90273043   6.044723e+00   1.360082e-01   6.044723e+00   1.360082e-01 223200611101950570      10964        380     0 2454050.326887  1.304656e+01  2.442950e-02  1.304656e+01  2.442950e-02 
   90273091   6.070123e+00   1.426987e-01   6.070123e+00   1.426987e-01 223200611101951450      10963        376     0 2454050.327442  1.304201e+01  2.552398e-02  1.304201e+01  2.552398e-02 
   90273156   5.688448e+00   1.363860e-01   5.688448e+00   1.363860e-01 223200611101952500      10962        374     0 2454050.328194  1.311252e+01  2.603166e-02  1.311252e+01  2.603166e-02 
   90617604   5.643940e+00   1.286465e-01   5.643940e+00   1.286465e-01 223200611141933540      10954        409     0 2454054.314861  1.312104e+01  2.474807e-02  1.312104e+01  2.474807e-02 
   90617666   5.769498e+00   1.286711e-01   5.769498e+00   1.286711e-01 223200611141934560      10954        405     0 2454054.315579  1.309715e+01  2.421412e-02  1.309715e+01  2.421412e-02 
   90617726   5.794182e+00   1.283234e-01   5.794182e+00   1.283234e-01 223200611141935570      10958        376     0 2454054.316273  1.309252e+01  2.404582e-02  1.309252e+01  2.404582e-02 
   90617777   5.870761e+00   1.280015e-01   5.870761e+00   1.280015e-01 223200611141936470      10958        374     0 2454054.316863  1.307826e+01  2.367262e-02  1.307826e+01  2.367262e-02 
   93120145   7.358156e+00   2.608257e-01   7.358156e+00   2.608257e-01 223200612131844400      11627        222     0 2454083.279456  1.283308e+01  3.848640e-02  1.283308e+01  3.848640e-02 
   93120204   7.176006e+00   2.492594e-01   7.176006e+00   2.492594e-01 223200612131845380      11627        220     0 2454083.280139  1.286029e+01  3.771331e-02  1.286029e+01  3.771331e-02 
   93120280   7.473289e+00   2.266882e-01   7.473289e+00   2.266882e-01 223200612131846550      11624        242     0 2454083.281019  1.281622e+01  3.293388e-02  1.281622e+01  3.293388e-02 
   93120344   7.094916e+00   2.140598e-01   7.094916e+00   2.140598e-01 223200612131847580      11627        214     0 2454083.281759  1.287263e+01  3.275771e-02  1.287263e+01  3.275771e-02 
   93292979   7.540250e+00   3.081191e-01   7.540250e+00   3.081191e-01 223200612151845190      11600        194     0 2454085.279850  1.280654e+01  4.436686e-02  1.280654e+01  4.436686e-02 
   93293033   7.709719e+00   2.905995e-01   7.709719e+00   2.905995e-01 223200612151846130      11600        192     0 2454085.280475  1.278240e+01  4.092438e-02  1.278240e+01  4.092438e-02 
   93293087   7.545515e+00   2.738148e-01   7.545515e+00   2.738148e-01 223200612151847070      11599        190     0 2454085.281100  1.280578e+01  3.939978e-02  1.280578e+01  3.939978e-02 
   93293141   7.120844e+00   2.587309e-01   7.120844e+00   2.587309e-01 223200612151848010      11599        187     0 2454085.281725  1.286867e+01  3.944961e-02  1.286867e+01  3.944961e-02 
   93725377   7.688478e+00   2.754295e-01   7.688478e+00   2.754295e-01 223200612201852110      11069        105     0 2454090.284456  1.278540e+01  3.889519e-02  1.278540e+01  3.889519e-02 
   93725436   7.711933e+00   2.581472e-01   7.711933e+00   2.581472e-01 223200612201853100      11068        103     0 2454090.285139  1.278209e+01  3.634378e-02  1.278209e+01  3.634378e-02 
   93725493   7.504960e+00   2.465045e-01   7.504960e+00   2.465045e-01 223200612201854080      11068        100     0 2454090.285799  1.281163e+01  3.566173e-02  1.281163e+01  3.566173e-02 
   93725555   7.382303e+00   2.314397e-01   7.382303e+00   2.314397e-01 223200612201855100      11067         98     0 2454090.286516  1.282952e+01  3.403861e-02  1.282952e+01  3.403861e-02 
   94935181   8.413001e+00   4.074482e-01   8.413001e+00   4.074482e-01 224200701031856070      19513       1674     0 2454104.286817  1.268762e+01  5.258323e-02  1.268762e+01  5.258323e-02 
   94935247   7.995072e+00   4.039255e-01   7.995072e+00   4.039255e-01 224200701031857140      19513       1674     0 2454104.287581  1.274294e+01  5.485355e-02  1.274294e+01  5.485355e-02 
   94935305   7.263156e+00   3.982892e-01   7.263156e+00   3.982892e-01 224200701031858120      19513       1673     0 2454104.288252  1.284719e+01  5.953865e-02  1.284719e+01  5.953865e-02 
   94935370   7.533025e+00   3.930582e-01   7.533025e+00   3.930582e-01 224200701031859170      19513       1673     0 2454104.289005  1.280758e+01  5.665175e-02  1.280758e+01  5.665175e-02 
   95021610   8.021781e+00   3.101209e-01   8.021781e+00   3.101209e-01 224200701041856390      19515       1658     0 2454105.287153  1.273932e+01  4.197456e-02  1.273932e+01  4.197456e-02 
   95021682   7.733494e+00   2.947490e-01   7.733494e+00   2.947490e-01 224200701041857500      19511       1683     0 2454105.287986  1.277906e+01  4.138114e-02  1.277906e+01  4.138114e-02 
   95021747   7.676556e+00   2.827188e-01   7.676556e+00   2.827188e-01 224200701041858560      19512       1683     0 2454105.288738  1.278708e+01  3.998657e-02  1.278708e+01  3.998657e-02 
   95021803   8.502222e+00   2.751657e-01   8.502222e+00   2.751657e-01 224200701041859510      19512       1683     0 2454105.289387  1.267617e+01  3.513886e-02  1.267617e+01  3.513886e-02 
   95107911   8.508200e+00   2.679610e-01   8.508200e+00   2.679610e-01 224200701051855020      19535       1696     0 2454106.286007  1.267541e+01  3.419478e-02  1.267541e+01  3.419478e-02 
   95107967   8.246903e+00   2.528440e-01   8.246903e+00   2.528440e-01 224200701051855570      19534       1695     0 2454106.286655  1.270927e+01  3.328799e-02  1.270927e+01  3.328799e-02 
   95108021   7.813037e+00   2.401275e-01   7.813037e+00   2.401275e-01 224200701051856510      19535       1695     0 2454106.287280  1.276795e+01  3.336936e-02  1.276795e+01  3.336936e-02 
   95108075   8.208015e+00   2.298302e-01   8.208015e+00   2.298302e-01 224200701051857460      19535       1696     0 2454106.287905  1.271441e+01  3.040148e-02  1.271441e+01  3.040148e-02 
   95280699   7.498793e+00   2.455088e-01   7.498793e+00   2.455088e-01 224200701071854530      19555       1683     0 2454108.285868  1.281252e+01  3.554688e-02  1.281252e+01  3.554688e-02 
   95280829   7.331585e+00   2.199579e-01   7.331585e+00   2.199579e-01 224200701071857030      19543       1626     0 2454108.287373  1.283701e+01  3.257374e-02  1.283701e+01  3.257374e-02 
   95280885   7.306111e+00   2.103955e-01   7.306111e+00   2.103955e-01 224200701071857590      19545       1626     0 2454108.288021  1.284078e+01  3.126627e-02  1.284078e+01  3.126627e-02 
   95280941   7.005959e+00   2.011630e-01   7.005959e+00   2.011630e-01 224200701071858540      19544       1627     0 2454108.288669  1.288633e+01  3.117500e-02  1.288633e+01  3.117500e-02 
   95367162   8.202923e+00   2.654819e-01   8.202923e+00   2.654819e-01 224200701081855580      19553       1704     0 2454109.286597  1.271508e+01  3.513923e-02  1.271508e+01  3.513923e-02 
   95367216   8.056397e+00   2.502171e-01   8.056397e+00   2.502171e-01 224200701081856520      19552       1703     0 2454109.287222  1.273465e+01  3.372112e-02  1.273465e+01  3.372112e-02 
   95367273   7.952457e+00   2.366269e-01   7.952457e+00   2.366269e-01 224200701081857490      19552       1702     0 2454109.287882  1.274875e+01  3.230640e-02  1.274875e+01  3.230640e-02 
   95367329   7.226995e+00   2.254604e-01   7.226995e+00   2.254604e-01 224200701081858450      19552       1702     0 2454109.288530  1.285261e+01  3.387181e-02  1.285261e+01  3.387181e-02 
   95453547   8.471515e+00   2.641892e-01   8.471515e+00   2.641892e-01 224200701091855450      19547       1724     0 2454110.286424  1.268010e+01  3.385944e-02  1.268010e+01  3.385944e-02 
   95453603   8.348185e+00   2.515731e-01   8.348185e+00   2.515731e-01 224200701091856400      19546       1723     0 2454110.287072  1.269602e+01  3.271884e-02  1.269602e+01  3.271884e-02 
   95453657   8.286250e+00   2.384496e-01   8.286250e+00   2.384496e-01 224200701091857350      19546       1722     0 2454110.287697  1.270411e+01  3.124384e-02  1.270411e+01  3.124384e-02 
   95453713   8.407737e+00   2.292318e-01   8.407737e+00   2.292318e-01 224200701091858300      19547       1722     0 2454110.288345  1.268830e+01  2.960204e-02  1.268830e+01  2.960204e-02 
   95539937   8.298129e+00   2.608228e-01   8.298129e+00   2.608228e-01 224200701101855350      19552       1730     0 2454111.286308  1.270255e+01  3.412645e-02  1.270255e+01  3.412645e-02 
   95539991   7.946320e+00   2.468968e-01   7.946320e+00   2.468968e-01 224200701101856300      19552       1730     0 2454111.286933  1.274959e+01  3.373458e-02  1.274959e+01  3.373458e-02 
   95540045   8.810347e+00   2.358775e-01   8.810347e+00   2.358775e-01 224200701101857240      19551       1729     0 2454111.287558  1.263752e+01  2.906828e-02  1.263752e+01  2.906828e-02 
   95540101   8.256263e+00   2.243002e-01   8.256263e+00   2.243002e-01 224200701101858190      19552       1728     0 2454111.288206  1.270804e+01  2.949660e-02  1.270804e+01  2.949660e-02 
   95626319   7.808709e+00   2.802487e-01   7.808709e+00   2.802487e-01 224200701111855200      19573       1720     0 2454112.286100  1.276855e+01  3.896640e-02  1.276855e+01  3.896640e-02 
   95626376   8.427936e+00   2.652148e-01   8.427936e+00   2.652148e-01 224200701111856160      19573       1719     0 2454112.286759  1.268570e+01  3.416665e-02  1.268570e+01  3.416665e-02 
   95626430   7.763049e+00   2.523593e-01   7.763049e+00   2.523593e-01 224200701111857110      19573       1718     0 2454112.287384  1.277492e+01  3.529496e-02  1.277492e+01  3.529496e-02 
   95626486   7.959062e+00   2.401338e-01   7.959062e+00   2.401338e-01 224200701111858070      19573       1718     0 2454112.288032  1.274785e+01  3.275799e-02  1.274785e+01  3.275799e-02 
   95712705   8.063551e+00   2.618851e-01   8.063551e+00   2.618851e-01 224200701121855060      19545       1720     0 2454113.285938  1.273368e+01  3.526227e-02  1.273368e+01  3.526227e-02 
   95712759   7.607111e+00   2.479818e-01   7.607111e+00   2.479818e-01 224200701121856000      19545       1719     0 2454113.286563  1.279695e+01  3.539369e-02  1.279695e+01  3.539369e-02 
   95712813   8.376681e+00   2.374294e-01   8.376681e+00   2.374294e-01 224200701121856550      19545       1719     0 2454113.287187  1.269232e+01  3.077430e-02  1.269232e+01  3.077430e-02 
   95712869   7.787985e+00   2.259153e-01   7.787985e+00   2.259153e-01 224200701121857500      19545       1718     0 2454113.287836  1.277144e+01  3.149534e-02  1.277144e+01  3.149534e-02 
   95799125   8.443045e+00   2.305267e-01   8.443045e+00   2.305267e-01 224200701131855270      19546       1735     0 2454114.286169  1.268375e+01  2.964476e-02  1.268375e+01  2.964476e-02 
   95799179   8.302312e+00   2.191539e-01   8.302312e+00   2.191539e-01 224200701131856210      19545       1735     0 2454114.286794  1.270200e+01  2.865999e-02  1.270200e+01  2.865999e-02 
   95799303   8.630640e+00   1.985063e-01   8.630640e+00   1.985063e-01 224200701131858250      19536       1742     0 2454114.288229  1.265989e+01  2.497221e-02  1.265989e+01  2.497221e-02 
   95799357   7.861697e+00   1.903580e-01   7.861697e+00   1.903580e-01 224200701131859190      19536       1742     0 2454114.288854  1.276121e+01  2.628940e-02  1.276121e+01  2.628940e-02 
   95885595   8.454350e+00   2.220137e-01   8.454350e+00   2.220137e-01 224200701141856390      19548       1741     0 2454115.286979  1.268230e+01  2.851184e-02  1.268230e+01  2.851184e-02 
   95885650   8.277419e+00   2.123353e-01   8.277419e+00   2.123353e-01 224200701141857330      19547       1739     0 2454115.287616  1.270526e+01  2.785178e-02  1.270526e+01  2.785178e-02 
   95885705   8.319262e+00   2.040326e-01   8.319262e+00   2.040326e-01 224200701141858280      19547       1739     0 2454115.288252  1.269979e+01  2.662813e-02  1.269979e+01  2.662813e-02 
   95885836   7.999975e+00   1.879630e-01   7.999975e+00   1.879630e-01 224200701141900400      19550       1735     0 2454115.289769  1.274228e+01  2.550995e-02  1.274228e+01  2.550995e-02 
  105941744   6.408259e+00   3.298129e-01   6.408259e+00   3.298129e-01 223200705110414520      10933        687     0 2454231.677593  1.298315e+01  5.587961e-02  1.298315e+01  5.587961e-02 
  105941800   6.732273e+00   3.454735e-01   6.732273e+00   3.454735e-01 223200705110415490      10937        686     0 2454231.678241  1.292960e+01  5.571586e-02  1.292960e+01  5.571586e-02 
  105941859   6.741572e+00   3.642037e-01   6.741572e+00   3.642037e-01 223200705110416470      10939        685     0 2454231.678924  1.292810e+01  5.865553e-02  1.292810e+01  5.865553e-02 
  105941914   6.264793e+00   3.898582e-01   6.264793e+00   3.898582e-01 223200705110417430      10941        685     0 2454231.679560  1.300773e+01  6.756561e-02  1.300773e+01  6.756561e-02 
  106027799   6.270942e+00   2.093451e-01   6.270942e+00   2.093451e-01 223200705120409040      10958        663     0 2454232.673600  1.300667e+01  3.624564e-02  1.300667e+01  3.624564e-02 
  106027925   6.681653e+00   2.245196e-01   6.681653e+00   2.245196e-01 223200705120411090      10945        675     0 2454232.675058  1.293779e+01  3.648346e-02  1.293779e+01  3.648346e-02 
  106027979   6.640140e+00   2.335322e-01   6.640140e+00   2.335322e-01 223200705120412040      10948        675     0 2454232.675683  1.294456e+01  3.818523e-02  1.294456e+01  3.818523e-02 
  106028033   6.449487e+00   2.454030e-01   6.449487e+00   2.454030e-01 223200705120412580      10950        674     0 2454232.676308  1.297619e+01  4.131241e-02  1.297619e+01  4.131241e-02 
  106114054   6.157990e+00   2.100434e-01   6.157990e+00   2.100434e-01 223200705130406340      10934        687     0 2454233.671921  1.302640e+01  3.703360e-02  1.302640e+01  3.703360e-02 
  106114108   5.884328e+00   2.134522e-01   5.884328e+00   2.134522e-01 223200705130407290      10938        686     0 2454233.672546  1.307576e+01  3.938488e-02  1.307576e+01  3.938488e-02 
  106114164   6.215865e+00   2.174892e-01   6.215865e+00   2.174892e-01 223200705130408240      10941        686     0 2454233.673194  1.301625e+01  3.798936e-02  1.301625e+01  3.798936e-02 
  106114218   6.067374e+00   2.222382e-01   6.067374e+00   2.222382e-01 223200705130409190      10942        686     0 2454233.673819  1.304250e+01  3.976892e-02  1.304250e+01  3.976892e-02 
  124569728   7.233700e+00   2.924957e-01   7.233700e+00   2.924957e-01 223200712121844190      10483       4753     0 2454447.279259  1.285160e+01  4.390205e-02  1.285160e+01  4.390205e-02 
  124570462   9.857723e+00   1.698347e-01   9.857723e+00   1.698347e-01 222200712121856320      13980      21934     0 2454447.287755  1.251556e+01  1.870577e-02  1.251556e+01  1.870577e-02 
  124571594   9.607086e+00   1.319913e-01   9.607086e+00   1.319913e-01 222200712121915250      14000      21889     0 2454447.300856  1.254352e+01  1.491693e-02  1.254352e+01  1.491693e-02 
  124571658   7.992692e+00   1.211408e-01   7.992692e+00   1.211408e-01 221200712121916280       9472       8423     0 2454447.301597  1.274327e+01  1.645597e-02  1.274327e+01  1.645597e-02 
  124571718   6.040282e+00   1.086568e-01   6.040282e+00   1.086568e-01 223200712121917280      10499       4716     0 2454447.302292  1.304736e+01  1.953105e-02  1.304736e+01  1.953105e-02 
  124572802   9.659628e+00   1.307101e-01   9.659628e+00   1.307101e-01 222200712121935320      13976      21913     0 2454447.314838  1.253760e+01  1.469179e-02  1.253760e+01  1.469179e-02 
  124572993   7.603362e+00   1.193039e-01   7.603362e+00   1.193039e-01 221200712121938430       9509       8492     0 2454447.317049  1.279749e+01  1.703628e-02  1.279749e+01  1.703628e-02 
  124573052   5.979185e+00   1.084641e-01   5.979185e+00   1.084641e-01 223200712121939430      10485       4643     0 2454447.317731  1.305840e+01  1.969563e-02  1.305840e+01  1.969563e-02 
