\OBJNAME = '1SWASP J000558.84-744617.8'
\OBSSTART = '2006-05-25T03:47:31'
\OBSSTOP = '2007-12-12T19:38:43'
\TSTART = 75613778
\TSTOP = 124572977
\JD_REF = 2453005.5
\RA_OBJ = '1.495194'
\DEC_OBJ = '-74.771617'
\WASP_MAG = 15.12879
\HJD_START = 2453880.659468
\HJD_STOP = 2454447.316863
\fixlen = T
\NUMRECORDS = 195
\
\ This file was produced by the NASA Exoplanet Archive  http://exoplanetarchive.ipac.caltech.edu 
\ Thu Sep 12, 19:39:14 2013
\ Documentation for the SuperWASP dataset can be found at http://exoplanetarchive.ipac.caltech.edu/docs/SuperWASPMission.html
\
|TMID      |FLUX2         |FLUX2_ERR     |TAMFLUX2      |TAMFLUX2_ERR  |IMAGEID           |CCDX      |CCDY      |FLAG |           HJD|         MAG2|     MAG2_ERR|      TAMMAG2|  TAMMAG2_ERR|
|int       |float         |float         |float         |float         |char              |int       |int       |int  |        double|        float|        float|        float|        float|
|sec       |micro Vega    |micro Vega    |micro Vega    |micro Vega    |                  |1/16 pixel|1/16 pixel|     |           day|          mag|          mag|          mag|          mag|
|null      |null          |null          |null          |null          |null              |null      |null      |null |          null|         null|         null|         null|         null|
   75613778   7.642099e-01   1.292990e-01   7.642099e-01   1.292990e-01 223200605250347310        169       3561     0 2453880.659468  1.529197e+01  1.836997e-01  1.529197e+01  1.836997e-01 
   75613846   8.174562e-01   1.296451e-01   8.174562e-01   1.296451e-01 223200605250348400        167       3581     0 2453880.660255  1.521884e+01  1.721938e-01  1.521884e+01  1.721938e-01 
   75700111   8.497136e-01   1.264002e-01   8.497136e-01   1.264002e-01 223200605260346210        176       3578     0 2453881.658692  1.517682e+01  1.615106e-01  1.517682e+01  1.615106e-01 
   75700174   9.896768e-01   1.259670e-01   9.896768e-01   1.259670e-01 223200605260347250        184       3550     0 2453881.659421  1.501127e+01  1.381941e-01  1.501127e+01  1.381941e-01 
   75700241   9.470209e-01   1.256685e-01   9.470209e-01   1.256685e-01 223200605260348310        182       3571     0 2453881.660197  1.505910e+01  1.440763e-01  1.505910e+01  1.440763e-01 
   75700310   7.411129e-01   1.247968e-01   7.411129e-01   1.247968e-01 223200605260349400        188       3544     0 2453881.660995  1.532529e+01  1.828290e-01  1.532529e+01  1.828290e-01 
   76132330   7.217002e-01   1.034674e-01   7.217002e-01   1.034674e-01 223200605310349440        239       3547     0 2453886.661227  1.535411e+01  1.556583e-01  1.535411e+01  1.556583e-01 
   76132397   8.516523e-01   1.039468e-01   8.516523e-01   1.039468e-01 223200605310350510        247       3520     0 2453886.662002  1.517434e+01  1.325179e-01  1.517434e+01  1.325179e-01 
   76132446   7.948895e-01   1.037920e-01   7.948895e-01   1.037920e-01 223200605310351390        248       3519     0 2453886.662569  1.524923e+01  1.417695e-01  1.524923e+01  1.417695e-01 
   76132508   7.742412e-01   1.036889e-01   7.742412e-01   1.036889e-01 223200605310352410        250       3517     0 2453886.663287  1.527781e+01  1.454058e-01  1.527781e+01  1.454058e-01 
   76219024   6.738406e-01   1.052665e-01   6.738406e-01   1.052665e-01 223200606010354350        269       3504     0 2453887.664630  1.542861e+01  1.696128e-01  1.542861e+01  1.696128e-01 
   76478205   8.450946e-01   1.148670e-01   8.450946e-01   1.148670e-01 223200606040354060        269       3503     0 2453890.664410  1.518274e+01  1.475760e-01  1.518274e+01  1.475760e-01 
   76478278   7.381329e-01   1.133432e-01   7.381329e-01   1.133432e-01 223200606040355190        269       3521     0 2453890.665255  1.532966e+01  1.667197e-01  1.532966e+01  1.667197e-01 
   76478354   8.386970e-01   1.146854e-01   8.386970e-01   1.146854e-01 223200606040356360        277       3495     0 2453890.666134  1.519099e+01  1.484666e-01  1.519099e+01  1.484666e-01 
   76478407   7.488650e-01   1.155223e-01   7.488650e-01   1.155223e-01 223200606040357280        279       3493     0 2453890.666748  1.531399e+01  1.674897e-01  1.531399e+01  1.674897e-01 
   76564547   8.170574e-01   2.820596e-01   8.170574e-01   2.820596e-01 223200606050353060        296       3487     0 2453891.663738  1.521937e+01  3.748126e-01  1.521937e+01  3.748126e-01 
   76564606   8.036156e-01   2.762220e-01   8.036156e-01   2.762220e-01 223200606050354050        300       3486     0 2453891.664421  1.523738e+01  3.731949e-01  1.523738e+01  3.731949e-01 
   76564724   7.166808e-01   2.490339e-01   7.166808e-01   2.490339e-01 223200606050356020        305       3482     0 2453891.665787  1.536169e+01  3.772754e-01  1.536169e+01  3.772754e-01 
   76650918   8.419449e-01   1.030582e-01   8.419449e-01   1.030582e-01 223200606060352330        284       3483     0 2453892.663403  1.518679e+01  1.328999e-01  1.518679e+01  1.328999e-01 
   76651052   7.947993e-01   1.063013e-01   7.947993e-01   1.063013e-01 223200606060354480        291       3481     0 2453892.664954  1.524936e+01  1.452135e-01  1.524936e+01  1.452135e-01 
   76651108   6.182751e-01   1.045153e-01   6.182751e-01   1.045153e-01 223200606060355430        294       3479     0 2453892.665602  1.552205e+01  1.835371e-01  1.552205e+01  1.835371e-01 
   76651184   8.228446e-01   1.048280e-01   8.228446e-01   1.048280e-01 223200606060357000        291       3498     0 2453892.666481  1.521171e+01  1.383201e-01  1.521171e+01  1.383201e-01 
   76737412   8.188583e-01   1.111808e-01   8.188583e-01   1.111808e-01 223200606070354040        295       3485     0 2453893.664491  1.521698e+01  1.474168e-01  1.521698e+01  1.474168e-01 
   76737465   7.910110e-01   1.089571e-01   7.910110e-01   1.089571e-01 223200606070354570        297       3483     0 2453893.665104  1.525454e+01  1.495543e-01  1.525454e+01  1.495543e-01 
   76737520   8.857159e-01   1.088169e-01   8.857159e-01   1.088169e-01 223200606070355530        299       3480     0 2453893.665741  1.513176e+01  1.333914e-01  1.513176e+01  1.333914e-01 
   76737576   8.022097e-01   1.086247e-01   8.022097e-01   1.086247e-01 223200606070356480        301       3478     0 2453893.666389  1.523928e+01  1.470167e-01  1.523928e+01  1.470167e-01 
   76823802   8.438835e-01   1.075992e-01   8.438835e-01   1.075992e-01 223200606080353510        321       3483     0 2453894.664375  1.518429e+01  1.384371e-01  1.518429e+01  1.384371e-01 
   76823861   7.124851e-01   1.086091e-01   7.124851e-01   1.086091e-01 223200606080354510        324       3479     0 2453894.665058  1.536806e+01  1.655069e-01  1.536806e+01  1.655069e-01 
   76823920   8.835308e-01   1.093491e-01   8.835308e-01   1.093491e-01 223200606080355500        326       3477     0 2453894.665741  1.513445e+01  1.343753e-01  1.513445e+01  1.343753e-01 
   76824006   6.979207e-01   1.086401e-01   6.979207e-01   1.086401e-01 223200606080357160        325       3496     0 2453894.666736  1.539048e+01  1.690091e-01  1.539048e+01  1.690091e-01 
   76910282   7.916979e-01   1.036543e-01   7.916979e-01   1.036543e-01 223200606090355080        319       3468     0 2453895.665301  1.525360e+01  1.421523e-01  1.525360e+01  1.421523e-01 
   76910366   7.294927e-01   1.041829e-01   7.294927e-01   1.041829e-01 223200606090356320        318       3486     0 2453895.666273  1.534245e+01  1.550606e-01  1.534245e+01  1.550606e-01 
   76910438   7.572784e-01   1.052459e-01   7.572784e-01   1.052459e-01 223200606090357440        324       3462     0 2453895.667106  1.530186e+01  1.508953e-01  1.530186e+01  1.508953e-01 
   76996583   8.238517e-01   2.262389e-01   8.238517e-01   2.262389e-01 223200606100353270        323       3471     0 2453896.664155  1.521038e+01  2.981564e-01  1.521038e+01  2.981564e-01 
   76996648   1.107998e+00   2.265200e-01   1.107998e+00   2.265200e-01 223200606100354320        326       3467     0 2453896.664907  1.488865e+01  2.219696e-01  1.488865e+01  2.219696e-01 
   76996709   8.122373e-01   2.223199e-01   8.122373e-01   2.223199e-01 223200606100355320        328       3465     0 2453896.665613  1.522579e+01  2.971812e-01  1.522579e+01  2.971812e-01 
   76996764   1.260380e+00   2.203814e-01   1.260380e+00   2.203814e-01 223200606100356270        330       3463     0 2453896.666250  1.474875e+01  1.898451e-01  1.474875e+01  1.898451e-01 
   77083003   9.815986e-01   3.878367e-01   9.815986e-01   3.878367e-01 223200606110353440        335       3459     0 2453897.664387  1.502017e+01  4.289837e-01  1.502017e+01  4.289837e-01 
   77083080   6.244516e-01   3.902671e-01   6.244516e-01   3.902671e-01 223200606110355000        335       3478     0 2453897.665278  1.551125e+01  6.785611e-01  1.551125e+01  6.785611e-01 
   77083161   1.327443e+00   3.896329e-01   1.327443e+00   3.896329e-01 223200606110356210        341       3452     0 2453897.666215  1.469246e+01  3.186879e-01  1.469246e+01  3.186879e-01 
   77083215   1.138302e+00   3.911723e-01   1.138302e+00   3.911723e-01 223200606110357160        343       3451     0 2453897.666840  1.485936e+01  3.731094e-01  1.485936e+01  3.731094e-01 
   77169331   1.563288e+00   4.939531e-01   1.563288e+00   4.939531e-01 223200606120352290        341       3450     0 2453898.663553  1.451490e+01  3.430619e-01  1.451490e+01  3.430619e-01 
   77169449   1.556311e+00   4.907821e-01   1.556311e+00   4.907821e-01 223200606120354260        345       3445     0 2453898.664919  1.451976e+01  3.423876e-01  1.451976e+01  3.423876e-01 
   77514693   1.783200e+00   2.268308e+00   1.783200e+00   2.268308e+00 223200606160348210        344       3416     0 2453902.660799  1.437200e+01  1.381108e+00  1.437200e+01  1.381108e+00 
   77514758  -1.994371e+00   2.857123e+00  -1.994371e+00   2.857123e+00 223200606160349260        346       3413     0 2453902.661551          null          null          null          null 
   77601377   1.105811e+00   1.931686e-01   1.105811e+00   1.931686e-01 223200606170353030        358       3399     0 2453903.664086  1.489080e+01  1.896624e-01  1.489080e+01  1.896624e-01 
   77601447   1.221214e+00   1.927163e-01   1.221214e+00   1.927163e-01 223200606170354120        355       3418     0 2453903.664896  1.478302e+01  1.713375e-01  1.478302e+01  1.713375e-01 
   77601517   1.248589e+00   1.928609e-01   1.248589e+00   1.928609e-01 223200606170355220        356       3416     0 2453903.665706  1.475895e+01  1.677067e-01  1.475895e+01  1.677067e-01 
   77601574   1.014643e+00   1.906841e-01   1.014643e+00   1.906841e-01 223200606170356190        362       3392     0 2453903.666366  1.498422e+01  2.040454e-01  1.498422e+01  2.040454e-01 
   77687721   9.825771e-01   1.621960e-01   9.825771e-01   1.621960e-01 223200606180352030        378       3392     0 2453904.663438  1.501908e+01  1.792253e-01  1.501908e+01  1.792253e-01 
   77687764   9.871228e-01   1.618667e-01   9.871228e-01   1.618667e-01 223200606180352470        379       3391     0 2453904.663935  1.501407e+01  1.780378e-01  1.501407e+01  1.780378e-01 
   77687832   1.010162e+00   1.605542e-01   1.010162e+00   1.605542e-01 223200606180353550        380       3389     0 2453904.664722  1.498902e+01  1.725665e-01  1.498902e+01  1.725665e-01 
   77687883   8.650694e-01   1.597438e-01   8.650694e-01   1.597438e-01 223200606180354460        382       3388     0 2453904.665313  1.515737e+01  2.004929e-01  1.515737e+01  2.004929e-01 
   77774357   1.044574e+00   1.371381e-01   1.044574e+00   1.371381e-01 223200606190355570        423       3373     0 2453905.666169  1.495265e+01  1.425426e-01  1.495265e+01  1.425426e-01 
   77774413   9.448577e-01   1.367469e-01   9.448577e-01   1.367469e-01 223200606190356530        423       3373     0 2453905.666817  1.506158e+01  1.571365e-01  1.506158e+01  1.571365e-01 
   77774475   8.647577e-01   1.365015e-01   8.647577e-01   1.365015e-01 223200606190357560        423       3372     0 2453905.667535  1.515776e+01  1.713834e-01  1.515776e+01  1.713834e-01 
   77774540   9.483197e-01   1.344366e-01   9.483197e-01   1.344366e-01 223200606190359000        417       3394     0 2453905.668287  1.505761e+01  1.539177e-01  1.505761e+01  1.539177e-01 
   77860771   8.099653e-01   1.167579e-01   8.099653e-01   1.167579e-01 223200606200356080        407       3367     0 2453906.666331  1.522883e+01  1.565113e-01  1.522883e+01  1.565113e-01 
   77860830   8.280903e-01   1.175479e-01   8.280903e-01   1.175479e-01 223200606200357080        408       3366     0 2453906.667014  1.520481e+01  1.541214e-01  1.520481e+01  1.541214e-01 
   77860894   1.074209e+00   1.176608e-01   1.074209e+00   1.176608e-01 223200606200358110        408       3367     0 2453906.667755  1.492228e+01  1.189238e-01  1.492228e+01  1.189238e-01 
   77860959   8.801110e-01   1.162798e-01   8.801110e-01   1.162798e-01 223200606200359170        402       3389     0 2453906.668507  1.513866e+01  1.434474e-01  1.513866e+01  1.434474e-01 
   77947081   8.360762e-01   1.209687e-01   8.360762e-01   1.209687e-01 223200606210354360        402       3365     0 2453907.665289  1.519439e+01  1.570916e-01  1.519439e+01  1.570916e-01 
   77947135   7.635573e-01   1.211542e-01   7.635573e-01   1.211542e-01 223200606210355300        402       3366     0 2453907.665914  1.529290e+01  1.722751e-01  1.529290e+01  1.722751e-01 
   77947213   7.571948e-01   1.200593e-01   7.571948e-01   1.200593e-01 223200606210356480        398       3388     0 2453907.666817  1.530198e+01  1.721527e-01  1.530198e+01  1.721527e-01 
   77947280   7.739452e-01   1.213765e-01   7.739452e-01   1.213765e-01 223200606210357550        403       3366     0 2453907.667593  1.527822e+01  1.702748e-01  1.527822e+01  1.702748e-01 
   78119990   9.147605e-01   1.044736e-01   9.147605e-01   1.044736e-01 223200606230356210        393       3346     0 2453909.666551  1.509673e+01  1.240009e-01  1.509673e+01  1.240009e-01 
   78120044   8.882337e-01   1.044810e-01   8.882337e-01   1.044810e-01 223200606230357150        392       3347     0 2453909.667176  1.512868e+01  1.277133e-01  1.512868e+01  1.277133e-01 
   78120192   8.241553e-01   1.044290e-01   8.241553e-01   1.044290e-01 223200606230359440        390       3352     0 2453909.668889  1.520998e+01  1.375744e-01  1.520998e+01  1.375744e-01 
   78120254   7.328375e-01   1.045591e-01   7.328375e-01   1.045591e-01 223200606230400460        392       3333     0 2453909.669606  1.533748e+01  1.549101e-01  1.533748e+01  1.549101e-01 
   78206449   7.086131e-01   1.101107e-01   7.086131e-01   1.101107e-01 223200606240357190        412       3331     0 2453910.667234  1.537398e+01  1.687121e-01  1.537398e+01  1.687121e-01 
   78206508   9.688147e-01   1.113413e-01   9.688147e-01   1.113413e-01 223200606240358180        409       3334     0 2453910.667917  1.503440e+01  1.247789e-01  1.503440e+01  1.247789e-01 
   78206583   7.197579e-01   1.086278e-01   7.197579e-01   1.086278e-01 223200606240359320        399       3360     0 2453910.668785  1.535703e+01  1.638628e-01  1.535703e+01  1.638628e-01 
   78206642   8.769499e-01   1.108930e-01   8.769499e-01   1.108930e-01 223200606240400310        396       3348     0 2453910.669468  1.514256e+01  1.372951e-01  1.514256e+01  1.372951e-01 
   78292889   7.574637e-01   1.000063e-01   7.574637e-01   1.000063e-01 223200606250357560        414       3313     0 2453911.667697  1.530160e+01  1.433479e-01  1.530160e+01  1.433479e-01 
   78292994   7.814196e-01   1.017963e-01   7.814196e-01   1.017963e-01 223200606250359400        398       3334     0 2453911.668912  1.526779e+01  1.414404e-01  1.526779e+01  1.414404e-01 
   78293056   7.674825e-01   1.003205e-01   7.674825e-01   1.003205e-01 223200606250400430        398       3333     0 2453911.669630  1.528733e+01  1.419212e-01  1.528733e+01  1.419212e-01 
   78725032   7.680892e-01   1.019917e-01   7.680892e-01   1.019917e-01 223200606300400090        428       3287     0 2453916.669352  1.528647e+01  1.441713e-01  1.528647e+01  1.441713e-01 
   78725079   7.474838e-01   1.016250e-01   7.474838e-01   1.016250e-01 223200606300400570        428       3285     0 2453916.669896  1.531600e+01  1.476129e-01  1.531600e+01  1.476129e-01 
   78811391   6.996318e-01   1.059918e-01   6.996318e-01   1.059918e-01 223200607010359260        421       3280     0 2453917.668877  1.538783e+01  1.644858e-01  1.538783e+01  1.644858e-01 
   78811470   6.825424e-01   1.054897e-01   6.825424e-01   1.054897e-01 223200607010400450        418       3299     0 2453917.669792  1.541468e+01  1.678054e-01  1.541468e+01  1.678054e-01 
   78811535   7.138197e-01   1.060674e-01   7.138197e-01   1.060674e-01 223200607010401510        423       3274     0 2453917.670544  1.536603e+01  1.613315e-01  1.536603e+01  1.613315e-01 
   78897914   7.891150e-01   3.088051e-01   7.891150e-01   3.088051e-01 223200607020401280        433       3265     0 2453918.670301  1.525715e+01  4.248836e-01  1.525715e+01  4.248836e-01 
   78897987   7.399335e-01   1.798323e-01   7.399335e-01   1.798323e-01 223200607020402420        429       3284     0 2453918.671146  1.532702e+01  2.638766e-01  1.532702e+01  2.638766e-01 
   78984203   7.024243e-01   9.929390e-02   7.024243e-01   9.929390e-02 223200607030359350        439       3256     0 2453919.669016  1.538350e+01  1.534790e-01  1.538350e+01  1.534790e-01 
   78984257   6.874214e-01   9.846438e-02   6.874214e-01   9.846438e-02 223200607030400290        442       3253     0 2453919.669641  1.540694e+01  1.555185e-01  1.540694e+01  1.555185e-01 
   79070526   7.603904e-01   9.960993e-02   7.603904e-01   9.960993e-02 223200607040358180        436       3235     0 2453920.668125  1.529741e+01  1.422302e-01  1.529741e+01  1.422302e-01 
   79070572   7.742997e-01   9.952074e-02   7.742997e-01   9.952074e-02 223200607040359040        437       3233     0 2453920.668657  1.527773e+01  1.395502e-01  1.527773e+01  1.395502e-01 
   79070638   6.624492e-01   1.000406e-01   6.624492e-01   1.000406e-01 223200607040400090        438       3231     0 2453920.669421  1.544712e+01  1.639644e-01  1.544712e+01  1.639644e-01 
   79070690   7.931417e-01   1.009907e-01   7.931417e-01   1.009907e-01 223200607040401020        438       3229     0 2453920.670023  1.525162e+01  1.382473e-01  1.525162e+01  1.382473e-01 
   79415954   8.401177e-01   9.951593e-02   8.401177e-01   9.951593e-02 223200607080355190        434       3218     0 2453924.666134  1.518915e+01  1.286111e-01  1.518915e+01  1.286111e-01 
   79416111   8.067138e-01   1.002911e-01   8.067138e-01   1.002911e-01 223200607080357570        436       3238     0 2453924.667951  1.523320e+01  1.349797e-01  1.523320e+01  1.349797e-01 
   79416178   8.251876e-01   1.004580e-01   8.251876e-01   1.004580e-01 223200607080359030        441       3213     0 2453924.668727  1.520862e+01  1.321776e-01  1.520862e+01  1.321776e-01 
   79416236   8.963569e-01   9.996298e-02   8.963569e-01   9.996298e-02 223200607080400010        442       3210     0 2453924.669398  1.511880e+01  1.210832e-01  1.511880e+01  1.210832e-01 
   79502441   8.001077e-01   1.609313e-01   8.001077e-01   1.609313e-01 223200607090356460        446       3211     0 2453925.667141  1.524213e+01  2.183825e-01  1.524213e+01  2.183825e-01 
   79502562   9.204936e-01   1.563775e-01   9.204936e-01   1.563775e-01 223200607090358470        447       3206     0 2453925.668542  1.508995e+01  1.844503e-01  1.508995e+01  1.844503e-01 
   79502716   9.005816e-01   1.528807e-01   9.005816e-01   1.528807e-01 223200607090401200        444       3188     0 2453925.670324  1.511369e+01  1.843128e-01  1.511369e+01  1.843128e-01 
   80278191   1.091802e+00   1.755197e-01   1.091802e+00   1.755197e-01 223200607180325470        476       3166     0 2453934.645729  1.490464e+01  1.745451e-01  1.490464e+01  1.745451e-01 
   80278253   8.806403e-01   1.612990e-01   8.806403e-01   1.612990e-01 223200607180326500        480       3141     0 2453934.646447  1.513800e+01  1.988652e-01  1.513800e+01  1.988652e-01 
   80278328   1.151706e+00   1.890914e-01   1.151706e+00   1.890914e-01 223200607180328050        476       3161     0 2453934.647315  1.484665e+01  1.782608e-01  1.484665e+01  1.782608e-01 
   80278406   9.437286e-01   2.481490e-01   9.437286e-01   2.481490e-01 223200607180329220        481       3136     0 2453934.648218  1.506288e+01  2.854902e-01  1.506288e+01  2.854902e-01 
   80364283   9.115164e-01   1.253772e-01   9.115164e-01   1.253772e-01 223200607190320380        472       3152     0 2453935.642164  1.510059e+01  1.493413e-01  1.510059e+01  1.493413e-01 
   80364339   8.725150e-01   1.256109e-01   8.725150e-01   1.256109e-01 223200607190321350        472       3151     0 2453935.642812  1.514807e+01  1.563077e-01  1.514807e+01  1.563077e-01 
   80364399   9.561788e-01   1.261528e-01   9.561788e-01   1.261528e-01 223200607190322340        472       3149     0 2453935.643507  1.504865e+01  1.432463e-01  1.504865e+01  1.432463e-01 
   80364460   7.263054e-01   1.249328e-01   7.263054e-01   1.249328e-01 223200607190323360        473       3147     0 2453935.644213  1.534720e+01  1.867597e-01  1.534720e+01  1.867597e-01 
   80450499   8.199335e-01   1.140858e-01   8.199335e-01   1.140858e-01 223200607200317340        477       3144     0 2453936.640035  1.521555e+01  1.510702e-01  1.521555e+01  1.510702e-01 
   80450560   9.263334e-01   1.141612e-01   9.263334e-01   1.141612e-01 223200607200318350        477       3142     0 2453936.640741  1.508308e+01  1.338065e-01  1.508308e+01  1.338065e-01 
   80450624   7.048407e-01   1.123924e-01   7.048407e-01   1.123924e-01 223200607200319380        476       3140     0 2453936.641481  1.537977e+01  1.731299e-01  1.537977e+01  1.731299e-01 
   80450681   8.908126e-01   1.121502e-01   8.908126e-01   1.121502e-01 223200607200320360        477       3138     0 2453936.642141  1.512553e+01  1.366909e-01  1.512553e+01  1.366909e-01 
   80967428   7.024997e-01   9.825443e-02   7.024997e-01   9.825443e-02 223200607260253020        435       3179     0 2453942.623009  1.538338e+01  1.518559e-01  1.538338e+01  1.518559e-01 
   80967487   8.034675e-01   9.795784e-02   8.034675e-01   9.795784e-02 223200607260254000        437       3177     0 2453942.623692  1.523758e+01  1.323722e-01  1.523758e+01  1.323722e-01 
   80967547   7.332878e-01   9.705198e-02   7.332878e-01   9.705198e-02 223200607260255010        438       3174     0 2453942.624387  1.533681e+01  1.436997e-01  1.533681e+01  1.436997e-01 
   81053648   7.470887e-01   1.093359e-01   7.470887e-01   1.093359e-01 223200607270250020        432       3175     0 2453943.620926  1.531657e+01  1.588973e-01  1.531657e+01  1.588973e-01 
   81053766   6.443104e-01   1.097308e-01   6.443104e-01   1.097308e-01 223200607270251590        434       3170     0 2453943.622292  1.547726e+01  1.849096e-01  1.547726e+01  1.849096e-01 
   81139826   4.722746e-01   7.264103e-01   4.722746e-01   7.264103e-01 223200607280246190        449       3166     0 2453944.618356  1.581451e+01  1.669988e+00  1.581451e+01  1.669988e+00 
   81139885   1.481719e-01   1.281827e+00   1.481719e-01   1.281827e+00 223200607280247170        450       3163     0 2453944.619039  1.707309e+01  9.392673e+00  1.707309e+01  9.392673e+00 
   81139939   1.038476e+00   7.991095e-01   1.038476e+00   7.991095e-01 223200607280248110        451       3162     0 2453944.619664  1.495901e+01  8.354796e-01  1.495901e+01  8.354796e-01 
   81139993   5.607884e-01   5.116320e-01   5.607884e-01   5.116320e-01 223200607280249060        451       3160     0 2453944.620289  1.562800e+01  9.905685e-01  1.562800e+01  9.905685e-01 
   82346057   1.274830e+00   3.956248e-01   1.274830e+00   3.956248e-01 223200608110150170        446       3201     0 2453958.579363  1.473637e+01  3.369436e-01  1.473637e+01  3.369436e-01 
   82346113   7.887782e-01   3.924825e-01   7.887782e-01   3.924825e-01 223200608110151120        449       3199     0 2453958.580012  1.525761e+01  5.402457e-01  1.525761e+01  5.402457e-01 
   82346168   1.505861e+00   3.985280e-01   1.505861e+00   3.985280e-01 223200608110152070        449       3195     0 2453958.580648  1.455554e+01  2.873424e-01  1.455554e+01  2.873424e-01 
   82346227   1.241871e+00   3.997591e-01   1.241871e+00   3.997591e-01 223200608110153070        449       3193     0 2453958.581331  1.476481e+01  3.495004e-01  1.476481e+01  3.495004e-01 
   82518412   8.031757e-01   2.548321e-01   8.031757e-01   2.548321e-01 223200608130142530        449       3176     0 2453960.574213  1.523797e+01  3.444843e-01  1.523797e+01  3.444843e-01 
   82518471   8.021004e-01   2.545580e-01   8.021004e-01   2.545580e-01 223200608130143520        451       3173     0 2453960.574896  1.523943e+01  3.445751e-01  1.523943e+01  3.445751e-01 
   82518533   1.189304e+00   2.508726e-01   1.189304e+00   2.508726e-01 223200608130144550        449       3168     0 2453960.575613  1.481177e+01  2.290267e-01  1.481177e+01  2.290267e-01 
   82518611   1.213538e+00   2.526864e-01   1.213538e+00   2.526864e-01 223200608130146120        445       3187     0 2453960.576516  1.478987e+01  2.260760e-01  1.478987e+01  2.260760e-01 
   82604649   9.641405e-01   2.072274e-01   9.641405e-01   2.072274e-01 223200608140140120        456       3189     0 2453961.572326  1.503965e+01  2.333634e-01  1.503965e+01  2.333634e-01 
   82604706   9.719126e-01   2.087278e-01   9.719126e-01   2.087278e-01 223200608140141080        468       3186     0 2453961.572986  1.503093e+01  2.331734e-01  1.503093e+01  2.331734e-01 
   82863065   7.965967e-01   1.323317e-01   7.965967e-01   1.323317e-01 223200608170127120        439       3202     0 2453964.563252  1.524690e+01  1.803646e-01  1.524690e+01  1.803646e-01 
   82863249   8.152109e-01   1.298863e-01   8.152109e-01   1.298863e-01 223200608170130160        448       3168     0 2453964.565382  1.522182e+01  1.729892e-01  1.522182e+01  1.729892e-01 
   82949238   7.132204e-01   9.957436e-02   7.132204e-01   9.957436e-02 223200608180123250        443       3152     0 2453965.560625  1.536694e+01  1.515827e-01  1.536694e+01  1.515827e-01 
   82949300   7.844439e-01   9.907421e-02   7.844439e-01   9.907421e-02 223200608180124270        446       3151     0 2453965.561343  1.526360e+01  1.371275e-01  1.526360e+01  1.371275e-01 
   82949363   6.532649e-01   9.914064e-02   6.532649e-01   9.914064e-02 223200608180125310        446       3147     0 2453965.562072  1.546228e+01  1.647738e-01  1.546228e+01  1.647738e-01 
   82949454   6.852855e-01   1.012529e-01   6.852855e-01   1.012529e-01 223200608180127020        441       3164     0 2453965.563125  1.541032e+01  1.604212e-01  1.541032e+01  1.604212e-01 
   83724662   7.712274e-01   9.913393e-02   7.712274e-01   9.913393e-02 223200608270047250        423       3200     0 2453974.535440  1.528204e+01  1.395615e-01  1.528204e+01  1.395615e-01 
   83724726   8.030055e-01   9.861435e-02   8.030055e-01   9.861435e-02 223200608270048280        426       3169     0 2453974.536181  1.523820e+01  1.333360e-01  1.523820e+01  1.333360e-01 
   83724801   8.797195e-01   9.952020e-02   8.797195e-01   9.952020e-02 223200608270049440        422       3187     0 2453974.537049  1.513914e+01  1.228267e-01  1.513914e+01  1.228267e-01 
   83724863   7.930456e-01   9.906130e-02   7.930456e-01   9.906130e-02 223200608270050460        427       3161     0 2453974.537766  1.525175e+01  1.356225e-01  1.525175e+01  1.356225e-01 
   83810828   8.580743e-01   9.524584e-02   8.580743e-01   9.524584e-02 223200608280043330        427       3190     0 2453975.532731  1.516619e+01  1.205166e-01  1.516619e+01  1.205166e-01 
   83810880   7.515987e-01   9.444623e-02   7.515987e-01   9.444623e-02 223200608280044250        429       3188     0 2453975.533333  1.531003e+01  1.364346e-01  1.531003e+01  1.364346e-01 
   83810951   8.772613e-01   9.326494e-02   8.772613e-01   9.326494e-02 223200608280045350        428       3183     0 2453975.534155  1.514218e+01  1.154291e-01  1.514218e+01  1.154291e-01 
   83811008   6.114636e-01   9.318369e-02   6.114636e-01   9.318369e-02 223200608280046320        428       3181     0 2453975.534815  1.553407e+01  1.654608e-01  1.553407e+01  1.654608e-01 
   84328659   8.633407e-01   2.845230e-01   8.633407e-01   2.845230e-01 223200609030034170        417       3121     0 2453981.526146  1.515954e+01  3.578171e-01  1.515954e+01  3.578171e-01 
   84328731   1.152031e+00   2.939199e-01   1.152031e+00   2.939199e-01 223200609030035280        413       3139     0 2453981.526979  1.484634e+01  2.770069e-01  1.484634e+01  2.770069e-01 
   84328855   9.825045e-01   2.925082e-01   9.825045e-01   2.925082e-01 223200609030037320        415       3105     0 2453981.528414  1.501916e+01  3.232432e-01  1.501916e+01  3.232432e-01 
   84500165   9.196050e-01   4.581533e-01   9.196050e-01   4.581533e-01 223200609050012480        425       3185     0 2453983.511169  1.509100e+01  5.409229e-01  1.509100e+01  5.409229e-01 
   84500225   1.437087e+00   4.571256e-01   1.437087e+00   4.571256e-01 223200609050013480        426       3181     0 2453983.511863  1.460629e+01  3.453651e-01  1.460629e+01  3.453651e-01 
   84500365   1.182093e+00   4.581260e-01   1.182093e+00   4.581260e-01 223200609050016080        422       3196     0 2453983.513484  1.481837e+01  4.207839e-01  1.481837e+01  4.207839e-01 
   84844838   1.380662e+00   6.321923e-01   1.380662e+00   6.321923e-01 223200609082357310        436       3192     0 2453987.500440  1.464978e+01  4.971502e-01  1.464978e+01  4.971502e-01 
   84844894   9.726917e-01   6.296743e-01   9.726917e-01   6.296743e-01 223200609082358260        437       3188     0 2453987.501088  1.503006e+01  7.028565e-01  1.503006e+01  7.028565e-01 
   84844951   1.275790e+00   6.223990e-01   1.275790e+00   6.223990e-01 223200609082359230        436       3185     0 2453987.501748  1.473555e+01  5.296826e-01  1.473555e+01  5.296826e-01 
   84845013   1.496140e+00   6.222129e-01   1.496140e+00   6.222129e-01 223200609090000260        436       3182     0 2453987.502465  1.456257e+01  4.515362e-01  1.456257e+01  4.515362e-01 
   85017138   9.153007e-01   3.419244e-01   9.153007e-01   3.419244e-01 223200609102349160        410       3147     0 2453989.494653  1.509609e+01  4.055946e-01  1.509609e+01  4.055946e-01 
   85017205   9.620087e-01   4.397335e-01   9.620087e-01   4.397335e-01 223200609102350220        412       3144     0 2453989.495428  1.504205e+01  4.962910e-01  1.504205e+01  4.962910e-01 
   85017264   7.936767e-01   3.911662e-01   7.936767e-01   3.911662e-01 223200609102351210        412       3142     0 2453989.496111  1.525089e+01  5.351105e-01  1.525089e+01  5.351105e-01 
   85361730   6.837118e-01   9.605016e-02   6.837118e-01   9.605016e-02 223200609142332380        414       3100     0 2453993.482986  1.541282e+01  1.525284e-01  1.541282e+01  1.525284e-01 
   85361787   6.873589e-01   9.664857e-02   6.873589e-01   9.664857e-02 223200609142333360        415       3097     0 2453993.483646  1.540704e+01  1.526644e-01  1.540704e+01  1.526644e-01 
   85361848   6.635369e-01   9.653052e-02   6.635369e-01   9.653052e-02 223200609142334370        416       3093     0 2453993.484352  1.544534e+01  1.579521e-01  1.544534e+01  1.579521e-01 
   85620627   8.881839e-01   1.092122e-01   8.881839e-01   1.092122e-01 223200609172327440        383       3104     0 2453996.479479  1.512874e+01  1.335040e-01  1.512874e+01  1.335040e-01 
   85620686   7.143508e-01   1.092847e-01   7.143508e-01   1.092847e-01 223200609172328430        383       3100     0 2453996.480162  1.536522e+01  1.661016e-01  1.536522e+01  1.661016e-01 
   85620749   8.346235e-01   1.112779e-01   8.346235e-01   1.112779e-01 223200609172329460        383       3097     0 2453996.480891  1.519627e+01  1.447585e-01  1.519627e+01  1.447585e-01 
   85620803   7.928097e-01   1.113493e-01   7.928097e-01   1.113493e-01 223200609172330410        383       3094     0 2453996.481516  1.525208e+01  1.524911e-01  1.525208e+01  1.524911e-01 
   85706423   8.208860e-01   1.078008e-01   8.208860e-01   1.078008e-01 223200609182317440        387       3076     0 2453997.472488  1.521429e+01  1.425821e-01  1.521429e+01  1.425821e-01 
   85706541   8.212191e-01   1.078600e-01   8.212191e-01   1.078600e-01 223200609182319410        392       3053     0 2453997.473854  1.521385e+01  1.426025e-01  1.521385e+01  1.426025e-01 
   85706618   8.314185e-01   1.068339e-01   8.314185e-01   1.068339e-01 223200609182320580        387       3074     0 2453997.474745  1.520045e+01  1.395132e-01  1.520045e+01  1.395132e-01 
   85878736   7.923378e-01   1.084895e-01   7.923378e-01   1.084895e-01 223200609202309430        388       3130     0 2453999.466852  1.525272e+01  1.486631e-01  1.525272e+01  1.486631e-01 
   85878793   8.003564e-01   1.088682e-01   8.003564e-01   1.088682e-01 223200609202310400        390       3128     0 2453999.467512  1.524179e+01  1.476874e-01  1.524179e+01  1.476874e-01 
   85878914   7.684336e-01   1.090531e-01   7.684336e-01   1.090531e-01 223200609202312420        391       3122     0 2453999.468912  1.528598e+01  1.540839e-01  1.528598e+01  1.540839e-01 
   85964859   8.335218e-01   9.994072e-02   8.335218e-01   9.994072e-02 223200609212305090        402       3125     0 2454000.463646  1.519771e+01  1.301821e-01  1.519771e+01  1.301821e-01 
   85965012   7.460483e-01   9.950500e-02   7.460483e-01   9.950500e-02 223200609212307420        404       3117     0 2454000.465417  1.531808e+01  1.448118e-01  1.531808e+01  1.448118e-01 
   85965075   7.422388e-01   9.993134e-02   7.422388e-01   9.993134e-02 223200609212308460        405       3114     0 2454000.466146  1.532364e+01  1.461786e-01  1.532364e+01  1.461786e-01 
   85965131   7.113546e-01   9.921256e-02   7.113546e-01   9.921256e-02 223200609212309410        406       3112     0 2454000.466794  1.536978e+01  1.514281e-01  1.536978e+01  1.514281e-01 
   86404972   7.312185e-01   1.037587e-01   7.312185e-01   1.037587e-01 223200609270120390        267       2766     0 2454005.557546  1.533988e+01  1.540647e-01  1.533988e+01  1.540647e-01 
   86405033   8.055733e-01   1.045101e-01   8.055733e-01   1.045101e-01 223200609270121400        270       2742     0 2454005.558252  1.523474e+01  1.408572e-01  1.523474e+01  1.408572e-01 
   86405101   7.771544e-01   1.036841e-01   7.771544e-01   1.036841e-01 223200609270122490        268       2739     0 2454005.559039  1.527373e+01  1.448541e-01  1.527373e+01  1.448541e-01 
   86405162   7.387512e-01   1.036374e-01   7.387512e-01   1.036374e-01 223200609270123490        268       2737     0 2454005.559745  1.532875e+01  1.523155e-01  1.532875e+01  1.523155e-01 
   93120130   9.915739e-01   2.375230e-01   9.915739e-01   2.375230e-01 223200612131844400        690       2827     0 2454083.279282  1.500919e+01  2.600797e-01  1.500919e+01  2.600797e-01 
   93120189   7.766343e-01   2.218316e-01   7.766343e-01   2.218316e-01 223200612131845380        691       2825     0 2454083.279965  1.527446e+01  3.101222e-01  1.527446e+01  3.101222e-01 
   93120265   1.141543e+00   1.996702e-01   1.141543e+00   1.996702e-01 223200612131846550        687       2843     0 2454083.280845  1.485627e+01  1.899096e-01  1.485627e+01  1.899096e-01 
   93120329   1.093942e+00   1.868124e-01   1.093942e+00   1.868124e-01 223200612131847580        691       2819     0 2454083.281586  1.490251e+01  1.854117e-01  1.490251e+01  1.854117e-01 
   93293019   1.083247e+00   2.708603e-01   1.083247e+00   2.708603e-01 223200612151846130        664       2797     0 2454085.280312  1.491318e+01  2.714837e-01  1.491318e+01  2.714837e-01 
   93293073   1.110205e+00   2.539607e-01   1.110205e+00   2.539607e-01 223200612151847070        663       2795     0 2454085.280937  1.488649e+01  2.483643e-01  1.488649e+01  2.483643e-01 
   93293127   1.389683e+00   2.378312e-01   1.389683e+00   2.378312e-01 223200612151848010        663       2792     0 2454085.281563  1.464271e+01  1.858141e-01  1.464271e+01  1.858141e-01 
   93467307   8.173282e-01   1.090550e-01   8.173282e-01   1.090550e-01 223200612171911070       1014       2626     0 2454087.297535  1.521901e+01  1.448688e-01  1.521901e+01  1.448688e-01 
   93467363   9.094638e-01   1.073001e-01   9.094638e-01   1.073001e-01 223200612171912030       1013       2623     0 2454087.298183  1.510304e+01  1.280975e-01  1.510304e+01  1.280975e-01 
   93467423   8.826963e-01   1.059286e-01   8.826963e-01   1.059286e-01 223200612171913020       1011       2620     0 2454087.298877  1.513547e+01  1.302950e-01  1.513547e+01  1.302950e-01 
   93467493   7.991453e-01   1.044620e-01   7.991453e-01   1.044620e-01 223200612171914130       1004       2638     0 2454087.299688  1.524344e+01  1.419248e-01  1.524344e+01  1.419248e-01 
   93725364   1.171303e+00   2.419339e-01   1.171303e+00   2.419339e-01 223200612201852110        132       2714     0 2454090.284306  1.482833e+01  2.242608e-01  1.482833e+01  2.242608e-01 
   93725423   6.571212e-01   2.264800e-01   6.571212e-01   2.264800e-01 223200612201853100        131       2712     0 2454090.284988  1.545589e+01  3.742056e-01  1.545589e+01  3.742056e-01 
   93725480   1.107379e+00   2.136503e-01   1.107379e+00   2.136503e-01 223200612201854080        131       2710     0 2454090.285648  1.488926e+01  2.094754e-01  1.488926e+01  2.094754e-01 
   93725542   1.291080e+00   1.989308e-01   1.291080e+00   1.989308e-01 223200612201855100        130       2708     0 2454090.286366  1.472262e+01  1.672918e-01  1.472262e+01  1.672918e-01 
  124569520   1.062774e+00   2.957282e-01   1.062774e+00   2.957282e-01 221200712121841060      20249       4937     0 2454447.276852  1.493390e+01  3.021187e-01  1.493390e+01  3.021187e-01 
  124570447   1.079408e+00   1.433770e-01   1.079408e+00   1.433770e-01 222200712121856320       2801      20913     0 2454447.287581  1.491704e+01  1.442181e-01  1.491704e+01  1.442181e-01 
  124571579   1.215514e+00   1.036989e-01   1.215514e+00   1.036989e-01 222200712121915250       2821      20860     0 2454447.300683  1.478810e+01  9.262754e-02  1.478810e+01  9.262754e-02 
  124572786   1.236554e+00   1.016001e-01   1.236554e+00   1.016001e-01 222200712121935320       2800      20873     0 2454447.314653  1.476947e+01  8.920868e-02  1.476947e+01  8.920868e-02 
  124572977   1.074126e+00   8.436665e-02   1.074126e+00   8.436665e-02 221200712121938430      20239       5141     0 2454447.316863  1.492236e+01  8.527889e-02  1.492236e+01  8.527889e-02 
