\OBJNAME = '1SWASP J002054.22-720559.0'
\OBSSTART = '2006-05-11T04:14:48'
\OBSSTOP = '2007-12-12T19:39:43'
\TSTART = 74405740
\TSTOP = 124573052
\JD_REF = 2453005.5
\RA_OBJ = '5.225956'
\DEC_OBJ = '-72.099736'
\WASP_MAG = 14.32081
\HJD_START = 2453866.677546
\HJD_STOP = 2454447.317731
\fixlen = T
\NUMRECORDS = 410
\
\ This file was produced by the NASA Exoplanet Archive  http://exoplanetarchive.ipac.caltech.edu 
\ Thu Sep 12, 05:51:48 2013
\ Documentation for the SuperWASP dataset can be found at http://exoplanetarchive.ipac.caltech.edu/docs/SuperWASPMission.html
\
|TMID      |FLUX2         |FLUX2_ERR     |TAMFLUX2      |TAMFLUX2_ERR  |IMAGEID           |CCDX      |CCDY      |FLAG |           HJD|         MAG2|     MAG2_ERR|      TAMMAG2|  TAMMAG2_ERR|
|int       |float         |float         |float         |float         |char              |int       |int       |int  |        double|        float|        float|        float|        float|
|sec       |micro Vega    |micro Vega    |micro Vega    |micro Vega    |                  |1/16 pixel|1/16 pixel|     |           day|          mag|          mag|          mag|          mag|
|null      |null          |null          |null          |null          |null              |null      |null      |null |          null|         null|         null|         null|         null|
   74405740   2.140830e+00   2.320375e-01   2.140830e+00   2.320375e-01 223200605110414480      11406       1289     0 2453866.677546  1.417354e+01  1.176798e-01  1.417354e+01  1.176798e-01 
   74405793   2.276248e+00   2.531712e-01   2.276248e+00   2.531712e-01 223200605110415410      11410       1286     0 2453866.678160  1.410695e+01  1.207593e-01  1.410695e+01  1.207593e-01 
   74405877   2.035262e+00   2.839985e-01   2.035262e+00   2.839985e-01 223200605110417040      11415       1284     0 2453866.679132  1.422845e+01  1.515031e-01  1.422845e+01  1.515031e-01 
   74405942   1.858233e+00   3.160515e-01   1.858233e+00   3.160515e-01 223200605110418100      11423       1258     0 2453866.679884  1.432725e+01  1.846646e-01  1.432725e+01  1.846646e-01 
   74491853   1.989770e+00   2.479127e-01   1.989770e+00   2.479127e-01 223200605120409570      11426       1216     0 2453867.674225  1.425299e+01  1.352763e-01  1.425299e+01  1.352763e-01 
   74491991   1.783444e+00   2.634486e-01   1.783444e+00   2.634486e-01 223200605120412150      11434       1212     0 2453867.675822  1.437185e+01  1.603844e-01  1.437185e+01  1.603844e-01 
   74492044   2.016571e+00   2.730253e-01   2.016571e+00   2.730253e-01 223200605120413070      11437       1211     0 2453867.676435  1.423847e+01  1.469993e-01  1.423847e+01  1.469993e-01 
   74750435   2.267234e+00   3.476155e-01   2.267234e+00   3.476155e-01 223200605150359270      11426       1215     0 2453870.667072  1.411126e+01  1.664672e-01  1.411126e+01  1.664672e-01 
   74750489   2.019248e+00   3.514677e-01   2.019248e+00   3.514677e-01 223200605150400210      11430       1215     0 2453870.667697  1.423703e+01  1.889824e-01  1.423703e+01  1.889824e-01 
   74750548   2.252537e+00   3.528326e-01   2.252537e+00   3.528326e-01 223200605150401200      11433       1213     0 2453870.668380  1.411832e+01  1.700680e-01  1.411832e+01  1.700680e-01 
   75613636   1.774936e+00   1.357331e-01   1.774936e+00   1.357331e-01 223200605250345300      11501       1232     0 2453880.657824  1.437704e+01  8.302885e-02  1.437704e+01  8.302885e-02 
   75613699   1.968616e+00   1.373709e-01   1.968616e+00   1.373709e-01 223200605250346340      11509       1204     0 2453880.658553  1.426460e+01  7.576345e-02  1.426460e+01  7.576345e-02 
   75613757   1.913147e+00   1.372157e-01   1.913147e+00   1.372157e-01 223200605250347310      11513       1202     0 2453880.659225  1.429563e+01  7.787203e-02  1.429563e+01  7.787203e-02 
   75613825   1.894281e+00   1.360849e-01   1.894281e+00   1.360849e-01 223200605250348400      11511       1225     0 2453880.660012  1.430639e+01  7.799941e-02  1.430639e+01  7.799941e-02 
   75700091   1.795934e+00   1.335889e-01   1.795934e+00   1.335889e-01 223200605260346210      11520       1222     0 2453881.658461  1.436427e+01  8.076174e-02  1.436427e+01  8.076174e-02 
   75700154   1.835729e+00   1.321837e-01   1.835729e+00   1.321837e-01 223200605260347250      11527       1191     0 2453881.659190  1.434048e+01  7.817991e-02  1.434048e+01  7.817991e-02 
   75700221   1.919977e+00   1.324954e-01   1.919977e+00   1.324954e-01 223200605260348310      11526       1216     0 2453881.659965  1.429176e+01  7.492570e-02  1.429176e+01  7.492570e-02 
   75700290   1.677470e+00   1.310710e-01   1.677470e+00   1.310710e-01 223200605260349400      11532       1185     0 2453881.660764  1.443836e+01  8.483553e-02  1.443836e+01  8.483553e-02 
   76132310   1.422962e+00   1.104804e-01   1.422962e+00   1.104804e-01 223200605310349440      11584       1195     0 2453886.660995  1.461702e+01  8.429804e-02  1.461702e+01  8.429804e-02 
   76132377   1.572613e+00   1.108861e-01   1.572613e+00   1.108861e-01 223200605310350510      11591       1164     0 2453886.661771  1.450844e+01  7.655629e-02  1.450844e+01  7.655629e-02 
   76132488   1.513555e+00   1.116551e-01   1.513555e+00   1.116551e-01 223200605310352410      11595       1162     0 2453886.663056  1.455000e+01  8.009510e-02  1.455000e+01  8.009510e-02 
   76218781   1.548169e+00   1.138385e-01   1.548169e+00   1.138385e-01 223200606010350510      11602       1157     0 2453887.661817  1.452545e+01  7.983560e-02  1.452545e+01  7.983560e-02 
   76218849   1.780524e+00   1.147761e-01   1.780524e+00   1.147761e-01 223200606010351580      11603       1179     0 2453887.662604  1.437363e+01  6.998895e-02  1.437363e+01  6.998895e-02 
   76218919   1.540880e+00   1.133116e-01   1.540880e+00   1.133116e-01 223200606010353090      11606       1177     0 2453887.663414  1.453058e+01  7.984202e-02  1.453058e+01  7.984202e-02 
   76219005   1.565436e+00   1.128362e-01   1.565436e+00   1.128362e-01 223200606010354350      11613       1149     0 2453887.664410  1.451341e+01  7.825980e-02  1.451341e+01  7.825980e-02 
   76478187   1.931169e+00   1.224255e-01   1.931169e+00   1.224255e-01 223200606040354060      11614       1149     0 2453890.664201  1.428545e+01  6.882993e-02  1.428545e+01  6.882993e-02 
   76478260   1.754620e+00   1.226943e-01   1.754620e+00   1.226943e-01 223200606040355190      11614       1172     0 2453890.665046  1.438954e+01  7.592193e-02  1.438954e+01  7.592193e-02 
   76478336   1.776543e+00   1.249613e-01   1.776543e+00   1.249613e-01 223200606040356360      11622       1141     0 2453890.665926  1.437606e+01  7.637050e-02  1.437606e+01  7.637050e-02 
   76478389   1.695611e+00   1.250047e-01   1.695611e+00   1.250047e-01 223200606040357280      11624       1139     0 2453890.666539  1.442668e+01  8.004349e-02  1.442668e+01  8.004349e-02 
   76564529   2.515141e+00   3.138554e-01   2.515141e+00   3.138554e-01 223200606050353060      11640       1133     0 2453891.663530  1.399859e+01  1.354856e-01  1.399859e+01  1.354856e-01 
   76564588   2.364784e+00   3.020625e-01   2.364784e+00   3.020625e-01 223200606050354050      11645       1133     0 2453891.664213  1.406552e+01  1.386855e-01  1.406552e+01  1.386855e-01 
   76564706   2.127318e+00   2.794684e-01   2.127318e+00   2.794684e-01 223200606050356020      11649       1129     0 2453891.665579  1.418042e+01  1.426350e-01  1.418042e+01  1.426350e-01 
   76650901   1.566736e+00   1.124560e-01   1.566736e+00   1.124560e-01 223200606060352330      11629       1129     0 2453892.663206  1.451251e+01  7.793140e-02  1.451251e+01  7.793140e-02 
   76651035   1.541962e+00   1.174591e-01   1.541962e+00   1.174591e-01 223200606060354480      11636       1129     0 2453892.664757  1.452982e+01  8.270639e-02  1.452982e+01  8.270639e-02 
   76651091   1.696802e+00   1.161301e-01   1.696802e+00   1.161301e-01 223200606060355430      11639       1126     0 2453892.665405  1.442592e+01  7.430867e-02  1.442592e+01  7.430867e-02 
   76651167   1.791536e+00   1.158559e-01   1.791536e+00   1.158559e-01 223200606060357000      11637       1149     0 2453892.666285  1.436694e+01  7.021319e-02  1.436694e+01  7.021319e-02 
   76737448   1.697553e+00   1.173112e-01   1.697553e+00   1.173112e-01 223200606070354570      11642       1131     0 2453893.664907  1.442544e+01  7.503124e-02  1.442544e+01  7.503124e-02 
   76737503   1.722537e+00   1.177489e-01   1.722537e+00   1.177489e-01 223200606070355530      11644       1128     0 2453893.665544  1.440958e+01  7.421883e-02  1.440958e+01  7.421883e-02 
   76737559   1.696024e+00   1.182937e-01   1.696024e+00   1.182937e-01 223200606070356480      11646       1127     0 2453893.666192  1.442642e+01  7.572783e-02  1.442642e+01  7.572783e-02 
   76823785   1.771855e+00   1.158108e-01   1.771855e+00   1.158108e-01 223200606080353510      11666       1132     0 2453894.664178  1.437893e+01  7.096541e-02  1.437893e+01  7.096541e-02 
   76823844   1.708030e+00   1.162444e-01   1.708030e+00   1.162444e-01 223200606080354510      11670       1129     0 2453894.664861  1.441876e+01  7.389281e-02  1.441876e+01  7.389281e-02 
   76823903   1.637231e+00   1.163297e-01   1.637231e+00   1.163297e-01 223200606080355500      11672       1127     0 2453894.665544  1.446472e+01  7.714475e-02  1.446472e+01  7.714475e-02 
   76823989   1.822510e+00   1.164024e-01   1.822510e+00   1.164024e-01 223200606080357160      11671       1150     0 2453894.666539  1.434832e+01  6.934540e-02  1.434832e+01  6.934540e-02 
   76910211   1.568600e+00   1.107187e-01   1.568600e+00   1.107187e-01 223200606090354140      11663       1119     0 2453895.664479  1.451122e+01  7.663632e-02  1.451122e+01  7.663632e-02 
   76910265   1.735106e+00   1.122582e-01   1.735106e+00   1.122582e-01 223200606090355080      11665       1117     0 2453895.665104  1.440168e+01  7.024542e-02  1.440168e+01  7.024542e-02 
   76910349   1.344827e+00   1.119701e-01   1.344827e+00   1.119701e-01 223200606090356320      11664       1140     0 2453895.666076  1.467833e+01  9.039862e-02  1.467833e+01  9.039862e-02 
   76910421   1.500099e+00   1.117732e-01   1.500099e+00   1.117732e-01 223200606090357440      11670       1112     0 2453895.666910  1.455970e+01  8.089909e-02  1.455970e+01  8.089909e-02 
   76996567   2.277771e+00   2.263199e-01   2.277771e+00   2.263199e-01 223200606100353270      11668       1120     0 2453896.663970  1.410623e+01  1.078794e-01  1.410623e+01  1.078794e-01 
   76996632   2.246131e+00   2.239993e-01   2.246131e+00   2.239993e-01 223200606100354320      11672       1116     0 2453896.664722  1.412141e+01  1.082773e-01  1.412141e+01  1.082773e-01 
   76996693   1.969151e+00   2.212250e-01   1.969151e+00   2.212250e-01 223200606100355320      11674       1114     0 2453896.665428  1.426430e+01  1.219779e-01  1.426430e+01  1.219779e-01 
   76996748   1.968561e+00   2.184917e-01   1.968561e+00   2.184917e-01 223200606100356270      11675       1113     0 2453896.666065  1.426463e+01  1.205069e-01  1.426463e+01  1.205069e-01 
   77083064   2.323207e+00   3.777298e-01   2.323207e+00   3.777298e-01 223200606110355000      11681       1132     0 2453897.665093  1.408478e+01  1.765302e-01  1.408478e+01  1.765302e-01 
   77083145   2.219157e+00   3.764547e-01   2.219157e+00   3.764547e-01 223200606110356210      11687       1103     0 2453897.666030  1.413453e+01  1.841834e-01  1.413453e+01  1.841834e-01 
   77169315   2.070961e+00   4.732891e-01   2.070961e+00   4.732891e-01 223200606120352290      11687       1100     0 2453898.663368  1.420957e+01  2.481306e-01  1.420957e+01  2.481306e-01 
   77169433   1.681361e+00   4.702506e-01   1.681361e+00   4.702506e-01 223200606120354260      11691       1095     0 2453898.664734  1.443585e+01  3.036647e-01  1.443585e+01  3.036647e-01 
   77514679   6.585149e+00   2.178182e+00   6.585149e+00   2.178182e+00 223200606160348210      11690       1068     0 2453902.660637  1.295359e+01  3.591322e-01  1.295359e+01  3.591322e-01 
   77514744   1.326481e+00   2.778424e+00   1.326481e+00   2.778424e+00 223200606160349260      11692       1065     0 2453902.661389  1.469325e+01  2.274172e+00  1.469325e+01  2.274172e+00 
   77601503   1.843215e+00   1.955805e-01   1.843215e+00   1.955805e-01 223200606170355220      11704       1073     0 2453903.665544  1.433606e+01  1.152061e-01  1.433606e+01  1.152061e-01 
   77601560   1.738956e+00   1.956708e-01   1.738956e+00   1.956708e-01 223200606170356190      11709       1045     0 2453903.666204  1.439928e+01  1.221696e-01  1.439928e+01  1.221696e-01 
   77687707   2.069325e+00   1.685693e-01   2.069325e+00   1.685693e-01 223200606180352030      11725       1046     0 2453904.663275  1.421043e+01  8.844546e-02  1.421043e+01  8.844546e-02 
   77687750   2.077015e+00   1.669680e-01   2.077015e+00   1.669680e-01 223200606180352470      11726       1044     0 2453904.663773  1.420640e+01  8.728095e-02  1.420640e+01  8.728095e-02 
   77687818   2.139454e+00   1.657752e-01   2.139454e+00   1.657752e-01 223200606180353550      11728       1043     0 2453904.664560  1.417424e+01  8.412838e-02  1.417424e+01  8.412838e-02 
   77687869   1.935229e+00   1.653460e-01   1.935229e+00   1.653460e-01 223200606180354460      11729       1041     0 2453904.665150  1.428317e+01  9.276563e-02  1.428317e+01  9.276563e-02 
   77774344   1.541566e+00   1.418653e-01   1.541566e+00   1.418653e-01 223200606190355570      11770       1026     0 2453905.666019  1.453009e+01  9.991709e-02  1.453009e+01  9.991709e-02 
   77774400   1.956774e+00   1.424364e-01   1.956774e+00   1.424364e-01 223200606190356530      11770       1026     0 2453905.666667  1.427115e+01  7.903257e-02  1.427115e+01  7.903257e-02 
   77774462   1.655372e+00   1.416316e-01   1.655372e+00   1.416316e-01 223200606190357560      11770       1025     0 2453905.667384  1.445276e+01  9.289461e-02  1.445276e+01  9.289461e-02 
   77774527   1.934585e+00   1.416988e-01   1.934585e+00   1.416988e-01 223200606190359000      11765       1051     0 2453905.668137  1.428353e+01  7.952510e-02  1.428353e+01  7.952510e-02 
   77860758   1.609729e+00   1.237320e-01   1.609729e+00   1.237320e-01 223200606200356080      11754       1021     0 2453906.666181  1.448312e+01  8.345551e-02  1.448312e+01  8.345551e-02 
   77860817   1.635912e+00   1.229709e-01   1.635912e+00   1.229709e-01 223200606200357080      11755       1020     0 2453906.666863  1.446560e+01  8.161464e-02  1.446560e+01  8.161464e-02 
   77860881   1.694059e+00   1.232297e-01   1.694059e+00   1.232297e-01 223200606200358110      11754       1021     0 2453906.667604  1.442768e+01  7.897918e-02  1.442768e+01  7.897918e-02 
   77860946   1.666014e+00   1.237457e-01   1.666014e+00   1.237457e-01 223200606200359170      11750       1047     0 2453906.668356  1.444580e+01  8.064494e-02  1.444580e+01  8.064494e-02 
   77947068   1.821261e+00   1.280098e-01   1.821261e+00   1.280098e-01 223200606210354360      11749       1020     0 2453907.665139  1.434907e+01  7.631269e-02  1.434907e+01  7.631269e-02 
   77947122   1.665716e+00   1.275564e-01   1.665716e+00   1.275564e-01 223200606210355300      11749       1021     0 2453907.665764  1.444600e+01  8.314325e-02  1.444600e+01  8.314325e-02 
   77947200   1.729466e+00   1.283267e-01   1.729466e+00   1.283267e-01 223200606210356480      11746       1046     0 2453907.666667  1.440522e+01  8.056214e-02  1.440522e+01  8.056214e-02 
   77947267   1.698641e+00   1.279425e-01   1.698641e+00   1.279425e-01 223200606210357550      11749       1021     0 2453907.667442  1.442475e+01  8.177850e-02  1.442475e+01  8.177850e-02 
   78119978   1.830736e+00   1.155303e-01   1.830736e+00   1.155303e-01 223200606230356210      11740       1000     0 2453909.666412  1.434344e+01  6.851661e-02  1.434344e+01  6.851661e-02 
   78120032   1.838823e+00   1.154370e-01   1.838823e+00   1.154370e-01 223200606230357150      11740       1002     0 2453909.667037  1.433865e+01  6.816023e-02  1.433865e+01  6.816023e-02 
   78120180   1.915693e+00   1.158059e-01   1.915693e+00   1.158059e-01 223200606230359440      11739       1011     0 2453909.668750  1.429418e+01  6.563424e-02  1.429418e+01  6.563424e-02 
   78120242   2.050201e+00   1.155446e-01   2.050201e+00   1.155446e-01 223200606230400460      11740        988     0 2453909.669468  1.422051e+01  6.118978e-02  1.422051e+01  6.118978e-02 
   78206438   1.882872e+00   1.193849e-01   1.882872e+00   1.193849e-01 223200606240357190      11759        986     0 2453910.667106  1.431295e+01  6.884217e-02  1.431295e+01  6.884217e-02 
   78206497   1.697042e+00   1.171730e-01   1.697042e+00   1.171730e-01 223200606240358180      11757        990     0 2453910.667789  1.442577e+01  7.496539e-02  1.442577e+01  7.496539e-02 
   78206572   1.827308e+00   1.184056e-01   1.827308e+00   1.184056e-01 223200606240359320      11748       1021     0 2453910.668657  1.434547e+01  7.035363e-02  1.434547e+01  7.035363e-02 
   78206631   1.664040e+00   1.177389e-01   1.664040e+00   1.177389e-01 223200606240400310      11744       1004     0 2453910.669340  1.444709e+01  7.682133e-02  1.444709e+01  7.682133e-02 
   78292877   1.609981e+00   1.095438e-01   1.609981e+00   1.095438e-01 223200606250357560      11761        970     0 2453911.667558  1.448295e+01  7.387418e-02  1.448295e+01  7.387418e-02 
   78292931   1.614618e+00   1.076880e-01   1.614618e+00   1.076880e-01 223200606250358490      11755        977     0 2453911.668183  1.447983e+01  7.241414e-02  1.447983e+01  7.241414e-02 
   78292982   1.613422e+00   1.076657e-01   1.613422e+00   1.076657e-01 223200606250359400      11745        990     0 2453911.668773  1.448063e+01  7.245279e-02  1.448063e+01  7.245279e-02 
   78724946   1.638637e+00   1.114378e-01   1.638637e+00   1.114378e-01 223200606300358520      11769        975     0 2453916.668356  1.446379e+01  7.383725e-02  1.446379e+01  7.383725e-02 
   78725023   1.543660e+00   1.091445e-01   1.543660e+00   1.091445e-01 223200606300400090      11775        946     0 2453916.669248  1.452862e+01  7.676725e-02  1.452862e+01  7.676725e-02 
   78725070   1.595698e+00   1.094939e-01   1.595698e+00   1.094939e-01 223200606300400570      11776        944     0 2453916.669792  1.449262e+01  7.450149e-02  1.449262e+01  7.450149e-02 
   78725134   1.780075e+00   1.103903e-01   1.780075e+00   1.103903e-01 223200606300402000      11777        942     0 2453916.670532  1.437390e+01  6.733150e-02  1.437390e+01  6.733150e-02 
   78811382   1.601781e+00   1.155760e-01   1.601781e+00   1.155760e-01 223200607010359260      11768        939     0 2453917.668773  1.448849e+01  7.834118e-02  1.448849e+01  7.834118e-02 
   78811577   1.532128e+00   1.150674e-01   1.532128e+00   1.150674e-01 223200607010402420      11772        931     0 2453917.671030  1.453676e+01  8.154233e-02  1.453676e+01  8.154233e-02 
   78897852   4.485785e+00   6.193540e-01   4.485785e+00   6.193540e-01 223200607020400340      11781        927     0 2453918.669583  1.337040e+01  1.499085e-01  1.337040e+01  1.499085e-01 
   78897906   2.198964e+00   3.510953e-01   2.198964e+00   3.510953e-01 223200607020401280      11781        925     0 2453918.670208  1.414445e+01  1.733536e-01  1.414445e+01  1.733536e-01 
   78984249   1.530292e+00   1.073387e-01   1.530292e+00   1.073387e-01 223200607030400290      11789        912     0 2453919.669549  1.453806e+01  7.615660e-02  1.453806e+01  7.615660e-02 
   78984362   3.967431e-01   1.095857e-01   3.967431e-01   1.095857e-01 223200607030402220      11790        908     0 2453919.670856  1.600373e+01  2.998958e-01  1.600373e+01  2.998958e-01 
   79070519   1.735697e+00   1.090611e-01   1.735697e+00   1.090611e-01 223200607040358180      11784        893     0 2453920.668044  1.440131e+01  6.822160e-02  1.440131e+01  6.822160e-02 
   79070565   1.664155e+00   1.090798e-01   1.664155e+00   1.090798e-01 223200607040359040      11785        892     0 2453920.668576  1.444702e+01  7.116662e-02  1.444702e+01  7.116662e-02 
   79070631   1.567520e+00   1.086732e-01   1.567520e+00   1.086732e-01 223200607040400090      11786        890     0 2453920.669340  1.451197e+01  7.527230e-02  1.451197e+01  7.527230e-02 
   79070683   1.629962e+00   1.090280e-01   1.629962e+00   1.090280e-01 223200607040401020      11786        888     0 2453920.669942  1.446956e+01  7.262507e-02  1.446956e+01  7.262507e-02 
   79416105   1.646817e+00   1.091657e-01   1.646817e+00   1.091657e-01 223200607080357570      11785        902     0 2453924.667882  1.445839e+01  7.197254e-02  1.445839e+01  7.197254e-02 
   79416230   1.558248e+00   1.094807e-01   1.558248e+00   1.094807e-01 223200607080400010      11790        870     0 2453924.669329  1.451841e+01  7.628283e-02  1.451841e+01  7.628283e-02 
   79502436   1.899022e+00   1.646942e-01   1.899022e+00   1.646942e-01 223200607090356460      11794        872     0 2453925.667083  1.430368e+01  9.416171e-02  1.430368e+01  9.416171e-02 
   79502488   1.652846e+00   1.634595e-01   1.652846e+00   1.634595e-01 223200607090357380      11794        870     0 2453925.667685  1.445442e+01  1.073751e-01  1.445442e+01  1.073751e-01 
   79502557   1.691894e+00   1.587566e-01   1.691894e+00   1.587566e-01 223200607090358470      11795        867     0 2453925.668484  1.442907e+01  1.018790e-01  1.442907e+01  1.018790e-01 
   79502711   2.083554e+00   1.548644e-01   2.083554e+00   1.548644e-01 223200607090401200      11792        850     0 2453925.670266  1.420299e+01  8.069985e-02  1.420299e+01  8.069985e-02 
   80278190   1.997820e+00   1.805672e-01   1.997820e+00   1.805672e-01 223200607180325470      11825        829     0 2453934.645718  1.424861e+01  9.813152e-02  1.424861e+01  9.813152e-02 
   80278252   1.961061e+00   1.779815e-01   1.961061e+00   1.779815e-01 223200607180326500      11829        801     0 2453934.646435  1.426877e+01  9.853929e-02  1.426877e+01  9.853929e-02 
   80278327   1.867433e+00   1.984529e-01   1.867433e+00   1.984529e-01 223200607180328050      11825        825     0 2453934.647303  1.432189e+01  1.153821e-01  1.432189e+01  1.153821e-01 
   80278405   2.175541e+00   2.622547e-01   2.175541e+00   2.622547e-01 223200607180329220      11829        796     0 2453934.648206  1.415608e+01  1.308826e-01  1.415608e+01  1.308826e-01 
   80364282   1.698509e+00   1.317893e-01   1.698509e+00   1.317893e-01 223200607190320380      11821        811     0 2453935.642153  1.442483e+01  8.424384e-02  1.442483e+01  8.424384e-02 
   80364338   1.712867e+00   1.325005e-01   1.712867e+00   1.325005e-01 223200607190321350      11821        810     0 2453935.642801  1.441569e+01  8.398847e-02  1.441569e+01  8.398847e-02 
   80364398   1.843930e+00   1.334657e-01   1.843930e+00   1.334657e-01 223200607190322340      11821        808     0 2453935.643495  1.433564e+01  7.858706e-02  1.433564e+01  7.858706e-02 
   80364459   1.893852e+00   1.328380e-01   1.893852e+00   1.328380e-01 223200607190323360      11822        807     0 2453935.644201  1.430663e+01  7.615568e-02  1.430663e+01  7.615568e-02 
   80450498   1.673341e+00   1.184281e-01   1.673341e+00   1.184281e-01 223200607200317340      11825        803     0 2453936.640023  1.444104e+01  7.684153e-02  1.444104e+01  7.684153e-02 
   80450559   1.651611e+00   1.185366e-01   1.651611e+00   1.185366e-01 223200607200318350      11825        801     0 2453936.640729  1.445523e+01  7.792392e-02  1.445523e+01  7.792392e-02 
   80450623   1.828732e+00   1.186170e-01   1.828732e+00   1.186170e-01 223200607200319380      11825        799     0 2453936.641470  1.434462e+01  7.042433e-02  1.434462e+01  7.042433e-02 
   80450680   1.828130e+00   1.196214e-01   1.828130e+00   1.196214e-01 223200607200320360      11825        798     0 2453936.642130  1.434498e+01  7.104403e-02  1.434498e+01  7.104403e-02 
   80967489   1.587950e+00   1.071032e-01   1.587950e+00   1.071032e-01 223200607260254000      11785        837     0 2453942.623715  1.449791e+01  7.323039e-02  1.449791e+01  7.323039e-02 
   80967549   1.611399e+00   1.065163e-01   1.611399e+00   1.065163e-01 223200607260255010      11786        835     0 2453942.624410  1.448199e+01  7.176934e-02  1.448199e+01  7.176934e-02 
   80967605   1.606142e+00   1.059781e-01   1.606142e+00   1.059781e-01 223200607260255560      11787        832     0 2453942.625058  1.448554e+01  7.164042e-02  1.448554e+01  7.164042e-02 
   81053650   1.798264e+00   1.181929e-01   1.798264e+00   1.181929e-01 223200607270250020      11780        835     0 2453943.620949  1.436287e+01  7.136148e-02  1.436287e+01  7.136148e-02 
   81053712   1.710033e+00   1.211124e-01   1.710033e+00   1.211124e-01 223200607270251040      11781        832     0 2453943.621667  1.441749e+01  7.689710e-02  1.441749e+01  7.689710e-02 
   81053768   1.676417e+00   1.191450e-01   1.676417e+00   1.191450e-01 223200607270251590      11782        830     0 2453943.622315  1.443904e+01  7.716489e-02  1.443904e+01  7.716489e-02 
   81053830   1.804665e+00   1.174267e-01   1.804665e+00   1.174267e-01 223200607270253010      11783        828     0 2453943.623032  1.435901e+01  7.064738e-02  1.435901e+01  7.064738e-02 
   81139828   3.107703e+00   8.059012e-01   3.107703e+00   8.059012e-01 223200607280246190      11798        826     0 2453944.618380  1.376890e+01  2.815581e-01  1.376890e+01  2.815581e-01 
   81139887   3.579781e+00   1.355920e+00   3.579781e+00   1.355920e+00 223200607280247170      11799        824     0 2453944.619063  1.361536e+01  4.112476e-01  1.361536e+01  4.112476e-01 
   81139941   3.461900e+00   8.557953e-01   3.461900e+00   8.557953e-01 223200607280248110      11799        822     0 2453944.619687  1.365171e+01  2.683992e-01  1.365171e+01  2.683992e-01 
   82346065   1.880132e+00   3.954771e-01   1.880132e+00   3.954771e-01 223200608110150170      11796        870     0 2453958.579456  1.431453e+01  2.283804e-01  1.431453e+01  2.283804e-01 
   82346121   2.528446e+00   3.816288e-01   2.528446e+00   3.816288e-01 224200608110151120      19897       1447     0 2453958.580104  1.399287e+01  1.638752e-01  1.399287e+01  1.638752e-01 
   82346176   1.691173e+00   3.956566e-01   1.691173e+00   3.956566e-01 223200608110152070      11799        864     0 2453958.580741  1.442953e+01  2.540131e-01  1.442953e+01  2.540131e-01 
   82346235   2.567730e+00   3.841549e-01   2.567730e+00   3.841549e-01 224200608110153070      19894       1450     0 2453958.581424  1.397613e+01  1.624362e-01  1.397613e+01  1.624362e-01 
   82518421   4.108780e+00   3.945950e-01   4.108780e+00   3.945950e-01 224200608130142530      19861       1530     0 2453960.574317  1.346572e+01  1.042712e-01  1.346572e+01  1.042712e-01 
   82518421   2.198375e+00   2.556881e-01   2.198375e+00   2.556881e-01 223200608130142530      11798        837     0 2453960.574317  1.414474e+01  1.262800e-01  1.414474e+01  1.262800e-01 
   82518480   2.503541e+00   2.564022e-01   2.503541e+00   2.564022e-01 223200608130143520      11800        835     0 2453960.575000  1.400361e+01  1.111970e-01  1.400361e+01  1.111970e-01 
   82518542   4.064620e+00   3.895516e-01   4.064620e+00   3.895516e-01 224200608130144550      19855       1533     0 2453960.575718  1.347745e+01  1.040569e-01  1.347745e+01  1.040569e-01 
   82518542   2.253042e+00   2.563130e-01   2.253042e+00   2.563130e-01 223200608130144550      11798        830     0 2453960.575718  1.411808e+01  1.235171e-01  1.411808e+01  1.235171e-01 
   82518620   4.074620e+00   3.933537e-01   4.074620e+00   3.933537e-01 224200608130146120      19858       1510     0 2453960.576620  1.347478e+01  1.048146e-01  1.347478e+01  1.048146e-01 
   82518620   2.333016e+00   2.560336e-01   2.333016e+00   2.560336e-01 223200608130146120      11795        852     0 2453960.576620  1.408021e+01  1.191530e-01  1.408021e+01  1.191530e-01 
   82604602   2.555232e+00   2.089717e-01   2.555232e+00   2.089717e-01 224200608140139160      19834       1542     0 2453961.571782  1.398142e+01  8.879387e-02  1.398142e+01  8.879387e-02 
   82604602   2.276826e+00   2.068146e-01   2.276826e+00   2.068146e-01 223200608140139160      11798        858     0 2453961.571782  1.410668e+01  9.862276e-02  1.410668e+01  9.862276e-02 
   82604658   2.425463e+00   2.084766e-01   2.425463e+00   2.084766e-01 224200608140140120      19831       1541     0 2453961.572431  1.403801e+01  9.332296e-02  1.403801e+01  9.332296e-02 
   82604658   2.179946e+00   2.093308e-01   2.179946e+00   2.093308e-01 223200608140140120      11805        855     0 2453961.572431  1.415389e+01  1.042589e-01  1.415389e+01  1.042589e-01 
   82604715   2.429179e+00   2.090135e-01   2.429179e+00   2.090135e-01 224200608140141080      19827       1538     0 2453961.573090  1.403635e+01  9.342016e-02  1.403635e+01  9.342016e-02 
   82604715   1.972709e+00   2.119152e-01   1.972709e+00   2.119152e-01 223200608140141080      11818        852     0 2453961.573090  1.426234e+01  1.166339e-01  1.426234e+01  1.166339e-01 
   82604769   2.742551e+00   2.102950e-01   2.742551e+00   2.102950e-01 224200608140142030      19827       1540     0 2453961.573715  1.390461e+01  8.325303e-02  1.390461e+01  8.325303e-02 
   82604769   2.030191e+00   2.158322e-01   2.030191e+00   2.158322e-01 223200608140142030      11818        850     0 2453961.573715  1.423116e+01  1.154264e-01  1.423116e+01  1.154264e-01 
   82863075   2.335579e+00   1.426592e-01   2.335579e+00   1.426592e-01 224200608170127120      19845       1514     0 2453964.563368  1.407901e+01  6.631795e-02  1.407901e+01  6.631795e-02 
   82863143   1.799980e+00   1.379145e-01   1.799980e+00   1.379145e-01 223200608170128190      11796        834     0 2453964.564155  1.436183e+01  8.318940e-02  1.436183e+01  8.318940e-02 
   82863199   1.839266e+00   1.386134e-01   1.839266e+00   1.386134e-01 223200608170129150      11797        832     0 2453964.564803  1.433839e+01  8.182513e-02  1.433839e+01  8.182513e-02 
   82863259   2.475668e+00   1.427863e-01   2.475668e+00   1.427863e-01 224200608170130160      19834       1541     0 2453964.565498  1.401577e+01  6.262101e-02  1.401577e+01  6.262101e-02 
   82863259   1.702751e+00   1.394759e-01   1.702751e+00   1.394759e-01 223200608170130160      11797        830     0 2453964.565498  1.442212e+01  8.893527e-02  1.442212e+01  8.893527e-02 
   82949248   2.486102e+00   1.150858e-01   2.486102e+00   1.150858e-01 224200608180123250      19906       1489     0 2453965.560741  1.401120e+01  5.026073e-02  1.401120e+01  5.026073e-02 
   82949248   1.587324e+00   1.083022e-01   1.587324e+00   1.083022e-01 223200608180123250      11792        813     0 2453965.560741  1.449834e+01  7.407941e-02  1.449834e+01  7.407941e-02 
   82949373   2.330311e+00   1.169201e-01   2.330311e+00   1.169201e-01 224200608180125310      19900       1493     0 2453965.562187  1.408147e+01  5.447548e-02  1.408147e+01  5.447548e-02 
   82949373   1.552773e+00   1.094763e-01   1.552773e+00   1.094763e-01 223200608180125310      11794        808     0 2453965.562187  1.452223e+01  7.654871e-02  1.452223e+01  7.654871e-02 
   82949464   2.432486e+00   1.161098e-01   2.432486e+00   1.161098e-01 224200608180127020      19903       1470     0 2453965.563241  1.403487e+01  5.182562e-02  1.403487e+01  5.182562e-02 
   82949464   1.659423e+00   1.090969e-01   1.659423e+00   1.090969e-01 223200608180127020      11791        829     0 2453965.563241  1.445011e+01  7.138074e-02  1.445011e+01  7.138074e-02 
   83724676   2.386099e+00   1.148092e-01   2.386099e+00   1.148092e-01 224200608270047250      19882       1523     0 2453974.535602  1.405578e+01  5.224131e-02  1.405578e+01  5.224131e-02 
   83724676   1.433978e+00   1.057146e-01   1.433978e+00   1.057146e-01 223200608270047250      11773        865     0 2453974.535602  1.460864e+01  8.004209e-02  1.460864e+01  8.004209e-02 
   83724740   2.231704e+00   1.141051e-01   2.231704e+00   1.141051e-01 224200608270048280      19876       1549     0 2453974.536343  1.412841e+01  5.551296e-02  1.412841e+01  5.551296e-02 
   83724740   1.543119e+00   1.056678e-01   1.543119e+00   1.056678e-01 223200608270048280      11775        830     0 2453974.536343  1.452900e+01  7.434794e-02  1.452900e+01  7.434794e-02 
   83724815   2.276507e+00   1.141993e-01   2.276507e+00   1.141993e-01 224200608270049440      19878       1526     0 2453974.537211  1.410683e+01  5.446533e-02  1.410683e+01  5.446533e-02 
   83724815   1.483045e+00   1.065651e-01   1.483045e+00   1.065651e-01 223200608270049440      11772        853     0 2453974.537211  1.457211e+01  7.801650e-02  1.457211e+01  7.801650e-02 
   83724877   2.094778e+00   1.125409e-01   2.094778e+00   1.125409e-01 224200608270050460      19874       1552     0 2453974.537928  1.419715e+01  5.833085e-02  1.419715e+01  5.833085e-02 
   83724877   1.536369e+00   1.062031e-01   1.536369e+00   1.062031e-01 223200608270050460      11776        823     0 2453974.537928  1.453376e+01  7.505287e-02  1.453376e+01  7.505287e-02 
   83810842   2.097898e+00   1.081488e-01   2.097898e+00   1.081488e-01 224200608280043330      19879       1529     0 2453975.532894  1.419554e+01  5.597103e-02  1.419554e+01  5.597103e-02 
   83810842   1.634896e+00   1.029303e-01   1.634896e+00   1.029303e-01 223200608280043330      11777        854     0 2453975.532894  1.446628e+01  6.835637e-02  1.446628e+01  6.835637e-02 
   83810894   1.444319e+00   1.022219e-01   1.444319e+00   1.022219e-01 223200608280044250      11778        851     0 2453975.533495  1.460084e+01  7.684343e-02  1.460084e+01  7.684343e-02 
   83810965   1.574487e+00   1.014769e-01   1.574487e+00   1.014769e-01 223200608280045350      11778        847     0 2453975.534317  1.450715e+01  6.997678e-02  1.450715e+01  6.997678e-02 
   83811022   2.130824e+00   1.083448e-01   2.130824e+00   1.083448e-01 224200608280046320      19876       1533     0 2453975.534977  1.417863e+01  5.520601e-02  1.417863e+01  5.520601e-02 
   83811022   1.526943e+00   1.022639e-01   1.526943e+00   1.022639e-01 223200608280046320      11778        845     0 2453975.534977  1.454044e+01  7.271523e-02  1.454044e+01  7.271523e-02 
   84328675   1.957931e+00   2.821170e-01   1.957931e+00   2.821170e-01 224200609030034170      19882       1592     0 2453981.526331  1.427051e+01  1.564436e-01  1.427051e+01  1.564436e-01 
   84328675   1.954414e+00   2.806632e-01   1.954414e+00   2.806632e-01 223200609030034170      11767        782     0 2453981.526331  1.427246e+01  1.559175e-01  1.427246e+01  1.559175e-01 
   84328747   2.529827e+00   2.821745e-01   2.529827e+00   2.821745e-01 224200609030035290      19884       1567     0 2453981.527164  1.399227e+01  1.211024e-01  1.399227e+01  1.211024e-01 
   84328747   1.536406e+00   2.850088e-01   1.536406e+00   2.850088e-01 223200609030035280      11764        804     0 2453981.527164  1.453374e+01  2.014086e-01  1.453374e+01  2.014086e-01 
   84328814   2.501483e+00   2.971072e-01   2.501483e+00   2.971072e-01 224200609030036350      19883       1592     0 2453981.527940  1.400451e+01  1.289559e-01  1.400451e+01  1.289559e-01 
   84328814   2.401486e+00   3.013581e-01   2.401486e+00   3.013581e-01 223200609030036350      11764        769     0 2453981.527940  1.404880e+01  1.362475e-01  1.404880e+01  1.362475e-01 
   84328871   2.347127e+00   2.996016e-01   2.347127e+00   2.996016e-01 224200609030037320      19881       1593     0 2453981.528600  1.407366e+01  1.385905e-01  1.407366e+01  1.385905e-01 
   84328871   2.452104e+00   2.932875e-01   2.452104e+00   2.932875e-01 223200609030037320      11765        767     0 2453981.528600  1.402615e+01  1.298615e-01  1.402615e+01  1.298615e-01 
   84500182   2.075613e+00   4.208122e-01   2.075613e+00   4.208122e-01 224200609050012480      19882       1540     0 2453983.511366  1.420713e+01  2.201243e-01  1.420713e+01  2.201243e-01 
   84500182   2.513364e+00   4.389372e-01   2.513364e+00   4.389372e-01 223200609050012480      11775        849     0 2453983.511366  1.399936e+01  1.896151e-01  1.399936e+01  1.896151e-01 
   84500242   2.151558e+00   4.211809e-01   2.151558e+00   4.211809e-01 224200609050013480      19878       1539     0 2453983.512060  1.416812e+01  2.125403e-01  1.416812e+01  2.125403e-01 
   84500242   2.244783e+00   4.414966e-01   2.244783e+00   4.414966e-01 223200609050013480      11776        845     0 2453983.512060  1.412206e+01  2.135398e-01  1.412206e+01  2.135398e-01 
   84500304   1.379575e+00   4.175235e-01   1.379575e+00   4.175235e-01 224200609050014500      19875       1542     0 2453983.512778  1.465064e+01  3.285954e-01  1.465064e+01  3.285954e-01 
   84500304   1.827385e+00   4.423362e-01   1.827385e+00   4.423362e-01 223200609050014500      11776        842     0 2453983.512778  1.434542e+01  2.628138e-01  1.434542e+01  2.628138e-01 
   84500382   1.799351e+00   4.198351e-01   1.799351e+00   4.198351e-01 224200609050016080      19879       1518     0 2453983.513681  1.436221e+01  2.533312e-01  1.436221e+01  2.533312e-01 
   84500382   1.736627e+00   4.382121e-01   1.736627e+00   4.382121e-01 223200609050016080      11773        865     0 2453983.513681  1.440073e+01  2.739705e-01  1.440073e+01  2.739705e-01 
   84844856   1.552133e+00   5.870615e-01   1.552133e+00   5.870615e-01 224200609082357310      19884       1509     0 2453987.500648  1.452268e+01  4.106581e-01  1.452268e+01  4.106581e-01 
   84844856   1.865213e+00   6.192200e-01   1.865213e+00   6.192200e-01 223200609082357310      11785        858     0 2453987.500648  1.432318e+01  3.604478e-01  1.432318e+01  3.604478e-01 
   84844912   2.407578e+00   6.193413e-01   2.407578e+00   6.193413e-01 223200609082358260      11786        853     0 2453987.501296  1.404605e+01  2.793030e-01  1.404605e+01  2.793030e-01 
   84844913   1.009595e+00   5.870438e-01   1.009595e+00   5.870438e-01 224200609082358270      19882       1511     0 2453987.501308  1.498963e+01  6.313192e-01  1.498963e+01  6.313192e-01 
   84844969   2.157104e+00   5.853266e-01   2.157104e+00   5.853266e-01 224200609082359230      19881       1513     0 2453987.501956  1.416532e+01  2.946138e-01  1.416532e+01  2.946138e-01 
   84844969   2.194627e+00   6.201766e-01   2.194627e+00   6.201766e-01 223200609082359230      11785        851     0 2453987.501956  1.414660e+01  3.068177e-01  1.414660e+01  3.068177e-01 
   84845031   1.501408e+00   5.842754e-01   1.501408e+00   5.842754e-01 224200609090000260      19881       1514     0 2453987.502674  1.455875e+01  4.225176e-01  1.455875e+01  4.225176e-01 
   84845031   2.571969e+00   6.165920e-01   2.571969e+00   6.165920e-01 223200609090000260      11785        848     0 2453987.502674  1.397434e+01  2.602903e-01  1.397434e+01  2.602903e-01 
   85017157   1.980477e+00   3.297899e-01   1.980477e+00   3.297899e-01 223200609102349160      11761        808     0 2453989.494873  1.425808e+01  1.807979e-01  1.425808e+01  1.807979e-01 
   85017224   2.168825e+00   4.109659e-01   2.168825e+00   4.109659e-01 224200609102350220      19890       1556     0 2453989.495648  1.415944e+01  2.057345e-01  1.415944e+01  2.057345e-01 
   85017283   2.368666e+00   3.734245e-01   2.368666e+00   3.734245e-01 224200609102351210      19888       1557     0 2453989.496331  1.406374e+01  1.711689e-01  1.406374e+01  1.711689e-01 
   85017283   1.945241e+00   3.817117e-01   1.945241e+00   3.817117e-01 223200609102351210      11763        803     0 2453989.496331  1.427757e+01  2.130532e-01  1.427757e+01  2.130532e-01 
   85017341   1.927377e+00   3.635112e-01   1.927377e+00   3.635112e-01 224200609102352200      19889       1558     0 2453989.497002  1.428758e+01  2.047751e-01  1.428758e+01  2.047751e-01 
   85361749   2.302992e+00   1.131806e-01   2.302992e+00   1.131806e-01 224200609142332380      19866       1538     0 2453993.483206  1.409427e+01  5.335872e-02  1.409427e+01  5.335872e-02 
   85361749   1.526284e+00   1.052270e-01   1.526284e+00   1.052270e-01 223200609142332380      11764        763     0 2453993.483206  1.454091e+01  7.485445e-02  1.454091e+01  7.485445e-02 
   85361806   1.501629e+00   1.046621e-01   1.501629e+00   1.046621e-01 223200609142333360      11765        760     0 2453993.483866  1.455859e+01  7.567504e-02  1.455859e+01  7.567504e-02 
   85361867   2.130085e+00   1.126788e-01   2.130085e+00   1.126788e-01 224200609142334370      19860       1540     0 2453993.484572  1.417901e+01  5.743425e-02  1.417901e+01  5.743425e-02 
   85361867   1.383874e+00   1.042658e-01   1.383874e+00   1.042658e-01 223200609142334370      11765        757     0 2453993.484572  1.464726e+01  8.180337e-02  1.464726e+01  8.180337e-02 
   85361942   2.168348e+00   1.136875e-01   2.168348e+00   1.136875e-01 224200609142335520      19862       1515     0 2453993.485440  1.415968e+01  5.692587e-02  1.415968e+01  5.692587e-02 
   85361942   1.316576e+00   1.040445e-01   1.316576e+00   1.040445e-01 223200609142335520      11761        779     0 2453993.485440  1.470139e+01  8.580232e-02  1.470139e+01  8.580232e-02 
   85620647   2.954795e+00   1.339886e-01   2.954795e+00   1.339886e-01 224200609172327440      19895       1499     0 2453996.479711  1.382368e+01  4.923414e-02  1.382368e+01  4.923414e-02 
   85620647   1.718146e+00   1.200868e-01   1.718146e+00   1.200868e-01 223200609172327440      11734        770     0 2453996.479711  1.441235e+01  7.588587e-02  1.441235e+01  7.588587e-02 
   85620706   3.000556e+00   1.336036e-01   3.000556e+00   1.336036e-01 224200609172328430      19892       1501     0 2453996.480394  1.380700e+01  4.834398e-02  1.380700e+01  4.834398e-02 
   85620769   2.835581e+00   1.327975e-01   2.835581e+00   1.327975e-01 224200609172329460      19891       1502     0 2453996.481123  1.386839e+01  5.084796e-02  1.386839e+01  5.084796e-02 
   85620769   1.839762e+00   1.216533e-01   1.839762e+00   1.216533e-01 223200609172329460      11735        764     0 2453996.481123  1.433810e+01  7.179403e-02  1.433810e+01  7.179403e-02 
   85620823   3.233918e+00   1.333071e-01   3.233918e+00   1.333071e-01 224200609172330410      19890       1504     0 2453996.481748  1.372568e+01  4.475588e-02  1.372568e+01  4.475588e-02 
   85620823   1.749534e+00   1.211865e-01   1.749534e+00   1.211865e-01 223200609172330410      11735        761     0 2453996.481748  1.439269e+01  7.520691e-02  1.439269e+01  7.520691e-02 
   85706443   3.344870e+00   1.338988e-01   3.344870e+00   1.338988e-01 224200609182317440      19894       1455     0 2453997.472720  1.368905e+01  4.346337e-02  1.368905e+01  4.346337e-02 
   85706443   1.665175e+00   1.180408e-01   1.665175e+00   1.180408e-01 223200609182317440      11738        745     0 2453997.472720  1.444635e+01  7.696585e-02  1.444635e+01  7.696585e-02 
   85706506   3.406326e+00   1.337807e-01   3.406326e+00   1.337807e-01 224200609182318460      19887       1480     0 2453997.473449  1.366928e+01  4.264156e-02  1.366928e+01  4.264156e-02 
   85706506   1.760648e+00   1.168152e-01   1.760648e+00   1.168152e-01 223200609182318460      11741        720     0 2453997.473449  1.438582e+01  7.203650e-02  1.438582e+01  7.203650e-02 
   85706561   3.440118e+00   1.334881e-01   3.440118e+00   1.334881e-01 224200609182319420      19884       1483     0 2453997.474086  1.365857e+01  4.213033e-02  1.365857e+01  4.213033e-02 
   85706561   2.020195e+00   1.164096e-01   2.020195e+00   1.164096e-01 223200609182319410      11742        718     0 2453997.474086  1.423652e+01  6.256355e-02  1.423652e+01  6.256355e-02 
   85706638   3.392167e+00   1.328240e-01   3.392167e+00   1.328240e-01 224200609182320580      19888       1459     0 2453997.474977  1.367381e+01  4.251332e-02  1.367381e+01  4.251332e-02 
   85706638   1.714217e+00   1.172656e-01   1.714217e+00   1.172656e-01 223200609182320580      11738        742     0 2453997.474977  1.441484e+01  7.427298e-02  1.441484e+01  7.427298e-02 
   85878758   2.906856e+00   1.246085e-01   2.906856e+00   1.246085e-01 224200609202309430      19869       1500     0 2453999.467106  1.384144e+01  4.654254e-02  1.384144e+01  4.654254e-02 
   85878758   1.674121e+00   1.159625e-01   1.674121e+00   1.159625e-01 223200609202309430      11740        796     0 2453999.467106  1.444053e+01  7.520670e-02  1.444053e+01  7.520670e-02 
   85878815   2.545537e+00   1.251856e-01   2.545537e+00   1.251856e-01 224200609202310410      19863       1502     0 2453999.467766  1.398555e+01  5.339502e-02  1.398555e+01  5.339502e-02 
   85878815   1.569521e+00   1.166502e-01   1.569521e+00   1.166502e-01 223200609202310400      11742        793     0 2453999.467766  1.451058e+01  8.069456e-02  1.451058e+01  8.069456e-02 
   85878876   2.827528e+00   1.250207e-01   2.827528e+00   1.250207e-01 224200609202311410      19860       1505     0 2453999.468472  1.387148e+01  4.800659e-02  1.387148e+01  4.800659e-02 
   85878936   2.670581e+00   1.250082e-01   2.670581e+00   1.250082e-01 224200609202312420      19859       1507     0 2453999.469167  1.393349e+01  5.082281e-02  1.393349e+01  5.082281e-02 
   85878936   1.686997e+00   1.167086e-01   1.686997e+00   1.167086e-01 223200609202312420      11743        788     0 2453999.469167  1.443221e+01  7.511291e-02  1.443221e+01  7.511291e-02 
   85964881   2.507935e+00   1.196110e-01   2.507935e+00   1.196110e-01 224200609212305090      19863       1522     0 2454000.463900  1.400171e+01  5.178224e-02  1.400171e+01  5.178224e-02 
   85964881   1.354333e+00   1.066575e-01   1.354333e+00   1.066575e-01 223200609212305090      11754        791     0 2454000.463900  1.467069e+01  8.550510e-02  1.467069e+01  8.550510e-02 
   85965034   2.263947e+00   1.180137e-01   2.263947e+00   1.180137e-01 224200609212307420      19858       1524     0 2454000.465671  1.411283e+01  5.659679e-02  1.411283e+01  5.659679e-02 
   85965034   1.324492e+00   1.049602e-01   1.324492e+00   1.049602e-01 223200609212307420      11756        784     0 2454000.465671  1.469488e+01  8.604010e-02  1.469488e+01  8.604010e-02 
   85965097   1.991462e+00   1.178328e-01   1.991462e+00   1.178328e-01 224200609212308460      19856       1526     0 2454000.466400  1.425207e+01  6.424212e-02  1.425207e+01  6.424212e-02 
   85965097   1.421145e+00   1.051988e-01   1.421145e+00   1.051988e-01 223200609212308460      11757        781     0 2454000.466400  1.461840e+01  8.037081e-02  1.461840e+01  8.037081e-02 
   85965153   2.207372e+00   1.181277e-01   2.207372e+00   1.181277e-01 224200609212309410      19855       1528     0 2454000.467049  1.414031e+01  5.810349e-02  1.414031e+01  5.810349e-02 
   85965153   1.493990e+00   1.062045e-01   1.493990e+00   1.062045e-01 223200609212309410      11758        779     0 2454000.467049  1.456413e+01  7.718287e-02  1.456413e+01  7.718287e-02 
   86404995   2.390260e+00   1.175430e-01   2.390260e+00   1.175430e-01 224200609270120390      19964       1732     0 2454005.557812  1.405389e+01  5.339217e-02  1.405389e+01  5.339217e-02 
   86404995   1.486756e+00   1.106326e-01   1.486756e+00   1.106326e-01 223200609270120390      11620        441     0 2454005.557812  1.456940e+01  8.079217e-02  1.456940e+01  8.079217e-02 
   86405054   2.035354e+00   1.176142e-01   2.035354e+00   1.176142e-01 224200609270121390      19960       1757     0 2454005.558495  1.422840e+01  6.274018e-02  1.422840e+01  6.274018e-02 
   86405056   1.491729e+00   1.101824e-01   1.491729e+00   1.101824e-01 223200609270121400      11623        413     0 2454005.558519  1.456577e+01  8.019519e-02  1.456577e+01  8.019519e-02 
   86405124   2.110109e+00   1.185355e-01   2.110109e+00   1.185355e-01 224200609270122490      19961       1757     0 2454005.559306  1.418924e+01  6.099151e-02  1.418924e+01  6.099151e-02 
   86405124   1.687418e+00   1.113055e-01   1.687418e+00   1.113055e-01 223200609270122490      11622        411     0 2454005.559306  1.443194e+01  7.161762e-02  1.443194e+01  7.161762e-02 
   86405183   2.226384e+00   1.192099e-01   2.226384e+00   1.192099e-01 224200609270123480      19961       1756     0 2454005.559988  1.413100e+01  5.813507e-02  1.413100e+01  5.813507e-02 
   86405185   1.676974e+00   1.119194e-01   1.676974e+00   1.119194e-01 223200609270123490      11621        409     0 2454005.560012  1.443868e+01  7.246113e-02  1.443868e+01  7.246113e-02 
   87688167   1.362340e+00   8.894785e-02   1.362340e+00   8.894785e-02 223200610112147440      11416        591     0 2454020.409340  1.466429e+01  7.088849e-02  1.466429e+01  7.088849e-02 
   87688241   1.159572e+00   8.880171e-02   1.159572e+00   8.880171e-02 223200610112148580      11419        561     0 2454020.410197  1.483926e+01  8.314759e-02  1.483926e+01  8.314759e-02 
   87688295   1.447238e+00   8.978987e-02   1.447238e+00   8.978987e-02 223200610112149520      11418        559     0 2454020.410822  1.459865e+01  6.736172e-02  1.459865e+01  6.736172e-02 
   87860512   1.362128e+00   1.002369e-01   1.362128e+00   1.002369e-01 223200610132140170      11378        612     0 2454022.404074  1.466446e+01  7.989799e-02  1.466446e+01  7.989799e-02 
   87860579   1.389125e+00   9.933215e-02   1.389125e+00   9.933215e-02 223200610132141240      11379        608     0 2454022.404850  1.464315e+01  7.763799e-02  1.464315e+01  7.763799e-02 
   87860635   1.548895e+00   9.981835e-02   1.548895e+00   9.981835e-02 223200610132142200      11378        606     0 2454022.405498  1.452495e+01  6.997036e-02  1.452495e+01  6.997036e-02 
   87860695   1.306820e+00   9.924807e-02   1.306820e+00   9.924807e-02 223200610132143190      11378        603     0 2454022.406192  1.470946e+01  8.245790e-02  1.470946e+01  8.245790e-02 
   88033125   1.176636e+00   9.338772e-02   1.176636e+00   9.338772e-02 223200610152137170      11375        643     0 2454024.401910  1.482339e+01  8.617343e-02  1.482339e+01  8.617343e-02 
   88033186   1.135521e+00   9.292193e-02   1.135521e+00   9.292193e-02 223200610152138180      11374        638     0 2454024.402616  1.486201e+01  8.884822e-02  1.486201e+01  8.884822e-02 
   88033300   1.254019e+00   9.426431e-02   1.254019e+00   9.426431e-02 223200610152140120      11373        630     0 2454024.403935  1.475424e+01  8.161478e-02  1.475424e+01  8.161478e-02 
   88377447   1.467188e+00   9.806264e-02   1.467188e+00   9.806264e-02 223200610192116140      11359        659     0 2454028.387118  1.458379e+01  7.256775e-02  1.458379e+01  7.256775e-02 
   88377499   1.529067e+00   9.850115e-02   1.529067e+00   9.850115e-02 223200610192117070      11359        655     0 2454028.387720  1.453893e+01  6.994243e-02  1.453893e+01  6.994243e-02 
   88377584   1.307566e+00   9.941439e-02   1.307566e+00   9.941439e-02 223200610192118310      11355        678     0 2454028.388704  1.470884e+01  8.254896e-02  1.470884e+01  8.254896e-02 
   88377646   1.409394e+00   9.929566e-02   1.409394e+00   9.929566e-02 223200610192119340      11354        675     0 2454028.389421  1.462742e+01  7.649333e-02  1.462742e+01  7.649333e-02 
   88463612   1.331909e+00   9.621292e-02   1.331909e+00   9.621292e-02 223200610202112230      11382        613     0 2454029.384398  1.468881e+01  7.843045e-02  1.468881e+01  7.843045e-02 
   88463684   1.180000e+00   9.476160e-02   1.180000e+00   9.476160e-02 223200610202113350      11379        608     0 2454029.385231  1.482030e+01  8.719193e-02  1.482030e+01  8.719193e-02 
   88463747   1.448571e+00   9.618377e-02   1.448571e+00   9.618377e-02 223200610202114380      11379        606     0 2454029.385961  1.459765e+01  7.209213e-02  1.459765e+01  7.209213e-02 
   88463806   1.340538e+00   9.619672e-02   1.340538e+00   9.619672e-02 223200610202115380      11378        603     0 2454029.386644  1.468180e+01  7.791246e-02  1.468180e+01  7.791246e-02 
   88551560   1.317712e+00   1.050660e-01   1.317712e+00   1.050660e-01 223200610212138150      11378        554     0 2454030.402315  1.470045e+01  8.656999e-02  1.470045e+01  8.656999e-02 
   88551692   1.303684e+00   1.029483e-01   1.303684e+00   1.029483e-01 223200610212140270      11374        544     0 2454030.403843  1.471207e+01  8.573791e-02  1.471207e+01  8.573791e-02 
   88637623   2.301109e+00   1.139298e+00   2.301109e+00   1.139298e+00 223200610222132420      11375        599     0 2454031.398414  1.409516e+01  5.375590e-01  1.409516e+01  5.375590e-01 
   88637771   5.084235e-01   1.410964e+00   5.084235e-01   1.410964e+00 223200610222135100      11371        589     0 2454031.400127  1.573444e+01  3.013119e+00  1.573444e+01  3.013119e+00 
   88640083   4.631629e+00   2.305892e+00   4.631629e+00   2.305892e+00 223200610222213430      11368        462     0 2454031.426887  1.333567e+01  5.405439e-01  1.333567e+01  5.405439e-01 
   88722113   1.302360e+00   9.880209e-02   1.302360e+00   9.880209e-02 223200610232100550      11366        644     0 2454032.376308  1.471317e+01  8.236849e-02  1.471317e+01  8.236849e-02 
   88722229   1.256830e+00   9.864559e-02   1.256830e+00   9.864559e-02 223200610232102520      11366        639     0 2454032.377650  1.475181e+01  8.521716e-02  1.475181e+01  8.521716e-02 
   88722296   1.282877e+00   9.889258e-02   1.282877e+00   9.889258e-02 223200610232103590      11367        636     0 2454032.378426  1.472954e+01  8.369597e-02  1.472954e+01  8.369597e-02 
   88980558   1.679135e+00   1.135636e-01   1.679135e+00   1.135636e-01 223200610262048320      11367        706     0 2454035.367569  1.443729e+01  7.343097e-02  1.443729e+01  7.343097e-02 
   88980612   1.543857e+00   1.123701e-01   1.543857e+00   1.123701e-01 223200610262049260      11368        703     0 2454035.368194  1.452848e+01  7.902595e-02  1.452848e+01  7.902595e-02 
   88980672   1.539162e+00   1.124900e-01   1.539162e+00   1.124900e-01 223200610262050270      11368        701     0 2454035.368889  1.453179e+01  7.935154e-02  1.453179e+01  7.935154e-02 
   88980736   1.618386e+00   1.121904e-01   1.618386e+00   1.121904e-01 223200610262051300      11363        692     0 2454035.369630  1.447729e+01  7.526609e-02  1.447729e+01  7.526609e-02 
   89066674   1.255620e+00   1.233789e-01   1.255620e+00   1.233789e-01 223200610272043520      11388        677     0 2454036.364282  1.475285e+01  1.066862e-01  1.475285e+01  1.066862e-01 
   89066737   1.388872e+00   1.233602e-01   1.388872e+00   1.233602e-01 223200610272044550      11387        675     0 2454036.365012  1.464334e+01  9.643588e-02  1.464334e+01  9.643588e-02 
   89066793   1.466860e+00   1.237738e-01   1.466860e+00   1.237738e-01 223200610272045520      11387        671     0 2454036.365660  1.458403e+01  9.161483e-02  1.458403e+01  9.161483e-02 
   89066858   1.481554e+00   1.241499e-01   1.481554e+00   1.241499e-01 223200610272046560      11386        668     0 2454036.366412  1.457321e+01  9.098183e-02  1.457321e+01  9.098183e-02 
   89152872   1.909405e+00   1.989461e-01   1.909405e+00   1.989461e-01 223200610282040350      11371        688     0 2454037.361944  1.429775e+01  1.131262e-01  1.429775e+01  1.131262e-01 
   89153006   1.591609e+00   1.592011e-01   1.591609e+00   1.592011e-01 223200610282042490      11373        652     0 2454037.363495  1.449541e+01  1.086014e-01  1.449541e+01  1.086014e-01 
   89238993   1.812943e+00   1.685479e-01   1.812943e+00   1.685479e-01 223200610292035590      11365        644     0 2454038.358715  1.435404e+01  1.009404e-01  1.435404e+01  1.009404e-01 
   89239048   1.782389e+00   1.687587e-01   1.782389e+00   1.687587e-01 223200610292036550      11366        641     0 2454038.359352  1.437249e+01  1.027992e-01  1.437249e+01  1.027992e-01 
   89239095   1.750080e+00   1.690182e-01   1.750080e+00   1.690182e-01 223200610292037410      11364        633     0 2454038.359896  1.439235e+01  1.048580e-01  1.439235e+01  1.048580e-01 
   89239173   2.009030e+00   1.696315e-01   2.009030e+00   1.696315e-01 223200610292038590      11364        631     0 2454038.360799  1.424253e+01  9.167395e-02  1.424253e+01  9.167395e-02 
   89411368   2.022143e+00   2.652645e-01   2.022143e+00   2.652645e-01 223200610312029020      11359        645     0 2454040.353796  1.423547e+01  1.424273e-01  1.423547e+01  1.424273e-01 
   89411441   2.180210e+00   2.652657e-01   2.180210e+00   2.652657e-01 223200610312030160      11356        666     0 2454040.354641  1.415375e+01  1.321018e-01  1.415375e+01  1.321018e-01 
   89411568   2.149707e+00   2.686006e-01   2.149707e+00   2.686006e-01 223200610312032230      11358        630     0 2454040.356111  1.416905e+01  1.356606e-01  1.416905e+01  1.356606e-01 
   89506226   1.896763e+00   2.741956e-01   1.896763e+00   2.741956e-01 223200611012250050      11289        271     0 2454041.451690  1.430497e+01  1.569543e-01  1.430497e+01  1.569543e-01 
   89506299   1.582231e+00   2.750491e-01   1.582231e+00   2.750491e-01 223200611012251190      11291        241     0 2454041.452535  1.450183e+01  1.887410e-01  1.450183e+01  1.887410e-01 
   89506356   1.880401e+00   2.763870e-01   1.880401e+00   2.763870e-01 223200611012252160      11290        238     0 2454041.453194  1.431437e+01  1.595854e-01  1.431437e+01  1.595854e-01 
   89842128   2.283805e+00   3.839298e-01   2.283805e+00   3.839298e-01 223200611052008420      11369        647     0 2454045.339444  1.410335e+01  1.825235e-01  1.410335e+01  1.825235e-01 
   89842186   2.039199e+00   3.871537e-01   2.039199e+00   3.871537e-01 223200611052009400      11370        643     0 2454045.340116  1.422635e+01  2.061340e-01  1.422635e+01  2.061340e-01 
   89842259   2.138352e+00   3.867350e-01   2.138352e+00   3.867350e-01 223200611052010530      11369        640     0 2454045.340961  1.417480e+01  1.963632e-01  1.417480e+01  1.963632e-01 
   89842318   2.276378e+00   3.871530e-01   2.276378e+00   3.871530e-01 223200611052011520      11370        637     0 2454045.341644  1.410689e+01  1.846563e-01  1.410689e+01  1.846563e-01 
   89928312   1.948575e+00   2.953179e-01   1.948575e+00   2.953179e-01 223200611062005110      11373        665     0 2454046.336944  1.427571e+01  1.645502e-01  1.427571e+01  1.645502e-01 
   89928381   1.517667e+00   2.952214e-01   1.517667e+00   2.952214e-01 223200611062006190      11373        661     0 2454046.337743  1.454706e+01  2.112016e-01  1.454706e+01  2.112016e-01 
   89928499   1.808872e+00   2.934553e-01   1.808872e+00   2.934553e-01 223200611062008180      11373        656     0 2454046.339109  1.435648e+01  1.761408e-01  1.435648e+01  1.761408e-01 
   90014500   1.481892e+00   1.843959e-01   1.481892e+00   1.843959e-01 223200611072001430      11380        673     0 2454047.334491  1.457296e+01  1.351017e-01  1.457296e+01  1.351017e-01 
   90014643   1.674504e+00   1.759691e-01   1.674504e+00   1.759691e-01 223200611072004050      11377        692     0 2454047.336146  1.444028e+01  1.140975e-01  1.444028e+01  1.140975e-01 
   90014705   1.723132e+00   1.781868e-01   1.723132e+00   1.781868e-01 223200611072005080      11375        689     0 2454047.336863  1.440920e+01  1.122750e-01  1.440920e+01  1.122750e-01 
   90272989   1.361774e+00   1.083935e-01   1.361774e+00   1.083935e-01 223200611101950030      11376        656     0 2454050.326262  1.466474e+01  8.642196e-02  1.466474e+01  8.642196e-02 
   90273091   1.476827e+00   1.144014e-01   1.476827e+00   1.144014e-01 223200611101951450      11376        649     0 2454050.327442  1.457668e+01  8.410610e-02  1.457668e+01  8.410610e-02 
   90273156   1.392205e+00   1.104604e-01   1.392205e+00   1.104604e-01 223200611101952500      11375        646     0 2454050.328194  1.464074e+01  8.614485e-02  1.464074e+01  8.614485e-02 
   90617605   1.326580e+00   1.034928e-01   1.326580e+00   1.034928e-01 223200611141933540      11367        682     0 2454054.314873  1.469317e+01  8.470376e-02  1.469317e+01  8.470376e-02 
   90617727   1.263700e+00   1.032925e-01   1.263700e+00   1.032925e-01 223200611141935570      11371        649     0 2454054.316285  1.474589e+01  8.874640e-02  1.474589e+01  8.874640e-02 
   90617778   1.355593e+00   1.034409e-01   1.355593e+00   1.034409e-01 223200611141936470      11371        647     0 2454054.316875  1.466968e+01  8.284930e-02  1.466968e+01  8.284930e-02 
   93120145   1.780798e+00   2.321271e-01   1.780798e+00   2.321271e-01 223200612131844400      12039        495     0 2454083.279456  1.437346e+01  1.415263e-01  1.437346e+01  1.415263e-01 
   93120204   1.817362e+00   2.177393e-01   1.817362e+00   2.177393e-01 223200612131845380      12040        493     0 2454083.280139  1.435140e+01  1.300832e-01  1.435140e+01  1.300832e-01 
   93120280   1.707126e+00   1.984020e-01   1.707126e+00   1.984020e-01 223200612131846550      12037        515     0 2454083.281019  1.441934e+01  1.261846e-01  1.441934e+01  1.261846e-01 
   93292979   1.670225e+00   2.774339e-01   1.670225e+00   2.774339e-01 223200612151845190      12013        467     0 2454085.279850  1.444306e+01  1.803477e-01  1.444306e+01  1.803477e-01 
   93293033   1.459043e+00   2.590578e-01   1.459043e+00   2.590578e-01 223200612151846130      12012        465     0 2454085.280475  1.458983e+01  1.927767e-01  1.458983e+01  1.927767e-01 
   93293087   1.692378e+00   2.441702e-01   1.692378e+00   2.441702e-01 223200612151847070      12012        463     0 2454085.281100  1.442876e+01  1.566467e-01  1.442876e+01  1.566467e-01 
   93467320   1.344403e+00   1.130548e-01   1.344403e+00   1.130548e-01 223200612171911070      12363        288     0 2454087.297685  1.467868e+01  9.130313e-02  1.467868e+01  9.130313e-02 
   93467376   1.339841e+00   1.130104e-01   1.339841e+00   1.130104e-01 223200612171912030      12361        285     0 2454087.298333  1.468237e+01  9.157795e-02  1.468237e+01  9.157795e-02 
   93467436   1.377658e+00   1.118749e-01   1.377658e+00   1.118749e-01 223200612171913020      12360        283     0 2454087.299028  1.465215e+01  8.816927e-02  1.465215e+01  8.816927e-02 
   93467506   1.462246e+00   1.104722e-01   1.462246e+00   1.104722e-01 223200612171914130      12354        305     0 2454087.299838  1.458745e+01  8.202729e-02  1.458745e+01  8.202729e-02 
   93556677   1.468321e+00   1.026168e-01   1.468321e+00   1.026168e-01 223200612182000260      11424        223     0 2454088.331910  1.458295e+01  7.587930e-02  1.458295e+01  7.587930e-02 
   93556735   1.517776e+00   1.039595e-01   1.517776e+00   1.039595e-01 223200612182001250      11423        221     0 2454088.332581  1.454698e+01  7.436734e-02  1.454698e+01  7.436734e-02 
   93556868   1.441938e+00   1.051243e-01   1.441938e+00   1.051243e-01 223200612182003370      11421        217     0 2454088.334120  1.460263e+01  7.915575e-02  1.460263e+01  7.915575e-02 
   93725493   1.657315e+00   2.039479e-01   1.657315e+00   2.039479e-01 223200612201854080      11480        373     0 2454090.285799  1.445149e+01  1.336103e-01  1.445149e+01  1.336103e-01 
   93725555   1.379683e+00   1.913748e-01   1.379683e+00   1.913748e-01 223200612201855100      11480        371     0 2454090.286516  1.465055e+01  1.506022e-01  1.465055e+01  1.506022e-01 
   94935180   1.849234e+00   3.793746e-01   1.849234e+00   3.793746e-01 224200701031856070      19108       1390     0 2454104.286806  1.433252e+01  2.227421e-01  1.433252e+01  2.227421e-01 
   94935180   1.270981e+00   4.174302e-01   1.270981e+00   4.174302e-01 223200701031856070      11423        224     0 2454104.286806  1.473965e+01  3.565913e-01  1.473965e+01  3.565913e-01 
   94935246   1.912258e+00   3.743730e-01   1.912258e+00   3.743730e-01 224200701031857140      19107       1389     0 2454104.287569  1.429613e+01  2.125611e-01  1.429613e+01  2.125611e-01 
   94935246   1.470980e+00   4.111469e-01   1.470980e+00   4.111469e-01 223200701031857140      11422        223     0 2454104.287569  1.458098e+01  3.034702e-01  1.458098e+01  3.034702e-01 
   94935304   1.747666e+00   3.707341e-01   1.747666e+00   3.707341e-01 224200701031858120      19108       1389     0 2454104.288241  1.439385e+01  2.303191e-01  1.439385e+01  2.303191e-01 
   94935369   1.934501e+00   3.661394e-01   1.934501e+00   3.661394e-01 224200701031859170      19108       1389     0 2454104.288993  1.428358e+01  2.054960e-01  1.428358e+01  2.054960e-01 
   94935369   2.016334e+00   4.046848e-01   2.016334e+00   4.046848e-01 223200701031859170      11421        219     0 2454104.288993  1.423859e+01  2.179116e-01  1.423859e+01  2.179116e-01 
   95021609   2.172323e+00   2.901734e-01   2.172323e+00   2.901734e-01 224200701041856390      19110       1373     0 2454105.287141  1.415769e+01  1.450304e-01  1.415769e+01  1.450304e-01 
   95021609   1.451708e+00   3.109300e-01   1.451708e+00   3.109300e-01 223200701041856390      11420        241     0 2454105.287141  1.459530e+01  2.325462e-01  1.459530e+01  2.325462e-01 
   95021681   2.191381e+00   2.742795e-01   2.191381e+00   2.742795e-01 224200701041857500      19106       1399     0 2454105.287975  1.414821e+01  1.358944e-01  1.414821e+01  1.358944e-01 
   95021681   1.283905e+00   2.946539e-01   1.283905e+00   2.946539e-01 223200701041857500      11423        213     0 2454105.287975  1.472867e+01  2.491754e-01  1.472867e+01  2.491754e-01 
   95021746   2.076310e+00   2.627707e-01   2.076310e+00   2.627707e-01 224200701041858560      19106       1398     0 2454105.288727  1.420677e+01  1.374076e-01  1.420677e+01  1.374076e-01 
   95021746   1.998914e+00   2.804349e-01   1.998914e+00   2.804349e-01 223200701041858560      11423        212     0 2454105.288727  1.424801e+01  1.523224e-01  1.424801e+01  1.523224e-01 
   95021802   1.693806e+00   2.689163e-01   1.693806e+00   2.689163e-01 223200701041859510      11422        210     0 2454105.289375  1.442784e+01  1.723770e-01  1.442784e+01  1.723770e-01 
   95107910   2.502910e+00   2.511709e-01   2.502910e+00   2.511709e-01 224200701051855020      19129       1411     0 2454106.285995  1.400389e+01  1.089557e-01  1.400389e+01  1.089557e-01 
   95107910   1.877090e+00   2.745040e-01   1.877090e+00   2.745040e-01 223200701051855020      11397        206     0 2454106.285995  1.431629e+01  1.587777e-01  1.431629e+01  1.587777e-01 
   95107966   1.951638e+00   2.568493e-01   1.951638e+00   2.568493e-01 223200701051855570      11396        204     0 2454106.286644  1.427400e+01  1.428911e-01  1.427400e+01  1.428911e-01 
   95108020   2.171067e+00   2.251828e-01   2.171067e+00   2.251828e-01 224200701051856510      19130       1411     0 2454106.287269  1.415832e+01  1.126128e-01  1.415832e+01  1.126128e-01 
   95108074   2.207800e+00   2.135842e-01   2.207800e+00   2.135842e-01 224200701051857460      19130       1411     0 2454106.287894  1.414010e+01  1.050353e-01  1.414010e+01  1.050353e-01 
   95280698   2.219461e+00   2.265937e-01   2.219461e+00   2.265937e-01 224200701071854530      19150       1398     0 2454108.285856  1.413438e+01  1.108476e-01  1.413438e+01  1.108476e-01 
   95280699   1.557423e+00   2.438301e-01   1.557423e+00   2.438301e-01 223200701071854540      11375        188     0 2454108.285868  1.451898e+01  1.699835e-01  1.451898e+01  1.699835e-01 
   95280828   2.116553e+00   1.991704e-01   2.116553e+00   1.991704e-01 224200701071857030      19138       1341     0 2454108.287361  1.418593e+01  1.021695e-01  1.418593e+01  1.021695e-01 
   95280828   1.829637e+00   2.100260e-01   1.829637e+00   2.100260e-01 223200701071857030      11393        212     0 2454108.287361  1.434409e+01  1.246332e-01  1.434409e+01  1.246332e-01 
   95280884   1.684694e+00   1.950945e-01   1.684694e+00   1.950945e-01 223200701071857590      11392        209     0 2454108.288009  1.443370e+01  1.257332e-01  1.443370e+01  1.257332e-01 
   95280940   2.149071e+00   1.807359e-01   2.149071e+00   1.807359e-01 224200701071858540      19139       1342     0 2454108.288657  1.416937e+01  9.131022e-02  1.416937e+01  9.131022e-02 
   95280940   1.741121e+00   1.832895e-01   1.741121e+00   1.832895e-01 223200701071858540      11391        207     0 2454108.288657  1.439793e+01  1.142969e-01  1.439793e+01  1.142969e-01 
   95367161   1.852497e+00   2.465813e-01   1.852497e+00   2.465813e-01 224200701081855580      19147       1420     0 2454109.286586  1.433061e+01  1.445201e-01  1.433061e+01  1.445201e-01 
   95367161   2.189869e+00   2.742890e-01   2.189869e+00   2.742890e-01 223200701081855580      11377        179     0 2454109.286586  1.414895e+01  1.359929e-01  1.414895e+01  1.359929e-01 
   95367215   2.103820e+00   2.334214e-01   2.103820e+00   2.334214e-01 224200701081856520      19147       1418     0 2454109.287211  1.419248e+01  1.204642e-01  1.419248e+01  1.204642e-01 
   95367217   1.762343e+00   2.551624e-01   1.762343e+00   2.551624e-01 223200701081856530      11377        177     0 2454109.287234  1.438477e+01  1.571999e-01  1.438477e+01  1.571999e-01 
   95367272   1.862838e+00   2.205655e-01   1.862838e+00   2.205655e-01 224200701081857490      19147       1418     0 2454109.287870  1.432456e+01  1.285548e-01  1.432456e+01  1.285548e-01 
   95367272   1.923332e+00   2.379690e-01   1.923332e+00   2.379690e-01 223200701081857490      11375        176     0 2454109.287870  1.428986e+01  1.343358e-01  1.428986e+01  1.343358e-01 
   95367328   2.024780e+00   2.242288e-01   2.024780e+00   2.242288e-01 223200701081858450      11374        174     0 2454109.288519  1.423406e+01  1.202374e-01  1.423406e+01  1.202374e-01 
   95453547   2.116385e+00   2.457909e-01   2.116385e+00   2.457909e-01 224200701091855450      19142       1440     0 2454110.286424  1.418601e+01  1.260947e-01  1.418601e+01  1.260947e-01 
   95453603   2.041829e+00   2.327295e-01   2.041829e+00   2.327295e-01 224200701091856400      19141       1438     0 2454110.287072  1.422495e+01  1.237536e-01  1.422495e+01  1.237536e-01 
   95453603   1.866574e+00   2.504127e-01   1.866574e+00   2.504127e-01 223200701091856400      11379        174     0 2454110.287072  1.432239e+01  1.456589e-01  1.432239e+01  1.456589e-01 
   95453657   1.827366e+00   2.200762e-01   1.827366e+00   2.200762e-01 224200701091857350      19141       1438     0 2454110.287697  1.434544e+01  1.307596e-01  1.434544e+01  1.307596e-01 
   95453713   1.450945e+00   2.204454e-01   1.450945e+00   2.204454e-01 223200701091858300      11377        171     0 2454110.288345  1.459587e+01  1.649589e-01  1.459587e+01  1.649589e-01 
   95539936   2.284613e+00   2.440049e-01   2.284613e+00   2.440049e-01 224200701101855350      19147       1446     0 2454111.286296  1.410297e+01  1.159609e-01  1.410297e+01  1.159609e-01 
   95539936   1.954454e+00   2.662723e-01   1.954454e+00   2.662723e-01 223200701101855350      11377        169     0 2454111.286296  1.427244e+01  1.479198e-01  1.427244e+01  1.479198e-01 
   95539990   2.184267e+00   2.498336e-01   2.184267e+00   2.498336e-01 223200701101856300      11376        168     0 2454111.286921  1.415174e+01  1.241855e-01  1.415174e+01  1.241855e-01 
   95540044   1.594504e+00   2.338191e-01   1.594504e+00   2.338191e-01 223200701101857240      11376        166     0 2454111.287546  1.449344e+01  1.592136e-01  1.449344e+01  1.592136e-01 
   95540100   1.482969e+00   2.199567e-01   1.482969e+00   2.199567e-01 223200701101858190      11374        165     0 2454111.288194  1.457217e+01  1.610389e-01  1.457217e+01  1.610389e-01 
   95626319   2.279870e+00   2.595133e-01   2.279870e+00   2.595133e-01 224200701111855200      19168       1435     0 2454112.286100  1.410522e+01  1.235877e-01  1.410522e+01  1.235877e-01 
   95626376   2.088708e+00   2.460234e-01   2.088708e+00   2.460234e-01 224200701111856160      19168       1434     0 2454112.286759  1.420031e+01  1.278864e-01  1.420031e+01  1.278864e-01 
   95626376   1.488069e+00   2.571035e-01   1.488069e+00   2.571035e-01 223200701111856160      11358        148     0 2454112.286759  1.456844e+01  1.875905e-01  1.456844e+01  1.875905e-01 
   95626430   2.236655e+00   2.338856e-01   2.236655e+00   2.338856e-01 224200701111857110      19168       1434     0 2454112.287384  1.412600e+01  1.135351e-01  1.412600e+01  1.135351e-01 
   95626486   1.347543e+00   2.263087e-01   1.347543e+00   2.263087e-01 223200701111858070      11357        145     0 2454112.288032  1.467614e+01  1.823411e-01  1.467614e+01  1.823411e-01 
   95712703   2.236386e+00   2.567407e-01   2.236386e+00   2.567407e-01 223200701121855050      11387        142     0 2454113.285914  1.412613e+01  1.246447e-01  1.412613e+01  1.246447e-01 
   95712705   1.985099e+00   2.434120e-01   1.985099e+00   2.434120e-01 224200701121855060      19140       1436     0 2454113.285938  1.425554e+01  1.331330e-01  1.425554e+01  1.331330e-01 
   95712759   2.101818e+00   2.306507e-01   2.101818e+00   2.306507e-01 224200701121856000      19140       1435     0 2454113.286563  1.419351e+01  1.191477e-01  1.419351e+01  1.191477e-01 
   95712759   1.994420e+00   2.413145e-01   1.994420e+00   2.413145e-01 223200701121856000      11386        142     0 2454113.286563  1.425046e+01  1.313689e-01  1.425046e+01  1.313689e-01 
   95712813   2.019675e+00   2.286321e-01   2.019675e+00   2.286321e-01 223200701121856550      11386        141     0 2454113.287187  1.423680e+01  1.229084e-01  1.423680e+01  1.229084e-01 
   95712867   1.884604e+00   2.166243e-01   1.884604e+00   2.166243e-01 223200701121857490      11385        139     0 2454113.287812  1.431195e+01  1.247996e-01  1.431195e+01  1.247996e-01 
   95712869   1.982787e+00   2.090304e-01   1.982787e+00   2.090304e-01 224200701121857500      19140       1434     0 2454113.287836  1.425681e+01  1.144614e-01  1.425681e+01  1.144614e-01 
   95799124   1.822765e+00   2.133967e-01   1.822765e+00   2.133967e-01 224200701131855270      19140       1451     0 2454114.286157  1.434817e+01  1.271109e-01  1.434817e+01  1.271109e-01 
   95799124   1.914229e+00   2.286493e-01   1.914229e+00   2.286493e-01 223200701131855270      11383        158     0 2454114.286157  1.429502e+01  1.296886e-01  1.429502e+01  1.296886e-01 
   95799178   1.718136e+00   2.023100e-01   1.718136e+00   2.023100e-01 224200701131856210      19140       1451     0 2454114.286782  1.441236e+01  1.278456e-01  1.441236e+01  1.278456e-01 
   95799178   1.681309e+00   2.160645e-01   1.681309e+00   2.160645e-01 223200701131856210      11383        157     0 2454114.286782  1.443588e+01  1.395281e-01  1.443588e+01  1.395281e-01 
   95799302   2.466194e+00   1.828326e-01   2.466194e+00   1.828326e-01 224200701131858250      19131       1457     0 2454114.288218  1.401993e+01  8.049189e-02  1.401993e+01  8.049189e-02 
   95799302   1.620665e+00   1.896145e-01   1.620665e+00   1.896145e-01 223200701131858250      11384        160     0 2454114.288218  1.447577e+01  1.270294e-01  1.447577e+01  1.270294e-01 
   95799356   2.213560e+00   1.744974e-01   2.213560e+00   1.744974e-01 224200701131859190      19131       1457     0 2454114.288843  1.413727e+01  8.559009e-02  1.413727e+01  8.559009e-02 
   95799356   1.796791e+00   1.799355e-01   1.796791e+00   1.799355e-01 223200701131859190      11383        158     0 2454114.288843  1.436376e+01  1.087289e-01  1.436376e+01  1.087289e-01 
   95885594   2.068009e+00   2.040821e-01   2.068009e+00   2.040821e-01 224200701141856390      19143       1456     0 2454115.286968  1.421112e+01  1.071466e-01  1.421112e+01  1.071466e-01 
   95885594   1.855301e+00   2.174158e-01   1.855301e+00   2.174158e-01 223200701141856390      11378        136     0 2454115.286968  1.432896e+01  1.272338e-01  1.432896e+01  1.272338e-01 
   95885649   2.004432e+00   1.948652e-01   2.004432e+00   1.948652e-01 224200701141857330      19142       1455     0 2454115.287604  1.424502e+01  1.055526e-01  1.424502e+01  1.055526e-01 
   95885650   1.609504e+00   2.043107e-01   1.609504e+00   2.043107e-01 223200701141857340      11378        135     0 2454115.287616  1.448327e+01  1.378240e-01  1.448327e+01  1.378240e-01 
   95885704   2.416571e+00   1.866275e-01   2.416571e+00   1.866275e-01 224200701141858280      19142       1454     0 2454115.288241  1.404200e+01  8.384976e-02  1.404200e+01  8.384976e-02 
   95885704   1.740312e+00   1.927186e-01   1.740312e+00   1.927186e-01 223200701141858290      11378        134     0 2454115.288241  1.439843e+01  1.202327e-01  1.439843e+01  1.202327e-01 
   95885835   2.055366e+00   1.692475e-01   2.055366e+00   1.692475e-01 224200701141900400      19145       1451     0 2454115.289757  1.421778e+01  8.940440e-02  1.421778e+01  8.940440e-02 
   95885836   1.711150e+00   1.688670e-01   1.711150e+00   1.688670e-01 223200701141900410      11375        135     0 2454115.289769  1.441678e+01  1.071476e-01  1.441678e+01  1.071476e-01 
  105941744   2.250374e+00   2.998359e-01   2.250374e+00   2.998359e-01 223200705110414520      11347        958     0 2454231.677593  1.411936e+01  1.446621e-01  1.411936e+01  1.446621e-01 
  105941800   2.146603e+00   3.183012e-01   2.146603e+00   3.183012e-01 223200705110415490      11350        958     0 2454231.678241  1.417062e+01  1.609950e-01  1.417062e+01  1.609950e-01 
  105941859   2.149820e+00   3.376381e-01   2.149820e+00   3.376381e-01 223200705110416470      11353        957     0 2454231.678924  1.416899e+01  1.705199e-01  1.416899e+01  1.705199e-01 
  106027799   1.969851e+00   1.857549e-01   1.969851e+00   1.857549e-01 223200705120409040      11372        935     0 2454232.673600  1.426392e+01  1.023841e-01  1.426392e+01  1.023841e-01 
  106027925   1.773046e+00   1.975209e-01   1.773046e+00   1.975209e-01 223200705120411090      11359        947     0 2454232.675058  1.437820e+01  1.209536e-01  1.437820e+01  1.209536e-01 
  106027979   2.178291e+00   2.076224e-01   2.178291e+00   2.076224e-01 223200705120412040      11361        946     0 2454232.675683  1.415471e+01  1.034866e-01  1.415471e+01  1.034866e-01 
  106028033   1.987755e+00   2.188846e-01   1.987755e+00   2.188846e-01 223200705120412580      11364        946     0 2454232.676308  1.425409e+01  1.195579e-01  1.425409e+01  1.195579e-01 
  106114053   1.852132e+00   1.849061e-01   1.852132e+00   1.849061e-01 223200705130406340      11348        959     0 2454233.671910  1.433082e+01  1.083940e-01  1.433082e+01  1.083940e-01 
  106114107   1.880591e+00   1.899310e-01   1.880591e+00   1.899310e-01 223200705130407290      11351        958     0 2454233.672535  1.431426e+01  1.096548e-01  1.431426e+01  1.096548e-01 
  106114163   1.731936e+00   1.944252e-01   1.731936e+00   1.944252e-01 223200705130408240      11354        958     0 2454233.673183  1.440367e+01  1.218840e-01  1.440367e+01  1.218840e-01 
  106114217   1.943149e+00   1.991913e-01   1.943149e+00   1.991913e-01 223200705130409190      11356        958     0 2454233.673808  1.427874e+01  1.112987e-01  1.427874e+01  1.112987e-01 
  124569535   1.730499e+00   3.169562e-01   1.730499e+00   3.169562e-01 221200712121841060       9093       8056     0 2454447.277025  1.440457e+01  1.988629e-01  1.440457e+01  1.988629e-01 
  124570462   2.616359e+00   1.531827e-01   2.616359e+00   1.531827e-01 222200712121856320      14284      22324     0 2454447.287755  1.395576e+01  6.356794e-02  1.395576e+01  6.356794e-02 
  124571718   1.201192e+00   8.808742e-02   1.201192e+00   8.808742e-02 223200712121917280      10895       5012     0 2454447.302292  1.480097e+01  7.962093e-02  1.480097e+01  7.962093e-02 
  124572802   2.629683e+00   1.119414e-01   2.629683e+00   1.119414e-01 222200712121935320      14279      22303     0 2454447.314838  1.395024e+01  4.621821e-02  1.395024e+01  4.621821e-02 
  124573052   1.478416e+00   8.772731e-02   1.478416e+00   8.772731e-02 223200712121939430      10880       4939     0 2454447.317731  1.457551e+01  6.442640e-02  1.457551e+01  6.442640e-02 
