\OBJNAME = '1SWASP J000107.88-720937.1'
\OBSSTART = '2006-05-11T04:14:48'
\OBSSTOP = '2007-12-12T19:39:43'
\TSTART = 74405749
\TSTOP = 124573040
\JD_REF = 2453005.5
\RA_OBJ = '0.282856'
\DEC_OBJ = '-72.160325'
\WASP_MAG = 15.57373
\HJD_START = 2453866.677650
\HJD_STOP = 2454447.317593
\fixlen = T
\NUMRECORDS = 317
\
\ This file was produced by the NASA Exoplanet Archive  http://exoplanetarchive.ipac.caltech.edu 
\ Sat Sep 14, 17:20:20 2013
\ Documentation for the SuperWASP dataset can be found at http://exoplanetarchive.ipac.caltech.edu/docs/SuperWASPMission.html
\
|TMID      |FLUX2         |FLUX2_ERR     |TAMFLUX2      |TAMFLUX2_ERR  |IMAGEID           |CCDX      |CCDY      |FLAG |           HJD|         MAG2|     MAG2_ERR|      TAMMAG2|  TAMMAG2_ERR|
|int       |float         |float         |float         |float         |char              |int       |int       |int  |        double|        float|        float|        float|        float|
|sec       |micro Vega    |micro Vega    |micro Vega    |micro Vega    |                  |1/16 pixel|1/16 pixel|     |           day|          mag|          mag|          mag|          mag|
|null      |null          |null          |null          |null          |null              |null      |null      |null |          null|         null|         null|         null|         null|
   74405749   5.864039e-01   1.920421e-01   5.864039e-01   1.920421e-01 223200605110414480      10045       7249     0 2453866.677650  1.557951e+01  3.555703e-01  1.557951e+01  3.555703e-01 
   74405802   8.597770e-01   2.102063e-01   8.597770e-01   2.102063e-01 223200605110415410      10049       7246     0 2453866.678264  1.516404e+01  2.654519e-01  1.516404e+01  2.654519e-01 
   74491862   6.000988e-01   2.114232e-01   6.000988e-01   2.114232e-01 223200605120409570      10071       7177     0 2453867.674329  1.555444e+01  3.825214e-01  1.555444e+01  3.825214e-01 
   74492053   5.114870e-01   2.311002e-01   5.114870e-01   2.311002e-01 223200605120413070      10082       7173     0 2453867.676539  1.572791e+01  4.905593e-01  1.572791e+01  4.905593e-01 
   74750385   7.463272e-01   3.014737e-01   7.463272e-01   3.014737e-01 223200605150358270      10067       7180     0 2453870.666493  1.531768e+01  4.385772e-01  1.531768e+01  4.385772e-01 
   74750445   1.084584e+00   3.016903e-01   1.084584e+00   3.016903e-01 223200605150359270      10072       7175     0 2453870.667187  1.491184e+01  3.020118e-01  1.491184e+01  3.020118e-01 
   74750499   8.113760e-01   3.035583e-01   8.113760e-01   3.035583e-01 223200605150400210      10076       7175     0 2453870.667813  1.522694e+01  4.062054e-01  1.522694e+01  4.062054e-01 
   74750558   4.246168e-01   3.018930e-01   4.246168e-01   3.018930e-01 223200605150401200      10078       7174     0 2453870.668495  1.593001e+01  7.719368e-01  1.593001e+01  7.719368e-01 
   75613647   6.478088e-01   1.095293e-01   6.478088e-01   1.095293e-01 223200605250345300      10142       7191     0 2453880.657951  1.547138e+01  1.835731e-01  1.547138e+01  1.835731e-01 
   75613710   4.481577e-01   1.090489e-01   4.481577e-01   1.090489e-01 223200605250346340      10153       7163     0 2453880.658681  1.587142e+01  2.641898e-01  1.587142e+01  2.641898e-01 
   75613768   6.121395e-01   1.083651e-01   6.121395e-01   1.083651e-01 223200605250347310      10156       7162     0 2453880.659352  1.553287e+01  1.922051e-01  1.553287e+01  1.922051e-01 
   75613836   4.910133e-01   1.073348e-01   4.910133e-01   1.073348e-01 223200605250348400      10152       7185     0 2453880.660139  1.577227e+01  2.373412e-01  1.577227e+01  2.373412e-01 
   75700102   5.591552e-01   1.050822e-01   5.591552e-01   1.050822e-01 223200605260346210      10162       7182     0 2453881.658588  1.563117e+01  2.040434e-01  1.563117e+01  2.040434e-01 
   75700165   6.920692e-01   1.056044e-01   6.920692e-01   1.056044e-01 223200605260347250      10171       7151     0 2453881.659317  1.539963e+01  1.656756e-01  1.539963e+01  1.656756e-01 
   75700232   5.694438e-01   1.052685e-01   5.694438e-01   1.052685e-01 223200605260348310      10168       7175     0 2453881.660093  1.561137e+01  2.007119e-01  1.561137e+01  2.007119e-01 
   75700301   5.611892e-01   1.041576e-01   5.611892e-01   1.041576e-01 223200605260349400      10175       7145     0 2453881.660891  1.562723e+01  2.015151e-01  1.562723e+01  2.015151e-01 
   76132322   4.449306e-01   8.479606e-02   4.449306e-01   8.479606e-02 223200605310349440      10224       7155     0 2453886.661134  1.587927e+01  2.069232e-01  1.587927e+01  2.069232e-01 
   76132389   4.648707e-01   8.639096e-02   4.648707e-01   8.639096e-02 223200605310350510      10233       7124     0 2453886.661910  1.583167e+01  2.017725e-01  1.583167e+01  2.017725e-01 
   76218793   4.436937e-01   8.847605e-02   4.436937e-01   8.847605e-02 223200606010350510      10243       7116     0 2453887.661956  1.588229e+01  2.165052e-01  1.588229e+01  2.165052e-01 
   76218931   5.122467e-01   8.892958e-02   5.122467e-01   8.892958e-02 223200606010353090      10245       7137     0 2453887.663553  1.572630e+01  1.884920e-01  1.572630e+01  1.884920e-01 
   76219017   4.771716e-01   8.901521e-02   4.771716e-01   8.901521e-02 223200606010354350      10254       7109     0 2453887.664549  1.580331e+01  2.025422e-01  1.580331e+01  2.025422e-01 
   76478199   5.162186e-01   9.535088e-02   5.162186e-01   9.535088e-02 223200606040354060      10254       7108     0 2453890.664340  1.571792e+01  2.005473e-01  1.571792e+01  2.005473e-01 
   76478272   6.002116e-01   9.821527e-02   6.002116e-01   9.821527e-02 223200606040355190      10253       7131     0 2453890.665185  1.555424e+01  1.776644e-01  1.555424e+01  1.776644e-01 
   76478348   5.712996e-01   9.950422e-02   5.712996e-01   9.950422e-02 223200606040356360      10262       7101     0 2453890.666065  1.560784e+01  1.891052e-01  1.560784e+01  1.891052e-01 
   76478401   5.085718e-01   9.827878e-02   5.085718e-01   9.827878e-02 223200606040357280      10264       7099     0 2453890.666678  1.573412e+01  2.098134e-01  1.573412e+01  2.098134e-01 
   76564541   3.330245e-01   2.438747e-01   3.330245e-01   2.438747e-01 223200606050353060      10281       7093     0 2453891.663669  1.619381e+01  7.950900e-01  1.619381e+01  7.950900e-01 
   76564660   5.367849e-01   2.335960e-01   5.367849e-01   2.335960e-01 223200606050355050      10287       7089     0 2453891.665046  1.567550e+01  4.724882e-01  1.567550e+01  4.724882e-01 
   76650913   4.755622e-01   8.393982e-02   4.755622e-01   8.393982e-02 223200606060352330      10269       7089     0 2453892.663345  1.580698e+01  1.916402e-01  1.580698e+01  1.916402e-01 
   76651103   4.926347e-01   8.673989e-02   4.926347e-01   8.673989e-02 223200606060355430      10278       7086     0 2453892.665544  1.576869e+01  1.911700e-01  1.576869e+01  1.911700e-01 
   76651179   4.894137e-01   8.604136e-02   4.894137e-01   8.604136e-02 223200606060357000      10275       7109     0 2453892.666424  1.577581e+01  1.908785e-01  1.577581e+01  1.908785e-01 
   76737407   5.219830e-01   9.167636e-02   5.219830e-01   9.167636e-02 223200606070354040      10279       7093     0 2453893.664433  1.570586e+01  1.906895e-01  1.570586e+01  1.906895e-01 
   76737460   5.214396e-01   9.006020e-02   5.214396e-01   9.006020e-02 223200606070354570      10282       7090     0 2453893.665046  1.570699e+01  1.875231e-01  1.570699e+01  1.875231e-01 
   76737515   3.341224e-01   8.861797e-02   3.341224e-01   8.861797e-02 223200606070355530      10283       7088     0 2453893.665683  1.619024e+01  2.879665e-01  1.619024e+01  2.879665e-01 
   76737571   4.491024e-01   8.956922e-02   4.491024e-01   8.956922e-02 223200606070356480      10286       7087     0 2453893.666331  1.586914e+01  2.165406e-01  1.586914e+01  2.165406e-01 
   76823797   4.215477e-01   8.908413e-02   4.215477e-01   8.908413e-02 223200606080353510      10305       7092     0 2453894.664317  1.593788e+01  2.294455e-01  1.593788e+01  2.294455e-01 
   76823856   5.737596e-01   8.977067e-02   5.737596e-01   8.977067e-02 223200606080354510      10308       7089     0 2453894.665000  1.560318e+01  1.698754e-01  1.560318e+01  1.698754e-01 
   76823915   5.776637e-01   9.074999e-02   5.776637e-01   9.074999e-02 223200606080355500      10311       7087     0 2453894.665683  1.559581e+01  1.705679e-01  1.559581e+01  1.705679e-01 
   76824001   5.336693e-01   9.065464e-02   5.336693e-01   9.065464e-02 223200606080357160      10307       7109     0 2453894.666678  1.568182e+01  1.844351e-01  1.568182e+01  1.844351e-01 
   76910224   5.534737e-01   8.723173e-02   5.534737e-01   8.723173e-02 223200606090354140      10301       7079     0 2453895.664630  1.564226e+01  1.711210e-01  1.564226e+01  1.711210e-01 
   76910278   4.721704e-01   8.656318e-02   4.721704e-01   8.656318e-02 223200606090355080      10304       7077     0 2453895.665255  1.581475e+01  1.990491e-01  1.581475e+01  1.990491e-01 
   76910362   4.651016e-01   8.669291e-02   4.651016e-01   8.669291e-02 223200606090356320      10301       7099     0 2453895.666227  1.583113e+01  2.023772e-01  1.583113e+01  2.023772e-01 
   76910434   5.659786e-01   8.597618e-02   5.659786e-01   8.597618e-02 223200606090357440      10308       7072     0 2453895.667060  1.561800e+01  1.649316e-01  1.561800e+01  1.649316e-01 
   76996579   7.028852e-01   1.947347e-01   7.028852e-01   1.947347e-01 223200606100353270      10306       7079     0 2453896.664109  1.538279e+01  3.008048e-01  1.538279e+01  3.008048e-01 
   76996644   6.610789e-01   1.913050e-01   6.610789e-01   1.913050e-01 223200606100354320      10310       7076     0 2453896.664861  1.544937e+01  3.141947e-01  1.544937e+01  3.141947e-01 
   76996705   4.340956e-01   1.883836e-01   4.340956e-01   1.883836e-01 223200606100355320      10312       7074     0 2453896.665567  1.590604e+01  4.711764e-01  1.590604e+01  4.711764e-01 
   76996760   6.828864e-01   1.855395e-01   6.828864e-01   1.855395e-01 223200606100356270      10314       7072     0 2453896.666204  1.541413e+01  2.949943e-01  1.541413e+01  2.949943e-01 
   77082999   6.190117e-01   3.266308e-01   6.190117e-01   3.266308e-01 223200606110353440      10319       7068     0 2453897.664340  1.552075e+01  5.729070e-01  1.552075e+01  5.729070e-01 
   77083211   6.333457e-01   3.296701e-01   6.333457e-01   3.296701e-01 223200606110357160      10327       7061     0 2453897.666794  1.549590e+01  5.651510e-01  1.549590e+01  5.651510e-01 
   77169327   8.701912e-01   4.148859e-01   8.701912e-01   4.148859e-01 223200606120352290      10325       7060     0 2453898.663507  1.515096e+01  5.176543e-01  1.515096e+01  5.176543e-01 
   77169445   7.409751e-01   4.116897e-01   7.409751e-01   4.116897e-01 223200606120354260      10329       7055     0 2453898.664873  1.532549e+01  6.032428e-01  1.532549e+01  6.032428e-01 
   77514691   1.087909e+00   1.895704e+00   1.087909e+00   1.895704e+00 223200606160348210      10328       7027     0 2453902.660775  1.490852e+01  1.891924e+00  1.490852e+01  1.891924e+00 
   77514756  -2.321201e+00   2.404726e+00  -2.321201e+00   2.404726e+00 223200606160349260      10329       7025     0 2453902.661528          null          null          null          null 
   77601376   8.926788e-01   1.668140e-01   8.926788e-01   1.668140e-01 223200606170353030      10341       7011     0 2453903.664074  1.512326e+01  2.028912e-01  1.512326e+01  2.028912e-01 
   77601446   6.880872e-01   1.655349e-01   6.880872e-01   1.655349e-01 223200606170354120      10338       7034     0 2453903.664884  1.540589e+01  2.611993e-01  1.540589e+01  2.611993e-01 
   77601516   5.186133e-01   1.658042e-01   5.186133e-01   1.658042e-01 223200606170355220      10339       7032     0 2453903.665694  1.571289e+01  3.471185e-01  1.571289e+01  3.471185e-01 
   77601573   7.303458e-01   1.660998e-01   7.303458e-01   1.660998e-01 223200606170356190      10346       7005     0 2453903.666354  1.534118e+01  2.469258e-01  1.534118e+01  2.469258e-01 
   77687720   5.697398e-01   1.399329e-01   5.697398e-01   1.399329e-01 223200606180352030      10361       7006     0 2453904.663426  1.561081e+01  2.666669e-01  1.561081e+01  2.666669e-01 
   77774356   6.602962e-01   1.166319e-01   6.602962e-01   1.166319e-01 223200606190355570      10406       6986     0 2453905.666157  1.545065e+01  1.917804e-01  1.545065e+01  1.917804e-01 
   77774412   5.112056e-01   1.160375e-01   5.112056e-01   1.160375e-01 223200606190356530      10406       6986     0 2453905.666806  1.572851e+01  2.464499e-01  1.572851e+01  2.464499e-01 
   77774474   5.812621e-01   1.155651e-01   5.812621e-01   1.155651e-01 223200606190357560      10406       6985     0 2453905.667523  1.558907e+01  2.158642e-01  1.558907e+01  2.158642e-01 
   77774539   5.866013e-01   1.141000e-01   5.866013e-01   1.141000e-01 223200606190359000      10399       7011     0 2453905.668275  1.557914e+01  2.111877e-01  1.557914e+01  2.111877e-01 
   77860770   4.153527e-01   9.812441e-02   4.153527e-01   9.812441e-02 223200606200356080      10390       6981     0 2453906.666319  1.595396e+01  2.564991e-01  1.595396e+01  2.564991e-01 
   77860893   4.975468e-01   9.823786e-02   4.975468e-01   9.823786e-02 223200606200358110      10390       6980     0 2453906.667743  1.575792e+01  2.143734e-01  1.575792e+01  2.143734e-01 
   77947081   6.442217e-01   1.008106e-01   6.442217e-01   1.008106e-01 223200606210354360      10385       6980     0 2453907.665289  1.547741e+01  1.699012e-01  1.547741e+01  1.699012e-01 
   77947135   3.853896e-01   1.008358e-01   3.853896e-01   1.008358e-01 223200606210355300      10385       6981     0 2453907.665914  1.603525e+01  2.840800e-01  1.603525e+01  2.840800e-01 
   77947213   4.119848e-01   1.007588e-01   4.119848e-01   1.007588e-01 223200606210356480      10380       7006     0 2453907.666817  1.596280e+01  2.655385e-01  1.596280e+01  2.655385e-01 
   77947280   4.975897e-01   1.011579e-01   4.975897e-01   1.011579e-01 223200606210357550      10385       6981     0 2453907.667593  1.575782e+01  2.207263e-01  1.575782e+01  2.207263e-01 
   78120045   3.948381e-01   8.524227e-02   3.948381e-01   8.524227e-02 223200606230357150      10376       6962     0 2453909.667187  1.600895e+01  2.344022e-01  1.600895e+01  2.344022e-01 
   78120255   4.057150e-01   8.543220e-02   4.057150e-01   8.543220e-02 223200606230400460      10375       6948     0 2453909.669618  1.597945e+01  2.286264e-01  1.597945e+01  2.286264e-01 
   78206450   4.989004e-01   9.225410e-02   4.989004e-01   9.225410e-02 223200606240357190      10395       6947     0 2453910.667245  1.575497e+01  2.007695e-01  1.575497e+01  2.007695e-01 
   78206509   5.287769e-01   9.159488e-02   5.287769e-01   9.159488e-02 223200606240358180      10392       6950     0 2453910.667928  1.569182e+01  1.880722e-01  1.569182e+01  1.880722e-01 
   78206584   5.966495e-01   9.101222e-02   5.966495e-01   9.101222e-02 223200606240359320      10381       6980     0 2453910.668796  1.556070e+01  1.656175e-01  1.556070e+01  1.656175e-01 
   78206643   4.970018e-01   9.192236e-02   4.970018e-01   9.192236e-02 223200606240400310      10379       6964     0 2453910.669479  1.575910e+01  2.008117e-01  1.575910e+01  2.008117e-01 
   78292890   5.052187e-01   8.260936e-02   5.052187e-01   8.260936e-02 223200606250357560      10397       6929     0 2453911.667708  1.574130e+01  1.775316e-01  1.574130e+01  1.775316e-01 
   78292944   5.000432e-01   8.237668e-02   5.000432e-01   8.237668e-02 223200606250358490      10390       6937     0 2453911.668333  1.575248e+01  1.788639e-01  1.575248e+01  1.788639e-01 
   78292995   3.778413e-01   8.280794e-02   3.778413e-01   8.280794e-02 223200606250359400      10380       6950     0 2453911.668924  1.605673e+01  2.379515e-01  1.605673e+01  2.379515e-01 
   78293057   5.517377e-01   8.398233e-02   5.517377e-01   8.398233e-02 223200606250400430      10380       6949     0 2453911.669641  1.564567e+01  1.652651e-01  1.564567e+01  1.652651e-01 
   78724958   5.629480e-01   8.437112e-02   5.629480e-01   8.437112e-02 223200606300358520      10402       6934     0 2453916.668495  1.562383e+01  1.627239e-01  1.562383e+01  1.627239e-01 
   78725035   5.464719e-01   8.434761e-02   5.464719e-01   8.434761e-02 223200606300400090      10410       6905     0 2453916.669387  1.565608e+01  1.675833e-01  1.565608e+01  1.675833e-01 
   78725082   4.496255e-01   8.395384e-02   4.496255e-01   8.395384e-02 223200606300400570      10410       6903     0 2453916.669931  1.586787e+01  2.027288e-01  1.586787e+01  2.027288e-01 
   78725146   3.825965e-01   8.362213e-02   3.825965e-01   8.362213e-02 223200606300402000      10411       6901     0 2453916.670671  1.604315e+01  2.373046e-01  1.604315e+01  2.373046e-01 
   78811394   4.582915e-01   8.739845e-02   4.582915e-01   8.739845e-02 223200607010359260      10403       6898     0 2453917.668912  1.584715e+01  2.070560e-01  1.584715e+01  2.070560e-01 
   78811589   4.107145e-01   8.786160e-02   4.107145e-01   8.786160e-02 223200607010402420      10406       6891     0 2453917.671169  1.596615e+01  2.322656e-01  1.596615e+01  2.322656e-01 
   78897864   7.053227e-01   4.711416e-01   7.053227e-01   4.711416e-01 223200607020400340      10415       6886     0 2453918.669722  1.537903e+01  7.252528e-01  1.537903e+01  7.252528e-01 
   78897918   5.601184e-01   2.637917e-01   5.601184e-01   2.637917e-01 223200607020401280      10415       6884     0 2453918.670347  1.562930e+01  5.113370e-01  1.562930e+01  5.113370e-01 
   78897991   5.388226e-01   1.501648e-01   5.388226e-01   1.501648e-01 223200607020402420      10409       6906     0 2453918.671192  1.567139e+01  3.025856e-01  1.567139e+01  3.025856e-01 
   78984261   4.613834e-01   8.138034e-02   4.613834e-01   8.138034e-02 223200607030400290      10423       6872     0 2453919.669688  1.583984e+01  1.915064e-01  1.583984e+01  1.915064e-01 
   78984374   4.781153e-01   8.223367e-02   4.781153e-01   8.223367e-02 223200607030402220      10424       6868     0 2453919.670995  1.580117e+01  1.867424e-01  1.580117e+01  1.867424e-01 
   79070531   4.622490e-01   8.175528e-02   4.622490e-01   8.175528e-02 223200607040358180      10418       6853     0 2453920.668183  1.583781e+01  1.920285e-01  1.583781e+01  1.920285e-01 
   79070577   4.625834e-01   8.207516e-02   4.625834e-01   8.207516e-02 223200607040359040      10419       6852     0 2453920.668715  1.583702e+01  1.926405e-01  1.583702e+01  1.926405e-01 
   79070643   4.659986e-01   8.240233e-02   4.659986e-01   8.240233e-02 223200607040400090      10420       6850     0 2453920.669479  1.582904e+01  1.919909e-01  1.582904e+01  1.919909e-01 
   79415960   3.632361e-01   8.244278e-02   3.632361e-01   8.244278e-02 223200607080355190      10415       6838     0 2453924.666204  1.609953e+01  2.464277e-01  1.609953e+01  2.464277e-01 
   79416117   5.444340e-01   8.113321e-02   5.444340e-01   8.113321e-02 223200607080357570      10416       6861     0 2453924.668021  1.566014e+01  1.618003e-01  1.566014e+01  1.618003e-01 
   79416184   5.546638e-01   8.242176e-02   5.546638e-01   8.242176e-02 223200607080359030      10423       6833     0 2453924.668796  1.563993e+01  1.613384e-01  1.563993e+01  1.613384e-01 
   79416242   4.309091e-01   8.221527e-02   4.309091e-01   8.221527e-02 223200607080400010      10423       6830     0 2453924.669468  1.591404e+01  2.071537e-01  1.591404e+01  2.071537e-01 
   79502448   4.891405e-01   1.362602e-01   4.891405e-01   1.362602e-01 223200607090356460      10427       6831     0 2453925.667222  1.577642e+01  3.024553e-01  1.577642e+01  3.024553e-01 
   79502569   4.310194e-01   1.325499e-01   4.310194e-01   1.325499e-01 223200607090358470      10428       6826     0 2453925.668623  1.591376e+01  3.338938e-01  1.591376e+01  3.338938e-01 
   80278201   7.018631e-01   1.437545e-01   7.018631e-01   1.437545e-01 223200607180325470      10457       6789     0 2453934.645845  1.538437e+01  2.223795e-01  1.538437e+01  2.223795e-01 
   80278263   6.017136e-01   1.427778e-01   6.017136e-01   1.427778e-01 223200607180326500      10462       6761     0 2453934.646562  1.555153e+01  2.576302e-01  1.555153e+01  2.576302e-01 
   80278338   5.886909e-01   1.652534e-01   5.886909e-01   1.652534e-01 223200607180328050      10456       6784     0 2453934.647431  1.557528e+01  3.047817e-01  1.557528e+01  3.047817e-01 
   80278416   8.015133e-01   2.183511e-01   8.015133e-01   2.183511e-01 223200607180329220      10463       6756     0 2453934.648333  1.524022e+01  2.957811e-01  1.524022e+01  2.957811e-01 
   80364293   3.858238e-01   1.050006e-01   3.858238e-01   1.050006e-01 223200607190320380      10455       6771     0 2453935.642280  1.603403e+01  2.954803e-01  1.603403e+01  2.954803e-01 
   80364409   4.590630e-01   1.048328e-01   4.590630e-01   1.048328e-01 223200607190322340      10455       6769     0 2453935.643623  1.584532e+01  2.479424e-01  1.584532e+01  2.479424e-01 
   80450509   4.505905e-01   9.401988e-02   4.505905e-01   9.401988e-02 223200607200317340      10459       6763     0 2453936.640150  1.586555e+01  2.265497e-01  1.586555e+01  2.265497e-01 
   80450691   4.421041e-01   9.421495e-02   4.421041e-01   9.421495e-02 223200607200320360      10459       6758     0 2453936.642257  1.588619e+01  2.313775e-01  1.588619e+01  2.313775e-01 
   80967440   4.641545e-01   7.966372e-02   4.641545e-01   7.966372e-02 223200607260253020      10417       6799     0 2453942.623148  1.583334e+01  1.863476e-01  1.583334e+01  1.863476e-01 
   80967615   4.121825e-01   7.945182e-02   4.121825e-01   7.945182e-02 223200607260255560      10420       6792     0 2453942.625174  1.596228e+01  2.092860e-01  1.596228e+01  2.092860e-01 
   81053661   6.362545e-01   9.065571e-02   6.362545e-01   9.065571e-02 223200607270250020      10414       6795     0 2453943.621076  1.549092e+01  1.546999e-01  1.549092e+01  1.546999e-01 
   81053723   3.279131e-01   9.310824e-02   3.279131e-01   9.310824e-02 223200607270251040      10415       6792     0 2453943.621794  1.621060e+01  3.082870e-01  1.621060e+01  3.082870e-01 
   81053779   4.723260e-01   9.090686e-02   4.723260e-01   9.090686e-02 223200607270251590      10416       6790     0 2453943.622442  1.581440e+01  2.089684e-01  1.581440e+01  2.089684e-01 
   81053841   5.772775e-01   8.829982e-02   5.772775e-01   8.829982e-02 223200607270253010      10416       6788     0 2453943.623160  1.559654e+01  1.660737e-01  1.559654e+01  1.660737e-01 
   81139897   4.110377e-01   1.057186e+00   4.110377e-01   1.057186e+00 223200607280247170      10432       6784     0 2453944.619178  1.596530e+01  2.792516e+00  1.596530e+01  2.792516e+00 
   81139951   9.074221e-01   6.605207e-01   9.074221e-01   6.605207e-01 223200607280248110      10433       6782     0 2453944.619803  1.510548e+01  7.903199e-01  1.510548e+01  7.903199e-01 
   81140005   6.339177e-01   4.308009e-01   6.339177e-01   4.308009e-01 223200607280249060      10433       6780     0 2453944.620428  1.549492e+01  7.378525e-01  1.549492e+01  7.378525e-01 
   82346073   9.411609e-01   3.454334e-01   9.411609e-01   3.454334e-01 223200608110150170      10425       6828     0 2453958.579549  1.506584e+01  3.984982e-01  1.506584e+01  3.984982e-01 
   82346184   7.871556e-01   3.461125e-01   7.871556e-01   3.461125e-01 223200608110152070      10428       6823     0 2453958.580833  1.525985e+01  4.774002e-01  1.525985e+01  4.774002e-01 
   82346243   7.153216e-01   3.435284e-01   7.153216e-01   3.435284e-01 223200608110153070      10429       6821     0 2453958.581516  1.536375e+01  5.214193e-01  1.536375e+01  5.214193e-01 
   82518488   7.773133e-01   2.187661e-01   7.773133e-01   2.187661e-01 223200608130143520      10432       6794     0 2453960.575093  1.527351e+01  3.055694e-01  1.527351e+01  3.055694e-01 
   82518550   6.509666e-01   2.192915e-01   6.509666e-01   2.192915e-01 223200608130144550      10431       6790     0 2453960.575810  1.546610e+01  3.657539e-01  1.546610e+01  3.657539e-01 
   82518628   6.344190e-01   2.204648e-01   6.344190e-01   2.204648e-01 223200608130146120      10426       6811     0 2453960.576713  1.549406e+01  3.773018e-01  1.549406e+01  3.773018e-01 
   82604610   7.903855e-01   1.733199e-01   7.903855e-01   1.733199e-01 223200608140139160      10429       6818     0 2453961.571875  1.525540e+01  2.380868e-01  1.525540e+01  2.380868e-01 
   82604666   5.264225e-01   1.752629e-01   5.264225e-01   1.752629e-01 223200608140140120      10436       6814     0 2453961.572523  1.569666e+01  3.614775e-01  1.569666e+01  3.614775e-01 
   82604723   6.446010e-01   1.775297e-01   6.446010e-01   1.775297e-01 223200608140141080      10449       6812     0 2453961.573183  1.547677e+01  2.990239e-01  1.547677e+01  2.990239e-01 
   82604777   3.147584e-01   1.812352e-01   3.147584e-01   1.812352e-01 223200608140142030      10448       6809     0 2453961.573808  1.625506e+01  6.251598e-01  1.625506e+01  6.251598e-01 
   82863083   4.979599e-01   1.106141e-01   4.979599e-01   1.106141e-01 223200608170127120      10419       6827     0 2453964.563461  1.575701e+01  2.411804e-01  1.575701e+01  2.411804e-01 
   82863151   5.462766e-01   1.110770e-01   5.462766e-01   1.110770e-01 223200608170128190      10429       6794     0 2453964.564248  1.565647e+01  2.207687e-01  1.565647e+01  2.207687e-01 
   82863207   3.715783e-01   1.107885e-01   3.715783e-01   1.107885e-01 223200608170129150      10429       6792     0 2453964.564896  1.607487e+01  3.237205e-01  1.607487e+01  3.237205e-01 
   82863267   4.829813e-01   1.112994e-01   4.829813e-01   1.112994e-01 223200608170130160      10430       6790     0 2453964.565590  1.579017e+01  2.502006e-01  1.579017e+01  2.502006e-01 
   82949256   5.716755e-01   8.271787e-02   5.716755e-01   8.271787e-02 223200608180123250      10425       6772     0 2453965.560833  1.560713e+01  1.570998e-01  1.560713e+01  1.570998e-01 
   82949318   5.424008e-01   8.298450e-02   5.424008e-01   8.298450e-02 223200608180124270      10428       6772     0 2453965.561551  1.566420e+01  1.661126e-01  1.566420e+01  1.661126e-01 
   82949381   5.209137e-01   8.193053e-02   5.209137e-01   8.193053e-02 223200608180125310      10428       6768     0 2453965.562280  1.570809e+01  1.707678e-01  1.570809e+01  1.707678e-01 
   82949472   3.725435e-01   8.293608e-02   3.725435e-01   8.293608e-02 223200608180127020      10422       6788     0 2453965.563333  1.607206e+01  2.417088e-01  1.607206e+01  2.417088e-01 
   83724682   4.791117e-01   8.157817e-02   4.791117e-01   8.157817e-02 223200608270047250      10403       6825     0 2453974.535671  1.579891e+01  1.848686e-01  1.579891e+01  1.848686e-01 
   83724746   4.327839e-01   8.127388e-02   4.327839e-01   8.127388e-02 223200608270048280      10408       6790     0 2453974.536412  1.590932e+01  2.038946e-01  1.590932e+01  2.038946e-01 
   83724821   3.752003e-01   8.032111e-02   3.752003e-01   8.032111e-02 223200608270049440      10403       6812     0 2453974.537280  1.606434e+01  2.324301e-01  1.606434e+01  2.324301e-01 
   83724883   5.182884e-01   8.121078e-02   5.182884e-01   8.121078e-02 223200608270050460      10408       6783     0 2453974.537998  1.571357e+01  1.701249e-01  1.571357e+01  1.701249e-01 
   83810848   4.041139e-01   7.673705e-02   4.041139e-01   7.673705e-02 223200608280043330      10409       6813     0 2453975.532963  1.598374e+01  2.061708e-01  1.598374e+01  2.061708e-01 
   83810900   3.807239e-01   7.667212e-02   3.807239e-01   7.667212e-02 223200608280044250      10410       6811     0 2453975.533565  1.604848e+01  2.186519e-01  1.604848e+01  2.186519e-01 
   83810971   4.093446e-01   7.593747e-02   4.093446e-01   7.593747e-02 223200608280045350      10409       6807     0 2453975.534387  1.596978e+01  2.014155e-01  1.596978e+01  2.014155e-01 
   84328680   1.018055e+00   2.466855e-01   1.018055e+00   2.466855e-01 223200609030034170      10400       6743     0 2453981.526389  1.498057e+01  2.630862e-01  1.498057e+01  2.630862e-01 
   84328819   8.003172e-01   2.666932e-01   8.003172e-01   2.666932e-01 223200609030036350      10396       6729     0 2453981.527998  1.524184e+01  3.618059e-01  1.524184e+01  3.618059e-01 
   84328876   7.341720e-01   2.555924e-01   7.341720e-01   2.555924e-01 223200609030037320      10398       6728     0 2453981.528657  1.533551e+01  3.779862e-01  1.533551e+01  3.779862e-01 
   84500186   5.739431e-01   3.932228e-01   5.739431e-01   3.932228e-01 223200609050012480      10406       6808     0 2453983.511412  1.560283e+01  7.438678e-01  1.560283e+01  7.438678e-01 
   84500246   3.824573e-01   3.930831e-01   3.824573e-01   3.930831e-01 223200609050013480      10407       6805     0 2453983.512106  1.604354e+01  1.115905e+00  1.604354e+01  1.115905e+00 
   84500308   8.178516e-01   3.930458e-01   8.178516e-01   3.930458e-01 223200609050014500      10407       6802     0 2453983.512824  1.521831e+01  5.217885e-01  1.521831e+01  5.217885e-01 
   84500386   2.406759e-01   3.926046e-01   2.406759e-01   3.926046e-01 223200609050016080      10402       6824     0 2453983.513727  1.654642e+01  1.771122e+00  1.654642e+01  1.771122e+00 
   84844860   6.892101e-01   5.321459e-01   6.892101e-01   5.321459e-01 223200609082357310      10416       6817     0 2453987.500694  1.540412e+01  8.383105e-01  1.540412e+01  8.383105e-01 
   84844916   3.093394e-01   5.341823e-01   3.093394e-01   5.341823e-01 223200609082358260      10417       6812     0 2453987.501343  1.627391e+01  1.874909e+00  1.627391e+01  1.874909e+00 
   84844973   7.339105e-01   5.366080e-01   7.339105e-01   5.366080e-01 223200609082359230      10416       6809     0 2453987.502002  1.533589e+01  7.938526e-01  1.533589e+01  7.938526e-01 
   84845035   9.853819e-01   5.380566e-01   9.853819e-01   5.380566e-01 223200609090000260      10416       6807     0 2453987.502720  1.501599e+01  5.928560e-01  1.501599e+01  5.928560e-01 
   85017159   9.806831e-01   2.880410e-01   9.806831e-01   2.880410e-01 223200609102349160      10394       6769     0 2453989.494896  1.502118e+01  3.188977e-01  1.502118e+01  3.188977e-01 
   85017226   1.058500e+00   3.800640e-01   1.058500e+00   3.800640e-01 223200609102350220      10395       6766     0 2453989.495671  1.493827e+01  3.898446e-01  1.493827e+01  3.898446e-01 
   85017343   1.117477e+00   3.394809e-01   1.117477e+00   3.394809e-01 223200609102352200      10393       6757     0 2453989.497025  1.487940e+01  3.298394e-01  1.487940e+01  3.298394e-01 
   85361751   3.888429e-01   7.922562e-02   3.888429e-01   7.922562e-02 223200609142332380      10395       6723     0 2453993.483229  1.602556e+01  2.212164e-01  1.602556e+01  2.212164e-01 
   85361808   5.784386e-01   7.859460e-02   5.784386e-01   7.859460e-02 223200609142333360      10396       6720     0 2453993.483889  1.559436e+01  1.475235e-01  1.559436e+01  1.475235e-01 
   85361869   5.596392e-01   7.914470e-02   5.596392e-01   7.914470e-02 223200609142334370      10397       6717     0 2453993.484595  1.563023e+01  1.535464e-01  1.563023e+01  1.535464e-01 
   85361944   5.077476e-01   7.926339e-02   5.077476e-01   7.926339e-02 223200609142335520      10391       6739     0 2453993.485463  1.573588e+01  1.694925e-01  1.573588e+01  1.694925e-01 
   85620649   5.202944e-01   9.102232e-02   5.202944e-01   9.102232e-02 223200609172327440      10365       6730     0 2453996.479734  1.570938e+01  1.899436e-01  1.570938e+01  1.899436e-01 
   85620708   4.098584e-01   9.106834e-02   4.098584e-01   9.106834e-02 223200609172328430      10365       6726     0 2453996.480417  1.596842e+01  2.412456e-01  1.596842e+01  2.412456e-01 
   85620771   4.860715e-01   9.153682e-02   4.860715e-01   9.153682e-02 223200609172329460      10365       6724     0 2453996.481146  1.578325e+01  2.044662e-01  1.578325e+01  2.044662e-01 
   85620825   4.673712e-01   9.052179e-02   4.673712e-01   9.052179e-02 223200609172330410      10365       6721     0 2453996.481771  1.582584e+01  2.102892e-01  1.582584e+01  2.102892e-01 
   85706445   4.203380e-01   8.655928e-02   4.203380e-01   8.655928e-02 223200609182317440      10367       6704     0 2453997.472743  1.594100e+01  2.235841e-01  1.594100e+01  2.235841e-01 
   85706508   4.652208e-01   8.886497e-02   4.652208e-01   8.886497e-02 223200609182318460      10373       6680     0 2453997.473472  1.583085e+01  2.073945e-01  1.583085e+01  2.073945e-01 
   85706563   3.372511e-01   8.722477e-02   3.372511e-01   8.722477e-02 223200609182319410      10373       6677     0 2453997.474109  1.618012e+01  2.808098e-01  1.618012e+01  2.808098e-01 
   85878758   4.487559e-01   8.797821e-02   4.487559e-01   8.797821e-02 223200609202309430      10370       6756     0 2453999.467106  1.586997e+01  2.128584e-01  1.586997e+01  2.128584e-01 
   85878815   4.596255e-01   8.861234e-02   4.596255e-01   8.861234e-02 223200609202310400      10372       6754     0 2453999.467766  1.584399e+01  2.093225e-01  1.584399e+01  2.093225e-01 
   85878876   3.947253e-01   8.884927e-02   3.947253e-01   8.884927e-02 223200609202311410      10373       6751     0 2453999.468472  1.600926e+01  2.443907e-01  1.600926e+01  2.443907e-01 
   85878936   4.909668e-01   8.997800e-02   4.909668e-01   8.997800e-02 223200609202312420      10373       6748     0 2453999.469167  1.577237e+01  1.989803e-01  1.577237e+01  1.989803e-01 
   85964881   5.432615e-01   8.087862e-02   5.432615e-01   8.087862e-02 223200609212305090      10384       6752     0 2454000.463900  1.566248e+01  1.616407e-01  1.566248e+01  1.616407e-01 
   85965034   5.576738e-01   8.197597e-02   5.576738e-01   8.197597e-02 223200609212307420      10386       6744     0 2454000.465671  1.563405e+01  1.595997e-01  1.563405e+01  1.595997e-01 
   85965097   4.511794e-01   8.144951e-02   4.511794e-01   8.144951e-02 223200609212308460      10387       6741     0 2454000.466400  1.586413e+01  1.960041e-01  1.586413e+01  1.960041e-01 
   85965153   5.176384e-01   8.122116e-02   5.176384e-01   8.122116e-02 223200609212309410      10387       6739     0 2454000.467049  1.571493e+01  1.703603e-01  1.571493e+01  1.703603e-01 
   86404994   4.901473e-01   8.611688e-02   4.901473e-01   8.611688e-02 223200609270120390      10247       6400     0 2454005.557801  1.577418e+01  1.907601e-01  1.577418e+01  1.907601e-01 
   86405055   4.418851e-01   8.562228e-02   4.418851e-01   8.562228e-02 223200609270121400      10252       6372     0 2454005.558507  1.588673e+01  2.103794e-01  1.588673e+01  2.103794e-01 
   86405123   4.842120e-01   8.553302e-02   4.842120e-01   8.553302e-02 223200609270122490      10250       6370     0 2454005.559294  1.578741e+01  1.917892e-01  1.578741e+01  1.917892e-01 
   86405184   5.147449e-01   8.621224e-02   5.147449e-01   8.621224e-02 223200609270123490      10250       6368     0 2454005.560000  1.572102e+01  1.818456e-01  1.572102e+01  1.818456e-01 
   87688163   4.798423e-01   6.724234e-02   4.798423e-01   6.724234e-02 223200610112147440      10050       6552     0 2454020.409294  1.579725e+01  1.521494e-01  1.579725e+01  1.521494e-01 
   87688237   3.920730e-01   6.726648e-02   3.920730e-01   6.726648e-02 223200610112148580      10055       6523     0 2454020.410150  1.601658e+01  1.862763e-01  1.601658e+01  1.862763e-01 
   87860508   4.058396e-01   7.601202e-02   4.058396e-01   7.601202e-02 223200610132140170      10014       6574     0 2454022.404028  1.597911e+01  2.033544e-01  1.597911e+01  2.033544e-01 
   87860575   5.658191e-01   7.710133e-02   5.658191e-01   7.710133e-02 223200610132141240      10014       6569     0 2454022.404803  1.561831e+01  1.479483e-01  1.561831e+01  1.479483e-01 
   87860631   5.151501e-01   7.718312e-02   5.151501e-01   7.718312e-02 223200610132142200      10013       6567     0 2454022.405451  1.572017e+01  1.626726e-01  1.572017e+01  1.626726e-01 
   87860691   4.221002e-01   7.627503e-02   4.221002e-01   7.627503e-02 223200610132143190      10013       6565     0 2454022.406146  1.593646e+01  1.961971e-01  1.593646e+01  1.961971e-01 
   88033120   4.699154e-01   7.276267e-02   4.699154e-01   7.276267e-02 223200610152137170      10009       6604     0 2454024.401852  1.581995e+01  1.681182e-01  1.581995e+01  1.681182e-01 
   88033181   4.782703e-01   7.257772e-02   4.782703e-01   7.257772e-02 223200610152138180      10009       6599     0 2454024.402558  1.580082e+01  1.647615e-01  1.580082e+01  1.647615e-01 
   88033236   4.884504e-01   7.288015e-02   4.884504e-01   7.288015e-02 223200610152139130      10008       6595     0 2454024.403194  1.577795e+01  1.619999e-01  1.577795e+01  1.619999e-01 
   88377494   4.630836e-01   7.585630e-02   4.630836e-01   7.585630e-02 223200610192117070       9993       6617     0 2454028.387662  1.583585e+01  1.778517e-01  1.583585e+01  1.778517e-01 
   88377579   5.543328e-01   7.588132e-02   5.543328e-01   7.588132e-02 223200610192118310       9987       6639     0 2454028.388646  1.564057e+01  1.486244e-01  1.564057e+01  1.486244e-01 
   88377641   4.638658e-01   7.544320e-02   4.638658e-01   7.544320e-02 223200610192119340       9986       6635     0 2454028.389363  1.583402e+01  1.765849e-01  1.583402e+01  1.765849e-01 
   88463607   4.829230e-01   7.364923e-02   4.829230e-01   7.364923e-02 223200610202112230      10017       6574     0 2454029.384340  1.579031e+01  1.655831e-01  1.579031e+01  1.655831e-01 
   88463679   5.073075e-01   7.408034e-02   5.073075e-01   7.408034e-02 223200610202113350      10014       6569     0 2454029.385174  1.573682e+01  1.585468e-01  1.573682e+01  1.585468e-01 
   88463742   4.955653e-01   7.471190e-02   4.955653e-01   7.471190e-02 223200610202114380      10014       6567     0 2454029.385903  1.576225e+01  1.636872e-01  1.576225e+01  1.636872e-01 
   88463801   5.850667e-01   7.463700e-02   5.850667e-01   7.463700e-02 223200610202115380      10014       6564     0 2454029.386586  1.558199e+01  1.385079e-01  1.558199e+01  1.385079e-01 
   88551555   5.867624e-01   8.190770e-02   5.867624e-01   8.190770e-02 223200610212138150      10012       6515     0 2454030.402257  1.557884e+01  1.515613e-01  1.557884e+01  1.515613e-01 
   88551687   5.334088e-01   8.173314e-02   5.334088e-01   8.173314e-02 223200610212140270      10008       6505     0 2454030.403785  1.568235e+01  1.663657e-01  1.568235e+01  1.663657e-01 
   88551759   4.964676e-01   8.133369e-02   4.964676e-01   8.133369e-02 223200610212141400      10001       6527     0 2454030.404618  1.576027e+01  1.778711e-01  1.576027e+01  1.778711e-01 
   88637617   9.684155e-01   9.958522e-01   9.684155e-01   9.958522e-01 223200610222132420      10007       6559     0 2454031.398345  1.503485e+01  1.116501e+00  1.503485e+01  1.116501e+00 
   88637690   1.675503e+00   1.211001e+00   1.675503e+00   1.211001e+00 223200610222133550      10009       6528     0 2454031.399190  1.443964e+01  7.847388e-01  1.443964e+01  7.847388e-01 
   88637765   2.026203e-01   1.236431e+00   2.026203e-01   1.236431e+00 223200610222135100      10003       6549     0 2454031.400058  1.673329e+01  6.625407e+00  1.673329e+01  6.625407e+00 
   88640078   2.105176e+00   1.911260e+00   2.105176e+00   1.911260e+00 223200610222213430      10002       6423     0 2454031.426829  1.419178e+01  9.857280e-01  1.419178e+01  9.857280e-01 
   88722107   5.439333e-01   7.600570e-02   5.439333e-01   7.600570e-02 223200610232100550      10001       6606     0 2454032.376238  1.566114e+01  1.517143e-01  1.566114e+01  1.517143e-01 
   88722161   4.975681e-01   7.628528e-02   4.975681e-01   7.628528e-02 223200610232101500      10001       6602     0 2454032.376863  1.575787e+01  1.664616e-01  1.575787e+01  1.664616e-01 
   88722223   4.909016e-01   7.681839e-02   4.909016e-01   7.681839e-02 223200610232102520      10001       6600     0 2454032.377581  1.577251e+01  1.699013e-01  1.577251e+01  1.699013e-01 
   88722290   5.384365e-01   7.730854e-02   5.384365e-01   7.730854e-02 223200610232103590      10001       6597     0 2454032.378356  1.567216e+01  1.558902e-01  1.567216e+01  1.558902e-01 
   88980551   5.285098e-01   8.846436e-02   5.285098e-01   8.846436e-02 223200610262048320       9997       6666     0 2454035.367488  1.569237e+01  1.817361e-01  1.569237e+01  1.817361e-01 
   88980605   6.519834e-01   8.942212e-02   6.519834e-01   8.942212e-02 223200610262049260       9998       6663     0 2454035.368113  1.546441e+01  1.489136e-01  1.546441e+01  1.489136e-01 
   88980665   3.798921e-01   8.791751e-02   3.798921e-01   8.791751e-02 223200610262050270       9998       6661     0 2454035.368808  1.605085e+01  2.512702e-01  1.605085e+01  2.512702e-01 
   88980729   4.724982e-01   8.818449e-02   4.724982e-01   8.818449e-02 223200610262051300       9994       6652     0 2454035.369549  1.581400e+01  2.026366e-01  1.581400e+01  2.026366e-01 
   89066667   5.893453e-01   1.003231e-01   5.893453e-01   1.003231e-01 223200610272043520      10019       6638     0 2454036.364201  1.557408e+01  1.848233e-01  1.557408e+01  1.848233e-01 
   89066730   5.511403e-01   1.013268e-01   5.511403e-01   1.013268e-01 223200610272044550      10018       6635     0 2454036.364931  1.564684e+01  1.996127e-01  1.564684e+01  1.996127e-01 
   89066786   6.716117e-01   1.024344e-01   6.716117e-01   1.024344e-01 223200610272045520      10017       6631     0 2454036.365579  1.543220e+01  1.655974e-01  1.543220e+01  1.655974e-01 
   89066851   4.086791e-01   1.010683e-01   4.086791e-01   1.010683e-01 223200610272046560      10017       6629     0 2454036.366331  1.597154e+01  2.685087e-01  1.597154e+01  2.685087e-01 
   89152865   7.013404e-01   1.766980e-01   7.013404e-01   1.766980e-01 223200610282040350      10004       6648     0 2454037.361863  1.538518e+01  2.735449e-01  1.538518e+01  2.735449e-01 
   89152938   6.501435e-01   1.521754e-01   6.501435e-01   1.521754e-01 223200610282041480      10008       6616     0 2454037.362708  1.546748e+01  2.541329e-01  1.546748e+01  2.541329e-01 
   89238986   5.661384e-01   1.407043e-01   5.661384e-01   1.407043e-01 223200610292035590      10001       6605     0 2454038.358634  1.561769e+01  2.698426e-01  1.561769e+01  2.698426e-01 
   89239041   7.676513e-01   1.429182e-01   7.676513e-01   1.429182e-01 223200610292036550      10002       6602     0 2454038.359271  1.528709e+01  2.021386e-01  1.528709e+01  2.021386e-01 
   89239088   7.123954e-01   1.413251e-01   7.123954e-01   1.413251e-01 223200610292037410      10000       6595     0 2454038.359815  1.536820e+01  2.153893e-01  1.536820e+01  2.153893e-01 
   89239166   7.722371e-01   1.407473e-01   7.722371e-01   1.407473e-01 223200610292038590      10000       6592     0 2454038.360718  1.528062e+01  1.978861e-01  1.528062e+01  1.978861e-01 
   89411360   9.533594e-01   2.312652e-01   9.533594e-01   2.312652e-01 223200610312029020       9994       6607     0 2454040.353704  1.505186e+01  2.633780e-01  1.505186e+01  2.633780e-01 
   89411433   7.565851e-01   2.300065e-01   7.565851e-01   2.300065e-01 223200610312030160       9989       6627     0 2454040.354549  1.530286e+01  3.300716e-01  1.530286e+01  3.300716e-01 
   89411503   1.001837e+00   2.354934e-01   1.001837e+00   2.354934e-01 223200610312031250       9993       6595     0 2454040.355359  1.499801e+01  2.552159e-01  1.499801e+01  2.552159e-01 
   89411560   1.072823e+00   2.329971e-01   1.072823e+00   2.329971e-01 223200610312032230       9992       6592     0 2454040.356019  1.492368e+01  2.358025e-01  1.492368e+01  2.358025e-01 
   89506220   5.305254e-01   2.409820e-01   5.305254e-01   2.409820e-01 223200611012250050       9920       6231     0 2454041.451620  1.568823e+01  4.931785e-01  1.568823e+01  4.931785e-01 
   89506293   4.578341e-01   2.433752e-01   4.578341e-01   2.433752e-01 223200611012251190       9924       6201     0 2454041.452465  1.584823e+01  5.771571e-01  1.584823e+01  5.771571e-01 
   89506412   7.284796e-01   2.432169e-01   7.284796e-01   2.432169e-01 223200611012253170       9922       6196     0 2454041.453843  1.534396e+01  3.624951e-01  1.534396e+01  3.624951e-01 
   89842120   4.660018e-01   3.348725e-01   4.660018e-01   3.348725e-01 223200611052008420      10005       6608     0 2454045.339352  1.582903e+01  7.802213e-01  1.582903e+01  7.802213e-01 
   89842178   4.550402e-01   3.372560e-01   4.550402e-01   3.372560e-01 223200611052009400      10005       6604     0 2454045.340023  1.585488e+01  8.047032e-01  1.585488e+01  8.047032e-01 
   89842251   8.400154e-01   3.390745e-01   8.400154e-01   3.390745e-01 223200611052010530      10005       6601     0 2454045.340868  1.518928e+01  4.382619e-01  1.518928e+01  4.382619e-01 
   89928304   6.168162e-01   2.588037e-01   6.168162e-01   2.588037e-01 223200611062005110      10007       6626     0 2454046.336852  1.552461e+01  4.555547e-01  1.552461e+01  4.555547e-01 
   89928373   6.849617e-01   2.584057e-01   6.849617e-01   2.584057e-01 223200611062006190      10007       6623     0 2454046.337650  1.541083e+01  4.096017e-01  1.541083e+01  4.096017e-01 
   89928427   5.744722e-01   2.592350e-01   5.744722e-01   2.592350e-01 223200611062007140      10008       6620     0 2454046.338275  1.560183e+01  4.899485e-01  1.560183e+01  4.899485e-01 
   90014492   3.900282e-01   1.838575e-01   3.900282e-01   1.838575e-01 223200611072001430      10014       6634     0 2454047.334398  1.602226e+01  5.118127e-01  1.602226e+01  5.118127e-01 
   90014546   5.012298e-01   1.632410e-01   5.012298e-01   1.632410e-01 223200611072002370      10014       6631     0 2454047.335023  1.574991e+01  3.536048e-01  1.574991e+01  3.536048e-01 
   90014635   5.794627e-01   1.503449e-01   5.794627e-01   1.503449e-01 223200611072004050      10008       6653     0 2454047.336053  1.559244e+01  2.817014e-01  1.559244e+01  2.817014e-01 
   90014697   7.486977e-01   1.543540e-01   7.486977e-01   1.543540e-01 223200611072005080      10007       6649     0 2454047.336771  1.531423e+01  2.238397e-01  1.531423e+01  2.238397e-01 
   90272981   5.654327e-01   8.540744e-02   5.654327e-01   8.540744e-02 223200611101950030      10011       6617     0 2454050.326169  1.561905e+01  1.639988e-01  1.561905e+01  1.639988e-01 
   90273035   4.400188e-01   8.497866e-02   4.400188e-01   8.497866e-02 223200611101950570      10011       6614     0 2454050.326794  1.589132e+01  2.096836e-01  1.589132e+01  2.096836e-01 
   90273083   5.346348e-01   8.779820e-02   5.346348e-01   8.779820e-02 223200611101951450      10010       6610     0 2454050.327350  1.567986e+01  1.783012e-01  1.567986e+01  1.783012e-01 
   90617595   6.074930e-01   8.055867e-02   6.074930e-01   8.055867e-02 223200611141933540      10000       6643     0 2454054.314757  1.554115e+01  1.439782e-01  1.554115e+01  1.439782e-01 
   90617657   4.594973e-01   7.926160e-02   4.594973e-01   7.926160e-02 223200611141934560      10000       6639     0 2454054.315475  1.584429e+01  1.872862e-01  1.584429e+01  1.872862e-01 
   90617717   4.675593e-01   8.087097e-02   4.675593e-01   8.087097e-02 223200611141935570      10006       6610     0 2454054.316169  1.582541e+01  1.877940e-01  1.582541e+01  1.877940e-01 
   90617768   5.903639e-01   8.098558e-02   5.903639e-01   8.098558e-02 223200611141936470      10006       6608     0 2454054.316759  1.557220e+01  1.489408e-01  1.557220e+01  1.489408e-01 
   93120133   9.089108e-01   2.027095e-01   9.089108e-01   2.027095e-01 223200612131844400      10669       6454     0 2454083.279317  1.510370e+01  2.421467e-01  1.510370e+01  2.421467e-01 
   93120268   4.167666e-01   1.712114e-01   4.167666e-01   1.712114e-01 223200612131846550      10664       6474     0 2454083.280880  1.595027e+01  4.460316e-01  1.595027e+01  4.460316e-01 
   93120332   3.690813e-01   1.571643e-01   3.690813e-01   1.571643e-01 223200612131847580      10669       6446     0 2454083.281620  1.608220e+01  4.623359e-01  1.608220e+01  4.623359e-01 
   93292967   8.081915e-01   2.455046e-01   8.081915e-01   2.455046e-01 223200612151845190      10642       6426     0 2454085.279711  1.523121e+01  3.298156e-01  1.523121e+01  3.298156e-01 
   93293021   9.066396e-01   2.305578e-01   9.066396e-01   2.305578e-01 223200612151846130      10642       6424     0 2454085.280336  1.510641e+01  2.761029e-01  1.510641e+01  2.761029e-01 
   93293075   9.499628e-01   2.157031e-01   9.499628e-01   2.157031e-01 223200612151847070      10641       6422     0 2454085.280961  1.505573e+01  2.465333e-01  1.505573e+01  2.465333e-01 
   93293129   4.692097e-01   2.005911e-01   4.692097e-01   2.005911e-01 223200612151848010      10641       6419     0 2454085.281586  1.582158e+01  4.641629e-01  1.582158e+01  4.641629e-01 
   93467308   6.629725e-01   9.249673e-02   6.629725e-01   9.249673e-02 223200612171911070      10995       6249     0 2454087.297546  1.544626e+01  1.514805e-01  1.544626e+01  1.514805e-01 
   93467364   5.541630e-01   9.062629e-02   5.541630e-01   9.062629e-02 223200612171912030      10994       6246     0 2454087.298194  1.564091e+01  1.775589e-01  1.564091e+01  1.775589e-01 
   93467424   5.337637e-01   8.860110e-02   5.337637e-01   8.860110e-02 223200612171913020      10992       6243     0 2454087.298889  1.568163e+01  1.802254e-01  1.568163e+01  1.802254e-01 
   93467494   5.554180e-01   8.863956e-02   5.554180e-01   8.863956e-02 223200612171914130      10985       6265     0 2454087.299699  1.563845e+01  1.732740e-01  1.563845e+01  1.732740e-01 
   93556665   6.412731e-01   8.091038e-02   6.412731e-01   8.091038e-02 223200612182000260      10055       6183     0 2454088.331771  1.548239e+01  1.369894e-01  1.548239e+01  1.369894e-01 
   93556723   4.765249e-01   8.050852e-02   4.765249e-01   8.050852e-02 223200612182001250      10055       6181     0 2454088.332442  1.580479e+01  1.834349e-01  1.580479e+01  1.834349e-01 
   93556792   5.311253e-01   8.127916e-02   5.311253e-01   8.127916e-02 223200612182002330      10054       6179     0 2454088.333241  1.568701e+01  1.661529e-01  1.568701e+01  1.661529e-01 
   93556856   4.897192e-01   8.126699e-02   4.897192e-01   8.126699e-02 223200612182003370      10053       6177     0 2454088.333981  1.577513e+01  1.801743e-01  1.577513e+01  1.801743e-01 
   93725365   8.799109e-01   1.997539e-01   8.799109e-01   1.997539e-01 223200612201852110      10114       6338     0 2454090.284317  1.513890e+01  2.464805e-01  1.513890e+01  2.464805e-01 
   93725424   4.953830e-01   1.852051e-01   4.953830e-01   1.852051e-01 223200612201853100      10113       6336     0 2454090.285000  1.576265e+01  4.059173e-01  1.576265e+01  4.059173e-01 
   93725481   7.518377e-01   1.748112e-01   7.518377e-01   1.748112e-01 223200612201854080      10113       6333     0 2454090.285660  1.530969e+01  2.524474e-01  1.530969e+01  2.524474e-01 
   93725543   8.105507e-01   1.648771e-01   8.105507e-01   1.648771e-01 223200612201855100      10112       6331     0 2454090.286377  1.522805e+01  2.208543e-01  1.522805e+01  2.208543e-01 
   94935168   8.809188e-01   3.762557e-01   8.809188e-01   3.762557e-01 223200701031856070      10056       6184     0 2454104.286667  1.513766e+01  4.637384e-01  1.513766e+01  4.637384e-01 
   94935357   9.888765e-01   3.611163e-01   9.888765e-01   3.611163e-01 223200701031859170      10053       6179     0 2454104.288854  1.501215e+01  3.964888e-01  1.501215e+01  3.964888e-01 
   95021670   7.994193e-01   2.652402e-01   7.994193e-01   2.652402e-01 223200701041857500      10056       6173     0 2454105.287847  1.524306e+01  3.602388e-01  1.524306e+01  3.602388e-01 
   95021735   7.687124e-01   2.525078e-01   7.687124e-01   2.525078e-01 223200701041858560      10055       6171     0 2454105.288600  1.528559e+01  3.566456e-01  1.528559e+01  3.566456e-01 
   95021791   8.232176e-01   2.431609e-01   8.232176e-01   2.431609e-01 223200701041859510      10055       6170     0 2454105.289248  1.521121e+01  3.207045e-01  1.521121e+01  3.207045e-01 
   95107899   7.003824e-01   2.442373e-01   7.003824e-01   2.442373e-01 223200701051855020      10030       6166     0 2454106.285868  1.538666e+01  3.786192e-01  1.538666e+01  3.786192e-01 
   95107955   8.287920e-01   2.270000e-01   8.287920e-01   2.270000e-01 223200701051855570      10029       6164     0 2454106.286516  1.520389e+01  2.973761e-01  1.520389e+01  2.973761e-01 
   95108009   4.917487e-01   2.119403e-01   4.917487e-01   2.119403e-01 223200701051856510      10028       6163     0 2454106.287141  1.577064e+01  4.679465e-01  1.577064e+01  4.679465e-01 
   95280688   4.465374e-01   2.173436e-01   4.465374e-01   2.173436e-01 223200701071854540      10007       6148     0 2454108.285741  1.587536e+01  5.284632e-01  1.587536e+01  5.284632e-01 
   95280817   5.183720e-01   1.844388e-01   5.183720e-01   1.844388e-01 223200701071857030      10026       6172     0 2454108.287234  1.571340e+01  3.863105e-01  1.571340e+01  3.863105e-01 
   95280873   5.833175e-01   1.719679e-01   5.833175e-01   1.719679e-01 223200701071857590      10024       6169     0 2454108.287882  1.558524e+01  3.200871e-01  1.558524e+01  3.200871e-01 
   95280929   6.700073e-01   1.612595e-01   6.700073e-01   1.612595e-01 223200701071858540      10023       6167     0 2454108.288530  1.543480e+01  2.613193e-01  1.543480e+01  2.613193e-01 
   95367150   8.790042e-01   2.468674e-01   8.790042e-01   2.468674e-01 223200701081855580      10010       6138     0 2454109.286458  1.514002e+01  3.049289e-01  1.514002e+01  3.049289e-01 
   95367206   9.145013e-01   2.302105e-01   9.145013e-01   2.302105e-01 223200701081856530      10009       6137     0 2454109.287106  1.509704e+01  2.733170e-01  1.509704e+01  2.733170e-01 
   95367261   6.294370e-01   2.134096e-01   6.294370e-01   2.134096e-01 223200701081857490      10008       6136     0 2454109.287743  1.550262e+01  3.681184e-01  1.550262e+01  3.681184e-01 
   95367317   9.823512e-01   2.004711e-01   9.823512e-01   2.004711e-01 223200701081858450      10007       6134     0 2454109.288391  1.501933e+01  2.215700e-01  1.501933e+01  2.215700e-01 
   95453535   4.481599e-01   2.381393e-01   4.481599e-01   2.381393e-01 223200701091855450      10012       6134     0 2454110.286285  1.587142e+01  5.769311e-01  1.587142e+01  5.769311e-01 
   95453591   5.749146e-01   2.227176e-01   5.749146e-01   2.227176e-01 223200701091856400      10012       6133     0 2454110.286933  1.560099e+01  4.206074e-01  1.560099e+01  4.206074e-01 
   95453645   8.081327e-01   2.084188e-01   8.081327e-01   2.084188e-01 223200701091857350      10011       6133     0 2454110.287558  1.523129e+01  2.800142e-01  1.523129e+01  2.800142e-01 
   95453701   7.216814e-01   1.955688e-01   7.216814e-01   1.955688e-01 223200701091858300      10009       6131     0 2454110.288206  1.535414e+01  2.942253e-01  1.535414e+01  2.942253e-01 
   95539925   5.203820e-01   2.357279e-01   5.203820e-01   2.357279e-01 223200701101855350      10009       6128     0 2454111.286169  1.570919e+01  4.918295e-01  1.570919e+01  4.918295e-01 
   95539979   7.129841e-01   2.213071e-01   7.129841e-01   2.213071e-01 223200701101856300      10008       6127     0 2454111.286794  1.536730e+01  3.370089e-01  1.536730e+01  3.370089e-01 
   95540033   6.481534e-01   2.077025e-01   6.481534e-01   2.077025e-01 223200701101857240      10008       6126     0 2454111.287419  1.547081e+01  3.479283e-01  1.547081e+01  3.479283e-01 
   95540089   5.183008e-01   1.950350e-01   5.183008e-01   1.950350e-01 223200701101858190      10007       6125     0 2454111.288067  1.571355e+01  4.085606e-01  1.571355e+01  4.085606e-01 
   95626419   5.652902e-01   2.153066e-01   5.652902e-01   2.153066e-01 223200701111857110       9990       6106     0 2454112.287257  1.561932e+01  4.135344e-01  1.561932e+01  4.135344e-01 
   95626475   6.237080e-01   2.021628e-01   6.237080e-01   2.021628e-01 223200701111858070       9990       6105     0 2454112.287905  1.551255e+01  3.519214e-01  1.551255e+01  3.519214e-01 
   95712747   6.288150e-01   2.135204e-01   6.288150e-01   2.135204e-01 223200701121856000      10019       6102     0 2454113.286424  1.550369e+01  3.686738e-01  1.550369e+01  3.686738e-01 
   95712801   5.977880e-01   2.000715e-01   5.977880e-01   2.000715e-01 223200701121856550      10018       6100     0 2454113.287049  1.555863e+01  3.633825e-01  1.555863e+01  3.633825e-01 
   95712855   9.069346e-01   1.880277e-01   9.069346e-01   1.880277e-01 223200701121857490      10018       6099     0 2454113.287674  1.510606e+01  2.250980e-01  1.510606e+01  2.250980e-01 
   95799113   7.225419e-01   2.012128e-01   7.225419e-01   2.012128e-01 223200701131855270      10016       6118     0 2454114.286030  1.535284e+01  3.023559e-01  1.535284e+01  3.023559e-01 
   95799167   8.366247e-01   1.883749e-01   8.366247e-01   1.883749e-01 223200701131856210      10015       6116     0 2454114.286655  1.519367e+01  2.444659e-01  1.519367e+01  2.444659e-01 
   95799291   6.047595e-01   1.656646e-01   6.047595e-01   1.656646e-01 223200701131858250      10017       6120     0 2454114.288090  1.554604e+01  2.974219e-01  1.554604e+01  2.974219e-01 
   95799345   7.830618e-01   1.565078e-01   7.830618e-01   1.565078e-01 223200701131859190      10016       6118     0 2454114.288715  1.526551e+01  2.170031e-01  1.526551e+01  2.170031e-01 
   95885583   6.539511e-01   1.880585e-01   6.539511e-01   1.880585e-01 223200701141856390      10011       6095     0 2454115.286840  1.546114e+01  3.122292e-01  1.546114e+01  3.122292e-01 
   95885639   7.888287e-01   1.767931e-01   7.888287e-01   1.767931e-01 223200701141857340      10011       6094     0 2454115.287488  1.525754e+01  2.433372e-01  1.525754e+01  2.433372e-01 
   95885693   6.992976e-01   1.663900e-01   6.992976e-01   1.663900e-01 223200701141858290      10011       6093     0 2454115.288113  1.538834e+01  2.583397e-01  1.538834e+01  2.583397e-01 
   95885825   5.241989e-01   1.455136e-01   5.241989e-01   1.455136e-01 223200701141900410      10008       6094     0 2454115.289641  1.570126e+01  3.013931e-01  1.570126e+01  3.013931e-01 
  105941753   5.190774e-01   2.520426e-01   5.190774e-01   2.520426e-01 223200705110414520       9994       6922     0 2454231.677697  1.571192e+01  5.271905e-01  1.571192e+01  5.271905e-01 
  105941809   4.353968e-01   2.694238e-01   4.353968e-01   2.694238e-01 223200705110415490       9997       6921     0 2454231.678345  1.590279e+01  6.718565e-01  1.590279e+01  6.718565e-01 
  105941868   9.003761e-01   2.849014e-01   9.003761e-01   2.849014e-01 223200705110416470      10000       6920     0 2454231.679028  1.511394e+01  3.435552e-01  1.511394e+01  3.435552e-01 
  105941923   8.178200e-01   3.056638e-01   8.178200e-01   3.056638e-01 223200705110417430      10002       6920     0 2454231.679664  1.521836e+01  4.058001e-01  1.521836e+01  4.058001e-01 
  106027808   7.061322e-01   1.517884e-01   7.061322e-01   1.517884e-01 223200705120409040      10019       6898     0 2454232.673704  1.537778e+01  2.333879e-01  1.537778e+01  2.333879e-01 
  106027988   6.632347e-01   1.746709e-01   6.632347e-01   1.746709e-01 223200705120412040      10008       6909     0 2454232.675787  1.544583e+01  2.859428e-01  1.544583e+01  2.859428e-01 
  106028042   5.505990e-01   1.831534e-01   5.505990e-01   1.831534e-01 223200705120412580      10011       6909     0 2454232.676412  1.564791e+01  3.611648e-01  1.564791e+01  3.611648e-01 
  106114063   7.162603e-01   1.526248e-01   7.162603e-01   1.526248e-01 223200705130406340       9995       6922     0 2454233.672025  1.536232e+01  2.313556e-01  1.536232e+01  2.313556e-01 
  106114117   6.685032e-01   1.566746e-01   6.685032e-01   1.566746e-01 223200705130407290       9998       6921     0 2454233.672650  1.543724e+01  2.544608e-01  1.543724e+01  2.544608e-01 
  106114173   6.713379e-01   1.613054e-01   6.713379e-01   1.613054e-01 223200705130408240      10001       6921     0 2454233.673299  1.543265e+01  2.608757e-01  1.543265e+01  2.608757e-01 
  106114227   7.171484e-01   1.673643e-01   7.171484e-01   1.673643e-01 223200705130409190      10003       6921     0 2454233.673924  1.536098e+01  2.533842e-01  1.536098e+01  2.533842e-01 
  124569523   8.777716e-01   3.271476e-01   8.777716e-01   3.271476e-01 221200712121841060      10040       2009     0 2454447.276887  1.514155e+01  4.046579e-01  1.514155e+01  4.046579e-01 
  124569716   5.846415e-01   2.439329e-01   5.846415e-01   2.439329e-01 223200712121844190       9172      10913     0 2454447.279120  1.558278e+01  4.530088e-01  1.558278e+01  4.530088e-01 
  124570450   7.734888e-01   1.504360e-01   7.734888e-01   1.504360e-01 222200712121856320      11086      27538     0 2454447.287616  1.527886e+01  2.111658e-01  1.527886e+01  2.111658e-01 
  124571582   9.083847e-01   1.079839e-01   9.083847e-01   1.079839e-01 222200712121915250      11103      27491     0 2454447.300718  1.510433e+01  1.290670e-01  1.510433e+01  1.290670e-01 
  124571646   7.078228e-01   9.681161e-02   7.078228e-01   9.681161e-02 221200712121916280       9993       2134     0 2454447.301458  1.537519e+01  1.485008e-01  1.537519e+01  1.485008e-01 
  124571706   5.684342e-01   7.179760e-02   5.684342e-01   7.179760e-02 223200712121917280       9184      10875     0 2454447.302153  1.561330e+01  1.371373e-01  1.561330e+01  1.371373e-01 
  124572790   8.054420e-01   1.064394e-01   8.054420e-01   1.064394e-01 222200712121935320      11074      27512     0 2454447.314699  1.523491e+01  1.434808e-01  1.523491e+01  1.434808e-01 
  124572981   8.926487e-01   9.472774e-02   8.926487e-01   9.472774e-02 221200712121938430      10032       2203     0 2454447.316910  1.512330e+01  1.152186e-01  1.512330e+01  1.152186e-01 
  124573040   5.067031e-01   7.002929e-02   5.067031e-01   7.002929e-02 223200712121939430       9169      10802     0 2454447.317593  1.573812e+01  1.500555e-01  1.573812e+01  1.500555e-01 
