\OBJNAME = '1SWASP J000237.38-723919.6'
\OBSSTART = '2006-05-11T04:14:48'
\OBSSTOP = '2007-12-12T19:39:43'
\TSTART = 74405751
\TSTOP = 124573040
\JD_REF = 2453005.5
\RA_OBJ = '0.655786'
\DEC_OBJ = '-72.655453'
\WASP_MAG = 12.09407
\HJD_START = 2453866.677674
\HJD_STOP = 2454447.317593
\fixlen = T
\NUMRECORDS = 373
\
\ This file was produced by the NASA Exoplanet Archive  http://exoplanetarchive.ipac.caltech.edu 
\ Tue Sep 17, 15:53:48 2013
\ Documentation for the SuperWASP dataset can be found at http://exoplanetarchive.ipac.caltech.edu/docs/SuperWASPMission.html
\
|TMID      |FLUX2         |FLUX2_ERR     |TAMFLUX2      |TAMFLUX2_ERR  |IMAGEID           |CCDX      |CCDY      |FLAG |           HJD|         MAG2|     MAG2_ERR|      TAMMAG2|  TAMMAG2_ERR|
|int       |float         |float         |float         |float         |char              |int       |int       |int  |        double|        float|        float|        float|        float|
|sec       |micro Vega    |micro Vega    |micro Vega    |micro Vega    |                  |1/16 pixel|1/16 pixel|     |           day|          mag|          mag|          mag|          mag|
|null      |null          |null          |null          |null          |null              |null      |null      |null |          null|         null|         null|         null|         null|
   74405751   1.526559e+01   2.128227e-01   1.526559e+01   2.128227e-01 223200605110414480       8200       6366     0 2453866.677674  1.204072e+01  1.513667e-02  1.204072e+01  1.513667e-02 
   74405804   1.551037e+01   2.289455e-01   1.551037e+01   2.289455e-01 223200605110415410       8205       6363     0 2453866.678287  1.202345e+01  1.602640e-02  1.202345e+01  1.602640e-02 
   74405888   1.592047e+01   2.542489e-01   1.592047e+01   2.542489e-01 223200605110417040       8209       6361     0 2453866.679259  1.199511e+01  1.733919e-02  1.199511e+01  1.733919e-02 
   74405953   1.615640e+01   2.806492e-01   1.615640e+01   2.806492e-01 223200605110418100       8219       6336     0 2453866.680012  1.197914e+01  1.886015e-02  1.197914e+01  1.886015e-02 
   74491864   1.586132e+01   2.276685e-01   1.586132e+01   2.276685e-01 223200605120409570       8225       6296     0 2453867.674352  1.199915e+01  1.558438e-02  1.199915e+01  1.558438e-02 
   74492002   1.602764e+01   2.388973e-01   1.602764e+01   2.388973e-01 223200605120412150       8234       6293     0 2453867.675949  1.198783e+01  1.618332e-02  1.198783e+01  1.618332e-02 
   74492055   1.577777e+01   2.449673e-01   1.577777e+01   2.449673e-01 223200605120413070       8237       6291     0 2453867.676563  1.200489e+01  1.685732e-02  1.200489e+01  1.685732e-02 
   74750387   1.608247e+01   3.126764e-01   1.608247e+01   3.126764e-01 223200605150358270       8221       6299     0 2453870.666516  1.198412e+01  2.110903e-02  1.198412e+01  2.110903e-02 
   74750447   1.576840e+01   3.136905e-01   1.576840e+01   3.136905e-01 223200605150359270       8226       6294     0 2453870.667211  1.200553e+01  2.159931e-02  1.200553e+01  2.159931e-02 
   74750501   1.533728e+01   3.130998e-01   1.533728e+01   3.130998e-01 223200605150400210       8230       6294     0 2453870.667836  1.203563e+01  2.216462e-02  1.203563e+01  2.216462e-02 
   74750560   1.596101e+01   3.143712e-01   1.596101e+01   3.143712e-01 223200605150401200       8233       6293     0 2453870.668519  1.199235e+01  2.138495e-02  1.199235e+01  2.138495e-02 
   75613648   1.382858e+01   1.455128e-01   1.382858e+01   1.455128e-01 223200605250345300       8297       6309     0 2453880.657963  1.214806e+01  1.142482e-02  1.214806e+01  1.142482e-02 
   75613711   1.400426e+01   1.458538e-01   1.400426e+01   1.458538e-01 223200605250346340       8308       6282     0 2453880.658692  1.213435e+01  1.130794e-02  1.213435e+01  1.130794e-02 
   75613769   1.389051e+01   1.446692e-01   1.389051e+01   1.446692e-01 223200605250347310       8311       6280     0 2453880.659363  1.214320e+01  1.130794e-02  1.214320e+01  1.130794e-02 
   75613837   1.395848e+01   1.438581e-01   1.395848e+01   1.438581e-01 223200605250348400       8308       6303     0 2453880.660150  1.213790e+01  1.118979e-02  1.213790e+01  1.118979e-02 
   75700103   1.388936e+01   1.433098e-01   1.388936e+01   1.433098e-01 223200605260346210       8317       6299     0 2453881.658600  1.214329e+01  1.120261e-02  1.214329e+01  1.120261e-02 
   75700166   1.382993e+01   1.426326e-01   1.382993e+01   1.426326e-01 223200605260347250       8326       6269     0 2453881.659329  1.214795e+01  1.119759e-02  1.214795e+01  1.119759e-02 
   75700233   1.368386e+01   1.418831e-01   1.368386e+01   1.418831e-01 223200605260348310       8323       6293     0 2453881.660104  1.215948e+01  1.125765e-02  1.215948e+01  1.125765e-02 
   75700302   1.400056e+01   1.422586e-01   1.400056e+01   1.422586e-01 223200605260349400       8330       6264     0 2453881.660903  1.213464e+01  1.103212e-02  1.213464e+01  1.103212e-02 
   76132323   1.382925e+01   1.261421e-01   1.382925e+01   1.261421e-01 223200605310349440       8380       6272     0 2453886.661146  1.214800e+01  9.903474e-03  1.214800e+01  9.903474e-03 
   76132390   1.354191e+01   1.256935e-01   1.354191e+01   1.256935e-01 223200605310350510       8388       6242     0 2453886.661921  1.217080e+01  1.007764e-02  1.217080e+01  1.007764e-02 
   76132439   1.356561e+01   1.264748e-01   1.356561e+01   1.264748e-01 223200605310351390       8389       6241     0 2453886.662488  1.216890e+01  1.012256e-02  1.216890e+01  1.012256e-02 
   76132501   1.364155e+01   1.263059e-01   1.364155e+01   1.263059e-01 223200605310352410       8392       6239     0 2453886.663206  1.216284e+01  1.005277e-02  1.216284e+01  1.005277e-02 
   76218794   1.378734e+01   1.278994e-01   1.378734e+01   1.278994e-01 223200606010350510       8399       6234     0 2453887.661968  1.215130e+01  1.007196e-02  1.215130e+01  1.007196e-02 
   76218862   1.365593e+01   1.269370e-01   1.365593e+01   1.269370e-01 223200606010351580       8397       6255     0 2453887.662755  1.216170e+01  1.009236e-02  1.216170e+01  1.009236e-02 
   76218932   1.396806e+01   1.275398e-01   1.396806e+01   1.275398e-01 223200606010353090       8400       6254     0 2453887.663565  1.213716e+01  9.913696e-03  1.213716e+01  9.913696e-03 
   76219018   1.396317e+01   1.287613e-01   1.396317e+01   1.287613e-01 223200606010354350       8409       6227     0 2453887.664560  1.213754e+01  1.001215e-02  1.213754e+01  1.001215e-02 
   76478200   1.355532e+01   1.354415e-01   1.355532e+01   1.354415e-01 223200606040354060       8410       6226     0 2453890.664352  1.216973e+01  1.084845e-02  1.216973e+01  1.084845e-02 
   76478273   1.378372e+01   1.371469e-01   1.378372e+01   1.371469e-01 223200606040355190       8409       6248     0 2453890.665197  1.215158e+01  1.080302e-02  1.215158e+01  1.080302e-02 
   76478349   1.385127e+01   1.376920e-01   1.385127e+01   1.376920e-01 223200606040356360       8417       6218     0 2453890.666076  1.214628e+01  1.079307e-02  1.214628e+01  1.079307e-02 
   76478402   1.347167e+01   1.368530e-01   1.347167e+01   1.368530e-01 223200606040357280       8419       6216     0 2453890.666690  1.217645e+01  1.102958e-02  1.217645e+01  1.102958e-02 
   76564542   1.323977e+01   2.876585e-01   1.323977e+01   2.876585e-01 223200606050353060       8436       6210     0 2453891.663681  1.219530e+01  2.358971e-02  1.219530e+01  2.358971e-02 
   76564601   1.445545e+01   2.843773e-01   1.445545e+01   2.843773e-01 223200606050354050       8440       6210     0 2453891.664363  1.209992e+01  2.135941e-02  1.209992e+01  2.135941e-02 
   76564661   1.487484e+01   2.845024e-01   1.487484e+01   2.845024e-01 223200606050355050       8443       6207     0 2453891.665058  1.206887e+01  2.076632e-02  1.206887e+01  2.076632e-02 
   76564719   1.550413e+01   2.635031e-01   1.550413e+01   2.635031e-01 223200606050356020       8445       6206     0 2453891.665729  1.202388e+01  1.845287e-02  1.202388e+01  1.845287e-02 
   76650913   1.326213e+01   1.293185e-01   1.326213e+01   1.293185e-01 223200606060352330       8425       6207     0 2453892.663345  1.219347e+01  1.058701e-02  1.219347e+01  1.058701e-02 
   76651047   1.315946e+01   1.306131e-01   1.315946e+01   1.306131e-01 223200606060354480       8431       6206     0 2453892.664896  1.220190e+01  1.077641e-02  1.220190e+01  1.077641e-02 
   76651103   1.340104e+01   1.307053e-01   1.340104e+01   1.307053e-01 223200606060355430       8434       6203     0 2453892.665544  1.218215e+01  1.058962e-02  1.218215e+01  1.058962e-02 
   76651179   1.338253e+01   1.295072e-01   1.338253e+01   1.295072e-01 223200606060357000       8430       6225     0 2453892.666424  1.218365e+01  1.050707e-02  1.218365e+01  1.050707e-02 
   76737408   1.340817e+01   1.323112e-01   1.340817e+01   1.323112e-01 223200606070354040       8435       6210     0 2453893.664444  1.218158e+01  1.071403e-02  1.218158e+01  1.071403e-02 
   76737461   1.345033e+01   1.314171e-01   1.345033e+01   1.314171e-01 223200606070354570       8438       6207     0 2453893.665058  1.217817e+01  1.060827e-02  1.217817e+01  1.060827e-02 
   76737516   1.340539e+01   1.315061e-01   1.340539e+01   1.315061e-01 223200606070355530       8439       6205     0 2453893.665694  1.218180e+01  1.065104e-02  1.218180e+01  1.065104e-02 
   76737572   1.347062e+01   1.322680e-01   1.347062e+01   1.322680e-01 223200606070356480       8441       6204     0 2453893.666343  1.217653e+01  1.066088e-02  1.217653e+01  1.066088e-02 
   76823798   1.364791e+01   1.294598e-01   1.364791e+01   1.294598e-01 223200606080353510       8460       6209     0 2453894.664329  1.216234e+01  1.029900e-02  1.216234e+01  1.029900e-02 
   76823857   1.379689e+01   1.298601e-01   1.379689e+01   1.298601e-01 223200606080354510       8464       6206     0 2453894.665012  1.215055e+01  1.021929e-02  1.215055e+01  1.021929e-02 
   76823916   1.382998e+01   1.311992e-01   1.382998e+01   1.311992e-01 223200606080355500       8466       6204     0 2453894.665694  1.214795e+01  1.029996e-02  1.214795e+01  1.029996e-02 
   76824002   1.367305e+01   1.298191e-01   1.367305e+01   1.298191e-01 223200606080357160       8463       6225     0 2453894.666690  1.216034e+01  1.030858e-02  1.216034e+01  1.030858e-02 
   76910224   1.337308e+01   1.296195e-01   1.337308e+01   1.296195e-01 223200606090354140       8457       6196     0 2453895.664630  1.218442e+01  1.052361e-02  1.218442e+01  1.052361e-02 
   76910278   1.345232e+01   1.294648e-01   1.345232e+01   1.294648e-01 223200606090355080       8459       6194     0 2453895.665255  1.217801e+01  1.044913e-02  1.217801e+01  1.044913e-02 
   76910362   1.351819e+01   1.305567e-01   1.351819e+01   1.305567e-01 223200606090356320       8457       6215     0 2453895.666227  1.217270e+01  1.048591e-02  1.217270e+01  1.048591e-02 
   76910434   1.339969e+01   1.282903e-01   1.339969e+01   1.282903e-01 223200606090357440       8464       6188     0 2453895.667060  1.218226e+01  1.039501e-02  1.218226e+01  1.039501e-02 
   76996579   1.548111e+01   2.171417e-01   1.548111e+01   2.171417e-01 223200606100353270       8462       6196     0 2453896.664109  1.202549e+01  1.522885e-02  1.202549e+01  1.522885e-02 
   76996644   1.531781e+01   2.123804e-01   1.531781e+01   2.123804e-01 223200606100354320       8466       6193     0 2453896.664861  1.203701e+01  1.505371e-02  1.203701e+01  1.505371e-02 
   76996705   1.514479e+01   2.109172e-01   1.514479e+01   2.109172e-01 223200606100355320       8468       6191     0 2453896.665567  1.204934e+01  1.512079e-02  1.204934e+01  1.512079e-02 
   76996760   1.541104e+01   2.110104e-01   1.541104e+01   2.110104e-01 223200606100356270       8470       6189     0 2453896.666204  1.203042e+01  1.486612e-02  1.203042e+01  1.486612e-02 
   77082999   1.623602e+01   3.439545e-01   1.623602e+01   3.439545e-01 223200606110353440       8475       6185     0 2453897.664340  1.197380e+01  2.300103e-02  1.197380e+01  2.300103e-02 
   77083076   1.628541e+01   3.418773e-01   1.628541e+01   3.418773e-01 223200606110355000       8473       6207     0 2453897.665231  1.197050e+01  2.279278e-02  1.197050e+01  2.279278e-02 
   77083157   1.594239e+01   3.374785e-01   1.594239e+01   3.374785e-01 223200606110356210       8481       6179     0 2453897.666169  1.199362e+01  2.298363e-02  1.199362e+01  2.298363e-02 
   77083211   1.538501e+01   3.367696e-01   1.538501e+01   3.367696e-01 223200606110357160       8482       6177     0 2453897.666794  1.203226e+01  2.376626e-02  1.203226e+01  2.376626e-02 
   77169265   1.609716e+01   4.283774e-01   1.609716e+01   4.283774e-01 223200606120351270       8472       6204     0 2453898.662789  1.198313e+01  2.889370e-02  1.198313e+01  2.889370e-02 
   77169327   1.531774e+01   4.202476e-01   1.531774e+01   4.202476e-01 223200606120352290       8481       6177     0 2453898.663507  1.203701e+01  2.978766e-02  1.203701e+01  2.978766e-02 
   77169385   1.603722e+01   4.201743e-01   1.603722e+01   4.201743e-01 223200606120353260       8483       6175     0 2453898.664178  1.198718e+01  2.844634e-02  1.198718e+01  2.844634e-02 
   77169445   1.709709e+01   4.252086e-01   1.709709e+01   4.252086e-01 223200606120354260       8484       6172     0 2453898.664873  1.191770e+01  2.700261e-02  1.191770e+01  2.700261e-02 
   77514756   1.546481e+01   2.381489e+00   1.546481e+01   2.381489e+00 223200606160349260       8485       6142     0 2453902.661528  1.202664e+01  1.671975e-01  1.202664e+01  1.671975e-01 
   77601376   1.536754e+01   1.902054e-01   1.536754e+01   1.902054e-01 223200606170353030       8497       6128     0 2453903.664074  1.203349e+01  1.343830e-02  1.203349e+01  1.343830e-02 
   77601446   1.493352e+01   1.917810e-01   1.493352e+01   1.917810e-01 223200606170354120       8494       6150     0 2453903.664884  1.206460e+01  1.394342e-02  1.206460e+01  1.394342e-02 
   77601516   1.472808e+01   1.896975e-01   1.472808e+01   1.896975e-01 223200606170355220       8495       6148     0 2453903.665694  1.207963e+01  1.398433e-02  1.207963e+01  1.398433e-02 
   77601573   1.522736e+01   1.919909e-01   1.522736e+01   1.919909e-01 223200606170356190       8502       6121     0 2453903.666354  1.204344e+01  1.368932e-02  1.204344e+01  1.368932e-02 
   77687719   1.467861e+01   1.684722e-01   1.467861e+01   1.684722e-01 223200606180352030       8517       6122     0 2453904.663414  1.208329e+01  1.246147e-02  1.208329e+01  1.246147e-02 
   77687762   1.485955e+01   1.683410e-01   1.485955e+01   1.683410e-01 223200606180352470       8518       6120     0 2453904.663912  1.206999e+01  1.230014e-02  1.206999e+01  1.230014e-02 
   77687830   1.473032e+01   1.678324e-01   1.473032e+01   1.678324e-01 223200606180353550       8520       6119     0 2453904.664699  1.207947e+01  1.237056e-02  1.207947e+01  1.237056e-02 
   77687881   1.471390e+01   1.680015e-01   1.471390e+01   1.680015e-01 223200606180354460       8521       6117     0 2453904.665289  1.208068e+01  1.239684e-02  1.208068e+01  1.239684e-02 
   77774356   1.441455e+01   1.492899e-01   1.441455e+01   1.492899e-01 223200606190355570       8562       6102     0 2453905.666157  1.210300e+01  1.124489e-02  1.210300e+01  1.124489e-02 
   77774412   1.415993e+01   1.485418e-01   1.415993e+01   1.485418e-01 223200606190356530       8562       6102     0 2453905.666806  1.212235e+01  1.138973e-02  1.212235e+01  1.138973e-02 
   77774474   1.397438e+01   1.476867e-01   1.397438e+01   1.476867e-01 223200606190357560       8562       6101     0 2453905.667523  1.213667e+01  1.147452e-02  1.213667e+01  1.147452e-02 
   77774539   1.433041e+01   1.475514e-01   1.433041e+01   1.475514e-01 223200606190359000       8556       6126     0 2453905.668275  1.210935e+01  1.117920e-02  1.210935e+01  1.117920e-02 
   77860770   1.389527e+01   1.347412e-01   1.389527e+01   1.347412e-01 223200606200356080       8546       6097     0 2453906.666319  1.214283e+01  1.052832e-02  1.214283e+01  1.052832e-02 
   77860829   1.393402e+01   1.347749e-01   1.393402e+01   1.347749e-01 223200606200357080       8547       6096     0 2453906.667002  1.213981e+01  1.050167e-02  1.213981e+01  1.050167e-02 
   77860893   1.380779e+01   1.344438e-01   1.380779e+01   1.344438e-01 223200606200358110       8546       6096     0 2453906.667743  1.214969e+01  1.057164e-02  1.214969e+01  1.057164e-02 
   77860958   1.409815e+01   1.364334e-01   1.409815e+01   1.364334e-01 223200606200359170       8540       6122     0 2453906.668495  1.212709e+01  1.050714e-02  1.212709e+01  1.050714e-02 
   77947080   1.364753e+01   1.389079e-01   1.364753e+01   1.389079e-01 223200606210354360       8541       6096     0 2453907.665278  1.216236e+01  1.105093e-02  1.216236e+01  1.105093e-02 
   77947134   1.402264e+01   1.395918e-01   1.402264e+01   1.395918e-01 223200606210355300       8541       6097     0 2453907.665903  1.213293e+01  1.080826e-02  1.213293e+01  1.080826e-02 
   77947212   1.389754e+01   1.410270e-01   1.389754e+01   1.410270e-01 223200606210356480       8536       6121     0 2453907.666806  1.214266e+01  1.101769e-02  1.214266e+01  1.101769e-02 
   77947279   1.393632e+01   1.394984e-01   1.393632e+01   1.394984e-01 223200606210357550       8541       6097     0 2453907.667581  1.213963e+01  1.086793e-02  1.213963e+01  1.086793e-02 
   78119990   1.312041e+01   1.307394e-01   1.312041e+01   1.307394e-01 223200606230356210       8532       6076     0 2453909.666551  1.220513e+01  1.081895e-02  1.220513e+01  1.081895e-02 
   78120044   1.305837e+01   1.298422e-01   1.305837e+01   1.298422e-01 223200606230357150       8531       6077     0 2453909.667176  1.221028e+01  1.079575e-02  1.221028e+01  1.079575e-02 
   78120192   1.289164e+01   1.300573e-01   1.289164e+01   1.300573e-01 223200606230359440       8528       6086     0 2453909.668889  1.222423e+01  1.095349e-02  1.222423e+01  1.095349e-02 
   78120254   1.286902e+01   1.289110e-01   1.286902e+01   1.289110e-01 223200606230400460       8531       6064     0 2453909.669606  1.222614e+01  1.087603e-02  1.222614e+01  1.087603e-02 
   78206450   1.378671e+01   1.343596e-01   1.378671e+01   1.343596e-01 223200606240357190       8551       6062     0 2453910.667245  1.215135e+01  1.058118e-02  1.215135e+01  1.058118e-02 
   78206509   1.358076e+01   1.323983e-01   1.358076e+01   1.323983e-01 223200606240358180       8548       6066     0 2453910.667928  1.216769e+01  1.058483e-02  1.216769e+01  1.058483e-02 
   78206584   1.362931e+01   1.325471e-01   1.362931e+01   1.325471e-01 223200606240359320       8537       6095     0 2453910.668796  1.216382e+01  1.055899e-02  1.216382e+01  1.055899e-02 
   78206643   1.389140e+01   1.340551e-01   1.389140e+01   1.340551e-01 223200606240400310       8535       6080     0 2453910.669479  1.214314e+01  1.047763e-02  1.214314e+01  1.047763e-02 
   78292889   1.357637e+01   1.290067e-01   1.357637e+01   1.290067e-01 223200606250357560       8553       6045     0 2453911.667697  1.216804e+01  1.031702e-02  1.216804e+01  1.031702e-02 
   78292943   1.361601e+01   1.274900e-01   1.361601e+01   1.274900e-01 223200606250358490       8546       6052     0 2453911.668322  1.216488e+01  1.016605e-02  1.216488e+01  1.016605e-02 
   78292994   1.355930e+01   1.281988e-01   1.355930e+01   1.281988e-01 223200606250359400       8536       6066     0 2453911.668912  1.216941e+01  1.026532e-02  1.216941e+01  1.026532e-02 
   78293056   1.366314e+01   1.288718e-01   1.366314e+01   1.288718e-01 223200606250400430       8537       6065     0 2453911.669630  1.216112e+01  1.024078e-02  1.216112e+01  1.024078e-02 
   78724957   1.323308e+01   1.270044e-01   1.323308e+01   1.270044e-01 223200606300358520       8558       6048     0 2453916.668484  1.219585e+01  1.042039e-02  1.219585e+01  1.042039e-02 
   78725034   1.298333e+01   1.276457e-01   1.298333e+01   1.276457e-01 223200606300400090       8566       6020     0 2453916.669375  1.221653e+01  1.067446e-02  1.221653e+01  1.067446e-02 
   78725081   1.318624e+01   1.282942e-01   1.318624e+01   1.282942e-01 223200606300400570       8566       6018     0 2453916.669919  1.219970e+01  1.056360e-02  1.219970e+01  1.056360e-02 
   78725145   1.345831e+01   1.288322e-01   1.345831e+01   1.288322e-01 223200606300402000       8567       6016     0 2453916.670660  1.217752e+01  1.039345e-02  1.217752e+01  1.039345e-02 
   78811393   1.311893e+01   1.315951e-01   1.311893e+01   1.315951e-01 223200607010359260       8559       6013     0 2453917.668900  1.220525e+01  1.089099e-02  1.220525e+01  1.089099e-02 
   78811472   1.335781e+01   1.334533e-01   1.335781e+01   1.334533e-01 223200607010400450       8555       6035     0 2453917.669815  1.218566e+01  1.084725e-02  1.218566e+01  1.084725e-02 
   78811537   1.317261e+01   1.327495e-01   1.317261e+01   1.327495e-01 223200607010401510       8561       6008     0 2453917.670567  1.220082e+01  1.094175e-02  1.220082e+01  1.094175e-02 
   78811588   1.307402e+01   1.325632e-01   1.307402e+01   1.325632e-01 223200607010402420       8562       6006     0 2453917.671157  1.220898e+01  1.100879e-02  1.220898e+01  1.100879e-02 
   78897804   2.044724e+01   3.381262e-01   2.044724e+01   3.381262e-01 223200607020359350       8570       6003     0 2453918.669028  1.172341e+01  1.795436e-02  1.172341e+01  1.795436e-02 
   78897863   2.543345e+01   6.390966e-01   2.543345e+01   6.390966e-01 223200607020400340       8571       6001     0 2453918.669711  1.148649e+01  2.728269e-02  1.148649e+01  2.728269e-02 
   78897917   1.177743e+01   3.521534e-01   1.177743e+01   3.521534e-01 223200607020401280       8571       5999     0 2453918.670336  1.232237e+01  3.246437e-02  1.232237e+01  3.246437e-02 
   78897990   1.419627e+01   2.274070e-01   1.419627e+01   2.274070e-01 223200607020402420       8566       6020     0 2453918.671181  1.211957e+01  1.739224e-02  1.211957e+01  1.739224e-02 
   78984206   1.316093e+01   1.284283e-01   1.316093e+01   1.284283e-01 223200607030359350       8578       5989     0 2453919.669051  1.220178e+01  1.059498e-02  1.220178e+01  1.059498e-02 
   78984260   1.311203e+01   1.272030e-01   1.311203e+01   1.272030e-01 223200607030400290       8580       5987     0 2453919.669676  1.220582e+01  1.053303e-02  1.220582e+01  1.053303e-02 
   78984318   1.317531e+01   1.272440e-01   1.317531e+01   1.272440e-01 223200607030401270       8580       5985     0 2453919.670347  1.220060e+01  1.048581e-02  1.220060e+01  1.048581e-02 
   78984373   1.316317e+01   1.277438e-01   1.316317e+01   1.277438e-01 223200607030402220       8581       5983     0 2453919.670984  1.220160e+01  1.053671e-02  1.220160e+01  1.053671e-02 
   79070530   1.320792e+01   1.243441e-01   1.320792e+01   1.243441e-01 223200607040358180       8574       5968     0 2453920.668171  1.219791e+01  1.022154e-02  1.219791e+01  1.022154e-02 
   79070576   1.333007e+01   1.244817e-01   1.333007e+01   1.244817e-01 223200607040359040       8575       5967     0 2453920.668704  1.218792e+01  1.013909e-02  1.218792e+01  1.013909e-02 
   79070642   1.304910e+01   1.249298e-01   1.304910e+01   1.249298e-01 223200607040400090       8576       5965     0 2453920.669468  1.221105e+01  1.039468e-02  1.221105e+01  1.039468e-02 
   79070694   1.323902e+01   1.258303e-01   1.323902e+01   1.258303e-01 223200607040401020       8577       5963     0 2453920.670069  1.219536e+01  1.031942e-02  1.219536e+01  1.031942e-02 
   79415958   1.304080e+01   1.268896e-01   1.304080e+01   1.268896e-01 223200607080355190       8572       5953     0 2453924.666181  1.221174e+01  1.056447e-02  1.221174e+01  1.056447e-02 
   79416115   1.296402e+01   1.270592e-01   1.296402e+01   1.270592e-01 223200607080357570       8573       5975     0 2453924.667998  1.221815e+01  1.064124e-02  1.221815e+01  1.064124e-02 
   79416182   1.278688e+01   1.261709e-01   1.278688e+01   1.261709e-01 223200607080359030       8579       5948     0 2453924.668773  1.223309e+01  1.071323e-02  1.223309e+01  1.071323e-02 
   79416240   1.305681e+01   1.272708e-01   1.305681e+01   1.272708e-01 223200607080400010       8579       5945     0 2453924.669444  1.221041e+01  1.058321e-02  1.221041e+01  1.058321e-02 
   79502446   1.411045e+01   1.680827e-01   1.411045e+01   1.680827e-01 223200607090356460       8583       5946     0 2453925.667199  1.212615e+01  1.293326e-02  1.212615e+01  1.293326e-02 
   79502498   1.487062e+01   1.673879e-01   1.487062e+01   1.673879e-01 223200607090357380       8584       5944     0 2453925.667801  1.206918e+01  1.222140e-02  1.206918e+01  1.222140e-02 
   79502567   1.436301e+01   1.643985e-01   1.436301e+01   1.643985e-01 223200607090358470       8584       5941     0 2453925.668600  1.210689e+01  1.242734e-02  1.210689e+01  1.242734e-02 
   79502721   1.415789e+01   1.618290e-01   1.415789e+01   1.618290e-01 223200607090401200       8582       5924     0 2453925.670382  1.212250e+01  1.241034e-02  1.212250e+01  1.241034e-02 
   80278199   1.568905e+01   1.847339e-01   1.568905e+01   1.847339e-01 223200607180325470       8614       5903     0 2453934.645822  1.201101e+01  1.278427e-02  1.201101e+01  1.278427e-02 
   80278261   1.542629e+01   1.820696e-01   1.542629e+01   1.820696e-01 223200607180326500       8619       5875     0 2453934.646539  1.202935e+01  1.281450e-02  1.202935e+01  1.281450e-02 
   80278336   1.676107e+01   2.083571e-01   1.676107e+01   2.083571e-01 223200607180328050       8613       5898     0 2453934.647407  1.193925e+01  1.349685e-02  1.193925e+01  1.349685e-02 
   80278414   1.297237e+01   2.559774e-01   1.297237e+01   2.559774e-01 223200607180329220       8619       5871     0 2453934.648310  1.221745e+01  2.142437e-02  1.221745e+01  2.142437e-02 
   80364291   1.361143e+01   1.424158e-01   1.361143e+01   1.424158e-01 223200607190320380       8611       5886     0 2453935.642257  1.216524e+01  1.136005e-02  1.216524e+01  1.136005e-02 
   80364347   1.373864e+01   1.426271e-01   1.373864e+01   1.426271e-01 223200607190321350       8611       5885     0 2453935.642905  1.215514e+01  1.127156e-02  1.215514e+01  1.127156e-02 
   80364407   1.367136e+01   1.428075e-01   1.367136e+01   1.428075e-01 223200607190322340       8611       5883     0 2453935.643600  1.216047e+01  1.134136e-02  1.216047e+01  1.134136e-02 
   80364468   1.370676e+01   1.431896e-01   1.370676e+01   1.431896e-01 223200607190323360       8612       5882     0 2453935.644306  1.215766e+01  1.134234e-02  1.215766e+01  1.134234e-02 
   80450506   1.349314e+01   1.339350e-01   1.349314e+01   1.339350e-01 223200607200317340       8615       5878     0 2453936.640116  1.217472e+01  1.077722e-02  1.217472e+01  1.077722e-02 
   80450567   1.356542e+01   1.343751e-01   1.356542e+01   1.343751e-01 223200607200318350       8615       5876     0 2453936.640822  1.216892e+01  1.075503e-02  1.216892e+01  1.075503e-02 
   80450631   1.352665e+01   1.341967e-01   1.352665e+01   1.341967e-01 223200607200319380       8615       5874     0 2453936.641563  1.217202e+01  1.077153e-02  1.217202e+01  1.077153e-02 
   80450688   1.359389e+01   1.343494e-01   1.359389e+01   1.343494e-01 223200607200320360       8615       5873     0 2453936.642222  1.216664e+01  1.073045e-02  1.216664e+01  1.073045e-02 
   80967438   1.332091e+01   1.274932e-01   1.332091e+01   1.274932e-01 223200607260253020       8574       5914     0 2453942.623125  1.218867e+01  1.039152e-02  1.218867e+01  1.039152e-02 
   80967497   1.306403e+01   1.259340e-01   1.306403e+01   1.259340e-01 223200607260254000       8575       5911     0 2453942.623808  1.220981e+01  1.046626e-02  1.220981e+01  1.046626e-02 
   80967557   1.317830e+01   1.257685e-01   1.317830e+01   1.257685e-01 223200607260255010       8576       5909     0 2453942.624502  1.220035e+01  1.036188e-02  1.220035e+01  1.036188e-02 
   80967613   1.290285e+01   1.243479e-01   1.290285e+01   1.243479e-01 223200607260255560       8577       5907     0 2453942.625150  1.222329e+01  1.046354e-02  1.222329e+01  1.046354e-02 
   81053658   1.338089e+01   1.349721e-01   1.338089e+01   1.349721e-01 223200607270250020       8571       5909     0 2453943.621042  1.218379e+01  1.095178e-02  1.218379e+01  1.095178e-02 
   81053720   1.339581e+01   1.377455e-01   1.339581e+01   1.377455e-01 223200607270251040       8571       5907     0 2453943.621759  1.218258e+01  1.116438e-02  1.218258e+01  1.116438e-02 
   81053776   1.310517e+01   1.339117e-01   1.310517e+01   1.339117e-01 223200607270251590       8572       5905     0 2453943.622407  1.220639e+01  1.109435e-02  1.220639e+01  1.109435e-02 
   81053838   1.305310e+01   1.315938e-01   1.305310e+01   1.315938e-01 223200607270253010       8573       5902     0 2453943.623125  1.221072e+01  1.094580e-02  1.221072e+01  1.094580e-02 
   81139835   1.115420e+01   5.693542e-01   1.115420e+01   5.693542e-01 223200607280246190       8588       5901     0 2453944.618461  1.238140e+01  5.542045e-02  1.238140e+01  5.542045e-02 
   81139894   9.970454e+00   9.554660e-01   9.970454e+00   9.554660e-01 223200607280247170       8588       5898     0 2453944.619144  1.250321e+01  1.040462e-01  1.250321e+01  1.040462e-01 
   81139948   1.123423e+01   6.082053e-01   1.123423e+01   6.082053e-01 223200607280248110       8589       5897     0 2453944.619769  1.237364e+01  5.878041e-02  1.237364e+01  5.878041e-02 
   82346070   1.550245e+01   3.568253e-01   1.550245e+01   3.568253e-01 223200608110150170       8582       5942     0 2453958.579514  1.202400e+01  2.499086e-02  1.202400e+01  2.499086e-02 
   82346126   1.577785e+01   3.568586e-01   1.577785e+01   3.568586e-01 223200608110151120       8585       5940     0 2453958.580162  1.200488e+01  2.455693e-02  1.200488e+01  2.455693e-02 
   82346181   1.601856e+01   3.570108e-01   1.601856e+01   3.570108e-01 223200608110152070       8585       5936     0 2453958.580799  1.198844e+01  2.419823e-02  1.198844e+01  2.419823e-02 
   82346240   1.576294e+01   3.554235e-01   1.576294e+01   3.554235e-01 223200608110153070       8586       5934     0 2453958.581481  1.200591e+01  2.448131e-02  1.200591e+01  2.448131e-02 
   82518425   1.522878e+01   2.415600e-01   1.522878e+01   2.415600e-01 223200608130142530       8588       5912     0 2453960.574363  1.204334e+01  1.722209e-02  1.204334e+01  1.722209e-02 
   82518484   1.506027e+01   2.402778e-01   1.506027e+01   2.402778e-01 223200608130143520       8589       5909     0 2453960.575046  1.205542e+01  1.732235e-02  1.205542e+01  1.732235e-02 
   82518546   1.545192e+01   2.388138e-01   1.545192e+01   2.388138e-01 223200608130144550       8588       5904     0 2453960.575764  1.202754e+01  1.678042e-02  1.202754e+01  1.678042e-02 
   82518624   1.486678e+01   2.409505e-01   1.486678e+01   2.409505e-01 223200608130146120       8583       5925     0 2453960.576667  1.206946e+01  1.759692e-02  1.206946e+01  1.759692e-02 
   82604606   1.503064e+01   2.013267e-01   1.503064e+01   2.013267e-01 223200608140139160       8585       5931     0 2453961.571829  1.205756e+01  1.454285e-02  1.205756e+01  1.454285e-02 
   82604662   1.495696e+01   2.022126e-01   1.495696e+01   2.022126e-01 223200608140140120       8592       5928     0 2453961.572477  1.206289e+01  1.467881e-02  1.206289e+01  1.467881e-02 
   82604719   1.476290e+01   2.045624e-01   1.476290e+01   2.045624e-01 223200608140141080       8605       5925     0 2453961.573137  1.207707e+01  1.504457e-02  1.207707e+01  1.504457e-02 
   82604773   1.512080e+01   2.069243e-01   1.512080e+01   2.069243e-01 223200608140142030       8605       5923     0 2453961.573762  1.205106e+01  1.485807e-02  1.205106e+01  1.485807e-02 
   82863079   1.371771e+01   1.474144e-01   1.371771e+01   1.474144e-01 223200608170127120       8576       5941     0 2453964.563414  1.215680e+01  1.166767e-02  1.215680e+01  1.166767e-02 
   82863147   1.404636e+01   1.493762e-01   1.404636e+01   1.493762e-01 223200608170128190       8585       5908     0 2453964.564201  1.213109e+01  1.154632e-02  1.213109e+01  1.154632e-02 
   82863203   1.361548e+01   1.480953e-01   1.361548e+01   1.480953e-01 223200608170129150       8586       5906     0 2453964.564850  1.216492e+01  1.180958e-02  1.216492e+01  1.180958e-02 
   82863263   1.383949e+01   1.484735e-01   1.383949e+01   1.484735e-01 223200608170130160       8586       5904     0 2453964.565544  1.214720e+01  1.164810e-02  1.214720e+01  1.164810e-02 
   82949252   1.299056e+01   1.269588e-01   1.299056e+01   1.269588e-01 223200608180123250       8582       5887     0 2453965.560787  1.221593e+01  1.061111e-02  1.221593e+01  1.061111e-02 
   82949314   1.313755e+01   1.281973e-01   1.313755e+01   1.281973e-01 223200608180124270       8584       5886     0 2453965.561505  1.220371e+01  1.059474e-02  1.220371e+01  1.059474e-02 
   82949377   1.297967e+01   1.272501e-01   1.297967e+01   1.272501e-01 223200608180125310       8584       5883     0 2453965.562234  1.221684e+01  1.064437e-02  1.221684e+01  1.064437e-02 
   82949468   1.294539e+01   1.269259e-01   1.294539e+01   1.269259e-01 223200608180127020       8579       5902     0 2453965.563287  1.221971e+01  1.064537e-02  1.221971e+01  1.064537e-02 
   83724678   1.327381e+01   1.253367e-01   1.327381e+01   1.253367e-01 223200608270047250       8560       5939     0 2453974.535625  1.219251e+01  1.025200e-02  1.219251e+01  1.025200e-02 
   83724742   1.323532e+01   1.258164e-01   1.323532e+01   1.258164e-01 223200608270048280       8564       5905     0 2453974.536366  1.219566e+01  1.032116e-02  1.219566e+01  1.032116e-02 
   83724817   1.318727e+01   1.256534e-01   1.318727e+01   1.256534e-01 223200608270049440       8559       5926     0 2453974.537234  1.219961e+01  1.034535e-02  1.219961e+01  1.034535e-02 
   83724879   1.317927e+01   1.258659e-01   1.317927e+01   1.258659e-01 223200608270050460       8565       5897     0 2453974.537951  1.220027e+01  1.036914e-02  1.220027e+01  1.036914e-02 
   83810844   1.293261e+01   1.228341e-01   1.293261e+01   1.228341e-01 223200608280043330       8565       5928     0 2453975.532917  1.222079e+01  1.031238e-02  1.222079e+01  1.031238e-02 
   83810896   1.300261e+01   1.232219e-01   1.300261e+01   1.232219e-01 223200608280044250       8566       5925     0 2453975.533519  1.221492e+01  1.028923e-02  1.221492e+01  1.028923e-02 
   83810967   1.310621e+01   1.226796e-01   1.310621e+01   1.226796e-01 223200608280045350       8566       5921     0 2453975.534340  1.220631e+01  1.016298e-02  1.220631e+01  1.016298e-02 
   83811024   1.309281e+01   1.230472e-01   1.309281e+01   1.230472e-01 223200608280046320       8566       5919     0 2453975.535000  1.220742e+01  1.020386e-02  1.220742e+01  1.020386e-02 
   84328676   1.550883e+01   2.655993e-01   1.550883e+01   2.655993e-01 223200609030034170       8556       5857     0 2453981.526343  1.202355e+01  1.859404e-02  1.202355e+01  1.859404e-02 
   84328748   1.505922e+01   2.710283e-01   1.505922e+01   2.710283e-01 223200609030035280       8551       5878     0 2453981.527176  1.205549e+01  1.954060e-02  1.205549e+01  1.954060e-02 
   84328815   1.545449e+01   2.867300e-01   1.545449e+01   2.867300e-01 223200609030036350       8552       5843     0 2453981.527951  1.202736e+01  2.014394e-02  1.202736e+01  2.014394e-02 
   84328872   1.498448e+01   2.737716e-01   1.498448e+01   2.737716e-01 223200609030037320       8554       5842     0 2453981.528611  1.206090e+01  1.983683e-02  1.206090e+01  1.983683e-02 
   84500182   1.587500e+01   4.014294e-01   1.587500e+01   4.014294e-01 223200609050012480       8563       5923     0 2453983.511366  1.199822e+01  2.745499e-02  1.199822e+01  2.745499e-02 
   84500242   1.570104e+01   4.002864e-01   1.570104e+01   4.002864e-01 223200609050013480       8564       5919     0 2453983.512060  1.201018e+01  2.768015e-02  1.201018e+01  2.768015e-02 
   84500304   1.620586e+01   4.025837e-01   1.620586e+01   4.025837e-01 223200609050014500       8564       5916     0 2453983.512778  1.197582e+01  2.697180e-02  1.197582e+01  2.697180e-02 
   84500382   1.601285e+01   3.970896e-01   1.601285e+01   3.970896e-01 223200609050016080       8559       5937     0 2453983.513681  1.198883e+01  2.692438e-02  1.198883e+01  2.692438e-02 
   84844855   1.612877e+01   5.477491e-01   1.612877e+01   5.477491e-01 223200609082357310       8572       5931     0 2453987.500637  1.198100e+01  3.687280e-02  1.198100e+01  3.687280e-02 
   84844911   1.572549e+01   5.489254e-01   1.572549e+01   5.489254e-01 223200609082358260       8573       5926     0 2453987.501285  1.200849e+01  3.789962e-02  1.200849e+01  3.789962e-02 
   84844968   1.647473e+01   5.439744e-01   1.647473e+01   5.439744e-01 223200609082359230       8572       5923     0 2453987.501944  1.195795e+01  3.584973e-02  1.195795e+01  3.584973e-02 
   84845030   1.629370e+01   5.406001e-01   1.629370e+01   5.406001e-01 223200609090000260       8572       5921     0 2453987.502662  1.196995e+01  3.602320e-02  1.196995e+01  3.602320e-02 
   85017155   1.573354e+01   3.070035e-01   1.573354e+01   3.070035e-01 223200609102349160       8550       5883     0 2453989.494850  1.200793e+01  2.118569e-02  1.200793e+01  2.118569e-02 
   85017222   1.461615e+01   3.933741e-01   1.461615e+01   3.933741e-01 223200609102350220       8551       5881     0 2453989.495625  1.208792e+01  2.922124e-02  1.208792e+01  2.922124e-02 
   85017281   1.639966e+01   3.470583e-01   1.639966e+01   3.470583e-01 223200609102351210       8552       5878     0 2453989.496308  1.196291e+01  2.297700e-02  1.196291e+01  2.297700e-02 
   85017339   1.631751e+01   3.552761e-01   1.631751e+01   3.552761e-01 223200609102352200       8549       5871     0 2453989.496979  1.196837e+01  2.363948e-02  1.196837e+01  2.363948e-02 
   85361747   1.326145e+01   1.246689e-01   1.326145e+01   1.246689e-01 223200609142332380       8552       5837     0 2453993.483183  1.219352e+01  1.020688e-02  1.219352e+01  1.020688e-02 
   85361804   1.317233e+01   1.238753e-01   1.317233e+01   1.238753e-01 223200609142333360       8553       5834     0 2453993.483843  1.220084e+01  1.021052e-02  1.220084e+01  1.021052e-02 
   85361865   1.290111e+01   1.234659e-01   1.290111e+01   1.234659e-01 223200609142334370       8553       5831     0 2453993.484549  1.222343e+01  1.039072e-02  1.222343e+01  1.039072e-02 
   85361940   1.306954e+01   1.231946e-01   1.306954e+01   1.231946e-01 223200609142335520       8547       5852     0 2453993.485417  1.220935e+01  1.023428e-02  1.220935e+01  1.023428e-02 
   85620644   1.317727e+01   1.354610e-01   1.317727e+01   1.354610e-01 223200609172327440       8521       5844     0 2453996.479676  1.220044e+01  1.116130e-02  1.220044e+01  1.116130e-02 
   85620703   1.311006e+01   1.350174e-01   1.311006e+01   1.350174e-01 223200609172328430       8521       5840     0 2453996.480359  1.220599e+01  1.118178e-02  1.220599e+01  1.118178e-02 
   85620766   1.310363e+01   1.357163e-01   1.310363e+01   1.357163e-01 223200609172329460       8521       5837     0 2453996.481088  1.220652e+01  1.124518e-02  1.220652e+01  1.124518e-02 
   85620820   1.325089e+01   1.362325e-01   1.325089e+01   1.362325e-01 223200609172330410       8521       5834     0 2453996.481713  1.219439e+01  1.116250e-02  1.219439e+01  1.116250e-02 
   85706440   1.307776e+01   1.342164e-01   1.307776e+01   1.342164e-01 223200609182317440       8524       5817     0 2453997.472685  1.220867e+01  1.114289e-02  1.220867e+01  1.114289e-02 
   85706503   1.281252e+01   1.328239e-01   1.281252e+01   1.328239e-01 223200609182318460       8529       5794     0 2453997.473414  1.223091e+01  1.125557e-02  1.223091e+01  1.125557e-02 
   85706558   1.285606e+01   1.317570e-01   1.285606e+01   1.317570e-01 223200609182319410       8530       5791     0 2453997.474051  1.222723e+01  1.112735e-02  1.222723e+01  1.112735e-02 
   85706635   1.312499e+01   1.341443e-01   1.312499e+01   1.341443e-01 223200609182320580       8524       5815     0 2453997.474942  1.220475e+01  1.109683e-02  1.220475e+01  1.109683e-02 
   85878754   1.336390e+01   1.318836e-01   1.336390e+01   1.318836e-01 223200609202309430       8526       5870     0 2453999.467060  1.218517e+01  1.071478e-02  1.218517e+01  1.071478e-02 
   85878811   1.329414e+01   1.327167e-01   1.329414e+01   1.327167e-01 223200609202310400       8528       5867     0 2453999.467720  1.219085e+01  1.083905e-02  1.219085e+01  1.083905e-02 
   85878872   1.328750e+01   1.338751e-01   1.328750e+01   1.338751e-01 223200609202311410       8529       5865     0 2453999.468426  1.219139e+01  1.093912e-02  1.219139e+01  1.093912e-02 
   85878932   1.348549e+01   1.342434e-01   1.348549e+01   1.342434e-01 223200609202312420       8529       5862     0 2453999.469120  1.217533e+01  1.080817e-02  1.217533e+01  1.080817e-02 
   85964877   1.350227e+01   1.259113e-01   1.350227e+01   1.259113e-01 223200609212305090       8540       5865     0 2454000.463854  1.217398e+01  1.012473e-02  1.217398e+01  1.012473e-02 
   85965030   1.352924e+01   1.245550e-01   1.352924e+01   1.245550e-01 223200609212307420       8542       5857     0 2454000.465625  1.217182e+01  9.995708e-03  1.217182e+01  9.995708e-03 
   85965093   1.336682e+01   1.239278e-01   1.336682e+01   1.239278e-01 223200609212308460       8543       5855     0 2454000.466354  1.218493e+01  1.006622e-02  1.218493e+01  1.006622e-02 
   85965149   1.339061e+01   1.241512e-01   1.339061e+01   1.241512e-01 223200609212309410       8544       5853     0 2454000.467002  1.218300e+01  1.006645e-02  1.218300e+01  1.006645e-02 
   86404990   1.351314e+01   1.300548e-01   1.351314e+01   1.300548e-01 223200609270120390       8404       5512     0 2454005.557755  1.217311e+01  1.044951e-02  1.217311e+01  1.044951e-02 
   86405051   1.372773e+01   1.303924e-01   1.372773e+01   1.303924e-01 223200609270121400       8408       5485     0 2454005.558461  1.215600e+01  1.031287e-02  1.215600e+01  1.031287e-02 
   86405119   1.353751e+01   1.297552e-01   1.353751e+01   1.297552e-01 223200609270122490       8407       5483     0 2454005.559248  1.217115e+01  1.040667e-02  1.217115e+01  1.040667e-02 
   86405180   1.387028e+01   1.310418e-01   1.387028e+01   1.310418e-01 223200609270123490       8406       5481     0 2454005.559954  1.214479e+01  1.025771e-02  1.214479e+01  1.025771e-02 
   87688159   1.365601e+01   1.140512e-01   1.365601e+01   1.140512e-01 223200610112147440       8206       5667     0 2454020.409248  1.216169e+01  9.067796e-03  1.216169e+01  9.067796e-03 
   87688233   1.356949e+01   1.144410e-01   1.356949e+01   1.144410e-01 223200610112148580       8211       5638     0 2454020.410104  1.216859e+01  9.156810e-03  1.216859e+01  9.156810e-03 
   87688287   1.357117e+01   1.141708e-01   1.357117e+01   1.141708e-01 223200610112149520       8211       5636     0 2454020.410729  1.216846e+01  9.134056e-03  1.216846e+01  9.134056e-03 
   87860505   1.358152e+01   1.215321e-01   1.358152e+01   1.215321e-01 223200610132140170       8169       5689     0 2454022.403993  1.216763e+01  9.715571e-03  1.216763e+01  9.715571e-03 
   87860572   1.381619e+01   1.221224e-01   1.381619e+01   1.221224e-01 223200610132141240       8169       5685     0 2454022.404769  1.214903e+01  9.596942e-03  1.214903e+01  9.596942e-03 
   87860628   1.370531e+01   1.218892e-01   1.370531e+01   1.218892e-01 223200610132142200       8169       5682     0 2454022.405417  1.215778e+01  9.656116e-03  1.215778e+01  9.656116e-03 
   87860688   1.377031e+01   1.216116e-01   1.377031e+01   1.216116e-01 223200610132143190       8168       5680     0 2454022.406111  1.215264e+01  9.588645e-03  1.215264e+01  9.588645e-03 
   88033117   1.366118e+01   1.187394e-01   1.366118e+01   1.187394e-01 223200610152137170       8165       5720     0 2454024.401817  1.216128e+01  9.436970e-03  1.216128e+01  9.436970e-03 
   88033178   1.367810e+01   1.184878e-01   1.367810e+01   1.184878e-01 223200610152138180       8165       5715     0 2454024.402523  1.215994e+01  9.405325e-03  1.215994e+01  9.405325e-03 
   88033233   1.378566e+01   1.182899e-01   1.378566e+01   1.182899e-01 223200610152139130       8164       5710     0 2454024.403160  1.215143e+01  9.316350e-03  1.215143e+01  9.316350e-03 
   88033292   1.360133e+01   1.180224e-01   1.360133e+01   1.180224e-01 223200610152140120       8163       5706     0 2454024.403843  1.216605e+01  9.421255e-03  1.216605e+01  9.421255e-03 
   88377439   1.373606e+01   1.215572e-01   1.373606e+01   1.215572e-01 223200610192116140       8149       5735     0 2454028.387025  1.215534e+01  9.608254e-03  1.215534e+01  9.608254e-03 
   88377491   1.371974e+01   1.220042e-01   1.371974e+01   1.220042e-01 223200610192117070       8149       5732     0 2454028.387627  1.215664e+01  9.655053e-03  1.215664e+01  9.655053e-03 
   88377576   1.389168e+01   1.226642e-01   1.389168e+01   1.226642e-01 223200610192118310       8143       5753     0 2454028.388611  1.214311e+01  9.587141e-03  1.214311e+01  9.587141e-03 
   88377638   1.373561e+01   1.219301e-01   1.373561e+01   1.219301e-01 223200610192119340       8142       5750     0 2454028.389329  1.215538e+01  9.638042e-03  1.215538e+01  9.638042e-03 
   88463604   1.389331e+01   1.187830e-01   1.389331e+01   1.187830e-01 223200610202112230       8173       5689     0 2454029.384306  1.214299e+01  9.282697e-03  1.214299e+01  9.282697e-03 
   88463676   1.401004e+01   1.188772e-01   1.401004e+01   1.188772e-01 223200610202113350       8170       5684     0 2454029.385139  1.213390e+01  9.212657e-03  1.213390e+01  9.212657e-03 
   88463739   1.391094e+01   1.189277e-01   1.391094e+01   1.189277e-01 223200610202114380       8170       5682     0 2454029.385868  1.214161e+01  9.282228e-03  1.214161e+01  9.282228e-03 
   88463798   1.369179e+01   1.179450e-01   1.369179e+01   1.179450e-01 223200610202115380       8170       5680     0 2454029.386551  1.215885e+01  9.352868e-03  1.215885e+01  9.352868e-03 
   88551551   1.397494e+01   1.249062e-01   1.397494e+01   1.249062e-01 223200610212138150       8167       5630     0 2454030.402211  1.213663e+01  9.704206e-03  1.213663e+01  9.704206e-03 
   88551683   1.391515e+01   1.249288e-01   1.391515e+01   1.249288e-01 223200610212140270       8164       5620     0 2454030.403738  1.214128e+01  9.747662e-03  1.214128e+01  9.747662e-03 
   88551755   1.392791e+01   1.258791e-01   1.392791e+01   1.258791e-01 223200610212141400       8157       5641     0 2454030.404572  1.214029e+01  9.812814e-03  1.214029e+01  9.812814e-03 
   88637613   1.055752e+01   1.079662e+00   1.055752e+01   1.079662e+00 223200610222132420       8163       5673     0 2454031.398299  1.244110e+01  1.110329e-01  1.244110e+01  1.110329e-01 
   88637761   1.104162e+01   1.313334e+00   1.104162e+01   1.313334e+00 223200610222135100       8159       5663     0 2454031.400012  1.239242e+01  1.291422e-01  1.239242e+01  1.291422e-01 
   88637823   6.772326e+00   2.036584e+00   6.772326e+00   2.036584e+00 223200610222136110       8159       5661     0 2454031.400729  1.292316e+01  3.265053e-01  1.292316e+01  3.265053e-01 
   88640074   1.514972e+01   2.055522e+00   1.514972e+01   2.055522e+00 223200610222213430       8158       5537     0 2454031.426782  1.204899e+01  1.473138e-01  1.204899e+01  1.473138e-01 
   88722103   1.422296e+01   1.217232e-01   1.422296e+01   1.217232e-01 223200610232100550       8156       5721     0 2454032.376192  1.211753e+01  9.291997e-03  1.211753e+01  9.291997e-03 
   88722157   1.390689e+01   1.208593e-01   1.390689e+01   1.208593e-01 223200610232101500       8157       5718     0 2454032.376817  1.214192e+01  9.435742e-03  1.214192e+01  9.435742e-03 
   88722219   1.366061e+01   1.198625e-01   1.366061e+01   1.198625e-01 223200610232102520       8157       5715     0 2454032.377535  1.216132e+01  9.526630e-03  1.216132e+01  9.526630e-03 
   88722286   1.410552e+01   1.210255e-01   1.410552e+01   1.210255e-01 223200610232103590       8157       5712     0 2454032.378310  1.212653e+01  9.315659e-03  1.212653e+01  9.315659e-03 
   88980548   1.412814e+01   1.319767e-01   1.412814e+01   1.319767e-01 223200610262048320       8154       5780     0 2454035.367454  1.212479e+01  1.014234e-02  1.212479e+01  1.014234e-02 
   88980602   1.397498e+01   1.312367e-01   1.397498e+01   1.312367e-01 223200610262049260       8154       5777     0 2454035.368079  1.213662e+01  1.019600e-02  1.213662e+01  1.019600e-02 
   88980662   1.413906e+01   1.313445e-01   1.413906e+01   1.313445e-01 223200610262050270       8154       5775     0 2454035.368773  1.212395e+01  1.008596e-02  1.212395e+01  1.008596e-02 
   88980726   1.410996e+01   1.315567e-01   1.410996e+01   1.315567e-01 223200610262051300       8150       5765     0 2454035.369514  1.212619e+01  1.012309e-02  1.212619e+01  1.012309e-02 
   89066664   1.456150e+01   1.383127e-01   1.456150e+01   1.383127e-01 223200610272043520       8175       5752     0 2454036.364167  1.209198e+01  1.031293e-02  1.209198e+01  1.031293e-02 
   89066727   1.459792e+01   1.383968e-01   1.459792e+01   1.383968e-01 223200610272044550       8174       5749     0 2454036.364896  1.208927e+01  1.029345e-02  1.208927e+01  1.029345e-02 
   89066783   1.467049e+01   1.379332e-01   1.467049e+01   1.379332e-01 223200610272045520       8174       5745     0 2454036.365544  1.208389e+01  1.020822e-02  1.208389e+01  1.020822e-02 
   89066848   1.436144e+01   1.373469e-01   1.436144e+01   1.373469e-01 223200610272046560       8173       5743     0 2454036.366296  1.210701e+01  1.038357e-02  1.210701e+01  1.038357e-02 
   89152862   1.742448e+01   2.178948e-01   1.742448e+01   2.178948e-01 223200610282040350       8160       5763     0 2454037.361829  1.189710e+01  1.357728e-02  1.189710e+01  1.357728e-02 
   89152935   1.526116e+01   1.926540e-01   1.526116e+01   1.926540e-01 223200610282041480       8164       5731     0 2454037.362674  1.204103e+01  1.370618e-02  1.204103e+01  1.370618e-02 
   89152996   1.585441e+01   1.746681e-01   1.585441e+01   1.746681e-01 223200610282042490       8163       5729     0 2454037.363380  1.199963e+01  1.196160e-02  1.199963e+01  1.196160e-02 
   89238983   1.499919e+01   1.713158e-01   1.499919e+01   1.713158e-01 223200610292035590       8156       5721     0 2454038.358600  1.205983e+01  1.240097e-02  1.205983e+01  1.240097e-02 
   89239038   1.463639e+01   1.706169e-01   1.463639e+01   1.706169e-01 223200610292036550       8157       5718     0 2454038.359236  1.208642e+01  1.265651e-02  1.208642e+01  1.265651e-02 
   89239085   1.509107e+01   1.703829e-01   1.509107e+01   1.703829e-01 223200610292037410       8156       5710     0 2454038.359780  1.205320e+01  1.225835e-02  1.205320e+01  1.225835e-02 
   89239163   1.500526e+01   1.709435e-01   1.500526e+01   1.709435e-01 223200610292038590       8155       5708     0 2454038.360683  1.205939e+01  1.236901e-02  1.205939e+01  1.236901e-02 
   89411357   1.810712e+01   2.702259e-01   1.810712e+01   2.702259e-01 223200610312029020       8149       5722     0 2454040.353669  1.185538e+01  1.620330e-02  1.185538e+01  1.620330e-02 
   89411430   1.868937e+01   2.654199e-01   1.868937e+01   2.654199e-01 223200610312030160       8145       5742     0 2454040.354514  1.182101e+01  1.541930e-02  1.182101e+01  1.541930e-02 
   89411500   1.793523e+01   2.716024e-01   1.793523e+01   2.716024e-01 223200610312031250       8148       5710     0 2454040.355324  1.186573e+01  1.644192e-02  1.186573e+01  1.644192e-02 
   89411557   1.850949e+01   2.718892e-01   1.850949e+01   2.718892e-01 223200610312032230       8148       5707     0 2454040.355984  1.183151e+01  1.594863e-02  1.183151e+01  1.594863e-02 
   89506217   1.572371e+01   2.544884e-01   1.572371e+01   2.544884e-01 223200611012250050       8076       5345     0 2454041.451586  1.200861e+01  1.757271e-02  1.200861e+01  1.757271e-02 
   89506290   1.576883e+01   2.556984e-01   1.576883e+01   2.556984e-01 223200611012251190       8080       5315     0 2454041.452431  1.200550e+01  1.760574e-02  1.200550e+01  1.760574e-02 
   89506347   1.613587e+01   2.548718e-01   1.613587e+01   2.548718e-01 223200611012252160       8079       5313     0 2454041.453090  1.198052e+01  1.714965e-02  1.198052e+01  1.714965e-02 
   89506409   1.551264e+01   2.561214e-01   1.551264e+01   2.561214e-01 223200611012253170       8078       5310     0 2454041.453808  1.202329e+01  1.792611e-02  1.202329e+01  1.792611e-02 
   89842118   1.624514e+01   3.471667e-01   1.624514e+01   3.471667e-01 223200611052008420       8161       5724     0 2454045.339329  1.197319e+01  2.320281e-02  1.197319e+01  2.320281e-02 
   89842176   1.599763e+01   3.502311e-01   1.599763e+01   3.502311e-01 223200611052009400       8161       5720     0 2454045.340000  1.198986e+01  2.376976e-02  1.198986e+01  2.376976e-02 
   89842249   1.666257e+01   3.497774e-01   1.666257e+01   3.497774e-01 223200611052010530       8161       5716     0 2454045.340845  1.194565e+01  2.279164e-02  1.194565e+01  2.279164e-02 
   89842308   1.590890e+01   3.464968e-01   1.590890e+01   3.464968e-01 223200611052011520       8161       5714     0 2454045.341528  1.199590e+01  2.364747e-02  1.199590e+01  2.364747e-02 
   89928301   1.608426e+01   2.744904e-01   1.608426e+01   2.744904e-01 223200611062005110       8163       5741     0 2454046.336817  1.198400e+01  1.852899e-02  1.198400e+01  1.852899e-02 
   89928370   1.607927e+01   2.773287e-01   1.607927e+01   2.773287e-01 223200611062006190       8163       5737     0 2454046.337616  1.198433e+01  1.872641e-02  1.198433e+01  1.872641e-02 
   89928424   1.647560e+01   2.783037e-01   1.647560e+01   2.783037e-01 223200611062007140       8164       5735     0 2454046.338241  1.195790e+01  1.834018e-02  1.195790e+01  1.834018e-02 
   89928488   1.615957e+01   2.779224e-01   1.615957e+01   2.779224e-01 223200611062008180       8164       5733     0 2454046.338981  1.197893e+01  1.867324e-02  1.197893e+01  1.867324e-02 
   90014489   1.348306e+01   2.055494e-01   1.348306e+01   2.055494e-01 223200611072001430       8170       5749     0 2454047.334363  1.217553e+01  1.655212e-02  1.217553e+01  1.655212e-02 
   90014543   1.437159e+01   1.850716e-01   1.437159e+01   1.850716e-01 223200611072002370       8170       5746     0 2454047.334988  1.210624e+01  1.398173e-02  1.210624e+01  1.398173e-02 
   90014632   1.528573e+01   1.805447e-01   1.528573e+01   1.805447e-01 223200611072004050       8164       5767     0 2454047.336019  1.203928e+01  1.282402e-02  1.203928e+01  1.282402e-02 
   90014694   1.523519e+01   1.832187e-01   1.523519e+01   1.832187e-01 223200611072005080       8163       5763     0 2454047.336736  1.204288e+01  1.305713e-02  1.204288e+01  1.305713e-02 
   90272978   1.398260e+01   1.299462e-01   1.398260e+01   1.299462e-01 223200611101950030       8167       5732     0 2454050.326134  1.213603e+01  1.009024e-02  1.213603e+01  1.009024e-02 
   90273032   1.367381e+01   1.294015e-01   1.367381e+01   1.294015e-01 223200611101950570       8167       5729     0 2454050.326759  1.216028e+01  1.027485e-02  1.216028e+01  1.027485e-02 
   90273080   1.360198e+01   1.315878e-01   1.360198e+01   1.315878e-01 223200611101951450       8166       5725     0 2454050.327315  1.216599e+01  1.050363e-02  1.216599e+01  1.050363e-02 
   90273145   1.389777e+01   1.297496e-01   1.389777e+01   1.297496e-01 223200611101952500       8166       5723     0 2454050.328067  1.214264e+01  1.013647e-02  1.214264e+01  1.013647e-02 
   90617593   1.383009e+01   1.231683e-01   1.383009e+01   1.231683e-01 223200611141933540       8156       5758     0 2454054.314734  1.214794e+01  9.669404e-03  1.214794e+01  9.669404e-03 
   90617655   1.405322e+01   1.241075e-01   1.405322e+01   1.241075e-01 223200611141934560       8156       5754     0 2454054.315451  1.213056e+01  9.588440e-03  1.213056e+01  9.588440e-03 
   90617715   1.421716e+01   1.239992e-01   1.421716e+01   1.239992e-01 223200611141935570       8162       5725     0 2454054.316146  1.211797e+01  9.469608e-03  1.211797e+01  9.469608e-03 
   90617766   1.368494e+01   1.229277e-01   1.368494e+01   1.229277e-01 223200611141936470       8162       5724     0 2454054.316736  1.215939e+01  9.752881e-03  1.215939e+01  9.752881e-03 
   93120133   1.531754e+01   2.209050e-01   1.531754e+01   2.209050e-01 223200612131844400       8826       5567     0 2454083.279317  1.203703e+01  1.565822e-02  1.203703e+01  1.565822e-02 
   93120192   1.557651e+01   2.090545e-01   1.557651e+01   2.090545e-01 223200612131845380       8826       5566     0 2454083.280000  1.201882e+01  1.457187e-02  1.201882e+01  1.457187e-02 
   93120268   1.548815e+01   1.941767e-01   1.548815e+01   1.941767e-01 223200612131846550       8821       5586     0 2454083.280880  1.202500e+01  1.361204e-02  1.202500e+01  1.361204e-02 
   93120332   1.535362e+01   1.844208e-01   1.535362e+01   1.844208e-01 223200612131847580       8826       5559     0 2454083.281620  1.203447e+01  1.304143e-02  1.203447e+01  1.304143e-02 
   93292967   1.529850e+01   2.591060e-01   1.529850e+01   2.591060e-01 223200612151845190       8799       5539     0 2454085.279711  1.203838e+01  1.838884e-02  1.203838e+01  1.838884e-02 
   93293021   1.581760e+01   2.434079e-01   1.581760e+01   2.434079e-01 223200612151846130       8799       5537     0 2454085.280336  1.200215e+01  1.670783e-02  1.200215e+01  1.670783e-02 
   93293075   1.602011e+01   2.305503e-01   1.602011e+01   2.305503e-01 223200612151847070       8798       5535     0 2454085.280961  1.198834e+01  1.562522e-02  1.198834e+01  1.562522e-02 
   93293129   1.540865e+01   2.196474e-01   1.540865e+01   2.196474e-01 223200612151848010       8798       5533     0 2454085.281586  1.203059e+01  1.547702e-02  1.203059e+01  1.547702e-02 
   93467308   1.433091e+01   1.306136e-01   1.433091e+01   1.306136e-01 223200612171911070       9152       5363     0 2454087.297546  1.210932e+01  9.895565e-03  1.210932e+01  9.895565e-03 
   93467364   1.440742e+01   1.297079e-01   1.440742e+01   1.297079e-01 223200612171912030       9150       5360     0 2454087.298194  1.210353e+01  9.774758e-03  1.210353e+01  9.774758e-03 
   93467424   1.413678e+01   1.287197e-01   1.413678e+01   1.287197e-01 223200612171913020       9149       5357     0 2454087.298889  1.212412e+01  9.885993e-03  1.212412e+01  9.885993e-03 
   93467494   1.389527e+01   1.283401e-01   1.389527e+01   1.283401e-01 223200612171914130       9141       5378     0 2454087.299699  1.214283e+01  1.002816e-02  1.214283e+01  1.002816e-02 
   93556665   1.378714e+01   1.246753e-01   1.378714e+01   1.246753e-01 223200612182000260       8212       5297     0 2454088.331771  1.215131e+01  9.818205e-03  1.215131e+01  9.818205e-03 
   93556723   1.399777e+01   1.247225e-01   1.399777e+01   1.247225e-01 223200612182001250       8211       5295     0 2454088.332442  1.213485e+01  9.674133e-03  1.213485e+01  9.674133e-03 
   93556792   1.387583e+01   1.247899e-01   1.387583e+01   1.247899e-01 223200612182002330       8210       5292     0 2454088.333241  1.214435e+01  9.764420e-03  1.214435e+01  9.764420e-03 
   93556856   1.378509e+01   1.253233e-01   1.378509e+01   1.253233e-01 223200612182003370       8209       5291     0 2454088.333981  1.215148e+01  9.870703e-03  1.215148e+01  9.870703e-03 
   93725365   1.567232e+01   2.191994e-01   1.567232e+01   2.191994e-01 223200612201852110       8271       5452     0 2454090.284317  1.201217e+01  1.518559e-02  1.201217e+01  1.518559e-02 
   93725424   1.531066e+01   2.093979e-01   1.531066e+01   2.093979e-01 223200612201853100       8270       5450     0 2454090.285000  1.203751e+01  1.484924e-02  1.203751e+01  1.484924e-02 
   93725481   1.550974e+01   2.003621e-01   1.550974e+01   2.003621e-01 223200612201854080       8269       5448     0 2454090.285660  1.202349e+01  1.402610e-02  1.202349e+01  1.402610e-02 
   93725543   1.544714e+01   1.904933e-01   1.544714e+01   1.904933e-01 223200612201855100       8269       5445     0 2454090.286377  1.202788e+01  1.338928e-02  1.202788e+01  1.338928e-02 
   94935170   1.657286e+01   3.847828e-01   1.657286e+01   3.847828e-01 223200701031856070       8212       5298     0 2454104.286690  1.195151e+01  2.520832e-02  1.195151e+01  2.520832e-02 
   94935236   1.643851e+01   3.778061e-01   1.643851e+01   3.778061e-01 223200701031857140       8211       5297     0 2454104.287454  1.196034e+01  2.495354e-02  1.196034e+01  2.495354e-02 
   94935294   1.634577e+01   3.705379e-01   1.634577e+01   3.705379e-01 223200701031858120       8211       5295     0 2454104.288125  1.196649e+01  2.461235e-02  1.196649e+01  2.461235e-02 
   94935359   1.607584e+01   3.655473e-01   1.607584e+01   3.655473e-01 223200701031859170       8209       5293     0 2454104.288877  1.198457e+01  2.468857e-02  1.198457e+01  2.468857e-02 
   95021599   1.624360e+01   2.902410e-01   1.624360e+01   2.902410e-01 223200701041856390       8207       5314     0 2454105.287025  1.197329e+01  1.940003e-02  1.197329e+01  1.940003e-02 
   95021671   1.592587e+01   2.796243e-01   1.592587e+01   2.796243e-01 223200701041857500       8212       5287     0 2454105.287859  1.199474e+01  1.906328e-02  1.199474e+01  1.906328e-02 
   95021736   1.554488e+01   2.674560e-01   1.554488e+01   2.674560e-01 223200701041858560       8211       5286     0 2454105.288611  1.202103e+01  1.868060e-02  1.202103e+01  1.868060e-02 
   95021792   1.615785e+01   2.584848e-01   1.615785e+01   2.584848e-01 223200701041859510       8211       5284     0 2454105.289259  1.197904e+01  1.736910e-02  1.197904e+01  1.736910e-02 
   95107900   1.568179e+01   2.578449e-01   1.568179e+01   2.578449e-01 223200701051855020       8186       5280     0 2454106.285880  1.201151e+01  1.785208e-02  1.201151e+01  1.785208e-02 
   95107956   1.482630e+01   2.429753e-01   1.482630e+01   2.429753e-01 223200701051855570       8185       5278     0 2454106.286528  1.207242e+01  1.779325e-02  1.207242e+01  1.779325e-02 
   95108010   1.581699e+01   2.315997e-01   1.581699e+01   2.315997e-01 223200701051856510       8184       5277     0 2454106.287153  1.200219e+01  1.589790e-02  1.200219e+01  1.589790e-02 
   95108064   1.555785e+01   2.195945e-01   1.555785e+01   2.195945e-01 223200701051857460       8184       5275     0 2454106.287778  1.202013e+01  1.532490e-02  1.202013e+01  1.532490e-02 
   95280689   1.581621e+01   2.354564e-01   1.581621e+01   2.354564e-01 223200701071854540       8163       5262     0 2454108.285752  1.200224e+01  1.616345e-02  1.200224e+01  1.616345e-02 
   95280818   1.542927e+01   2.072214e-01   1.542927e+01   2.072214e-01 223200701071857030       8182       5286     0 2454108.287245  1.202914e+01  1.458193e-02  1.202914e+01  1.458193e-02 
   95280874   1.563307e+01   1.962748e-01   1.563307e+01   1.962748e-01 223200701071857590       8180       5283     0 2454108.287894  1.201489e+01  1.363158e-02  1.201489e+01  1.363158e-02 
   95280930   1.492593e+01   1.848586e-01   1.492593e+01   1.848586e-01 223200701071858540       8179       5281     0 2454108.288542  1.206515e+01  1.344696e-02  1.206515e+01  1.344696e-02 
   95367152   1.565371e+01   2.608692e-01   1.565371e+01   2.608692e-01 223200701081855580       8166       5252     0 2454109.286481  1.201346e+01  1.809387e-02  1.201346e+01  1.809387e-02 
   95367208   1.566033e+01   2.454913e-01   1.566033e+01   2.454913e-01 223200701081856530       8165       5251     0 2454109.287130  1.201300e+01  1.702006e-02  1.201300e+01  1.702006e-02 
   95367263   1.550699e+01   2.299635e-01   1.550699e+01   2.299635e-01 223200701081857490       8164       5250     0 2454109.287766  1.202368e+01  1.610116e-02  1.202368e+01  1.610116e-02 
   95367319   1.585348e+01   2.177637e-01   1.585348e+01   2.177637e-01 223200701081858450       8163       5248     0 2454109.288414  1.199969e+01  1.491375e-02  1.199969e+01  1.491375e-02 
   95453537   1.548334e+01   2.528376e-01   1.548334e+01   2.528376e-01 223200701091855450       8168       5249     0 2454110.286308  1.202534e+01  1.772976e-02  1.202534e+01  1.772976e-02 
   95453593   1.561466e+01   2.388793e-01   1.561466e+01   2.388793e-01 223200701091856400       8168       5248     0 2454110.286956  1.201617e+01  1.661008e-02  1.201617e+01  1.661008e-02 
   95453647   1.552679e+01   2.260248e-01   1.552679e+01   2.260248e-01 223200701091857350       8167       5247     0 2454110.287581  1.202230e+01  1.580520e-02  1.202230e+01  1.580520e-02 
   95453703   1.532137e+01   2.142904e-01   1.532137e+01   2.142904e-01 223200701091858300       8165       5245     0 2454110.288229  1.203676e+01  1.518556e-02  1.203676e+01  1.518556e-02 
   95539927   1.585085e+01   2.526937e-01   1.585085e+01   2.526937e-01 223200701101855350       8165       5242     0 2454111.286192  1.199987e+01  1.730883e-02  1.199987e+01  1.730883e-02 
   95539981   1.542179e+01   2.390363e-01   1.542179e+01   2.390363e-01 223200701101856300       8164       5241     0 2454111.286817  1.202966e+01  1.682886e-02  1.202966e+01  1.682886e-02 
   95540035   1.568506e+01   2.267853e-01   1.568506e+01   2.267853e-01 223200701101857240       8164       5240     0 2454111.287442  1.201128e+01  1.569837e-02  1.201128e+01  1.569837e-02 
   95540091   1.549756e+01   2.154436e-01   1.549756e+01   2.154436e-01 223200701101858190       8163       5239     0 2454111.288090  1.202434e+01  1.509371e-02  1.202434e+01  1.509371e-02 
   95626310   1.580664e+01   2.628760e-01   1.580664e+01   2.628760e-01 223200701111855210       8147       5222     0 2454112.285995  1.200290e+01  1.805666e-02  1.200290e+01  1.805666e-02 
   95626366   1.576335e+01   2.467602e-01   1.576335e+01   2.467602e-01 223200701111856160       8147       5221     0 2454112.286644  1.200588e+01  1.699622e-02  1.200588e+01  1.699622e-02 
   95626420   1.524745e+01   2.317838e-01   1.524745e+01   2.317838e-01 223200701111857110       8146       5220     0 2454112.287269  1.204201e+01  1.650485e-02  1.204201e+01  1.650485e-02 
   95626476   1.527745e+01   2.193903e-01   1.527745e+01   2.193903e-01 223200701111858070       8145       5219     0 2454112.287917  1.203987e+01  1.559166e-02  1.203987e+01  1.559166e-02 
   95712693   1.577457e+01   2.403601e-01   1.577457e+01   2.403601e-01 223200701121855050       8176       5216     0 2454113.285799  1.200511e+01  1.654362e-02  1.200511e+01  1.654362e-02 
   95712749   1.596194e+01   2.279084e-01   1.596194e+01   2.279084e-01 223200701121856000       8175       5216     0 2454113.286447  1.199229e+01  1.550245e-02  1.199229e+01  1.550245e-02 
   95712803   1.518336e+01   2.162829e-01   1.518336e+01   2.162829e-01 223200701121856550       8174       5215     0 2454113.287072  1.204658e+01  1.546607e-02  1.204658e+01  1.546607e-02 
   95712857   1.521658e+01   2.073202e-01   1.521658e+01   2.073202e-01 223200701121857490       8174       5213     0 2454113.287697  1.204421e+01  1.479280e-02  1.204421e+01  1.479280e-02 
   95799115   1.547010e+01   2.192317e-01   1.547010e+01   2.192317e-01 223200701131855270       8172       5232     0 2454114.286053  1.202627e+01  1.538637e-02  1.202627e+01  1.538637e-02 
   95799169   1.507817e+01   2.086212e-01   1.507817e+01   2.086212e-01 223200701131856210       8171       5230     0 2454114.286678  1.205413e+01  1.502227e-02  1.205413e+01  1.502227e-02 
   95799293   1.513816e+01   1.876097e-01   1.513816e+01   1.876097e-01 223200701131858250       8173       5234     0 2454114.288113  1.204982e+01  1.345576e-02  1.204982e+01  1.345576e-02 
   95799347   1.495835e+01   1.795809e-01   1.495835e+01   1.795809e-01 223200701131859190       8172       5232     0 2454114.288738  1.206279e+01  1.303473e-02  1.206279e+01  1.303473e-02 
   95885585   1.547724e+01   2.111265e-01   1.547724e+01   2.111265e-01 223200701141856390       8167       5210     0 2454115.286863  1.202577e+01  1.481069e-02  1.202577e+01  1.481069e-02 
   95885641   1.507493e+01   2.000543e-01   1.507493e+01   2.000543e-01 223200701141857340       8167       5209     0 2454115.287512  1.205436e+01  1.440849e-02  1.205436e+01  1.440849e-02 
   95885695   1.495044e+01   1.900609e-01   1.495044e+01   1.900609e-01 223200701141858290       8167       5208     0 2454115.288137  1.206336e+01  1.380272e-02  1.206336e+01  1.380272e-02 
   95885827   1.498881e+01   1.733520e-01   1.498881e+01   1.733520e-01 223200701141900410       8164       5209     0 2454115.289664  1.206058e+01  1.255705e-02  1.206058e+01  1.255705e-02 
  105941755   1.534104e+01   2.687095e-01   1.534104e+01   2.687095e-01 223200705110414520       8148       6041     0 2454231.677720  1.203536e+01  1.901752e-02  1.203536e+01  1.901752e-02 
  105941811   1.552519e+01   2.846436e-01   1.552519e+01   2.846436e-01 223200705110415490       8151       6040     0 2454231.678368  1.202241e+01  1.990629e-02  1.202241e+01  1.990629e-02 
  105941870   1.571367e+01   3.009183e-01   1.571367e+01   3.009183e-01 223200705110416470       8154       6040     0 2454231.679051  1.200931e+01  2.079203e-02  1.200931e+01  2.079203e-02 
  105941925   1.589812e+01   3.200734e-01   1.589812e+01   3.200734e-01 223200705110417430       8155       6039     0 2454231.679688  1.199664e+01  2.185897e-02  1.199664e+01  2.185897e-02 
  106027810   1.461103e+01   1.785119e-01   1.461103e+01   1.785119e-01 223200705120409040       8173       6017     0 2454232.673727  1.208830e+01  1.326515e-02  1.208830e+01  1.326515e-02 
  106027936   1.515637e+01   1.889910e-01   1.515637e+01   1.889910e-01 223200705120411090       8159       6029     0 2454232.675185  1.204851e+01  1.353853e-02  1.204851e+01  1.353853e-02 
  106027990   1.522609e+01   1.972510e-01   1.522609e+01   1.972510e-01 223200705120412040       8162       6029     0 2454232.675810  1.204353e+01  1.406554e-02  1.204353e+01  1.406554e-02 
  106028044   1.544272e+01   2.066980e-01   1.544272e+01   2.066980e-01 223200705120412580       8164       6028     0 2454232.676435  1.202819e+01  1.453243e-02  1.202819e+01  1.453243e-02 
  106114065   1.437528e+01   1.805938e-01   1.437528e+01   1.805938e-01 223200705130406340       8149       6041     0 2454233.672049  1.210596e+01  1.363994e-02  1.210596e+01  1.363994e-02 
  106114119   1.455726e+01   1.841179e-01   1.455726e+01   1.841179e-01 223200705130407290       8152       6040     0 2454233.672674  1.209230e+01  1.373227e-02  1.209230e+01  1.373227e-02 
  106114175   1.490596e+01   1.891246e-01   1.490596e+01   1.891246e-01 223200705130408240       8155       6041     0 2454233.673322  1.206660e+01  1.377571e-02  1.206660e+01  1.377571e-02 
  106114229   1.520440e+01   1.942436e-01   1.520440e+01   1.942436e-01 223200705130409190       8156       6040     0 2454233.673947  1.204508e+01  1.387085e-02  1.204508e+01  1.387085e-02 
  124569523   1.737437e+01   3.202882e-01   1.737437e+01   3.202882e-01 221200712121841060      11944       2766     0 2454447.276887  1.190023e+01  2.001509e-02  1.190023e+01  2.001509e-02 
  124569716   1.644613e+01   2.600396e-01   1.644613e+01   2.600396e-01 223200712121844190       7384       9923     0 2454447.279120  1.195984e+01  1.716729e-02  1.195984e+01  1.716729e-02 
  124570450   2.030816e+01   1.785787e-01   2.030816e+01   1.785787e-01 222200712121856320       9623      26107     0 2454447.287616  1.173082e+01  9.547393e-03  1.173082e+01  9.547393e-03 
  124571582   2.024180e+01   1.436644e-01   2.024180e+01   1.436644e-01 222200712121915250       9640      26060     0 2454447.300718  1.173438e+01  7.705945e-03  1.173438e+01  7.705945e-03 
  124571646   1.605006e+01   1.225956e-01   1.605006e+01   1.225956e-01 221200712121916280      11896       2892     0 2454447.301458  1.198631e+01  8.293234e-03  1.198631e+01  8.293234e-03 
  124571706   1.443628e+01   1.088481e-01   1.443628e+01   1.088481e-01 223200712121917280       7396       9885     0 2454447.302153  1.210136e+01  8.186372e-03  1.210136e+01  8.186372e-03 
  124572790   2.003056e+01   1.407532e-01   2.003056e+01   1.407532e-01 222200712121935320       9612      26079     0 2454447.314699  1.174577e+01  7.629414e-03  1.174577e+01  7.629414e-03 
  124572981   1.497601e+01   1.184745e-01   1.497601e+01   1.184745e-01 221200712121938430      11935       2961     0 2454447.316910  1.206151e+01  8.589238e-03  1.206151e+01  8.589238e-03 
  124573040   1.437829e+01   1.086589e-01   1.437829e+01   1.086589e-01 223200712121939430       7381       9811     0 2454447.317593  1.210573e+01  8.205101e-03  1.210573e+01  8.205101e-03 
