\OBJNAME = '1SWASP J000448.57-720435.3'
\OBSSTART = '2006-05-11T04:14:48'
\OBSSTOP = '2007-12-12T19:39:43'
\TSTART = 74405747
\TSTOP = 124573043
\JD_REF = 2453005.5
\RA_OBJ = '1.202375'
\DEC_OBJ = '-72.076494'
\WASP_MAG = 15.06177
\HJD_START = 2453866.677627
\HJD_STOP = 2454447.317627
\fixlen = T
\NUMRECORDS = 291
\
\ This file was produced by the NASA Exoplanet Archive  http://exoplanetarchive.ipac.caltech.edu 
\ Thu Sep 19, 02:35:27 2013
\ Documentation for the SuperWASP dataset can be found at http://exoplanetarchive.ipac.caltech.edu/docs/SuperWASPMission.html
\
|TMID      |FLUX2         |FLUX2_ERR     |TAMFLUX2      |TAMFLUX2_ERR  |IMAGEID           |CCDX      |CCDY      |FLAG |           HJD|         MAG2|     MAG2_ERR|      TAMMAG2|  TAMMAG2_ERR|
|int       |float         |float         |float         |float         |char              |int       |int       |int  |        double|        float|        float|        float|        float|
|sec       |micro Vega    |micro Vega    |micro Vega    |micro Vega    |                  |1/16 pixel|1/16 pixel|     |           day|          mag|          mag|          mag|          mag|
|null      |null          |null          |null          |null          |null              |null      |null      |null |          null|         null|         null|         null|         null|
   74405747   1.194080e+00   1.966206e-01   1.194080e+00   1.966206e-01 223200605110414480      10621       6212     0 2453866.677627  1.480742e+01  1.787810e-01  1.480742e+01  1.787810e-01 
   74405800   1.148409e+00   2.120999e-01   1.148409e+00   2.120999e-01 223200605110415410      10625       6209     0 2453866.678241  1.484976e+01  2.005255e-01  1.484976e+01  2.005255e-01 
   74405884   8.110427e-01   2.416985e-01   8.110427e-01   2.416985e-01 223200605110417040      10630       6207     0 2453866.679213  1.522739e+01  3.235609e-01  1.522739e+01  3.235609e-01 
   74405949   6.533203e-01   2.713799e-01   6.533203e-01   2.713799e-01 223200605110418100      10639       6181     0 2453866.679965  1.546218e+01  4.510009e-01  1.546218e+01  4.510009e-01 
   74491860   9.464090e-01   2.141515e-01   9.464090e-01   2.141515e-01 223200605120409570      10645       6140     0 2453867.674306  1.505980e+01  2.456791e-01  1.505980e+01  2.456791e-01 
   74492051   1.121696e+00   2.344884e-01   1.121696e+00   2.344884e-01 223200605120413070      10657       6135     0 2453867.676516  1.487531e+01  2.269719e-01  1.487531e+01  2.269719e-01 
   74750383   1.055825e+00   3.005311e-01   1.055825e+00   3.005311e-01 223200605150358270      10641       6143     0 2453870.666470  1.494102e+01  3.090462e-01  1.494102e+01  3.090462e-01 
   74750443   1.030908e+00   3.051784e-01   1.030908e+00   3.051784e-01 223200605150359270      10646       6138     0 2453870.667164  1.496695e+01  3.214102e-01  1.496695e+01  3.214102e-01 
   74750556   1.087317e+00   3.058854e-01   1.087317e+00   3.058854e-01 223200605150401200      10653       6136     0 2453870.668472  1.490911e+01  3.054416e-01  1.490911e+01  3.054416e-01 
   75613707   9.217910e-01   1.113432e-01   9.217910e-01   1.113432e-01 223200605250346340      10728       6126     0 2453880.658646  1.508842e+01  1.311466e-01  1.508842e+01  1.311466e-01 
   75613766   8.834085e-01   1.097683e-01   8.834085e-01   1.097683e-01 223200605250347310      10731       6125     0 2453880.659329  1.513460e+01  1.349091e-01  1.513460e+01  1.349091e-01 
   75700099   1.045985e+00   1.070451e-01   1.045985e+00   1.070451e-01 223200605260346210      10737       6145     0 2453881.658553  1.495119e+01  1.111135e-01  1.495119e+01  1.111135e-01 
   75700162   1.130512e+00   1.086472e-01   1.130512e+00   1.086472e-01 223200605260347250      10745       6114     0 2453881.659282  1.486681e+01  1.043444e-01  1.486681e+01  1.043444e-01 
   75700229   8.932531e-01   1.080172e-01   8.932531e-01   1.080172e-01 223200605260348310      10743       6138     0 2453881.660058  1.512256e+01  1.312938e-01  1.512256e+01  1.312938e-01 
   75700298   8.070158e-01   1.052865e-01   8.070158e-01   1.052865e-01 223200605260349400      10750       6108     0 2453881.660856  1.523279e+01  1.416500e-01  1.523279e+01  1.416500e-01 
   76132319   8.149706e-01   8.798510e-02   8.149706e-01   8.798510e-02 223200605310349440      10799       6118     0 2453886.661100  1.522215e+01  1.172177e-01  1.522215e+01  1.172177e-01 
   76132386   9.407447e-01   8.836402e-02   9.407447e-01   8.836402e-02 223200605310350510      10808       6087     0 2453886.661875  1.506632e+01  1.019834e-01  1.506632e+01  1.019834e-01 
   76132435   9.018437e-01   8.881629e-02   9.018437e-01   8.881629e-02 223200605310351390      10809       6086     0 2453886.662442  1.511217e+01  1.069270e-01  1.511217e+01  1.069270e-01 
   76132497   7.753906e-01   8.861396e-02   7.753906e-01   8.861396e-02 223200605310352410      10811       6085     0 2453886.663160  1.527620e+01  1.240816e-01  1.527620e+01  1.240816e-01 
   76218790   8.762720e-01   9.010381e-02   8.762720e-01   9.010381e-02 223200606010350510      10818       6079     0 2453887.661921  1.514340e+01  1.116426e-01  1.514340e+01  1.116426e-01 
   76218858   8.866150e-01   9.116753e-02   8.866150e-01   9.116753e-02 223200606010351580      10817       6102     0 2453887.662708  1.513066e+01  1.116429e-01  1.513066e+01  1.116429e-01 
   76218928   8.918379e-01   9.131861e-02   8.918379e-01   9.131861e-02 223200606010353090      10820       6100     0 2453887.663519  1.512428e+01  1.111730e-01  1.512428e+01  1.111730e-01 
   76219014   8.521933e-01   9.140578e-02   8.521933e-01   9.140578e-02 223200606010354350      10829       6072     0 2453887.664514  1.517365e+01  1.164559e-01  1.517365e+01  1.164559e-01 
   76478196   7.799163e-01   9.807567e-02   7.799163e-01   9.807567e-02 223200606040354060      10829       6072     0 2453890.664306  1.526988e+01  1.365335e-01  1.526988e+01  1.365335e-01 
   76478269   7.372192e-01   9.883263e-02   7.372192e-01   9.883263e-02 223200606040355190      10828       6094     0 2453890.665150  1.533101e+01  1.455558e-01  1.533101e+01  1.455558e-01 
   76478345   9.868886e-01   1.012485e-01   9.868886e-01   1.012485e-01 223200606040356360      10837       6064     0 2453890.666030  1.501433e+01  1.113900e-01  1.501433e+01  1.113900e-01 
   76478398   8.982888e-01   1.000393e-01   8.982888e-01   1.000393e-01 223200606040357280      10839       6062     0 2453890.666644  1.511646e+01  1.209151e-01  1.511646e+01  1.209151e-01 
   76564539   9.510213e-01   2.465671e-01   9.510213e-01   2.465671e-01 223200606050353060      10856       6056     0 2453891.663646  1.505452e+01  2.814951e-01  1.505452e+01  2.814951e-01 
   76564598   7.550911e-01   2.379242e-01   7.550911e-01   2.379242e-01 223200606050354050      10860       6055     0 2453891.664329  1.530500e+01  3.421094e-01  1.530500e+01  3.421094e-01 
   76564658   9.047138e-01   2.386105e-01   9.047138e-01   2.386105e-01 223200606050355050      10863       6052     0 2453891.665023  1.510872e+01  2.863546e-01  1.510872e+01  2.863546e-01 
   76650910   8.133693e-01   8.698276e-02   8.133693e-01   8.698276e-02 223200606060352330      10845       6052     0 2453892.663310  1.522428e+01  1.161104e-01  1.522428e+01  1.161104e-01 
   76651044   8.845839e-01   8.975962e-02   8.845839e-01   8.975962e-02 223200606060354480      10851       6051     0 2453892.664861  1.513315e+01  1.101711e-01  1.513315e+01  1.101711e-01 
   76651100   8.384694e-01   8.899848e-02   8.384694e-01   8.899848e-02 223200606060355430      10854       6049     0 2453892.665509  1.519128e+01  1.152448e-01  1.519128e+01  1.152448e-01 
   76651176   8.171864e-01   8.856551e-02   8.171864e-01   8.856551e-02 223200606060357000      10850       6072     0 2453892.666389  1.521920e+01  1.176710e-01  1.521920e+01  1.176710e-01 
   76737458   8.815423e-01   9.232734e-02   8.815423e-01   9.232734e-02 223200606070354570      10857       6053     0 2453893.665023  1.513689e+01  1.137137e-01  1.513689e+01  1.137137e-01 
   76737513   7.666720e-01   9.172798e-02   7.666720e-01   9.172798e-02 223200606070355530      10859       6051     0 2453893.665660  1.528848e+01  1.299027e-01  1.528848e+01  1.299027e-01 
   76823795   9.088143e-01   9.217068e-02   9.088143e-01   9.217068e-02 223200606080353510      10880       6055     0 2453894.664294  1.510381e+01  1.101142e-01  1.510381e+01  1.101142e-01 
   76823854   9.889725e-01   9.277564e-02   9.889725e-01   9.277564e-02 223200606080354510      10884       6052     0 2453894.664977  1.501204e+01  1.018534e-01  1.501204e+01  1.018534e-01 
   76823913   9.432515e-01   9.339458e-02   9.432515e-01   9.339458e-02 223200606080355500      10886       6050     0 2453894.665660  1.506343e+01  1.075029e-01  1.506343e+01  1.075029e-01 
   76823999   8.821132e-01   9.292846e-02   8.821132e-01   9.292846e-02 223200606080357160      10883       6072     0 2453894.666655  1.513619e+01  1.143801e-01  1.513619e+01  1.143801e-01 
   76910221   9.103525e-01   8.927589e-02   9.103525e-01   8.927589e-02 223200606090354140      10877       6042     0 2453895.664595  1.510198e+01  1.064757e-01  1.510198e+01  1.064757e-01 
   76910275   9.413275e-01   8.952219e-02   9.413275e-01   8.952219e-02 223200606090355080      10879       6040     0 2453895.665220  1.506565e+01  1.032561e-01  1.506565e+01  1.032561e-01 
   76910359   7.399105e-01   8.776152e-02   7.399105e-01   8.776152e-02 223200606090356320      10876       6062     0 2453895.666192  1.532705e+01  1.287807e-01  1.532705e+01  1.287807e-01 
   76910431   8.980281e-01   8.812135e-02   8.980281e-01   8.812135e-02 223200606090357440      10884       6035     0 2453895.667025  1.511678e+01  1.065411e-01  1.511678e+01  1.065411e-01 
   76996641   1.125001e+00   1.929318e-01   1.125001e+00   1.929318e-01 223200606100354320      10886       6039     0 2453896.664826  1.487212e+01  1.861988e-01  1.487212e+01  1.861988e-01 
   76996702   1.062549e+00   1.904185e-01   1.062549e+00   1.904185e-01 223200606100355320      10887       6037     0 2453896.665532  1.493413e+01  1.945745e-01  1.493413e+01  1.945745e-01 
   77082996   1.019696e+00   3.268669e-01   1.019696e+00   3.268669e-01 223200606110353440      10894       6031     0 2453897.664306  1.497882e+01  3.480376e-01  1.497882e+01  3.480376e-01 
   77083073   7.416056e-01   3.320062e-01   7.416056e-01   3.320062e-01 223200606110355000      10893       6054     0 2453897.665197  1.532457e+01  4.860703e-01  1.532457e+01  4.860703e-01 
   77169262   1.328568e+00   4.142888e-01   1.328568e+00   4.142888e-01 223200606120351270      10892       6051     0 2453898.662755  1.469154e+01  3.385676e-01  1.469154e+01  3.385676e-01 
   77169324   1.747490e+00   4.179160e-01   1.747490e+00   4.179160e-01 223200606120352290      10901       6023     0 2453898.663472  1.439396e+01  2.596570e-01  1.439396e+01  2.596570e-01 
   77169382   1.117327e+00   4.153946e-01   1.117327e+00   4.153946e-01 223200606120353260      10903       6021     0 2453898.664144  1.487955e+01  4.036513e-01  1.487955e+01  4.036513e-01 
   77169442   8.947319e-01   4.154445e-01   8.947319e-01   4.154445e-01 223200606120354260      10904       6018     0 2453898.664838  1.512077e+01  5.041339e-01  1.512077e+01  5.041339e-01 
   77514688   2.746812e+00   1.906163e+00   2.746812e+00   1.906163e+00 223200606160348210      10903       5991     0 2453902.660741  1.390293e+01  7.534543e-01  1.390293e+01  7.534543e-01 
   77514753   1.483784e+00   2.438895e+00   1.483784e+00   2.438895e+00 223200606160349260      10905       5988     0 2453902.661493  1.457157e+01  1.784631e+00  1.457157e+01  1.784631e+00 
   77601513   9.367472e-01   1.669223e-01   9.367472e-01   1.669223e-01 223200606170355220      10915       5996     0 2453903.665660  1.507094e+01  1.934719e-01  1.507094e+01  1.934719e-01 
   77601570   7.890145e-01   1.668329e-01   7.890145e-01   1.668329e-01 223200606170356190      10922       5968     0 2453903.666319  1.525729e+01  2.295739e-01  1.525729e+01  2.295739e-01 
   77687717   8.788107e-01   1.412823e-01   8.788107e-01   1.412823e-01 223200606180352030      10937       5969     0 2453904.663391  1.514026e+01  1.745494e-01  1.514026e+01  1.745494e-01 
   77687760   1.000042e+00   1.407031e-01   1.000042e+00   1.407031e-01 223200606180352470      10939       5967     0 2453904.663889  1.499995e+01  1.527605e-01  1.499995e+01  1.527605e-01 
   77687828   8.728463e-01   1.396832e-01   8.728463e-01   1.396832e-01 223200606180353550      10940       5966     0 2453904.664676  1.514766e+01  1.737530e-01  1.514766e+01  1.737530e-01 
   77687879   1.037573e+00   1.399358e-01   1.037573e+00   1.399358e-01 223200606180354460      10941       5964     0 2453904.665266  1.495995e+01  1.464320e-01  1.495995e+01  1.464320e-01 
   77774354   8.047875e-01   1.176267e-01   8.047875e-01   1.176267e-01 223200606190355570      10982       5950     0 2453905.666134  1.523580e+01  1.586903e-01  1.523580e+01  1.586903e-01 
   77774410   6.847389e-01   1.169781e-01   6.847389e-01   1.169781e-01 223200606190356530      10982       5950     0 2453905.666782  1.541119e+01  1.854836e-01  1.541119e+01  1.854836e-01 
   77774472   8.857723e-01   1.175713e-01   8.857723e-01   1.175713e-01 223200606190357560      10982       5949     0 2453905.667500  1.513169e+01  1.441136e-01  1.513169e+01  1.441136e-01 
   77774537   9.156854e-01   1.170199e-01   9.156854e-01   1.170199e-01 223200606190359000      10976       5974     0 2453905.668252  1.509563e+01  1.387520e-01  1.509563e+01  1.387520e-01 
   77860768   9.964811e-01   1.006139e-01   9.964811e-01   1.006139e-01 223200606200356080      10966       5944     0 2453906.666296  1.500383e+01  1.096263e-01  1.500383e+01  1.096263e-01 
   77860827   9.154317e-01   1.001291e-01   9.154317e-01   1.001291e-01 223200606200357080      10967       5943     0 2453906.666979  1.509593e+01  1.187572e-01  1.509593e+01  1.187572e-01 
   77860891   1.005477e+00   1.004901e-01   1.005477e+00   1.004901e-01 223200606200358110      10966       5944     0 2453906.667720  1.499407e+01  1.085118e-01  1.499407e+01  1.085118e-01 
   77860956   9.658801e-01   9.945163e-02   9.658801e-01   9.945163e-02 223200606200359170      10960       5970     0 2453906.668472  1.503769e+01  1.117930e-01  1.503769e+01  1.117930e-01 
   77947078   8.955854e-01   1.033418e-01   8.955854e-01   1.033418e-01 223200606210354360      10961       5943     0 2453907.665255  1.511973e+01  1.252837e-01  1.511973e+01  1.252837e-01 
   77947132   9.412366e-01   1.036087e-01   9.412366e-01   1.036087e-01 223200606210355300      10961       5944     0 2453907.665880  1.506575e+01  1.195152e-01  1.506575e+01  1.195152e-01 
   77947277   9.465294e-01   1.036115e-01   9.465294e-01   1.036115e-01 223200606210357550      10961       5944     0 2453907.667558  1.505966e+01  1.188502e-01  1.505966e+01  1.188502e-01 
   78119988   8.480768e-01   8.855116e-02   8.480768e-01   8.855116e-02 223200606230356210      10952       5924     0 2453909.666528  1.517891e+01  1.133665e-01  1.517891e+01  1.133665e-01 
   78120190   8.456013e-01   8.771423e-02   8.456013e-01   8.771423e-02 223200606230359440      10948       5934     0 2453909.668866  1.518209e+01  1.126238e-01  1.518209e+01  1.126238e-01 
   78120252   8.981657e-01   8.799289e-02   8.981657e-01   8.799289e-02 223200606230400460      10951       5912     0 2453909.669583  1.511661e+01  1.063695e-01  1.511661e+01  1.063695e-01 
   78206448   8.116326e-01   9.470169e-02   8.116326e-01   9.470169e-02 223200606240357190      10971       5910     0 2453910.667222  1.522660e+01  1.266847e-01  1.522660e+01  1.266847e-01 
   78206507   7.258528e-01   9.336305e-02   7.258528e-01   9.336305e-02 223200606240358180      10968       5914     0 2453910.667905  1.534788e+01  1.396537e-01  1.534788e+01  1.396537e-01 
   78206641   8.684712e-01   9.417060e-02   8.684712e-01   9.417060e-02 223200606240400310      10955       5927     0 2453910.669456  1.515311e+01  1.177296e-01  1.515311e+01  1.177296e-01 
   78724956   7.531503e-01   8.591880e-02   7.531503e-01   8.591880e-02 223200606300358520      10978       5897     0 2453916.668472  1.530780e+01  1.238604e-01  1.530780e+01  1.238604e-01 
   78725033   7.683658e-01   8.599474e-02   7.683658e-01   8.599474e-02 223200606300400090      10986       5869     0 2453916.669363  1.528608e+01  1.215149e-01  1.528608e+01  1.215149e-01 
   78725080   8.517085e-01   8.650337e-02   8.517085e-01   8.650337e-02 223200606300400570      10986       5867     0 2453916.669907  1.517427e+01  1.102727e-01  1.517427e+01  1.102727e-01 
   78725144   7.867534e-01   8.623105e-02   7.867534e-01   8.623105e-02 223200606300402000      10987       5865     0 2453916.670648  1.526040e+01  1.190011e-01  1.526040e+01  1.190011e-01 
   78811471   7.958462e-01   8.901388e-02   7.958462e-01   8.901388e-02 223200607010400450      10975       5884     0 2453917.669803  1.524793e+01  1.214380e-01  1.524793e+01  1.214380e-01 
   78811536   8.439349e-01   8.960035e-02   8.439349e-01   8.960035e-02 223200607010401510      10981       5856     0 2453917.670556  1.518423e+01  1.152727e-01  1.518423e+01  1.152727e-01 
   78811587   8.608157e-01   8.996063e-02   8.608157e-01   8.996063e-02 223200607010402420      10982       5854     0 2453917.671146  1.516272e+01  1.134666e-01  1.516272e+01  1.134666e-01 
   78897862   1.118848e+00   4.722461e-01   1.118848e+00   4.722461e-01 223200607020400340      10991       5850     0 2453918.669699  1.487807e+01  4.582720e-01  1.487807e+01  4.582720e-01 
   78897916   8.469500e-01   2.671805e-01   8.469500e-01   2.671805e-01 223200607020401280      10991       5848     0 2453918.670324  1.518036e+01  3.425097e-01  1.518036e+01  3.425097e-01 
   78984205   7.825803e-01   8.483997e-02   7.825803e-01   8.483997e-02 223200607030359350      10997       5838     0 2453919.669039  1.526618e+01  1.177057e-01  1.526618e+01  1.177057e-01 
   78984317   8.334461e-01   8.380264e-02   8.334461e-01   8.380264e-02 223200607030401270      11000       5833     0 2453919.670336  1.519781e+01  1.091707e-01  1.519781e+01  1.091707e-01 
   78984372   9.048762e-01   8.466767e-02   9.048762e-01   8.466767e-02 223200607030402220      11000       5831     0 2453919.670972  1.510853e+01  1.015908e-01  1.510853e+01  1.015908e-01 
   79070529   8.035563e-01   8.428347e-02   8.035563e-01   8.428347e-02 223200607040358180      10994       5817     0 2453920.668160  1.523746e+01  1.138812e-01  1.523746e+01  1.138812e-01 
   79070575   8.855627e-01   8.437509e-02   8.855627e-01   8.437509e-02 223200607040359040      10995       5815     0 2453920.668692  1.513195e+01  1.034477e-01  1.513195e+01  1.034477e-01 
   79070641   9.360574e-01   8.536921e-02   9.360574e-01   8.536921e-02 223200607040400090      10996       5813     0 2453920.669456  1.507174e+01  9.902038e-02  1.507174e+01  9.902038e-02 
   79070693   9.070925e-01   8.516526e-02   9.070925e-01   8.516526e-02 223200607040401020      10997       5811     0 2453920.670058  1.510587e+01  1.019382e-01  1.510587e+01  1.019382e-01 
   79415958   8.226539e-01   8.496343e-02   8.226539e-01   8.496343e-02 223200607080355190      10992       5802     0 2453924.666181  1.521196e+01  1.121349e-01  1.521196e+01  1.121349e-01 
   79416115   8.764092e-01   8.309541e-02   8.764092e-01   8.309541e-02 223200607080357570      10993       5825     0 2453924.667998  1.514323e+01  1.029428e-01  1.514323e+01  1.029428e-01 
   79416182   8.290204e-01   8.467180e-02   8.290204e-01   8.467180e-02 223200607080359030      10999       5796     0 2453924.668773  1.520359e+01  1.108918e-01  1.520359e+01  1.108918e-01 
   79416240   7.764843e-01   8.439972e-02   7.764843e-01   8.439972e-02 223200607080400010      10999       5794     0 2453924.669444  1.527467e+01  1.180142e-01  1.527467e+01  1.180142e-01 
   79502497   7.881589e-01   1.360370e-01   7.881589e-01   1.360370e-01 223200607090357380      11004       5793     0 2453925.667789  1.525847e+01  1.873998e-01  1.525847e+01  1.873998e-01 
   79502566   9.116224e-01   1.327170e-01   9.116224e-01   1.327170e-01 223200607090358470      11004       5790     0 2453925.668588  1.510046e+01  1.580656e-01  1.510046e+01  1.580656e-01 
   80278261   8.859580e-01   1.446430e-01   8.859580e-01   1.446430e-01 223200607180326500      11039       5724     0 2453934.646539  1.513147e+01  1.772598e-01  1.513147e+01  1.772598e-01 
   80278336   9.015120e-01   1.690354e-01   9.015120e-01   1.690354e-01 223200607180328050      11033       5748     0 2453934.647407  1.511257e+01  2.035785e-01  1.511257e+01  2.035785e-01 
   80364407   9.811790e-01   1.076004e-01   9.811790e-01   1.076004e-01 223200607190322340      11031       5732     0 2453935.643600  1.502063e+01  1.190670e-01  1.502063e+01  1.190670e-01 
   80364468   9.169441e-01   1.073484e-01   9.169441e-01   1.073484e-01 223200607190323360      11032       5730     0 2453935.644306  1.509414e+01  1.271096e-01  1.509414e+01  1.271096e-01 
   80450507   6.981479e-01   9.478188e-02   6.981479e-01   9.478188e-02 223200607200317340      11036       5726     0 2453936.640127  1.539013e+01  1.474021e-01  1.539013e+01  1.474021e-01 
   80450568   8.186700e-01   9.552813e-02   8.186700e-01   9.552813e-02 223200607200318350      11035       5725     0 2453936.640833  1.521723e+01  1.266917e-01  1.521723e+01  1.266917e-01 
   80450632   8.897734e-01   9.616776e-02   8.897734e-01   9.616776e-02 223200607200319380      11035       5723     0 2453936.641574  1.512680e+01  1.173481e-01  1.512680e+01  1.173481e-01 
   80450689   8.880964e-01   9.643673e-02   8.880964e-01   9.643673e-02 223200607200320360      11035       5721     0 2453936.642234  1.512885e+01  1.178985e-01  1.512885e+01  1.178985e-01 
   80967558   7.048509e-01   8.063842e-02   7.048509e-01   8.063842e-02 223200607260255010      10996       5758     0 2453942.624514  1.537976e+01  1.242140e-01  1.537976e+01  1.242140e-01 
   80967614   7.852530e-01   8.146055e-02   7.852530e-01   8.146055e-02 223200607260255560      10997       5756     0 2453942.625162  1.526248e+01  1.126325e-01  1.526248e+01  1.126325e-01 
   81053659   8.418968e-01   9.127604e-02   8.418968e-01   9.127604e-02 223200607270250020      10991       5758     0 2453943.621053  1.518685e+01  1.177128e-01  1.518685e+01  1.177128e-01 
   81053721   9.213150e-01   9.500637e-02   9.213150e-01   9.500637e-02 223200607270251040      10991       5755     0 2453943.621771  1.508898e+01  1.119619e-01  1.508898e+01  1.119619e-01 
   81053777   9.669307e-01   9.328970e-02   9.669307e-01   9.328970e-02 223200607270251590      10992       5754     0 2453943.622419  1.503651e+01  1.047525e-01  1.503651e+01  1.047525e-01 
   81053839   8.759285e-01   9.116385e-02   8.759285e-01   9.116385e-02 223200607270253010      10993       5751     0 2453943.623137  1.514383e+01  1.130004e-01  1.514383e+01  1.130004e-01 
   81139836   4.499398e-01   6.238986e-01   4.499398e-01   6.238986e-01 223200607280246190      11008       5750     0 2453944.618472  1.586711e+01  1.505516e+00  1.586711e+01  1.505516e+00 
   81139895   1.834454e+00   1.079036e+00   1.834454e+00   1.079036e+00 223200607280247170      11009       5747     0 2453944.619155  1.434123e+01  6.386387e-01  1.434123e+01  6.386387e-01 
   81139949   1.847149e+00   6.669405e-01   1.847149e+00   6.669405e-01 223200607280248110      11009       5746     0 2453944.619780  1.433375e+01  3.920226e-01  1.433375e+01  3.920226e-01 
   81140003   5.680817e-01   4.288267e-01   5.680817e-01   4.288267e-01 223200607280249060      11010       5744     0 2453944.620405  1.561397e+01  8.195903e-01  1.561397e+01  8.195903e-01 
   82346072   1.163190e+00   3.450242e-01   1.163190e+00   3.450242e-01 223200608110150170      11003       5792     0 2453958.579537  1.483587e+01  3.220510e-01  1.483587e+01  3.220510e-01 
   82346128   8.237054e-01   3.408043e-01   8.237054e-01   3.408043e-01 223200608110151120      11005       5790     0 2453958.580185  1.521057e+01  4.492199e-01  1.521057e+01  4.492199e-01 
   82346242   9.945686e-01   3.461113e-01   9.945686e-01   3.461113e-01 223200608110153070      11006       5785     0 2453958.581505  1.500591e+01  3.778391e-01  1.500591e+01  3.778391e-01 
   82518487   1.054562e+00   2.183904e-01   1.054562e+00   2.183904e-01 223200608130143520      11009       5758     0 2453960.575081  1.494232e+01  2.248471e-01  1.494232e+01  2.248471e-01 
   82518549   8.687543e-01   2.210082e-01   8.687543e-01   2.210082e-01 223200608130144550      11008       5753     0 2453960.575799  1.515276e+01  2.762087e-01  1.515276e+01  2.762087e-01 
   82604609   1.245672e+00   1.770298e-01   1.245672e+00   1.770298e-01 223200608140139160      11006       5781     0 2453961.571863  1.476149e+01  1.543009e-01  1.476149e+01  1.543009e-01 
   82604665   1.119655e+00   1.783129e-01   1.119655e+00   1.783129e-01 223200608140140120      11013       5778     0 2453961.572512  1.487729e+01  1.729118e-01  1.487729e+01  1.729118e-01 
   82604722   1.106581e+00   1.783488e-01   1.106581e+00   1.783488e-01 223200608140141080      11026       5775     0 2453961.573171  1.489004e+01  1.749898e-01  1.489004e+01  1.749898e-01 
   82604776   1.051315e+00   1.817835e-01   1.051315e+00   1.817835e-01 223200608140142030      11025       5773     0 2453961.573796  1.494567e+01  1.877359e-01  1.494567e+01  1.877359e-01 
   82863082   9.157603e-01   1.121141e-01   9.157603e-01   1.121141e-01 223200608170127120      10996       5791     0 2453964.563449  1.509555e+01  1.329243e-01  1.509555e+01  1.329243e-01 
   82863150   1.003581e+00   1.117819e-01   1.003581e+00   1.117819e-01 223200608170128190      11005       5757     0 2453964.564236  1.499612e+01  1.209329e-01  1.499612e+01  1.209329e-01 
   82863206   9.411860e-01   1.124920e-01   9.411860e-01   1.124920e-01 223200608170129150      11006       5755     0 2453964.564884  1.506581e+01  1.297693e-01  1.506581e+01  1.297693e-01 
   82863266   8.869766e-01   1.129453e-01   8.869766e-01   1.129453e-01 223200608170130160      11006       5753     0 2453964.565579  1.513022e+01  1.382553e-01  1.513022e+01  1.382553e-01 
   82949255   8.289112e-01   8.457432e-02   8.289112e-01   8.457432e-02 223200608180123250      11002       5736     0 2453965.560822  1.520373e+01  1.107787e-01  1.520373e+01  1.107787e-01 
   82949471   8.269240e-01   8.524038e-02   8.269240e-01   8.524038e-02 223200608180127020      10999       5752     0 2453965.563322  1.520634e+01  1.119195e-01  1.520634e+01  1.119195e-01 
   83724745   7.740968e-01   8.358082e-02   7.740968e-01   8.358082e-02 223200608270048280      10985       5754     0 2453974.536400  1.527801e+01  1.172296e-01  1.527801e+01  1.172296e-01 
   83724820   7.962444e-01   8.260030e-02   7.962444e-01   8.260030e-02 223200608270049440      10980       5776     0 2453974.537269  1.524738e+01  1.126318e-01  1.524738e+01  1.126318e-01 
   83724882   7.731293e-01   8.332660e-02   7.731293e-01   8.332660e-02 223200608270050460      10985       5746     0 2453974.537986  1.527937e+01  1.170193e-01  1.527937e+01  1.170193e-01 
   83810899   7.122189e-01   7.832797e-02   7.122189e-01   7.832797e-02 223200608280044250      10987       5775     0 2453975.533553  1.536847e+01  1.194068e-01  1.536847e+01  1.194068e-01 
   83810970   7.290478e-01   7.810259e-02   7.290478e-01   7.810259e-02 223200608280045350      10986       5770     0 2453975.534375  1.534311e+01  1.163149e-01  1.534311e+01  1.163149e-01 
   83811027   7.010740e-01   7.868598e-02   7.010740e-01   7.868598e-02 223200608280046320      10986       5768     0 2453975.535035  1.538559e+01  1.218595e-01  1.538559e+01  1.218595e-01 
   84328680   9.642843e-01   2.463637e-01   9.642843e-01   2.463637e-01 223200609030034170      10976       5706     0 2453981.526389  1.503949e+01  2.773942e-01  1.503949e+01  2.773942e-01 
   84328752   1.148702e+00   2.492574e-01   1.148702e+00   2.492574e-01 223200609030035280      10971       5728     0 2453981.527222  1.484948e+01  2.355953e-01  1.484948e+01  2.355953e-01 
   84328819   1.016249e+00   2.649584e-01   1.016249e+00   2.649584e-01 223200609030036350      10973       5692     0 2453981.527998  1.498250e+01  2.830762e-01  1.498250e+01  2.830762e-01 
   84500186   1.454174e+00   3.963054e-01   1.454174e+00   3.963054e-01 223200609050012480      10983       5772     0 2453983.511412  1.459346e+01  2.958963e-01  1.459346e+01  2.958963e-01 
   84500246   5.356073e-01   3.939563e-01   5.356073e-01   3.939563e-01 223200609050013480      10984       5769     0 2453983.512106  1.567788e+01  7.985964e-01  1.567788e+01  7.985964e-01 
   84500308   1.021231e+00   3.945319e-01   1.021231e+00   3.945319e-01 223200609050014500      10984       5765     0 2453983.512824  1.497719e+01  4.194537e-01  1.497719e+01  4.194537e-01 
   84500386   1.170739e+00   3.922014e-01   1.170739e+00   3.922014e-01 223200609050016080      10979       5788     0 2453983.513727  1.482885e+01  3.637265e-01  1.482885e+01  3.637265e-01 
   84844860   1.577196e+00   5.431531e-01   1.577196e+00   5.431531e-01 223200609082357310      10992       5781     0 2453987.500694  1.450529e+01  3.739059e-01  1.450529e+01  3.739059e-01 
   84844916   1.078286e+00   5.361451e-01   1.078286e+00   5.361451e-01 223200609082358260      10994       5776     0 2453987.501343  1.491817e+01  5.398516e-01  1.491817e+01  5.398516e-01 
   84844973   1.093880e+00   5.339239e-01   1.093880e+00   5.339239e-01 223200609082359230      10993       5773     0 2453987.502002  1.490258e+01  5.299505e-01  1.490258e+01  5.299505e-01 
   84845035   1.351169e+00   5.390877e-01   1.351169e+00   5.390877e-01 223200609090000260      10993       5771     0 2453987.502720  1.467323e+01  4.331873e-01  1.467323e+01  4.331873e-01 
   85017227   8.554175e-01   3.812225e-01   8.554175e-01   3.812225e-01 223200609102350220      10972       5730     0 2453989.495683  1.516955e+01  4.838673e-01  1.516955e+01  4.838673e-01 
   85017344   8.328419e-01   3.403038e-01   8.328419e-01   3.403038e-01 223200609102352200      10970       5721     0 2453989.497037  1.519859e+01  4.436393e-01  1.519859e+01  4.436393e-01 
   85361752   7.147207e-01   8.148611e-02   7.147207e-01   8.148611e-02 223200609142332380      10972       5686     0 2453993.483241  1.536466e+01  1.237864e-01  1.536466e+01  1.237864e-01 
   85361870   7.549986e-01   7.990985e-02   7.549986e-01   7.990985e-02 223200609142334370      10974       5680     0 2453993.484606  1.530513e+01  1.149159e-01  1.530513e+01  1.149159e-01 
   85361945   7.195243e-01   8.060578e-02   7.195243e-01   8.060578e-02 223200609142335520      10968       5703     0 2453993.485475  1.535739e+01  1.216317e-01  1.535739e+01  1.216317e-01 
   85620649   8.795466e-01   9.219252e-02   8.795466e-01   9.219252e-02 223200609172327440      10942       5694     0 2453996.479734  1.513935e+01  1.138053e-01  1.513935e+01  1.138053e-01 
   85620708   8.891291e-01   9.346849e-02   8.891291e-01   9.346849e-02 223200609172328430      10942       5690     0 2453996.480417  1.512759e+01  1.141369e-01  1.512759e+01  1.141369e-01 
   85620771   8.459399e-01   9.436677e-02   8.459399e-01   9.436677e-02 223200609172329460      10942       5687     0 2453996.481146  1.518165e+01  1.211171e-01  1.518165e+01  1.211171e-01 
   85620825   9.558169e-01   9.389147e-02   9.558169e-01   9.389147e-02 223200609172330410      10942       5684     0 2453996.481771  1.504906e+01  1.066540e-01  1.504906e+01  1.066540e-01 
   85706445   8.938386e-01   9.005105e-02   8.938386e-01   9.005105e-02 223200609182317440      10944       5668     0 2453997.472743  1.512185e+01  1.093844e-01  1.512185e+01  1.093844e-01 
   85706508   7.929764e-01   9.073538e-02   7.929764e-01   9.073538e-02 223200609182318460      10949       5643     0 2453997.473472  1.525185e+01  1.242345e-01  1.525185e+01  1.242345e-01 
   85706563   8.640991e-01   8.995540e-02   8.640991e-01   8.995540e-02 223200609182319410      10950       5641     0 2453997.474109  1.515859e+01  1.130289e-01  1.515859e+01  1.130289e-01 
   85878759   8.184516e-01   9.086925e-02   8.184516e-01   9.086925e-02 223200609202309430      10947       5720     0 2453999.467118  1.521752e+01  1.205452e-01  1.521752e+01  1.205452e-01 
   85878816   9.189387e-01   9.140369e-02   9.189387e-01   9.140369e-02 223200609202310400      10949       5717     0 2453999.467778  1.509178e+01  1.079948e-01  1.509178e+01  1.079948e-01 
   85878877   9.109066e-01   9.260236e-02   9.109066e-01   9.260236e-02 223200609202311410      10950       5715     0 2453999.468484  1.510132e+01  1.103758e-01  1.510132e+01  1.103758e-01 
   85878937   1.045826e+00   9.256097e-02   1.045826e+00   9.256097e-02 223200609202312420      10950       5712     0 2453999.469178  1.495135e+01  9.609359e-02  1.495135e+01  9.609359e-02 
   85964882   8.392483e-01   8.339372e-02   8.392483e-01   8.339372e-02 223200609212305090      10961       5715     0 2454000.463912  1.519027e+01  1.078869e-01  1.519027e+01  1.078869e-01 
   85965035   8.067302e-01   8.293128e-02   8.067302e-01   8.293128e-02 223200609212307420      10963       5707     0 2454000.465683  1.523318e+01  1.116133e-01  1.523318e+01  1.116133e-01 
   85965098   8.200640e-01   8.364002e-02   8.200640e-01   8.364002e-02 223200609212308460      10964       5705     0 2454000.466412  1.521538e+01  1.107369e-01  1.521538e+01  1.107369e-01 
   85965154   8.031018e-01   8.360104e-02   8.031018e-01   8.360104e-02 223200609212309410      10964       5703     0 2454000.467060  1.523807e+01  1.130230e-01  1.523807e+01  1.130230e-01 
   86404995   9.326813e-01   8.830806e-02   9.326813e-01   8.830806e-02 223200609270120390      10825       5364     0 2454005.557812  1.507567e+01  1.028000e-01  1.507567e+01  1.028000e-01 
   86405056   8.633181e-01   8.770620e-02   8.633181e-01   8.770620e-02 223200609270121400      10829       5336     0 2454005.558519  1.515957e+01  1.103025e-01  1.515957e+01  1.103025e-01 
   86405124   8.859990e-01   8.820742e-02   8.859990e-01   8.820742e-02 223200609270122490      10828       5334     0 2454005.559306  1.513142e+01  1.080930e-01  1.513142e+01  1.080930e-01 
   86405185   9.314774e-01   8.885036e-02   9.314774e-01   8.885036e-02 223200609270123490      10827       5332     0 2454005.560012  1.507707e+01  1.035649e-01  1.507707e+01  1.035649e-01 
   87688165   7.759672e-01   6.875028e-02   7.759672e-01   6.875028e-02 223200610112147440      10626       5515     0 2454020.409317  1.527539e+01  9.619598e-02  1.527539e+01  9.619598e-02 
   87688239   7.908492e-01   6.934933e-02   7.908492e-01   6.934933e-02 223200610112148580      10631       5486     0 2454020.410174  1.525477e+01  9.520822e-02  1.525477e+01  9.520822e-02 
   87688293   6.983454e-01   6.925156e-02   6.983454e-01   6.925156e-02 223200610112149520      10631       5483     0 2454020.410799  1.538982e+01  1.076676e-01  1.538982e+01  1.076676e-01 
   87860577   8.050625e-01   7.780903e-02   8.050625e-01   7.780903e-02 223200610132141240      10590       5533     0 2454022.404826  1.523543e+01  1.049364e-01  1.523543e+01  1.049364e-01 
   87860633   7.564007e-01   7.804081e-02   7.564007e-01   7.804081e-02 223200610132142200      10589       5530     0 2454022.405475  1.530312e+01  1.120200e-01  1.530312e+01  1.120200e-01 
   87860693   7.235934e-01   7.848888e-02   7.235934e-01   7.848888e-02 223200610132143190      10589       5528     0 2454022.406169  1.535126e+01  1.177713e-01  1.535126e+01  1.177713e-01 
   88033122   8.469551e-01   7.463863e-02   8.469551e-01   7.463863e-02 223200610152137170      10585       5568     0 2454024.401875  1.518035e+01  9.568176e-02  1.518035e+01  9.568176e-02 
   88033183   7.399650e-01   7.440971e-02   7.399650e-01   7.440971e-02 223200610152138180      10585       5563     0 2454024.402581  1.532697e+01  1.091803e-01  1.532697e+01  1.091803e-01 
   88033238   9.678391e-01   7.495450e-02   9.678391e-01   7.495450e-02 223200610152139130      10584       5558     0 2454024.403218  1.503549e+01  8.408537e-02  1.503549e+01  8.408537e-02 
   88033297   9.390519e-01   7.484336e-02   9.390519e-01   7.484336e-02 223200610152140120      10584       5555     0 2454024.403900  1.506828e+01  8.653455e-02  1.506828e+01  8.653455e-02 
   88377444   7.743073e-01   7.703949e-02   7.743073e-01   7.703949e-02 223200610192116140      10570       5583     0 2454028.387083  1.527772e+01  1.080254e-01  1.527772e+01  1.080254e-01 
   88377496   8.112172e-01   7.817996e-02   8.112172e-01   7.817996e-02 223200610192117070      10569       5580     0 2454028.387685  1.522716e+01  1.046367e-01  1.522716e+01  1.046367e-01 
   88377643   8.730112e-01   7.721985e-02   8.730112e-01   7.721985e-02 223200610192119340      10563       5599     0 2454028.389387  1.514745e+01  9.603621e-02  1.514745e+01  9.603621e-02 
   88463609   7.878357e-01   7.529289e-02   7.878357e-01   7.529289e-02 223200610202112230      10593       5537     0 2454029.384363  1.525891e+01  1.037634e-01  1.525891e+01  1.037634e-01 
   88463681   7.783831e-01   7.510207e-02   7.783831e-01   7.510207e-02 223200610202113350      10591       5532     0 2454029.385197  1.527202e+01  1.047573e-01  1.527202e+01  1.047573e-01 
   88551689   8.087901e-01   8.360364e-02   8.087901e-01   8.360364e-02 223200610212140270      10584       5468     0 2454030.403808  1.523041e+01  1.122316e-01  1.523041e+01  1.122316e-01 
   88551761   7.972227e-01   8.342873e-02   7.972227e-01   8.342873e-02 223200610212141400      10578       5490     0 2454030.404641  1.524605e+01  1.136218e-01  1.524605e+01  1.136218e-01 
   88637691   2.820011e+00   1.230357e+00   2.820011e+00   1.230357e+00 223200610222133550      10585       5491     0 2454031.399201  1.387437e+01  4.737030e-01  1.387437e+01  4.737030e-01 
   88722108   8.135126e-01   7.754303e-02   8.135126e-01   7.754303e-02 223200610232100550      10577       5569     0 2454032.376250  1.522409e+01  1.034914e-01  1.522409e+01  1.034914e-01 
   88722162   8.629150e-01   7.763890e-02   8.629150e-01   7.763890e-02 223200610232101500      10577       5566     0 2454032.376875  1.516008e+01  9.768710e-02  1.516008e+01  9.768710e-02 
   88722224   8.333339e-01   7.797242e-02   8.333339e-01   7.797242e-02 223200610232102520      10577       5563     0 2454032.377593  1.519795e+01  1.015893e-01  1.519795e+01  1.015893e-01 
   88722291   7.885754e-01   7.914884e-02   7.885754e-01   7.914884e-02 223200610232103590      10578       5560     0 2454032.378368  1.525789e+01  1.089751e-01  1.525789e+01  1.089751e-01 
   88980553   8.780114e-01   8.890152e-02   8.780114e-01   8.890152e-02 223200610262048320      10574       5630     0 2454035.367512  1.514125e+01  1.099347e-01  1.514125e+01  1.099347e-01 
   88980607   9.199147e-01   8.996099e-02   9.199147e-01   8.996099e-02 223200610262049260      10575       5627     0 2454035.368137  1.509063e+01  1.061775e-01  1.509063e+01  1.061775e-01 
   88980731   8.039283e-01   8.919057e-02   8.039283e-01   8.919057e-02 223200610262051300      10571       5615     0 2454035.369572  1.523696e+01  1.204557e-01  1.523696e+01  1.204557e-01 
   89066669   9.054521e-01   1.019310e-01   9.054521e-01   1.019310e-01 223200610272043520      10596       5601     0 2454036.364225  1.510784e+01  1.222269e-01  1.510784e+01  1.222269e-01 
   89066732   7.842471e-01   1.017587e-01   7.842471e-01   1.017587e-01 223200610272044550      10595       5599     0 2454036.364954  1.526387e+01  1.408784e-01  1.526387e+01  1.408784e-01 
   89152867   1.008558e+00   1.755286e-01   1.008558e+00   1.755286e-01 223200610282040350      10581       5612     0 2454037.361887  1.499075e+01  1.889612e-01  1.499075e+01  1.889612e-01 
   89153001   8.316020e-01   1.347365e-01   8.316020e-01   1.347365e-01 223200610282042490      10584       5577     0 2454037.363437  1.520021e+01  1.759121e-01  1.520021e+01  1.759121e-01 
   89238988   9.598582e-01   1.418603e-01   9.598582e-01   1.418603e-01 223200610292035590      10577       5569     0 2454038.358657  1.504448e+01  1.604647e-01  1.504448e+01  1.604647e-01 
   89239090   9.542010e-01   1.440759e-01   9.542010e-01   1.440759e-01 223200610292037410      10576       5558     0 2454038.359838  1.505090e+01  1.639371e-01  1.505090e+01  1.639371e-01 
   89239168   8.932970e-01   1.426732e-01   8.932970e-01   1.426732e-01 223200610292038590      10576       5555     0 2454038.360741  1.512251e+01  1.734093e-01  1.512251e+01  1.734093e-01 
   89411435   1.114317e+00   2.322011e-01   1.114317e+00   2.322011e-01 223200610312030160      10565       5591     0 2454040.354572  1.488248e+01  2.262463e-01  1.488248e+01  2.262463e-01 
   89411505   1.194037e+00   2.362815e-01   1.194037e+00   2.362815e-01 223200610312031250      10569       5558     0 2454040.355382  1.480746e+01  2.148512e-01  1.480746e+01  2.148512e-01 
   89411562   1.167503e+00   2.351401e-01   1.167503e+00   2.351401e-01 223200610312032230      10569       5555     0 2454040.356042  1.483185e+01  2.186727e-01  1.483185e+01  2.186727e-01 
   89506221   1.259635e+00   2.402880e-01   1.259635e+00   2.402880e-01 223200611012250050      10497       5195     0 2454041.451632  1.474939e+01  2.071157e-01  1.474939e+01  2.071157e-01 
   89506294   1.174515e+00   2.428205e-01   1.174515e+00   2.428205e-01 223200611012251190      10500       5165     0 2454041.452477  1.482535e+01  2.244670e-01  1.482535e+01  2.244670e-01 
   89506351   1.147581e+00   2.438444e-01   1.147581e+00   2.438444e-01 223200611012252160      10500       5162     0 2454041.453137  1.485054e+01  2.307041e-01  1.485054e+01  2.307041e-01 
   89842122   1.270539e+00   3.387841e-01   1.270539e+00   3.387841e-01 223200611052008420      10581       5571     0 2454045.339375  1.474003e+01  2.895082e-01  1.474003e+01  2.895082e-01 
   89842180   8.416868e-01   3.374944e-01   8.416868e-01   3.374944e-01 223200611052009400      10581       5568     0 2454045.340046  1.518712e+01  4.353534e-01  1.518712e+01  4.353534e-01 
   89842253   6.668850e-01   3.399219e-01   6.668850e-01   3.399219e-01 223200611052010530      10581       5564     0 2454045.340891  1.543987e+01  5.534189e-01  1.543987e+01  5.534189e-01 
   89928306   1.323270e+00   2.600324e-01   1.323270e+00   2.600324e-01 223200611062005110      10583       5590     0 2454046.336875  1.469588e+01  2.133560e-01  1.469588e+01  2.133560e-01 
   89928375   9.879572e-01   2.603272e-01   9.879572e-01   2.603272e-01 223200611062006190      10584       5586     0 2454046.337674  1.501315e+01  2.860931e-01  1.501315e+01  2.860931e-01 
   89928429   7.513761e-01   2.592901e-01   7.513761e-01   2.592901e-01 223200611062007140      10584       5583     0 2454046.338299  1.531036e+01  3.746747e-01  1.531036e+01  3.746747e-01 
   90014494   9.618632e-01   1.767692e-01   9.618632e-01   1.767692e-01 223200611072001430      10590       5598     0 2454047.334421  1.504222e+01  1.995350e-01  1.504222e+01  1.995350e-01 
   90014548   7.079518e-01   1.627026e-01   7.079518e-01   1.627026e-01 223200611072002370      10591       5595     0 2454047.335046  1.537499e+01  2.495264e-01  1.537499e+01  2.495264e-01 
   90014637   1.046069e+00   1.512867e-01   1.046069e+00   1.512867e-01 223200611072004050      10585       5616     0 2454047.336076  1.495110e+01  1.570241e-01  1.495110e+01  1.570241e-01 
   90014699   7.432786e-01   1.550371e-01   7.432786e-01   1.550371e-01 223200611072005080      10584       5613     0 2454047.336794  1.532212e+01  2.264696e-01  1.532212e+01  2.264696e-01 
   90272983   7.400897e-01   8.608106e-02   7.400897e-01   8.608106e-02 223200611101950030      10588       5580     0 2454050.326192  1.532679e+01  1.262842e-01  1.532679e+01  1.262842e-01 
   90273037   9.043647e-01   8.706810e-02   9.043647e-01   8.706810e-02 223200611101950570      10588       5577     0 2454050.326817  1.510914e+01  1.045301e-01  1.510914e+01  1.045301e-01 
   90273085   8.254732e-01   8.948091e-02   8.254732e-01   8.948091e-02 223200611101951450      10587       5573     0 2454050.327373  1.520824e+01  1.176937e-01  1.520824e+01  1.176937e-01 
   90273150   7.986997e-01   8.637980e-02   7.986997e-01   8.637980e-02 223200611101952500      10586       5571     0 2454050.328125  1.524404e+01  1.174234e-01  1.524404e+01  1.174234e-01 
   90617597   9.003926e-01   8.280027e-02   9.003926e-01   8.280027e-02 223200611141933540      10576       5606     0 2454054.314780  1.511392e+01  9.984485e-02  1.511392e+01  9.984485e-02 
   90617659   8.563102e-01   8.157890e-02   8.563102e-01   8.157890e-02 223200611141934560      10577       5602     0 2454054.315498  1.516842e+01  1.034362e-01  1.516842e+01  1.034362e-01 
   90617719   9.204432e-01   8.301578e-02   9.204432e-01   8.301578e-02 223200611141935570      10582       5573     0 2454054.316192  1.509001e+01  9.792408e-02  1.509001e+01  9.792408e-02 
   90617770   9.138172e-01   8.304299e-02   9.138172e-01   8.304299e-02 223200611141936470      10582       5571     0 2454054.316782  1.509785e+01  9.866645e-02  1.509785e+01  9.866645e-02 
   93120136   1.076037e+00   2.024590e-01   1.076037e+00   2.024590e-01 223200612131844400      11246       5418     0 2454083.279352  1.492043e+01  2.042847e-01  1.492043e+01  2.042847e-01 
   93120195   1.031944e+00   1.890056e-01   1.031944e+00   1.890056e-01 223200612131845380      11247       5416     0 2454083.280035  1.496586e+01  1.988587e-01  1.496586e+01  1.988587e-01 
   93120335   1.017925e+00   1.582272e-01   1.017925e+00   1.582272e-01 223200612131847580      11246       5410     0 2454083.281655  1.498071e+01  1.687685e-01  1.498071e+01  1.687685e-01 
   93292970   9.125715e-01   2.436704e-01   9.125715e-01   2.436704e-01 223200612151845190      11219       5390     0 2454085.279745  1.509933e+01  2.899090e-01  1.509933e+01  2.899090e-01 
   93293024   1.165272e+00   2.292996e-01   1.165272e+00   2.292996e-01 223200612151846130      11219       5388     0 2454085.280370  1.483393e+01  2.136496e-01  1.483393e+01  2.136496e-01 
   93293078   1.134002e+00   2.159628e-01   1.134002e+00   2.159628e-01 223200612151847070      11218       5386     0 2454085.280995  1.486347e+01  2.067717e-01  1.486347e+01  2.067717e-01 
   93293132   9.284321e-01   2.031235e-01   9.284321e-01   2.031235e-01 223200612151848010      11218       5383     0 2454085.281620  1.508062e+01  2.375395e-01  1.508062e+01  2.375395e-01 
   93467311   9.164406e-01   9.322938e-02   9.164406e-01   9.322938e-02 223200612171911070      11572       5212     0 2454087.297581  1.509474e+01  1.104522e-01  1.509474e+01  1.104522e-01 
   93467497   8.970582e-01   9.045856e-02   8.970582e-01   9.045856e-02 223200612171914130      11562       5228     0 2454087.299734  1.511795e+01  1.094851e-01  1.511795e+01  1.094851e-01 
   93556668   8.263573e-01   8.257110e-02   8.263573e-01   8.257110e-02 223200612182000260      10632       5147     0 2454088.331806  1.520708e+01  1.084891e-01  1.520708e+01  1.084891e-01 
   93556726   7.860244e-01   8.216588e-02   7.860244e-01   8.216588e-02 223200612182001250      10632       5145     0 2454088.332477  1.526141e+01  1.134962e-01  1.526141e+01  1.134962e-01 
   93556859   8.170587e-01   8.361548e-02   8.170587e-01   8.361548e-02 223200612182003370      10630       5141     0 2454088.334016  1.521937e+01  1.111116e-01  1.521937e+01  1.111116e-01 
   93725367   1.103585e+00   2.021771e-01   1.103585e+00   2.021771e-01 223200612201852110      10691       5302     0 2454090.284340  1.489299e+01  1.989079e-01  1.489299e+01  1.989079e-01 
   93725426   1.298029e+00   1.881200e-01   1.298029e+00   1.881200e-01 223200612201853100      10690       5299     0 2454090.285023  1.471679e+01  1.573535e-01  1.471679e+01  1.573535e-01 
   93725483   1.049689e+00   1.753839e-01   1.049689e+00   1.753839e-01 223200612201854080      10689       5297     0 2454090.285683  1.494735e+01  1.814074e-01  1.494735e+01  1.814074e-01 
   93725545   1.110237e+00   1.640859e-01   1.110237e+00   1.640859e-01 223200612201855100      10689       5295     0 2454090.286400  1.488646e+01  1.604655e-01  1.488646e+01  1.604655e-01 
   94935171   9.089763e-01   3.783500e-01   9.089763e-01   3.783500e-01 223200701031856070      10632       5148     0 2454104.286701  1.510362e+01  4.519258e-01  1.510362e+01  4.519258e-01 
   94935237   1.187964e+00   3.731827e-01   1.187964e+00   3.731827e-01 223200701031857140      10632       5147     0 2454104.287465  1.481299e+01  3.410704e-01  1.481299e+01  3.410704e-01 
   94935360   1.052242e+00   3.611274e-01   1.052242e+00   3.611274e-01 223200701031859170      10630       5143     0 2454104.288889  1.494471e+01  3.726239e-01  1.494471e+01  3.726239e-01 
   95021600   1.026243e+00   2.791815e-01   1.026243e+00   2.791815e-01 223200701041856390      10628       5165     0 2454105.287037  1.497187e+01  2.953672e-01  1.497187e+01  2.953672e-01 
   95021672   1.140286e+00   2.644787e-01   1.140286e+00   2.644787e-01 223200701041857500      10633       5137     0 2454105.287870  1.485747e+01  2.518273e-01  1.485747e+01  2.518273e-01 
   95021793   1.230032e+00   2.430136e-01   1.230032e+00   2.430136e-01 223200701041859510      10631       5134     0 2454105.289271  1.477521e+01  2.145063e-01  1.477521e+01  2.145063e-01 
   95108011   9.347085e-01   2.140495e-01   9.347085e-01   2.140495e-01 223200701051856510      10605       5126     0 2454106.287164  1.507331e+01  2.486359e-01  1.507331e+01  2.486359e-01 
   95280690   1.239824e+00   2.168656e-01   1.239824e+00   2.168656e-01 223200701071854540      10584       5112     0 2454108.285764  1.476660e+01  1.899138e-01  1.476660e+01  1.899138e-01 
   95280819   1.159507e+00   1.837549e-01   1.159507e+00   1.837549e-01 223200701071857030      10602       5136     0 2454108.287257  1.483932e+01  1.720646e-01  1.483932e+01  1.720646e-01 
   95280875   1.123104e+00   1.731151e-01   1.123104e+00   1.731151e-01 223200701071857590      10601       5133     0 2454108.287905  1.487395e+01  1.673558e-01  1.487395e+01  1.673558e-01 
   95280931   1.121275e+00   1.624869e-01   1.121275e+00   1.624869e-01 223200701071858540      10600       5130     0 2454108.288553  1.487572e+01  1.573375e-01  1.487572e+01  1.573375e-01 
   95367208   1.177669e+00   2.294595e-01   1.177669e+00   2.294595e-01 223200701081856530      10586       5101     0 2454109.287130  1.482244e+01  2.115479e-01  1.482244e+01  2.115479e-01 
   95367263   1.186223e+00   2.147446e-01   1.186223e+00   2.147446e-01 223200701081857490      10584       5099     0 2454109.287766  1.481458e+01  1.965539e-01  1.481458e+01  1.965539e-01 
   95367319   9.075040e-01   2.000976e-01   9.075040e-01   2.000976e-01 223200701081858450      10584       5098     0 2454109.288414  1.510538e+01  2.393973e-01  1.510538e+01  2.393973e-01 
   95453537   1.122609e+00   2.373819e-01   1.122609e+00   2.373819e-01 223200701091855450      10589       5098     0 2454110.286308  1.487443e+01  2.295858e-01  1.487443e+01  2.295858e-01 
   95453703   9.797482e-01   1.954560e-01   9.797482e-01   1.954560e-01 223200701091858300      10586       5095     0 2454110.288229  1.502221e+01  2.166010e-01  1.502221e+01  2.166010e-01 
   95539927   9.349433e-01   2.365354e-01   9.349433e-01   2.365354e-01 223200701101855350      10586       5092     0 2454111.286192  1.507304e+01  2.746861e-01  1.507304e+01  2.746861e-01 
   95539981   1.273176e+00   2.222654e-01   1.273176e+00   2.222654e-01 223200701101856300      10585       5091     0 2454111.286817  1.473778e+01  1.895437e-01  1.473778e+01  1.895437e-01 
   95540091   9.746143e-01   1.944896e-01   9.746143e-01   1.944896e-01 223200701101858190      10583       5089     0 2454111.288090  1.502792e+01  2.166654e-01  1.502792e+01  2.166654e-01 
   95626311   1.185170e+00   2.458716e-01   1.185170e+00   2.458716e-01 223200701111855210      10568       5071     0 2454112.286007  1.481555e+01  2.252441e-01  1.481555e+01  2.252441e-01 
   95626367   1.200978e+00   2.294788e-01   1.200978e+00   2.294788e-01 223200701111856160      10567       5071     0 2454112.286655  1.480116e+01  2.074595e-01  1.480116e+01  2.074595e-01 
   95626477   1.106135e+00   2.019838e-01   1.106135e+00   2.019838e-01 223200701111858070      10566       5069     0 2454112.287928  1.489048e+01  1.982596e-01  1.489048e+01  1.982596e-01 
   95712803   9.458113e-01   2.011652e-01   9.458113e-01   2.011652e-01 223200701121856550      10595       5064     0 2454113.287072  1.506049e+01  2.309267e-01  1.506049e+01  2.309267e-01 
   95712857   1.091093e+00   1.897762e-01   1.091093e+00   1.897762e-01 223200701121857490      10595       5062     0 2454113.287697  1.490534e+01  1.888451e-01  1.490534e+01  1.888451e-01 
   95799115   1.195413e+00   2.015172e-01   1.195413e+00   2.015172e-01 223200701131855270      10592       5081     0 2454114.286053  1.480620e+01  1.830291e-01  1.480620e+01  1.830291e-01 
   95799293   1.054026e+00   1.646809e-01   1.054026e+00   1.646809e-01 223200701131858250      10594       5084     0 2454114.288113  1.494287e+01  1.696359e-01  1.494287e+01  1.696359e-01 
   95799347   9.685426e-01   1.562942e-01   9.685426e-01   1.562942e-01 223200701131859190      10593       5082     0 2454114.288738  1.503470e+01  1.752064e-01  1.503470e+01  1.752064e-01 
   95885585   1.080074e+00   1.889723e-01   1.080074e+00   1.889723e-01 223200701141856390      10588       5059     0 2454115.286863  1.491637e+01  1.899637e-01  1.491637e+01  1.899637e-01 
   95885641   1.107813e+00   1.768146e-01   1.107813e+00   1.768146e-01 223200701141857340      10588       5058     0 2454115.287512  1.488883e+01  1.732917e-01  1.488883e+01  1.732917e-01 
   95885695   1.071319e+00   1.658330e-01   1.071319e+00   1.658330e-01 223200701141858290      10588       5057     0 2454115.288137  1.492520e+01  1.680653e-01  1.492520e+01  1.680653e-01 
   95885827   1.034418e+00   1.464554e-01   1.034418e+00   1.464554e-01 223200701141900410      10585       5058     0 2454115.289664  1.496326e+01  1.537217e-01  1.496326e+01  1.537217e-01 
  105941807   1.229290e+00   2.722328e-01   1.229290e+00   2.722328e-01 223200705110415490      10572       5883     0 2454231.678322  1.477586e+01  2.404429e-01  1.477586e+01  2.404429e-01 
  105941866   9.343330e-01   2.860750e-01   9.343330e-01   2.860750e-01 223200705110416470      10574       5882     0 2454231.679005  1.507375e+01  3.324330e-01  1.507375e+01  3.324330e-01 
  106027806   1.014961e+00   1.540890e-01   1.014961e+00   1.540890e-01 223200705120409040      10593       5860     0 2454232.673681  1.498388e+01  1.648346e-01  1.498388e+01  1.648346e-01 
  106027932   1.116447e+00   1.667974e-01   1.116447e+00   1.667974e-01 223200705120411090      10580       5872     0 2454232.675139  1.488040e+01  1.622098e-01  1.488040e+01  1.622098e-01 
  106027986   1.096243e+00   1.763682e-01   1.096243e+00   1.763682e-01 223200705120412040      10583       5872     0 2454232.675764  1.490023e+01  1.746785e-01  1.490023e+01  1.746785e-01 
  106028040   9.899007e-01   1.854703e-01   9.899007e-01   1.854703e-01 223200705120412580      10585       5871     0 2454232.676389  1.501102e+01  2.034270e-01  1.501102e+01  2.034270e-01 
  106114061   1.010877e+00   1.541559e-01   1.010877e+00   1.541559e-01 223200705130406340      10569       5884     0 2454233.672002  1.498825e+01  1.655723e-01  1.498825e+01  1.655723e-01 
  106114115   7.519885e-01   1.577194e-01   7.519885e-01   1.577194e-01 223200705130407290      10573       5883     0 2454233.672627  1.530947e+01  2.277193e-01  1.530947e+01  2.277193e-01 
  106114171   9.477177e-01   1.616496e-01   9.477177e-01   1.616496e-01 223200705130408240      10575       5883     0 2454233.673275  1.505830e+01  1.851917e-01  1.505830e+01  1.851917e-01 
  124569719   1.200538e+00   2.441872e-01   1.200538e+00   2.441872e-01 223200712121844190       9807       9912     0 2454447.279155  1.480156e+01  2.208374e-01  1.480156e+01  2.208374e-01 
  124570453   1.160982e+00   1.484063e-01   1.160982e+00   1.484063e-01 222200712121856320      11965      26738     0 2454447.287650  1.483794e+01  1.387882e-01  1.483794e+01  1.387882e-01 
  124571585   1.083115e+00   1.065469e-01   1.083115e+00   1.065469e-01 222200712121915250      11982      26692     0 2454447.300752  1.491331e+01  1.068051e-01  1.491331e+01  1.068051e-01 
  124571709   9.287539e-01   7.291460e-02   9.287539e-01   7.291460e-02 223200712121917280       9819       9875     0 2454447.302188  1.508025e+01  8.523926e-02  1.508025e+01  8.523926e-02 
  124572984   1.130659e+00   9.389237e-02   1.130659e+00   9.389237e-02 221200712121938430       9527       3278     0 2454447.316944  1.486667e+01  9.016223e-02  1.486667e+01  9.016223e-02 
  124573043   8.445923e-01   7.158925e-02   8.445923e-01   7.158925e-02 223200712121939430       9805       9802     0 2454447.317627  1.518338e+01  9.202939e-02  1.518338e+01  9.202939e-02 
