\OBJNAME = '1SWASP J001850.65-740229.1'
\OBSSTART = '2006-05-11T04:14:48'
\OBSSTOP = '2007-12-12T19:39:43'
\TSTART = 74405753
\TSTOP = 124573045
\JD_REF = 2453005.5
\RA_OBJ = '4.711042'
\DEC_OBJ = '-74.041425'
\WASP_MAG = 12.03422
\HJD_START = 2453866.677697
\HJD_STOP = 2454447.317650
\fixlen = T
\NUMRECORDS = 347
\
\ This file was produced by the NASA Exoplanet Archive  http://exoplanetarchive.ipac.caltech.edu 
\ Sat Sep 14, 04:30:26 2013
\ Documentation for the SuperWASP dataset can be found at http://exoplanetarchive.ipac.caltech.edu/docs/SuperWASPMission.html
\
|TMID      |FLUX2         |FLUX2_ERR     |TAMFLUX2      |TAMFLUX2_ERR  |IMAGEID           |CCDX      |CCDY      |FLAG |           HJD|         MAG2|     MAG2_ERR|      TAMMAG2|  TAMMAG2_ERR|
|int       |float         |float         |float         |float         |char              |int       |int       |int  |        double|        float|        float|        float|        float|
|sec       |micro Vega    |micro Vega    |micro Vega    |micro Vega    |                  |1/16 pixel|1/16 pixel|     |           day|          mag|          mag|          mag|          mag|
|null      |null          |null          |null          |null          |null              |null      |null      |null |          null|         null|         null|         null|         null|
   74405753   1.752417e+01   2.583947e-01   1.752417e+01   2.583947e-01 223200605110414480       3574        732     0 2453866.677697  1.189091e+01  1.600928e-02  1.189091e+01  1.600928e-02 
   74405806   1.702421e+01   2.768009e-01   1.702421e+01   2.768009e-01 223200605110415410       3578        729     0 2453866.678310  1.192233e+01  1.765332e-02  1.192233e+01  1.765332e-02 
   74405890   1.709083e+01   3.056310e-01   1.709083e+01   3.056310e-01 223200605110417040       3584        728     0 2453866.679282  1.191809e+01  1.941601e-02  1.191809e+01  1.941601e-02 
   74405955   1.844446e+01   3.407122e-01   1.844446e+01   3.407122e-01 223200605110418100       3591        704     0 2453866.680035  1.183533e+01  2.005615e-02  1.183533e+01  2.005615e-02 
   74491866   1.734506e+01   2.794653e-01   1.734506e+01   2.794653e-01 223200605120409570       3593        667     0 2453867.674375  1.190206e+01  1.749355e-02  1.190206e+01  1.749355e-02 
   74492004   1.761235e+01   2.920759e-01   1.761235e+01   2.920759e-01 223200605120412150       3602        664     0 2453867.675972  1.188546e+01  1.800546e-02  1.188546e+01  1.800546e-02 
   74492057   1.844915e+01   3.036847e-01   1.844915e+01   3.036847e-01 223200605120413070       3605        662     0 2453867.676586  1.183506e+01  1.787197e-02  1.183506e+01  1.787197e-02 
   74750388   1.771079e+01   3.757904e-01   1.771079e+01   3.757904e-01 223200605150358270       3590        671     0 2453870.666528  1.187941e+01  2.303741e-02  1.187941e+01  2.303741e-02 
   74750448   1.724862e+01   3.746782e-01   1.724862e+01   3.746782e-01 223200605150359270       3595        667     0 2453870.667222  1.190811e+01  2.358468e-02  1.190811e+01  2.358468e-02 
   74750502   1.693163e+01   3.731254e-01   1.693163e+01   3.731254e-01 223200605150400210       3599        666     0 2453870.667847  1.192825e+01  2.392666e-02  1.192825e+01  2.392666e-02 
   74750561   1.792681e+01   3.765338e-01   1.792681e+01   3.765338e-01 223200605150401200       3602        665     0 2453870.668530  1.186624e+01  2.280484e-02  1.186624e+01  2.280484e-02 
   75613647   1.430910e+01   1.719859e-01   1.430910e+01   1.719859e-01 223200605250345300       3670        678     0 2453880.657951  1.211097e+01  1.304988e-02  1.211097e+01  1.304988e-02 
   75613710   1.407630e+01   1.692397e-01   1.407630e+01   1.692397e-01 223200605250346340       3679        652     0 2453880.658681  1.212878e+01  1.305388e-02  1.212878e+01  1.305388e-02 
   75613768   1.447864e+01   1.710983e-01   1.447864e+01   1.710983e-01 223200605250347310       3682        651     0 2453880.659352  1.209818e+01  1.283050e-02  1.209818e+01  1.283050e-02 
   75613836   1.447845e+01   1.692461e-01   1.447845e+01   1.692461e-01 223200605250348400       3681        672     0 2453880.660139  1.209820e+01  1.269178e-02  1.209820e+01  1.269178e-02 
   75700102   1.432798e+01   1.689765e-01   1.432798e+01   1.689765e-01 223200605260346210       3690        668     0 2453881.658588  1.210954e+01  1.280464e-02  1.210954e+01  1.280464e-02 
   75700165   1.407629e+01   1.648438e-01   1.407629e+01   1.648438e-01 223200605260347250       3697        640     0 2453881.659317  1.212878e+01  1.271482e-02  1.212878e+01  1.271482e-02 
   75700232   1.405392e+01   1.660382e-01   1.405392e+01   1.660382e-01 223200605260348310       3696        661     0 2453881.660093  1.213051e+01  1.282733e-02  1.213051e+01  1.282733e-02 
   75700301   1.426411e+01   1.684183e-01   1.426411e+01   1.684183e-01 223200605260349400       3702        634     0 2453881.660891  1.211439e+01  1.281949e-02  1.211439e+01  1.281949e-02 
   76132320   1.421812e+01   1.500497e-01   1.421812e+01   1.500497e-01 223200605310349440       3754        639     0 2453886.661111  1.211789e+01  1.145826e-02  1.211789e+01  1.145826e-02 
   76132387   1.460899e+01   1.505135e-01   1.460899e+01   1.505135e-01 223200605310350510       3761        611     0 2453886.661887  1.208845e+01  1.118616e-02  1.208845e+01  1.118616e-02 
   76132436   1.481071e+01   1.513073e-01   1.481071e+01   1.513073e-01 223200605310351390       3763        609     0 2453886.662454  1.207356e+01  1.109200e-02  1.207356e+01  1.109200e-02 
   76132498   1.488563e+01   1.523826e-01   1.488563e+01   1.523826e-01 223200605310352410       3765        608     0 2453886.663171  1.206808e+01  1.111460e-02  1.206808e+01  1.111460e-02 
   76218791   1.473213e+01   1.542192e-01   1.473213e+01   1.542192e-01 223200606010350510       3772        602     0 2453887.661933  1.207934e+01  1.136577e-02  1.207934e+01  1.136577e-02 
   76218859   1.519977e+01   1.537442e-01   1.519977e+01   1.537442e-01 223200606010351580       3773        622     0 2453887.662720  1.204541e+01  1.098216e-02  1.204541e+01  1.098216e-02 
   76218929   1.518570e+01   1.538900e-01   1.518570e+01   1.538900e-01 223200606010353090       3776        620     0 2453887.663530  1.204641e+01  1.100276e-02  1.204641e+01  1.100276e-02 
   76219015   1.532056e+01   1.571340e-01   1.532056e+01   1.571340e-01 223200606010354350       3783        595     0 2453887.664525  1.203681e+01  1.113580e-02  1.203681e+01  1.113580e-02 
   76478196   1.411018e+01   1.617330e-01   1.411018e+01   1.617330e-01 223200606040354060       3784        594     0 2453890.664306  1.212617e+01  1.244492e-02  1.212617e+01  1.244492e-02 
   76478269   1.380351e+01   1.602219e-01   1.380351e+01   1.602219e-01 223200606040355190       3785        614     0 2453890.665150  1.215003e+01  1.260254e-02  1.215003e+01  1.260254e-02 
   76478345   1.387456e+01   1.605313e-01   1.387456e+01   1.605313e-01 223200606040356360       3792        586     0 2453890.666030  1.214445e+01  1.256221e-02  1.214445e+01  1.256221e-02 
   76478398   1.410544e+01   1.625610e-01   1.410544e+01   1.625610e-01 223200606040357280       3794        584     0 2453890.666644  1.212653e+01  1.251283e-02  1.212653e+01  1.251283e-02 
   76564538   1.580881e+01   3.413502e-01   1.580881e+01   3.413502e-01 223200606050353060       3811        578     0 2453891.663634  1.200275e+01  2.344374e-02  1.200275e+01  2.344374e-02 
   76564597   1.343819e+01   3.301876e-01   1.343819e+01   3.301876e-01 223200606050354050       3815        577     0 2453891.664317  1.217915e+01  2.667754e-02  1.217915e+01  2.667754e-02 
   76564657   1.149324e+01   3.262871e-01   1.149324e+01   3.262871e-01 223200606050355050       3817        574     0 2453891.665012  1.234889e+01  3.082360e-02  1.234889e+01  3.082360e-02 
   76564715   1.564836e+01   3.087642e-01   1.564836e+01   3.087642e-01 223200606050356020       3819        573     0 2453891.665683  1.201383e+01  2.142319e-02  1.201383e+01  2.142319e-02 
   76650909   1.398888e+01   1.555739e-01   1.398888e+01   1.555739e-01 223200606060352330       3799        574     0 2453892.663299  1.213554e+01  1.207479e-02  1.213554e+01  1.207479e-02 
   76651043   1.353752e+01   1.559574e-01   1.353752e+01   1.559574e-01 223200606060354480       3806        572     0 2453892.664850  1.217115e+01  1.250814e-02  1.217115e+01  1.250814e-02 
   76651099   1.351379e+01   1.555443e-01   1.351379e+01   1.555443e-01 223200606060355430       3809        570     0 2453892.665498  1.217306e+01  1.249691e-02  1.217306e+01  1.249691e-02 
   76651175   1.345130e+01   1.528427e-01   1.345130e+01   1.528427e-01 223200606060357000       3807        590     0 2453892.666377  1.217809e+01  1.233691e-02  1.217809e+01  1.233691e-02 
   76737403   1.381422e+01   1.572742e-01   1.381422e+01   1.572742e-01 223200606070354040       3810        576     0 2453893.664387  1.214918e+01  1.236109e-02  1.214918e+01  1.236109e-02 
   76737456   1.384136e+01   1.565441e-01   1.384136e+01   1.565441e-01 223200606070354570       3812        574     0 2453893.665000  1.214705e+01  1.227959e-02  1.214705e+01  1.227959e-02 
   76737511   1.361598e+01   1.563627e-01   1.361598e+01   1.563627e-01 223200606070355530       3814        572     0 2453893.665637  1.216488e+01  1.246839e-02  1.216488e+01  1.246839e-02 
   76737567   1.365654e+01   1.564963e-01   1.365654e+01   1.564963e-01 223200606070356480       3816        570     0 2453893.666285  1.216165e+01  1.244197e-02  1.216165e+01  1.244197e-02 
   76823793   1.397187e+01   1.535048e-01   1.397187e+01   1.535048e-01 223200606080353510       3836        575     0 2453894.664271  1.213686e+01  1.192871e-02  1.213686e+01  1.192871e-02 
   76823852   1.377897e+01   1.536270e-01   1.377897e+01   1.536270e-01 223200606080354510       3840        571     0 2453894.664954  1.215196e+01  1.210533e-02  1.215196e+01  1.210533e-02 
   76823911   1.410580e+01   1.559866e-01   1.410580e+01   1.559866e-01 223200606080355500       3842        569     0 2453894.665637  1.212651e+01  1.200647e-02  1.212651e+01  1.200647e-02 
   76823997   1.420155e+01   1.545546e-01   1.420155e+01   1.545546e-01 223200606080357160       3841        589     0 2453894.666632  1.211916e+01  1.181605e-02  1.211916e+01  1.181605e-02 
   76910219   1.383579e+01   1.540890e-01   1.383579e+01   1.540890e-01 223200606090354140       3833        562     0 2453895.664572  1.214749e+01  1.209187e-02  1.214749e+01  1.209187e-02 
   76910273   1.389790e+01   1.538308e-01   1.389790e+01   1.538308e-01 223200606090355080       3835        559     0 2453895.665197  1.214263e+01  1.201766e-02  1.214263e+01  1.201766e-02 
   76910357   1.392133e+01   1.559867e-01   1.392133e+01   1.559867e-01 223200606090356320       3834        579     0 2453895.666169  1.214080e+01  1.216558e-02  1.214080e+01  1.216558e-02 
   76910429   1.366152e+01   1.533883e-01   1.366152e+01   1.533883e-01 223200606090357440       3840        554     0 2453895.667002  1.216125e+01  1.219044e-02  1.216125e+01  1.219044e-02 
   76996574   1.508839e+01   2.497885e-01   1.508839e+01   2.497885e-01 223200606100353270       3838        562     0 2453896.664051  1.205339e+01  1.797444e-02  1.205339e+01  1.797444e-02 
   76996639   1.597740e+01   2.477616e-01   1.597740e+01   2.477616e-01 223200606100354320       3842        558     0 2453896.664803  1.199123e+01  1.683657e-02  1.199123e+01  1.683657e-02 
   76996700   1.541189e+01   2.463797e-01   1.541189e+01   2.463797e-01 223200606100355320       3844        557     0 2453896.665509  1.203036e+01  1.735701e-02  1.203036e+01  1.735701e-02 
   76996755   1.531609e+01   2.452660e-01   1.531609e+01   2.452660e-01 223200606100356270       3846        555     0 2453896.666146  1.203713e+01  1.738663e-02  1.203713e+01  1.738663e-02 
   77082994   1.604313e+01   4.062687e-01   1.604313e+01   4.062687e-01 223200606110353440       3851        551     0 2453897.664282  1.198678e+01  2.749478e-02  1.198678e+01  2.749478e-02 
   77083071   1.571905e+01   4.031690e-01   1.571905e+01   4.031690e-01 223200606110355000       3851        571     0 2453897.665174  1.200893e+01  2.784752e-02  1.200893e+01  2.784752e-02 
   77083152   1.627157e+01   3.962390e-01   1.627157e+01   3.962390e-01 223200606110356210       3857        544     0 2453897.666111  1.197143e+01  2.643952e-02  1.197143e+01  2.643952e-02 
   77083206   1.702704e+01   3.995048e-01   1.702704e+01   3.995048e-01 223200606110357160       3859        543     0 2453897.666736  1.192215e+01  2.547468e-02  1.192215e+01  2.547468e-02 
   77169260   1.589071e+01   5.008415e-01   1.589071e+01   5.008415e-01 223200606120351270       3850        567     0 2453898.662731  1.199714e+01  3.422023e-02  1.199714e+01  3.422023e-02 
   77169322   1.683551e+01   4.933289e-01   1.683551e+01   4.933289e-01 223200606120352290       3857        542     0 2453898.663449  1.193443e+01  3.181531e-02  1.193443e+01  3.181531e-02 
   77169380   1.696268e+01   4.957027e-01   1.696268e+01   4.957027e-01 223200606120353260       3859        540     0 2453898.664120  1.192626e+01  3.172872e-02  1.192626e+01  3.172872e-02 
   77169440   1.656017e+01   4.986197e-01   1.656017e+01   4.986197e-01 223200606120354260       3861        537     0 2453898.664815  1.195234e+01  3.269117e-02  1.195234e+01  3.269117e-02 
   77514684   1.261325e+01   2.301963e+00   1.261325e+01   2.301963e+00 223200606160348210       3860        508     0 2453902.660694  1.224793e+01  1.981514e-01  1.224793e+01  1.981514e-01 
   77514749   1.557800e+01   2.847083e+00   1.557800e+01   2.847083e+00 223200606160349260       3862        506     0 2453902.661447  1.201872e+01  1.984331e-01  1.201872e+01  1.984331e-01 
   77601369   1.475588e+01   2.202910e-01   1.475588e+01   2.202910e-01 223200606170353030       3874        491     0 2453903.663993  1.207759e+01  1.620905e-02  1.207759e+01  1.620905e-02 
   77601439   1.492469e+01   2.175758e-01   1.492469e+01   2.175758e-01 223200606170354120       3873        512     0 2453903.664803  1.206524e+01  1.582819e-02  1.206524e+01  1.582819e-02 
   77601509   1.509249e+01   2.184059e-01   1.509249e+01   2.184059e-01 223200606170355220       3874        509     0 2453903.665613  1.205310e+01  1.571192e-02  1.205310e+01  1.571192e-02 
   77601566   1.478468e+01   2.210176e-01   1.478468e+01   2.210176e-01 223200606170356190       3879        485     0 2453903.666273  1.207547e+01  1.623083e-02  1.207547e+01  1.623083e-02 
   77687713   1.453771e+01   1.959770e-01   1.453771e+01   1.959770e-01 223200606180352030       3895        485     0 2453904.663345  1.209376e+01  1.463642e-02  1.209376e+01  1.463642e-02 
   77687756   1.458429e+01   1.955319e-01   1.458429e+01   1.955319e-01 223200606180352470       3896        483     0 2453904.663843  1.209029e+01  1.455653e-02  1.209029e+01  1.455653e-02 
   77687824   1.462023e+01   1.951450e-01   1.462023e+01   1.951450e-01 223200606180353550       3897        482     0 2453904.664630  1.208761e+01  1.449203e-02  1.208761e+01  1.449203e-02 
   77687875   1.464300e+01   1.938683e-01   1.464300e+01   1.938683e-01 223200606180354460       3898        480     0 2453904.665220  1.208592e+01  1.437483e-02  1.208592e+01  1.437483e-02 
   77774349   1.473519e+01   1.737003e-01   1.473519e+01   1.737003e-01 223200606190355570       3940        466     0 2453905.666076  1.207911e+01  1.279884e-02  1.207911e+01  1.279884e-02 
   77774405   1.495628e+01   1.742012e-01   1.495628e+01   1.742012e-01 223200606190356530       3940        466     0 2453905.666725  1.206294e+01  1.264601e-02  1.206294e+01  1.264601e-02 
   77774467   1.505578e+01   1.739733e-01   1.505578e+01   1.739733e-01 223200606190357560       3940        465     0 2453905.667442  1.205574e+01  1.254600e-02  1.205574e+01  1.254600e-02 
   77774532   1.439990e+01   1.731928e-01   1.439990e+01   1.731928e-01 223200606190359000       3935        488     0 2453905.668194  1.210410e+01  1.305859e-02  1.210410e+01  1.305859e-02 
   77860762   1.492349e+01   1.617920e-01   1.492349e+01   1.617920e-01 223200606200356080       3924        460     0 2453906.666227  1.206532e+01  1.177097e-02  1.206532e+01  1.177097e-02 
   77860821   1.467981e+01   1.614800e-01   1.467981e+01   1.614800e-01 223200606200357080       3925        459     0 2453906.666910  1.208320e+01  1.194329e-02  1.208320e+01  1.194329e-02 
   77860886   1.463117e+01   1.610460e-01   1.463117e+01   1.610460e-01 223200606200358110       3924        460     0 2453906.667662  1.208680e+01  1.195079e-02  1.208680e+01  1.195079e-02 
   77860951   1.440465e+01   1.590902e-01   1.440465e+01   1.590902e-01 223200606200359170       3920        483     0 2453906.668414  1.210374e+01  1.199131e-02  1.210374e+01  1.199131e-02 
   77947073   1.421096e+01   1.656701e-01   1.421096e+01   1.656701e-01 223200606210354360       3919        459     0 2453907.665197  1.211844e+01  1.265746e-02  1.211844e+01  1.265746e-02 
   77947127   1.448746e+01   1.654082e-01   1.448746e+01   1.654082e-01 223200606210355300       3919        460     0 2453907.665822  1.209752e+01  1.239626e-02  1.209752e+01  1.239626e-02 
   77947205   1.449334e+01   1.660261e-01   1.449334e+01   1.660261e-01 223200606210356480       3916        482     0 2453907.666725  1.209708e+01  1.243751e-02  1.209708e+01  1.243751e-02 
   77947272   1.463948e+01   1.661694e-01   1.463948e+01   1.661694e-01 223200606210357550       3920        460     0 2453907.667500  1.208619e+01  1.232399e-02  1.208619e+01  1.232399e-02 
   78119982   1.390832e+01   1.579241e-01   1.390832e+01   1.579241e-01 223200606230356210       3910        439     0 2453909.666458  1.214181e+01  1.232819e-02  1.214181e+01  1.232819e-02 
   78120036   1.391780e+01   1.580809e-01   1.391780e+01   1.580809e-01 223200606230357150       3909        440     0 2453909.667083  1.214107e+01  1.233203e-02  1.214107e+01  1.233203e-02 
   78120184   1.396420e+01   1.574794e-01   1.396420e+01   1.574794e-01 223200606230359440       3908        446     0 2453909.668796  1.213746e+01  1.224429e-02  1.213746e+01  1.224429e-02 
   78120246   1.401350e+01   1.588478e-01   1.401350e+01   1.588478e-01 223200606230400460       3910        426     0 2453909.669514  1.213363e+01  1.230723e-02  1.213363e+01  1.230723e-02 
   78206442   1.437187e+01   1.595628e-01   1.437187e+01   1.595628e-01 223200606240357190       3929        424     0 2453910.667153  1.210622e+01  1.205436e-02  1.210622e+01  1.205436e-02 
   78206501   1.482768e+01   1.599972e-01   1.482768e+01   1.599972e-01 223200606240358180       3926        428     0 2453910.667836  1.207232e+01  1.171561e-02  1.207232e+01  1.171561e-02 
   78206576   1.471450e+01   1.593299e-01   1.471450e+01   1.593299e-01 223200606240359320       3918        455     0 2453910.668704  1.208064e+01  1.175649e-02  1.208064e+01  1.175649e-02 
   78206635   1.475088e+01   1.606721e-01   1.475088e+01   1.606721e-01 223200606240400310       3913        441     0 2453910.669387  1.207796e+01  1.182629e-02  1.207796e+01  1.182629e-02 
   78292881   1.434184e+01   1.532140e-01   1.434184e+01   1.532140e-01 223200606250357560       3931        407     0 2453911.667604  1.210849e+01  1.159898e-02  1.210849e+01  1.159898e-02 
   78292935   1.515671e+01   1.546163e-01   1.515671e+01   1.546163e-01 223200606250358490       3925        414     0 2453911.668229  1.204849e+01  1.107583e-02  1.204849e+01  1.107583e-02 
   78292986   1.483287e+01   1.543595e-01   1.483287e+01   1.543595e-01 223200606250359400       3915        428     0 2453911.668819  1.207194e+01  1.129884e-02  1.207194e+01  1.129884e-02 
   78293048   1.495173e+01   1.545566e-01   1.495173e+01   1.545566e-01 223200606250400430       3915        426     0 2453911.669537  1.206327e+01  1.122333e-02  1.206327e+01  1.122333e-02 
   78724948   1.491878e+01   1.577731e-01   1.491878e+01   1.577731e-01 223200606300358520       3940        408     0 2453916.668380  1.206567e+01  1.148221e-02  1.206567e+01  1.148221e-02 
   78725025   1.479235e+01   1.569093e-01   1.479235e+01   1.569093e-01 223200606300400090       3945        381     0 2453916.669271  1.207491e+01  1.151695e-02  1.207491e+01  1.151695e-02 
   78725072   1.463153e+01   1.562718e-01   1.463153e+01   1.562718e-01 223200606300400570       3946        380     0 2453916.669815  1.208678e+01  1.159623e-02  1.208678e+01  1.159623e-02 
   78725136   1.432106e+01   1.556240e-01   1.432106e+01   1.556240e-01 223200606300402000       3947        377     0 2453916.670556  1.211006e+01  1.179851e-02  1.211006e+01  1.179851e-02 
   78811384   1.462582e+01   1.622978e-01   1.462582e+01   1.622978e-01 223200607010359260       3939        374     0 2453917.668796  1.208720e+01  1.204809e-02  1.208720e+01  1.204809e-02 
   78811463   1.459793e+01   1.614764e-01   1.459793e+01   1.614764e-01 223200607010400450       3937        394     0 2453917.669711  1.208927e+01  1.201002e-02  1.208927e+01  1.201002e-02 
   78811528   1.443158e+01   1.604337e-01   1.443158e+01   1.604337e-01 223200607010401510       3941        369     0 2453917.670463  1.210172e+01  1.207001e-02  1.210172e+01  1.207001e-02 
   78811579   1.479274e+01   1.620644e-01   1.479274e+01   1.620644e-01 223200607010402420       3942        366     0 2453917.671053  1.207488e+01  1.189501e-02  1.207488e+01  1.189501e-02 
   78897907   1.231013e+01   3.818459e-01   1.231013e+01   3.818459e-01 223200607020401280       3951        360     0 2453918.670220  1.227434e+01  3.367838e-02  1.227434e+01  3.367838e-02 
   78897980   1.169582e+01   2.352854e-01   1.169582e+01   2.352854e-01 223200607020402420       3948        380     0 2453918.671065  1.232992e+01  2.184189e-02  1.232992e+01  2.184189e-02 
   78984196   1.432837e+01   1.552783e-01   1.432837e+01   1.552783e-01 223200607030359350       3957        350     0 2453919.668935  1.210951e+01  1.176629e-02  1.210951e+01  1.176629e-02 
   78984250   1.420687e+01   1.543207e-01   1.420687e+01   1.543207e-01 223200607030400290       3959        348     0 2453919.669560  1.211875e+01  1.179374e-02  1.211875e+01  1.179374e-02 
   78984308   1.405679e+01   1.532545e-01   1.405679e+01   1.532545e-01 223200607030401270       3960        346     0 2453919.670231  1.213029e+01  1.183731e-02  1.213029e+01  1.183731e-02 
   78984363   1.387020e+01   1.531307e-01   1.387020e+01   1.531307e-01 223200607030402220       3960        344     0 2453919.670868  1.214479e+01  1.198685e-02  1.214479e+01  1.198685e-02 
   79070520   1.414639e+01   1.526388e-01   1.414639e+01   1.526388e-01 223200607040358180       3953        329     0 2453920.668056  1.212339e+01  1.171508e-02  1.212339e+01  1.171508e-02 
   79070566   1.430059e+01   1.535173e-01   1.430059e+01   1.535173e-01 223200607040359040       3955        328     0 2453920.668588  1.211162e+01  1.165545e-02  1.211162e+01  1.165545e-02 
   79070632   1.416848e+01   1.528042e-01   1.416848e+01   1.528042e-01 223200607040400090       3956        325     0 2453920.669352  1.212169e+01  1.170949e-02  1.212169e+01  1.170949e-02 
   79070684   1.426378e+01   1.526883e-01   1.426378e+01   1.526883e-01 223200607040401020       3956        323     0 2453920.669954  1.211441e+01  1.162243e-02  1.211441e+01  1.162243e-02 
   79415948   1.301423e+01   1.504693e-01   1.301423e+01   1.504693e-01 223200607080355190       3952        313     0 2453924.666065  1.221395e+01  1.255322e-02  1.221395e+01  1.255322e-02 
   79416105   1.327572e+01   1.497023e-01   1.327572e+01   1.497023e-01 223200607080357570       3955        334     0 2453924.667882  1.219235e+01  1.224323e-02  1.219235e+01  1.224323e-02 
   79416172   1.304386e+01   1.507128e-01   1.304386e+01   1.507128e-01 223200607080359030       3959        307     0 2453924.668657  1.221148e+01  1.254498e-02  1.221148e+01  1.254498e-02 
   79416230   1.295288e+01   1.497795e-01   1.295288e+01   1.497795e-01 223200607080400010       3960        305     0 2453924.669329  1.221908e+01  1.255486e-02  1.221908e+01  1.255486e-02 
   79502435   1.370768e+01   1.932209e-01   1.370768e+01   1.932209e-01 223200607090356460       3964        306     0 2453925.667072  1.215759e+01  1.530439e-02  1.215759e+01  1.530439e-02 
   79502487   1.395383e+01   1.913701e-01   1.395383e+01   1.913701e-01 223200607090357380       3964        304     0 2453925.667674  1.213827e+01  1.489040e-02  1.213827e+01  1.489040e-02 
   79502556   1.393600e+01   1.886135e-01   1.393600e+01   1.886135e-01 223200607090358470       3965        301     0 2453925.668472  1.213966e+01  1.469469e-02  1.213966e+01  1.469469e-02 
   79502710   1.407025e+01   1.881332e-01   1.407025e+01   1.881332e-01 223200607090401200       3962        283     0 2453925.670255  1.212925e+01  1.451742e-02  1.212925e+01  1.451742e-02 
   80278187   1.316683e+01   2.103923e-01   1.316683e+01   2.103923e-01 223200607180325470       3995        262     0 2453934.645683  1.220130e+01  1.734900e-02  1.220130e+01  1.734900e-02 
   80278249   1.371441e+01   2.031420e-01   1.371441e+01   2.031420e-01 223200607180326500       3998        236     0 2453934.646400  1.215706e+01  1.608231e-02  1.215706e+01  1.608231e-02 
   80278324   1.547332e+01   2.354480e-01   1.547332e+01   2.354480e-01 223200607180328050       3995        257     0 2453934.647269  1.202604e+01  1.652104e-02  1.202604e+01  1.652104e-02 
   80278402   1.150990e+01   2.891414e-01   1.150990e+01   2.891414e-01 223200607180329220       3999        231     0 2453934.648171  1.234732e+01  2.727500e-02  1.234732e+01  2.727500e-02 
   80364278   1.242091e+01   1.661323e-01   1.242091e+01   1.661323e-01 223200607190320380       3990        246     0 2453935.642106  1.226462e+01  1.452200e-02  1.226462e+01  1.452200e-02 
   80364334   1.248463e+01   1.666000e-01   1.248463e+01   1.666000e-01 223200607190321350       3990        245     0 2453935.642755  1.225906e+01  1.448856e-02  1.225906e+01  1.448856e-02 
   80364394   1.259691e+01   1.669454e-01   1.259691e+01   1.669454e-01 223200607190322340       3990        243     0 2453935.643449  1.224934e+01  1.438919e-02  1.224934e+01  1.438919e-02 
   80364455   1.214539e+01   1.649387e-01   1.214539e+01   1.649387e-01 223200607190323360       3991        241     0 2453935.644155  1.228897e+01  1.474473e-02  1.228897e+01  1.474473e-02 
   80450494   1.200633e+01   1.534366e-01   1.200633e+01   1.534366e-01 223200607200317340       3995        238     0 2453936.639977  1.230147e+01  1.387537e-02  1.230147e+01  1.387537e-02 
   80450555   1.204500e+01   1.541800e-01   1.204500e+01   1.541800e-01 223200607200318350       3995        236     0 2453936.640683  1.229798e+01  1.389783e-02  1.229798e+01  1.389783e-02 
   80450619   1.184774e+01   1.538482e-01   1.184774e+01   1.538482e-01 223200607200319380       3995        234     0 2453936.641424  1.231591e+01  1.409882e-02  1.231591e+01  1.409882e-02 
   80450676   1.185784e+01   1.540131e-01   1.185784e+01   1.540131e-01 223200607200320360       3995        232     0 2453936.642083  1.231499e+01  1.410191e-02  1.231499e+01  1.410191e-02 
   80967425   1.172427e+01   1.436549e-01   1.172427e+01   1.436549e-01 223200607260253020       3953        274     0 2453942.622975  1.232728e+01  1.330333e-02  1.232728e+01  1.330333e-02 
   80967484   1.173516e+01   1.428712e-01   1.173516e+01   1.428712e-01 223200607260254000       3955        271     0 2453942.623657  1.232628e+01  1.321849e-02  1.232628e+01  1.321849e-02 
   80967544   1.167232e+01   1.433614e-01   1.167232e+01   1.433614e-01 223200607260255010       3956        269     0 2453942.624352  1.233211e+01  1.333524e-02  1.233211e+01  1.333524e-02 
   80967600   1.161954e+01   1.438661e-01   1.161954e+01   1.438661e-01 223200607260255560       3957        267     0 2453942.625000  1.233703e+01  1.344297e-02  1.233703e+01  1.344297e-02 
   81053645   1.145208e+01   1.514076e-01   1.145208e+01   1.514076e-01 223200607270250020       3950        269     0 2453943.620891  1.235279e+01  1.435454e-02  1.235279e+01  1.435454e-02 
   81053707   1.133931e+01   1.558504e-01   1.133931e+01   1.558504e-01 223200607270251040       3951        267     0 2453943.621609  1.236353e+01  1.492269e-02  1.236353e+01  1.492269e-02 
   81053763   1.091068e+01   1.520005e-01   1.091068e+01   1.520005e-01 223200607270251590       3952        265     0 2453943.622257  1.240537e+01  1.512583e-02  1.240537e+01  1.512583e-02 
   81053825   1.149004e+01   1.517767e-01   1.149004e+01   1.517767e-01 223200607270253010       3952        262     0 2453943.622975  1.234920e+01  1.434198e-02  1.234920e+01  1.434198e-02 
   81139822   1.019984e+01   8.041302e-01   1.019984e+01   8.041302e-01 223200607280246190       3968        260     0 2453944.618310  1.247852e+01  8.559703e-02  1.247852e+01  8.559703e-02 
   81139881   8.744277e+00   1.342556e+00   8.744277e+00   1.342556e+00 223200607280247170       3969        258     0 2453944.618993  1.264569e+01  1.666996e-01  1.264569e+01  1.666996e-01 
   81139935   1.067684e+01   8.517286e-01   1.067684e+01   8.517286e-01 223200607280248110       3969        256     0 2453944.619618  1.242889e+01  8.661323e-02  1.242889e+01  8.661323e-02 
   82346056   1.439303e+01   3.693568e-01   1.439303e+01   3.693568e-01 224200608110150170      27715       2225     0 2453958.579352  1.210462e+01  2.786248e-02  1.210462e+01  2.786248e-02 
   82346056   1.363673e+01   4.114659e-01   1.363673e+01   4.114659e-01 223200608110150170       3966        298     0 2453958.579352  1.216322e+01  3.276043e-02  1.216322e+01  3.276043e-02 
   82346112   1.499947e+01   3.683661e-01   1.499947e+01   3.683661e-01 224200608110151120      27710       2227     0 2453958.580000  1.205981e+01  2.666426e-02  1.205981e+01  2.666426e-02 
   82346112   1.316676e+01   4.118675e-01   1.316676e+01   4.118675e-01 223200608110151120       3969        296     0 2453958.580000  1.220130e+01  3.396288e-02  1.220130e+01  3.396288e-02 
   82346167   1.568043e+01   3.729618e-01   1.568043e+01   3.729618e-01 224200608110152070      27709       2228     0 2453958.580637  1.201161e+01  2.582452e-02  1.201161e+01  2.582452e-02 
   82346167   1.373930e+01   4.119740e-01   1.373930e+01   4.119740e-01 223200608110152070       3969        293     0 2453958.580637  1.215509e+01  3.255601e-02  1.215509e+01  3.255601e-02 
   82346226   1.552291e+01   3.738473e-01   1.552291e+01   3.738473e-01 224200608110153070      27708       2230     0 2453958.581319  1.202257e+01  2.614851e-02  1.202257e+01  2.614851e-02 
   82346226   1.351296e+01   4.078737e-01   1.351296e+01   4.078737e-01 223200608110153070       3970        291     0 2453958.581319  1.217312e+01  3.277186e-02  1.217312e+01  3.277186e-02 
   82518411   2.322170e+01   3.940757e-01   2.322170e+01   3.940757e-01 224200608130142530      27674       2305     0 2453960.574201  1.158527e+01  1.842517e-02  1.158527e+01  1.842517e-02 
   82518411   1.311879e+01   2.704719e-01   1.311879e+01   2.704719e-01 223200608130142530       3968        271     0 2453960.574201  1.220527e+01  2.238485e-02  1.220527e+01  2.238485e-02 
   82518470   2.257043e+01   3.937615e-01   2.257043e+01   3.937615e-01 224200608130143530      27669       2307     0 2453960.574884  1.161615e+01  1.894172e-02  1.161615e+01  1.894172e-02 
   82518470   1.307271e+01   2.723142e-01   1.307271e+01   2.723142e-01 223200608130143520       3969        268     0 2453960.574884  1.220909e+01  2.261677e-02  1.220909e+01  2.261677e-02 
   82518532   2.172442e+01   3.919359e-01   2.172442e+01   3.919359e-01 224200608130144550      27668       2308     0 2453960.575602  1.165763e+01  1.958812e-02  1.165763e+01  1.958812e-02 
   82518532   1.258756e+01   2.740026e-01   1.258756e+01   2.740026e-01 223200608130144550       3968        263     0 2453960.575602  1.225015e+01  2.363410e-02  1.225015e+01  2.363410e-02 
   82518610   2.303321e+01   3.933567e-01   2.303321e+01   3.933567e-01 224200608130146120      27670       2287     0 2453960.576505  1.159411e+01  1.854206e-02  1.159411e+01  1.854206e-02 
   82518610   1.303646e+01   2.731916e-01   1.303646e+01   2.731916e-01 223200608130146120       3965        283     0 2453960.576505  1.221210e+01  2.275274e-02  1.221210e+01  2.275274e-02 
   82604592   1.618102e+01   2.127312e-01   1.618102e+01   2.127312e-01 224200608140139160      27647       2316     0 2453961.571667  1.197749e+01  1.427418e-02  1.197749e+01  1.427418e-02 
   82604592   1.362779e+01   2.266646e-01   1.362779e+01   2.266646e-01 223200608140139160       3968        289     0 2453961.571667  1.216394e+01  1.805861e-02  1.216394e+01  1.805861e-02 
   82604648   1.600395e+01   2.152997e-01   1.600395e+01   2.152997e-01 224200608140140120      27644       2315     0 2453961.572315  1.198943e+01  1.460637e-02  1.198943e+01  1.460637e-02 
   82604648   1.302176e+01   2.318131e-01   1.302176e+01   2.318131e-01 223200608140140120       3975        285     0 2453961.572315  1.221333e+01  1.932833e-02  1.221333e+01  1.932833e-02 
   82604705   1.613804e+01   2.174098e-01   1.613804e+01   2.174098e-01 224200608140141080      27639       2313     0 2453961.572975  1.198037e+01  1.462696e-02  1.198037e+01  1.462696e-02 
   82604705   1.364561e+01   2.353804e-01   1.364561e+01   2.353804e-01 223200608140141080       3988        283     0 2453961.572975  1.216252e+01  1.872851e-02  1.216252e+01  1.872851e-02 
   82604759   1.598806e+01   2.187259e-01   1.598806e+01   2.187259e-01 224200608140142030      27639       2315     0 2453961.573600  1.199051e+01  1.485355e-02  1.199051e+01  1.485355e-02 
   82604759   1.355457e+01   2.395053e-01   1.355457e+01   2.395053e-01 223200608140142030       3988        281     0 2453961.573600  1.216979e+01  1.918470e-02  1.216979e+01  1.918470e-02 
   82863065   1.283562e+01   1.723315e-01   1.283562e+01   1.723315e-01 223200608170127120       3959        298     0 2453964.563252  1.222896e+01  1.457718e-02  1.222896e+01  1.457718e-02 
   82863133   1.566335e+01   1.577527e-01   1.566335e+01   1.577527e-01 224200608170128190      27649       2314     0 2453964.564039  1.201279e+01  1.093498e-02  1.201279e+01  1.093498e-02 
   82863133   1.284261e+01   1.716642e-01   1.284261e+01   1.716642e-01 223200608170128190       3966        267     0 2453964.564039  1.222837e+01  1.451283e-02  1.222837e+01  1.451283e-02 
   82863189   1.263173e+01   1.716775e-01   1.263173e+01   1.716775e-01 223200608170129150       3966        265     0 2453964.564687  1.224634e+01  1.475626e-02  1.224634e+01  1.475626e-02 
   82863249   1.587166e+01   1.570004e-01   1.587166e+01   1.570004e-01 224200608170130160      27647       2316     0 2453964.565382  1.199844e+01  1.074000e-02  1.199844e+01  1.074000e-02 
   82863249   1.235031e+01   1.711393e-01   1.235031e+01   1.711393e-01 223200608170130160       3967        263     0 2453964.565382  1.227081e+01  1.504519e-02  1.227081e+01  1.504519e-02 
   82949238   1.235911e+01   1.492864e-01   1.235911e+01   1.492864e-01 223200608180123250       3962        246     0 2453965.560625  1.227003e+01  1.311471e-02  1.227003e+01  1.311471e-02 
   82949300   1.624835e+01   1.382582e-01   1.624835e+01   1.382582e-01 224200608180124270      27714       2263     0 2453965.561343  1.197298e+01  9.238627e-03  1.197298e+01  9.238627e-03 
   82949300   1.224815e+01   1.493468e-01   1.224815e+01   1.493468e-01 223200608180124270       3964        246     0 2453965.561343  1.227982e+01  1.323887e-02  1.227982e+01  1.323887e-02 
   82949363   1.659266e+01   1.383171e-01   1.659266e+01   1.383171e-01 224200608180125310      27713       2266     0 2453965.562072  1.195021e+01  9.050772e-03  1.195021e+01  9.050772e-03 
   82949363   1.236743e+01   1.484188e-01   1.236743e+01   1.484188e-01 223200608180125310       3964        242     0 2453965.562072  1.226930e+01  1.302973e-02  1.226930e+01  1.302973e-02 
   82949454   1.641809e+01   1.391161e-01   1.641809e+01   1.391161e-01 224200608180127020      27716       2246     0 2453965.563125  1.196169e+01  9.199845e-03  1.196169e+01  9.199845e-03 
   82949454   1.214116e+01   1.492317e-01   1.214116e+01   1.492317e-01 223200608180127020       3961        260     0 2453965.563125  1.228935e+01  1.334525e-02  1.228935e+01  1.334525e-02 
   83724663   1.716058e+01   1.365801e-01   1.716058e+01   1.365801e-01 224200608270047250      27695       2300     0 2453974.535451  1.191367e+01  8.641343e-03  1.191367e+01  8.641343e-03 
   83724663   1.279848e+01   1.481182e-01   1.279848e+01   1.481182e-01 223200608270047250       3943        296     0 2453974.535451  1.223210e+01  1.256539e-02  1.223210e+01  1.256539e-02 
   83724727   1.772285e+01   1.395085e-01   1.772285e+01   1.395085e-01 224200608270048280      27689       2323     0 2453974.536192  1.187867e+01  8.546591e-03  1.187867e+01  8.546591e-03 
   83724727   1.292919e+01   1.486095e-01   1.292919e+01   1.486095e-01 223200608270048280       3945        264     0 2453974.536192  1.222107e+01  1.247961e-02  1.222107e+01  1.247961e-02 
   83724802   1.305554e+01   1.492104e-01   1.305554e+01   1.492104e-01 223200608270049440       3942        283     0 2453974.537060  1.221051e+01  1.240881e-02  1.221051e+01  1.240881e-02 
   83724864   1.606690e+01   1.382704e-01   1.606690e+01   1.382704e-01 224200608270050460      27687       2326     0 2453974.537778  1.198517e+01  9.343787e-03  1.198517e+01  9.343787e-03 
   83724864   1.175187e+01   1.480533e-01   1.175187e+01   1.480533e-01 223200608270050460       3945        256     0 2453974.537778  1.232473e+01  1.367845e-02  1.232473e+01  1.367845e-02 
   83810830   1.780162e+01   1.336816e-01   1.780162e+01   1.336816e-01 224200608280043330      27692       2304     0 2453975.532755  1.187385e+01  8.153385e-03  1.187385e+01  8.153385e-03 
   83810830   1.254443e+01   1.441817e-01   1.254443e+01   1.441817e-01 223200608280043330       3947        286     0 2453975.532755  1.225387e+01  1.247915e-02  1.225387e+01  1.247915e-02 
   83810882   1.800947e+01   1.355995e-01   1.800947e+01   1.355995e-01 224200608280044250      27690       2305     0 2453975.533356  1.186125e+01  8.174908e-03  1.186125e+01  8.174908e-03 
   83810882   1.229682e+01   1.433679e-01   1.229682e+01   1.433679e-01 223200608280044250       3948        283     0 2453975.533356  1.227552e+01  1.265858e-02  1.227552e+01  1.265858e-02 
   83810953   1.257360e+01   1.443010e-01   1.257360e+01   1.443010e-01 223200608280045350       3948        279     0 2453975.534178  1.225135e+01  1.246051e-02  1.225135e+01  1.246051e-02 
   83810954   1.781608e+01   1.353880e-01   1.781608e+01   1.353880e-01 224200608280045360      27689       2308     0 2453975.534190  1.187297e+01  8.250759e-03  1.187297e+01  8.250759e-03 
   83811010   1.775485e+01   1.351556e-01   1.775485e+01   1.351556e-01 224200608280046320      27689       2308     0 2453975.534838  1.187671e+01  8.264997e-03  1.187671e+01  8.264997e-03 
   83811010   1.255738e+01   1.443110e-01   1.255738e+01   1.443110e-01 223200608280046320       3948        277     0 2453975.534838  1.225275e+01  1.247746e-02  1.225275e+01  1.247746e-02 
   84328662   1.376361e+01   3.112229e-01   1.376361e+01   3.112229e-01 223200609030034170       3936        216     0 2453981.526181  1.215317e+01  2.455077e-02  1.215317e+01  2.455077e-02 
   84328734   1.568573e+01   2.878344e-01   1.568573e+01   2.878344e-01 224200609030035290      27698       2343     0 2453981.527014  1.201124e+01  1.992341e-02  1.201124e+01  1.992341e-02 
   84328734   1.357438e+01   3.134257e-01   1.357438e+01   3.134257e-01 223200609030035280       3933        235     0 2453981.527014  1.216820e+01  2.506920e-02  1.216820e+01  2.506920e-02 
   84328801   1.528409e+01   2.927846e-01   1.528409e+01   2.927846e-01 224200609030036350      27697       2365     0 2453981.527789  1.203940e+01  2.079861e-02  1.203940e+01  2.079861e-02 
   84328801   1.343726e+01   3.325667e-01   1.343726e+01   3.325667e-01 223200609030036350       3933        202     0 2453981.527789  1.217922e+01  2.687163e-02  1.217922e+01  2.687163e-02 
   84328858   1.640840e+01   2.995892e-01   1.640840e+01   2.995892e-01 224200609030037320      27695       2366     0 2453981.528449  1.196233e+01  1.982375e-02  1.196233e+01  1.982375e-02 
   84328858   1.333117e+01   3.252788e-01   1.333117e+01   3.252788e-01 223200609030037320       3934        200     0 2453981.528449  1.218783e+01  2.649192e-02  1.218783e+01  2.649192e-02 
   84500168   1.595629e+01   4.096545e-01   1.595629e+01   4.096545e-01 224200609050012480      27695       2315     0 2453983.511204  1.199267e+01  2.787479e-02  1.199267e+01  2.787479e-02 
   84500168   1.520010e+01   4.668193e-01   1.520010e+01   4.668193e-01 223200609050012480       3944        280     0 2453983.511204  1.204538e+01  3.334480e-02  1.204538e+01  3.334480e-02 
   84500228   1.686358e+01   4.118372e-01   1.686358e+01   4.118372e-01 224200609050013480      27691       2315     0 2453983.511898  1.193263e+01  2.651561e-02  1.193263e+01  2.651561e-02 
   84500228   1.467522e+01   4.670354e-01   1.467522e+01   4.670354e-01 223200609050013480       3946        277     0 2453983.511898  1.208354e+01  3.455342e-02  1.208354e+01  3.455342e-02 
   84500290   1.503174e+01   4.659968e-01   1.503174e+01   4.659968e-01 223200609050014500       3946        274     0 2453983.512616  1.205748e+01  3.365888e-02  1.205748e+01  3.365888e-02 
   84500368   1.543660e+01   4.666679e-01   1.543660e+01   4.666679e-01 223200609050016080       3942        293     0 2453983.513519  1.202862e+01  3.282329e-02  1.202862e+01  3.282329e-02 
   84844842   1.532499e+01   5.571887e-01   1.532499e+01   5.571887e-01 224200609082357310      27696       2284     0 2453987.500486  1.203650e+01  3.947553e-02  1.203650e+01  3.947553e-02 
   84844842   1.650902e+01   6.346797e-01   1.650902e+01   6.346797e-01 223200609082357310       3955        289     0 2453987.500486  1.195570e+01  4.174065e-02  1.195570e+01  4.174065e-02 
   84844898   1.633985e+01   6.393814e-01   1.633985e+01   6.393814e-01 223200609082358260       3956        284     0 2453987.501134  1.196688e+01  4.248521e-02  1.196688e+01  4.248521e-02 
   84844899   1.735501e+01   5.556419e-01   1.735501e+01   5.556419e-01 224200609082358270      27694       2287     0 2453987.501146  1.190144e+01  3.476130e-02  1.190144e+01  3.476130e-02 
   84844955   1.621743e+01   5.532312e-01   1.621743e+01   5.532312e-01 224200609082359230      27694       2288     0 2453987.501794  1.197505e+01  3.703825e-02  1.197505e+01  3.703825e-02 
   84844955   1.607642e+01   6.382809e-01   1.607642e+01   6.382809e-01 223200609082359230       3955        281     0 2453987.501794  1.198453e+01  4.310705e-02  1.198453e+01  4.310705e-02 
   84845017   1.588193e+01   5.543716e-01   1.588193e+01   5.543716e-01 224200609090000260      27694       2289     0 2453987.502512  1.199774e+01  3.789864e-02  1.199774e+01  3.789864e-02 
   84845017   1.597014e+01   6.388821e-01   1.597014e+01   6.388821e-01 223200609090000260       3955        279     0 2453987.502512  1.199173e+01  4.343479e-02  1.199173e+01  4.343479e-02 
   85017142   1.343771e+01   3.596101e-01   1.343771e+01   3.596101e-01 223200609102349160       3930        242     0 2453989.494699  1.217919e+01  2.905577e-02  1.217919e+01  2.905577e-02 
   85017209   1.332236e+01   4.046736e-01   1.332236e+01   4.046736e-01 224200609102350220      27705       2329     0 2453989.495475  1.218855e+01  3.297992e-02  1.218855e+01  3.297992e-02 
   85017209   1.263349e+01   4.548540e-01   1.263349e+01   4.548540e-01 223200609102350220       3931        239     0 2453989.495475  1.224619e+01  3.909080e-02  1.224619e+01  3.909080e-02 
   85017268   1.512147e+01   3.737447e-01   1.512147e+01   3.737447e-01 224200609102351210      27703       2331     0 2453989.496157  1.205101e+01  2.683532e-02  1.205101e+01  2.683532e-02 
   85017268   1.263417e+01   4.058433e-01   1.263417e+01   4.058433e-01 223200609102351210       3932        236     0 2453989.496157  1.224613e+01  3.487687e-02  1.224613e+01  3.487687e-02 
   85017326   1.455838e+01   3.601839e-01   1.455838e+01   3.601839e-01 224200609102352200      27703       2331     0 2453989.496829  1.209222e+01  2.686193e-02  1.209222e+01  2.686193e-02 
   85017326   1.323147e+01   4.157669e-01   1.323147e+01   4.157669e-01 223200609102352200       3929        229     0 2453989.496829  1.219598e+01  3.411674e-02  1.219598e+01  3.411674e-02 
   85361734   1.401472e+01   1.310004e-01   1.401472e+01   1.310004e-01 224200609142332380      27681       2312     0 2453993.483032  1.213354e+01  1.014879e-02  1.213354e+01  1.014879e-02 
   85361734   1.052053e+01   1.391823e-01   1.052053e+01   1.391823e-01 223200609142332380       3933        195     0 2453993.483032  1.244491e+01  1.436390e-02  1.244491e+01  1.436390e-02 
   85361787   1.488087e+01   1.333361e-01   1.488087e+01   1.333361e-01 224200609142333310      27677       2312     0 2453993.483646  1.206843e+01  9.728479e-03  1.206843e+01  9.728479e-03 
   85361791   1.083055e+01   1.389221e-01   1.083055e+01   1.389221e-01 223200609142333360       3934        192     0 2453993.483692  1.241337e+01  1.392664e-02  1.241337e+01  1.392664e-02 
   85361852   1.500946e+01   1.334838e-01   1.500946e+01   1.334838e-01 224200609142334370      27675       2314     0 2453993.484398  1.205909e+01  9.655824e-03  1.205909e+01  9.655824e-03 
   85361852   1.072830e+01   1.393952e-01   1.072830e+01   1.393952e-01 223200609142334370       3935        189     0 2453993.484398  1.242367e+01  1.410727e-02  1.242367e+01  1.410727e-02 
   85361927   1.052853e+01   1.389013e-01   1.052853e+01   1.389013e-01 223200609142335520       3931        209     0 2453993.485266  1.244408e+01  1.432401e-02  1.244408e+01  1.432401e-02 
   85620632   1.450056e+01   1.467922e-01   1.450056e+01   1.467922e-01 224200609172327440      27710       2275     0 2453996.479537  1.209654e+01  1.099117e-02  1.209654e+01  1.099117e-02 
   85620632   1.023471e+01   1.531666e-01   1.023471e+01   1.531666e-01 223200609172327440       3903        200     0 2453996.479537  1.247481e+01  1.624855e-02  1.247481e+01  1.624855e-02 
   85620691   1.482717e+01   1.491707e-01   1.482717e+01   1.491707e-01 224200609172328430      27708       2277     0 2453996.480220  1.207235e+01  1.092323e-02  1.207235e+01  1.092323e-02 
   85620691   1.017629e+01   1.525351e-01   1.017629e+01   1.525351e-01 223200609172328430       3904        196     0 2453996.480220  1.248103e+01  1.627445e-02  1.248103e+01  1.627445e-02 
   85620754   1.480205e+01   1.497969e-01   1.480205e+01   1.497969e-01 224200609172329460      27707       2279     0 2453996.480949  1.207420e+01  1.098771e-02  1.207420e+01  1.098771e-02 
   85620754   1.021146e+01   1.520063e-01   1.021146e+01   1.520063e-01 223200609172329460       3903        193     0 2453996.480949  1.247728e+01  1.616217e-02  1.247728e+01  1.616217e-02 
   85620808   1.437529e+01   1.494874e-01   1.437529e+01   1.494874e-01 224200609172330410      27706       2281     0 2453996.481574  1.210596e+01  1.129052e-02  1.210596e+01  1.129052e-02 
   85620808   1.044689e+01   1.530761e-01   1.044689e+01   1.530761e-01 223200609172330410       3903        190     0 2453996.481574  1.245253e+01  1.590911e-02  1.245253e+01  1.590911e-02 
   85706428   1.425359e+01   1.471495e-01   1.425359e+01   1.471495e-01 224200609182317440      27710       2232     0 2453997.472546  1.211519e+01  1.120883e-02  1.211519e+01  1.120883e-02 
   85706428   1.037751e+01   1.519841e-01   1.037751e+01   1.519841e-01 223200609182317440       3907        173     0 2453997.472546  1.245977e+01  1.590124e-02  1.245977e+01  1.590124e-02 
   85706491   1.433082e+01   1.472248e-01   1.433082e+01   1.472248e-01 224200609182318460      27703       2255     0 2453997.473275  1.210932e+01  1.115413e-02  1.210932e+01  1.115413e-02 
   85706491   1.020327e+01   1.528224e-01   1.020327e+01   1.528224e-01 223200609182318460       3911        151     0 2453997.473275  1.247815e+01  1.626197e-02  1.247815e+01  1.626197e-02 
   85706546   1.414280e+01   1.457815e-01   1.414280e+01   1.457815e-01 224200609182319420      27700       2257     0 2453997.473912  1.212366e+01  1.119161e-02  1.212366e+01  1.119161e-02 
   85706546   1.007184e+01   1.516754e-01   1.007184e+01   1.516754e-01 223200609182319410       3911        149     0 2453997.473912  1.249223e+01  1.635055e-02  1.249223e+01  1.635055e-02 
   85706623   1.456358e+01   1.480597e-01   1.456358e+01   1.480597e-01 224200609182320580      27703       2237     0 2453997.474803  1.209183e+01  1.103811e-02  1.209183e+01  1.103811e-02 
   85706623   1.043949e+01   1.526866e-01   1.043949e+01   1.526866e-01 223200609182320580       3908        170     0 2453997.474803  1.245330e+01  1.587989e-02  1.245330e+01  1.587989e-02 
   85878742   1.385485e+01   1.401117e-01   1.385485e+01   1.401117e-01 224200609202309430      27685       2277     0 2453999.466921  1.214600e+01  1.097991e-02  1.214600e+01  1.097991e-02 
   85878742   1.076838e+01   1.505057e-01   1.076838e+01   1.505057e-01 223200609202309430       3908        226     0 2453999.466921  1.241962e+01  1.517499e-02  1.241962e+01  1.517499e-02 
   85878799   1.412804e+01   1.407925e-01   1.412804e+01   1.407925e-01 224200609202310410      27679       2279     0 2453999.467581  1.212480e+01  1.081991e-02  1.212480e+01  1.081991e-02 
   85878799   1.083670e+01   1.513237e-01   1.083670e+01   1.513237e-01 223200609202310400       3911        224     0 2453999.467581  1.241276e+01  1.516127e-02  1.241276e+01  1.516127e-02 
   85878860   1.446844e+01   1.417780e-01   1.446844e+01   1.417780e-01 224200609202311410      27676       2280     0 2453999.468287  1.209895e+01  1.063930e-02  1.209895e+01  1.063930e-02 
   85878860   1.095897e+01   1.525152e-01   1.095897e+01   1.525152e-01 223200609202311410       3911        221     0 2453999.468287  1.240058e+01  1.511016e-02  1.240058e+01  1.511016e-02 
   85878920   1.070842e+01   1.516878e-01   1.070842e+01   1.516878e-01 223200609202312420       3912        218     0 2453999.468981  1.242569e+01  1.537982e-02  1.242569e+01  1.537982e-02 
   85964865   1.568303e+01   1.389689e-01   1.568303e+01   1.389689e-01 224200609212305090      27678       2297     0 2454000.463715  1.201143e+01  9.620853e-03  1.201143e+01  9.620853e-03 
   85964865   1.146553e+01   1.430253e-01   1.146553e+01   1.430253e-01 223200609212305090       3923        221     0 2454000.463715  1.235151e+01  1.354392e-02  1.235151e+01  1.354392e-02 
   85965018   1.649857e+01   1.412958e-01   1.649857e+01   1.412958e-01 224200609212307420      27673       2300     0 2454000.465486  1.195638e+01  9.298410e-03  1.195638e+01  9.298410e-03 
   85965018   1.156845e+01   1.444990e-01   1.156845e+01   1.444990e-01 223200609212307420       3925        213     0 2454000.465486  1.234181e+01  1.356174e-02  1.234181e+01  1.356174e-02 
   85965081   1.636161e+01   1.404446e-01   1.636161e+01   1.404446e-01 224200609212308460      27671       2301     0 2454000.466215  1.196544e+01  9.319760e-03  1.196544e+01  9.319760e-03 
   85965081   1.132182e+01   1.438027e-01   1.132182e+01   1.438027e-01 223200609212308460       3926        210     0 2454000.466215  1.236521e+01  1.379039e-02  1.236521e+01  1.379039e-02 
   85965137   1.632754e+01   1.395561e-01   1.632754e+01   1.395561e-01 224200609212309410      27670       2303     0 2454000.466863  1.196770e+01  9.280127e-03  1.196770e+01  9.280127e-03 
   85965137   1.133877e+01   1.434203e-01   1.133877e+01   1.434203e-01 223200609212309410       3926        208     0 2454000.466863  1.236359e+01  1.373317e-02  1.236359e+01  1.373317e-02 
   86404979   1.627652e+01   1.390455e-01   1.627652e+01   1.390455e-01 224200609270120390      27778       2519     0 2454005.557627  1.197110e+01  9.275155e-03  1.197110e+01  9.275155e-03 
   86405038   1.649779e+01   1.379578e-01   1.649779e+01   1.379578e-01 224200609270121390      27774       2541     0 2454005.558310  1.195644e+01  9.079175e-03  1.195644e+01  9.079175e-03 
   86405108   1.627568e+01   1.383473e-01   1.627568e+01   1.383473e-01 224200609270122490      27775       2540     0 2454005.559120  1.197115e+01  9.229057e-03  1.197115e+01  9.229057e-03 
   86405167   1.638155e+01   1.390402e-01   1.638155e+01   1.390402e-01 224200609270123480      27775       2540     0 2454005.559803  1.196411e+01  9.215337e-03  1.196411e+01  9.215337e-03 
   88377568   1.284086e+01   1.433059e-01   1.284086e+01   1.433059e-01 223200610192118310       3523        111     0 2454028.388519  1.222851e+01  1.211702e-02  1.222851e+01  1.211702e-02 
   88377630   1.257780e+01   1.432695e-01   1.257780e+01   1.432695e-01 223200610192119340       3523        108     0 2454028.389236  1.225099e+01  1.236730e-02  1.225099e+01  1.236730e-02 
   88980542   1.288751e+01   1.541261e-01   1.288751e+01   1.541261e-01 223200610262048320       3536        137     0 2454035.367384  1.222458e+01  1.298474e-02  1.222458e+01  1.298474e-02 
   88980596   1.290839e+01   1.541974e-01   1.290839e+01   1.541974e-01 223200610262049260       3536        133     0 2454035.368009  1.222282e+01  1.296973e-02  1.222282e+01  1.296973e-02 
   88980656   1.290610e+01   1.530103e-01   1.290610e+01   1.530103e-01 223200610262050270       3537        131     0 2454035.368704  1.222301e+01  1.287216e-02  1.222301e+01  1.287216e-02 
   88980720   1.289043e+01   1.538693e-01   1.289043e+01   1.538693e-01 223200610262051300       3533        122     0 2454035.369444  1.222433e+01  1.296016e-02  1.222433e+01  1.296016e-02 
   89066658   1.564111e+01   1.684972e-01   1.564111e+01   1.684972e-01 223200610272043520       3557        108     0 2454036.364097  1.201433e+01  1.169637e-02  1.201433e+01  1.169637e-02 
   89066721   1.558660e+01   1.693473e-01   1.558660e+01   1.693473e-01 223200610272044550       3556        106     0 2454036.364826  1.201812e+01  1.179649e-02  1.201812e+01  1.179649e-02 
   89066777   1.535833e+01   1.692934e-01   1.535833e+01   1.692934e-01 223200610272045520       3556        102     0 2454036.365475  1.203414e+01  1.196801e-02  1.203414e+01  1.196801e-02 
   89066842   1.544187e+01   1.689527e-01   1.544187e+01   1.689527e-01 223200610272046560       3555        100     0 2454036.366227  1.202825e+01  1.187930e-02  1.202825e+01  1.187930e-02 
   89152856   1.844867e+01   2.543797e-01   1.844867e+01   2.543797e-01 223200610282040350       3540        122     0 2454037.361759  1.183509e+01  1.497073e-02  1.183509e+01  1.497073e-02 
   89411426   1.739744e+01   3.038360e-01   1.739744e+01   3.038360e-01 223200610312030160       3524        100     0 2454040.354468  1.189879e+01  1.896181e-02  1.189879e+01  1.896181e-02 
   89928298   1.737723e+01   3.376774e-01   1.737723e+01   3.376774e-01 223200611062005110       3541        101     0 2454046.336782  1.190005e+01  2.109830e-02  1.190005e+01  2.109830e-02 
   89928367   1.697463e+01   3.363403e-01   1.697463e+01   3.363403e-01 223200611062006190       3541         97     0 2454046.337581  1.192550e+01  2.151317e-02  1.192550e+01  2.151317e-02 
   90014486   1.485667e+01   2.309792e-01   1.485667e+01   2.309792e-01 223200611072001430       3549        109     0 2454047.334329  1.207020e+01  1.688018e-02  1.207020e+01  1.688018e-02 
   90014540   1.573013e+01   2.168191e-01   1.573013e+01   2.168191e-01 223200611072002370       3549        105     0 2454047.334954  1.200817e+01  1.496549e-02  1.200817e+01  1.496549e-02 
   90014629   1.711833e+01   2.209683e-01   1.711833e+01   2.209683e-01 223200611072004050       3546        125     0 2454047.335984  1.191635e+01  1.401504e-02  1.191635e+01  1.401504e-02 
   90014691   1.731846e+01   2.248614e-01   1.731846e+01   2.248614e-01 223200611072005080       3544        121     0 2454047.336701  1.190373e+01  1.409716e-02  1.190373e+01  1.409716e-02 
   90617591   1.468255e+01   1.515234e-01   1.468255e+01   1.515234e-01 223200611141933540       3536        117     0 2454054.314711  1.208300e+01  1.120480e-02  1.208300e+01  1.120480e-02 
   90617653   1.498870e+01   1.508236e-01   1.498870e+01   1.508236e-01 223200611141934560       3536        113     0 2454054.315428  1.206059e+01  1.092524e-02  1.206059e+01  1.092524e-02 
   94935179   2.300735e+01   3.760026e-01   2.300735e+01   3.760026e-01 224200701031856070      26921       2181     0 2454104.286794  1.159533e+01  1.774394e-02  1.159533e+01  1.774394e-02 
   94935245   2.285551e+01   3.716169e-01   2.285551e+01   3.716169e-01 224200701031857140      26920       2181     0 2454104.287558  1.160252e+01  1.765348e-02  1.160252e+01  1.765348e-02 
   94935303   2.253822e+01   3.672056e-01   2.253822e+01   3.672056e-01 224200701031858120      26921       2181     0 2454104.288229  1.161770e+01  1.768950e-02  1.161770e+01  1.768950e-02 
   94935368   2.270658e+01   3.625926e-01   2.270658e+01   3.625926e-01 224200701031859170      26921       2181     0 2454104.288981  1.160962e+01  1.733776e-02  1.160962e+01  1.733776e-02 
   95021609   2.235093e+01   2.917451e-01   2.235093e+01   2.917451e-01 224200701041856390      26923       2168     0 2454105.287141  1.162676e+01  1.417208e-02  1.162676e+01  1.417208e-02 
   95021746   2.303658e+01   2.685227e-01   2.303658e+01   2.685227e-01 224200701041858560      26919       2190     0 2454105.288727  1.159396e+01  1.265578e-02  1.159396e+01  1.265578e-02 
   95021802   2.308786e+01   2.614797e-01   2.308786e+01   2.614797e-01 224200701041859510      26920       2190     0 2454105.289375  1.159154e+01  1.229646e-02  1.159154e+01  1.229646e-02 
   95107966   2.194997e+01   2.424473e-01   2.194997e+01   2.424473e-01 224200701051855570      26942       2203     0 2454106.286644  1.164641e+01  1.199249e-02  1.164641e+01  1.199249e-02 
   95108020   2.149606e+01   2.311230e-01   2.149606e+01   2.311230e-01 224200701051856510      26943       2203     0 2454106.287269  1.166910e+01  1.167374e-02  1.166910e+01  1.167374e-02 
   95108074   2.214437e+01   2.216034e-01   2.214437e+01   2.216034e-01 224200701051857460      26943       2203     0 2454106.287894  1.163684e+01  1.086523e-02  1.163684e+01  1.086523e-02 
   95280698   2.070920e+01   2.308254e-01   2.070920e+01   2.308254e-01 224200701071854530      26964       2191     0 2454108.285856  1.170959e+01  1.210169e-02  1.170959e+01  1.210169e-02 
   95280828   2.086031e+01   2.092766e-01   2.086031e+01   2.092766e-01 224200701071857030      26952       2135     0 2454108.287361  1.170170e+01  1.089245e-02  1.170170e+01  1.089245e-02 
   95280884   2.075466e+01   2.009842e-01   2.075466e+01   2.009842e-01 224200701071857590      26953       2136     0 2454108.288009  1.170721e+01  1.051410e-02  1.170721e+01  1.051410e-02 
   95280940   2.031361e+01   1.933288e-01   2.031361e+01   1.933288e-01 224200701071858540      26953       2136     0 2454108.288657  1.173053e+01  1.033321e-02  1.173053e+01  1.033321e-02 
   95367162   2.067490e+01   2.476781e-01   2.067490e+01   2.476781e-01 224200701081855580      26961       2212     0 2454109.286597  1.171139e+01  1.300679e-02  1.171139e+01  1.300679e-02 
   95367216   2.037280e+01   2.345781e-01   2.037280e+01   2.345781e-01 224200701081856520      26960       2212     0 2454109.287222  1.172737e+01  1.250151e-02  1.172737e+01  1.250151e-02 
   95367273   2.031802e+01   2.230422e-01   2.031802e+01   2.230422e-01 224200701081857490      26961       2211     0 2454109.287882  1.173030e+01  1.191877e-02  1.173030e+01  1.191877e-02 
   95367329   2.031317e+01   2.127564e-01   2.031317e+01   2.127564e-01 224200701081858450      26961       2210     0 2454109.288530  1.173056e+01  1.137184e-02  1.173056e+01  1.137184e-02 
   95453548   2.189814e+01   2.515044e-01   2.189814e+01   2.515044e-01 224200701091855450      26955       2233     0 2454110.286435  1.164898e+01  1.246994e-02  1.164898e+01  1.246994e-02 
   95453604   2.230358e+01   2.401483e-01   2.230358e+01   2.401483e-01 224200701091856400      26954       2231     0 2454110.287083  1.162906e+01  1.169043e-02  1.162906e+01  1.169043e-02 
   95453658   2.269736e+01   2.298785e-01   2.269736e+01   2.298785e-01 224200701091857350      26954       2231     0 2454110.287708  1.161006e+01  1.099636e-02  1.161006e+01  1.099636e-02 
   95453714   2.238073e+01   2.204073e-01   2.238073e+01   2.204073e-01 224200701091858300      26955       2231     0 2454110.288356  1.162531e+01  1.069246e-02  1.162531e+01  1.069246e-02 
   95539938   2.224179e+01   2.445234e-01   2.224179e+01   2.445234e-01 224200701101855350      26960       2240     0 2454111.286319  1.163208e+01  1.193649e-02  1.163208e+01  1.193649e-02 
   95539992   2.216014e+01   2.333740e-01   2.216014e+01   2.333740e-01 224200701101856300      26960       2239     0 2454111.286944  1.163607e+01  1.143420e-02  1.163607e+01  1.143420e-02 
   95540046   2.253758e+01   2.239195e-01   2.253758e+01   2.239195e-01 224200701101857240      26959       2238     0 2454111.287569  1.161773e+01  1.078724e-02  1.161773e+01  1.078724e-02 
   95540102   2.215062e+01   2.148774e-01   2.215062e+01   2.148774e-01 224200701101858190      26960       2238     0 2454111.288218  1.163654e+01  1.053248e-02  1.163654e+01  1.053248e-02 
   95626321   2.172399e+01   2.633474e-01   2.172399e+01   2.633474e-01 224200701111855200      26982       2229     0 2454112.286123  1.165765e+01  1.316180e-02  1.165765e+01  1.316180e-02 
   95626378   2.241045e+01   2.512289e-01   2.241045e+01   2.512289e-01 224200701111856160      26981       2228     0 2454112.286782  1.162387e+01  1.217152e-02  1.162387e+01  1.217152e-02 
   95626432   2.146378e+01   2.393516e-01   2.146378e+01   2.393516e-01 224200701111857110      26981       2228     0 2454112.287407  1.167073e+01  1.210754e-02  1.167073e+01  1.210754e-02 
   95626488   2.226343e+01   2.298656e-01   2.226343e+01   2.298656e-01 224200701111858070      26981       2228     0 2454112.288056  1.163102e+01  1.121005e-02  1.163102e+01  1.121005e-02 
   95712706   2.229012e+01   2.486555e-01   2.229012e+01   2.486555e-01 224200701121855060      26953       2230     0 2454113.285949  1.162972e+01  1.211188e-02  1.162972e+01  1.211188e-02 
   95712760   2.251391e+01   2.380314e-01   2.251391e+01   2.380314e-01 224200701121856000      26953       2229     0 2454113.286574  1.161887e+01  1.147913e-02  1.161887e+01  1.147913e-02 
   95712814   2.249495e+01   2.285991e-01   2.249495e+01   2.285991e-01 224200701121856550      26953       2228     0 2454113.287199  1.161979e+01  1.103355e-02  1.161979e+01  1.103355e-02 
   95712870   2.229687e+01   2.194401e-01   2.229687e+01   2.194401e-01 224200701121857500      26953       2229     0 2454113.287847  1.162939e+01  1.068558e-02  1.162939e+01  1.068558e-02 
   95799126   2.258603e+01   2.220622e-01   2.258603e+01   2.220622e-01 224200701131855270      26954       2245     0 2454114.286181  1.161540e+01  1.067482e-02  1.161540e+01  1.067482e-02 
   95799304   2.242731e+01   1.936271e-01   2.242731e+01   1.936271e-01 224200701131858250      26944       2252     0 2454114.288241  1.162306e+01  9.373785e-03  1.162306e+01  9.373785e-03 
   95799358   2.188549e+01   1.872791e-01   2.188549e+01   1.872791e-01 224200701131859190      26945       2252     0 2454114.288866  1.164961e+01  9.290923e-03  1.164961e+01  9.290923e-03 
   95885597   2.331998e+01   2.152943e-01   2.331998e+01   2.152943e-01 224200701141856390      26956       2251     0 2454115.287002  1.158068e+01  1.002375e-02  1.158068e+01  1.002375e-02 
   95885652   2.347886e+01   2.086128e-01   2.347886e+01   2.086128e-01 224200701141857330      26955       2250     0 2454115.287639  1.157331e+01  9.646942e-03  1.157331e+01  9.646942e-03 
   95885707   2.335275e+01   2.012876e-01   2.335275e+01   2.012876e-01 224200701141858280      26955       2249     0 2454115.288275  1.157915e+01  9.358469e-03  1.157915e+01  9.358469e-03 
   95885838   2.329162e+01   1.863261e-01   2.329162e+01   1.863261e-01 224200701141900400      26958       2246     0 2454115.289792  1.158200e+01  8.685602e-03  1.158200e+01  8.685602e-03 
  105941757   1.335681e+01   3.179738e-01   1.335681e+01   3.179738e-01 223200705110414520       3513        412     0 2454231.677743  1.218574e+01  2.584726e-02  1.218574e+01  2.584726e-02 
  105941813   1.345795e+01   3.332831e-01   1.345795e+01   3.332831e-01 223200705110415490       3516        412     0 2454231.678391  1.217755e+01  2.688810e-02  1.217755e+01  2.688810e-02 
  105941872   1.316190e+01   3.523538e-01   1.316190e+01   3.523538e-01 223200705110416470       3519        411     0 2454231.679074  1.220170e+01  2.906606e-02  1.220170e+01  2.906606e-02 
  105941927   1.333760e+01   3.781827e-01   1.333760e+01   3.781827e-01 223200705110417430       3521        410     0 2454231.679711  1.218731e+01  3.078574e-02  1.218731e+01  3.078574e-02 
  106027812   1.229869e+01   2.085468e-01   1.229869e+01   2.085468e-01 223200705120409040       3538        389     0 2454232.673750  1.227535e+01  1.841071e-02  1.227535e+01  1.841071e-02 
  106027938   1.294914e+01   2.225650e-01   1.294914e+01   2.225650e-01 223200705120411090       3525        401     0 2454232.675208  1.221940e+01  1.866129e-02  1.221940e+01  1.866129e-02 
  106027992   1.319187e+01   2.323032e-01   1.319187e+01   2.323032e-01 223200705120412040       3527        400     0 2454232.675833  1.219923e+01  1.911942e-02  1.219923e+01  1.911942e-02 
  106028046   1.301177e+01   2.411599e-01   1.301177e+01   2.411599e-01 223200705120412580       3530        400     0 2454232.676458  1.221416e+01  2.012309e-02  1.221416e+01  2.012309e-02 
  106114067   1.259486e+01   2.118134e-01   1.259486e+01   2.118134e-01 223200705130406340       3514        412     0 2454233.672072  1.224952e+01  1.825938e-02  1.224952e+01  1.825938e-02 
  106114121   1.237767e+01   2.141930e-01   1.237767e+01   2.141930e-01 223200705130407290       3517        411     0 2454233.672697  1.226840e+01  1.878851e-02  1.226840e+01  1.878851e-02 
  106114177   1.243017e+01   2.175077e-01   1.243017e+01   2.175077e-01 223200705130408240       3520        411     0 2454233.673345  1.226381e+01  1.899868e-02  1.226381e+01  1.899868e-02 
  106114231   1.244458e+01   2.236941e-01   1.244458e+01   2.236941e-01 223200705130409190       3522        411     0 2454233.673970  1.226255e+01  1.951641e-02  1.226255e+01  1.951641e-02 
  124569528   2.216371e+01   2.975664e-01   2.216371e+01   2.975664e-01 221200712121841060      16940       8073     0 2454447.276944  1.163589e+01  1.457698e-02  1.163589e+01  1.457698e-02 
  124569721   2.290956e+01   3.033207e-01   2.290956e+01   3.033207e-01 223200712121844190       3102       4031     0 2454447.279178  1.159996e+01  1.437511e-02  1.159996e+01  1.437511e-02 
  124570455   2.616802e+01   1.713091e-01   2.616802e+01   1.713091e-01 222200712121856320       7060      19292     0 2454447.287674  1.145557e+01  7.107802e-03  1.145557e+01  7.107802e-03 
  124571711   2.014251e+01   1.414464e-01   2.014251e+01   1.414464e-01 223200712121917280       3117       3989     0 2454447.302211  1.173972e+01  7.624371e-03  1.173972e+01  7.624371e-03 
  124572795   2.650421e+01   1.419008e-01   2.650421e+01   1.419008e-01 222200712121935320       7060      19259     0 2454447.314757  1.144171e+01  5.812942e-03  1.144171e+01  5.812942e-03 
  124573045   1.954571e+01   1.401000e-01   1.954571e+01   1.401000e-01 223200712121939430       3103       3915     0 2454447.317650  1.177237e+01  7.782383e-03  1.177237e+01  7.782383e-03 
