0.8320722656922569
0.7326379619670145
0.6998882052440752
0.6837394940133777
0.6735114414667651
0.6672194918776257
0.6617320403586199
0.6464425229333547
0.6389214020524926
0.6252192355339007
0.6167031004525367
0.606267515411737
0.5921353744548753
0.5801467432080589
0.5711897383086699
0.5646987288324419
0.5549048350086454
0.5509603320442182
0.541889132282886
0.5409859650656637
0.5304315995868099
0.5253518555754612
0.5200725972637634
0.5172730385517109
0.5097773331165432
0.5084304926352197
0.5020500486501548
0.5003558023709471
0.4931502863598249
0.4905974467546081
0.4919829917865798
0.4850615162336711
0.4793065915354612
0.4784517263489916
0.4769617479996673
0.47797077046099035
0.46710259819078126
0.46752342029662236
0.46486026372807715
0.46137215132330855
0.4589491304567975
0.45509377870868745
0.45629111661311855
0.4499276848697236
0.4495209230585077
0.4521077622069536
0.4454770301777878
0.4484745087548406
0.438735632845211
0.43842525295829965
0.4379605247197626
0.43614588724137066
0.4320482855506828
0.43524134307100665
0.4306397603009278
0.428441063713015
0.4253523043154012
0.4247141243551812
0.42521515455321757
0.4170196245896008
0.41606834979308344
0.4203315642029824
0.4154934727704522
0.4118511245997869
0.4104822342038184
0.40859586766407335
0.4059193285206633
0.401029724554652
0.4029315496855703
0.40074279423324827
