0.8959406912548832
0.8933021931367623
0.8893644551145015
0.8899295564055413
0.8473001564292064
0.7674529718529772
0.7349663840975452
0.7076022101449173
0.6910701148084295
0.6815305441462552
0.673824620788613
0.6696905331218512
0.6632645827444488
0.6629671849179037
0.6531721328664779
0.6529701464164929
0.6466819206893311
0.6435052545721311
0.6461667669065129
0.6371706059146585
0.6399495673144103
0.6320645564064838
0.6408274927416362
0.6283050371305742
0.6252204673533586
0.6238742802437346
0.6193076074641426
0.6156620536307588
0.6142842308267755
0.6120638538744955
0.6044618680810466
0.6001215105409624
0.5960976631374373
0.5950863317990972
0.5876715033913417
0.5845082272570336
0.5845067137697361
0.5775252800145279
0.5772732120605802
0.5716264812118041
