\OBJNAME = '1SWASP J000450.97-732917.6'
\OBSSTART = '2006-05-11T04:14:48'
\OBSSTOP = '2007-12-12T19:38:43'
\TSTART = 74405756
\TSTOP = 124572980
\JD_REF = 2453005.5
\RA_OBJ = '1.212408'
\DEC_OBJ = '-73.488247'
\WASP_MAG = 11.26456
\HJD_START = 2453866.677731
\HJD_STOP = 2454447.316898
\fixlen = T
\NUMRECORDS = 370
\
\ This file was produced by the NASA Exoplanet Archive  http://exoplanetarchive.ipac.caltech.edu 
\ Thu Sep 19, 06:02:09 2013
\ Documentation for the SuperWASP dataset can be found at http://exoplanetarchive.ipac.caltech.edu/docs/SuperWASPMission.html
\
|TMID      |FLUX2         |FLUX2_ERR     |TAMFLUX2      |TAMFLUX2_ERR  |IMAGEID           |CCDX      |CCDY      |FLAG |           HJD|         MAG2|     MAG2_ERR|      TAMMAG2|  TAMMAG2_ERR|
|int       |float         |float         |float         |float         |char              |int       |int       |int  |        double|        float|        float|        float|        float|
|sec       |micro Vega    |micro Vega    |micro Vega    |micro Vega    |                  |1/16 pixel|1/16 pixel|     |           day|          mag|          mag|          mag|          mag|
|null      |null          |null          |null          |null          |null              |null      |null      |null |          null|         null|         null|         null|         null|
   74405756   3.184940e+01   2.556533e-01   3.184940e+01   2.556533e-01 223200605110414480       5060       5013     0 2453866.677731  1.124225e+01  8.715173e-03  1.124225e+01  8.715173e-03 
   74405809   3.219878e+01   2.727465e-01   3.219878e+01   2.727465e-01 223200605110415410       5065       5010     0 2453866.678345  1.123040e+01  9.196988e-03  1.123040e+01  9.196988e-03 
   74405893   3.230384e+01   2.938190e-01   3.230384e+01   2.938190e-01 223200605110417040       5070       5008     0 2453866.679317  1.122686e+01  9.875328e-03  1.122686e+01  9.875328e-03 
   74405958   3.290274e+01   3.263026e-01   3.290274e+01   3.263026e-01 223200605110418100       5079       4984     0 2453866.680069  1.120692e+01  1.076749e-02  1.120692e+01  1.076749e-02 
   74491869   3.297824e+01   2.757191e-01   3.297824e+01   2.757191e-01 223200605120409570       5084       4946     0 2453867.674410  1.120443e+01  9.077479e-03  1.120443e+01  9.077479e-03 
   74492007   3.303008e+01   2.869326e-01   3.303008e+01   2.869326e-01 223200605120412150       5093       4943     0 2453867.676007  1.120273e+01  9.431836e-03  1.120273e+01  9.431836e-03 
   74492060   3.369779e+01   2.976016e-01   3.369779e+01   2.976016e-01 223200605120413070       5095       4942     0 2453867.676620  1.118100e+01  9.588700e-03  1.118100e+01  9.588700e-03 
   74750391   3.244865e+01   3.595781e-01   3.244865e+01   3.595781e-01 223200605150358270       5081       4950     0 2453870.666562  1.122201e+01  1.203157e-02  1.122201e+01  1.203157e-02 
   74750451   3.285884e+01   3.543092e-01   3.285884e+01   3.543092e-01 223200605150359270       5085       4945     0 2453870.667257  1.120837e+01  1.170728e-02  1.120837e+01  1.170728e-02 
   74750505   3.225618e+01   3.543675e-01   3.225618e+01   3.543675e-01 223200605150400210       5090       4945     0 2453870.667882  1.122847e+01  1.192798e-02  1.122847e+01  1.192798e-02 
   74750564   3.278598e+01   3.576550e-01   3.278598e+01   3.576550e-01 223200605150401200       5092       4943     0 2453870.668565  1.121078e+01  1.184410e-02  1.121078e+01  1.184410e-02 
   75613651   3.055704e+01   1.945035e-01   3.055704e+01   1.945035e-01 223200605250345300       5158       4958     0 2453880.657998  1.128722e+01  6.911018e-03  1.128722e+01  6.911018e-03 
   75613714   3.028173e+01   1.926005e-01   3.028173e+01   1.926005e-01 223200605250346340       5168       4931     0 2453880.658727  1.129705e+01  6.905619e-03  1.129705e+01  6.905619e-03 
   75613772   3.025592e+01   1.924846e-01   3.025592e+01   1.924846e-01 223200605250347310       5171       4930     0 2453880.659398  1.129797e+01  6.907349e-03  1.129797e+01  6.907349e-03 
   75613840   3.055665e+01   1.937632e-01   3.055665e+01   1.937632e-01 223200605250348400       5168       4951     0 2453880.660185  1.128724e+01  6.884801e-03  1.128724e+01  6.884801e-03 
   75700106   3.070797e+01   1.933640e-01   3.070797e+01   1.933640e-01 223200605260346210       5178       4948     0 2453881.658634  1.128187e+01  6.836760e-03  1.128187e+01  6.836760e-03 
   75700169   3.022378e+01   1.913309e-01   3.022378e+01   1.913309e-01 223200605260347250       5185       4919     0 2453881.659363  1.129913e+01  6.873252e-03  1.129913e+01  6.873252e-03 
   75700236   3.029952e+01   1.894429e-01   3.029952e+01   1.894429e-01 223200605260348310       5183       4941     0 2453881.660139  1.129641e+01  6.788414e-03  1.129641e+01  6.788414e-03 
   75700305   3.065019e+01   1.916448e-01   3.065019e+01   1.916448e-01 223200605260349400       5190       4913     0 2453881.660938  1.128392e+01  6.788748e-03  1.128392e+01  6.788748e-03 
   76132325   3.088003e+01   1.774395e-01   3.088003e+01   1.774395e-01 223200605310349440       5240       4919     0 2453886.661169  1.127581e+01  6.238763e-03  1.127581e+01  6.238763e-03 
   76132392   3.059816e+01   1.765569e-01   3.059816e+01   1.765569e-01 223200605310350510       5249       4890     0 2453886.661944  1.128576e+01  6.264916e-03  1.128576e+01  6.264916e-03 
   76132441   3.056944e+01   1.768279e-01   3.056944e+01   1.768279e-01 223200605310351390       5250       4889     0 2453886.662512  1.128678e+01  6.280426e-03  1.128678e+01  6.280426e-03 
   76132503   3.045614e+01   1.765621e-01   3.045614e+01   1.765621e-01 223200605310352410       5252       4887     0 2453886.663229  1.129081e+01  6.294316e-03  1.129081e+01  6.294316e-03 
   76218796   2.945694e+01   1.752837e-01   2.945694e+01   1.752837e-01 223200606010350510       5259       4882     0 2453887.661991  1.132703e+01  6.460702e-03  1.132703e+01  6.460702e-03 
   76218864   2.956584e+01   1.760142e-01   2.956584e+01   1.760142e-01 223200606010351580       5258       4902     0 2453887.662778  1.132302e+01  6.463730e-03  1.132302e+01  6.463730e-03 
   76218934   2.967903e+01   1.755742e-01   2.967903e+01   1.755742e-01 223200606010353090       5262       4901     0 2453887.663588  1.131888e+01  6.422983e-03  1.131888e+01  6.422983e-03 
   76219020   2.979157e+01   1.765234e-01   2.979157e+01   1.765234e-01 223200606010354350       5270       4875     0 2453887.664583  1.131477e+01  6.433316e-03  1.131477e+01  6.433316e-03 
   76478201   2.911154e+01   1.839747e-01   2.911154e+01   1.839747e-01 223200606040354060       5270       4874     0 2453890.664363  1.133984e+01  6.861494e-03  1.133984e+01  6.861494e-03 
   76478274   2.906945e+01   1.840828e-01   2.906945e+01   1.840828e-01 223200606040355190       5270       4894     0 2453890.665208  1.134141e+01  6.875467e-03  1.134141e+01  6.875467e-03 
   76478350   2.906831e+01   1.830359e-01   2.906831e+01   1.830359e-01 223200606040356360       5278       4866     0 2453890.666088  1.134145e+01  6.836634e-03  1.134145e+01  6.836634e-03 
   76478403   2.891190e+01   1.825898e-01   2.891190e+01   1.825898e-01 223200606040357280       5280       4864     0 2453890.666701  1.134731e+01  6.856869e-03  1.134731e+01  6.856869e-03 
   76564544   2.998029e+01   3.547626e-01   2.998029e+01   3.547626e-01 223200606050353060       5297       4858     0 2453891.663704  1.130791e+01  1.284777e-02  1.130791e+01  1.284777e-02 
   76564603   2.809244e+01   3.440921e-01   2.809244e+01   3.440921e-01 223200606050354050       5301       4857     0 2453891.664387  1.137853e+01  1.329876e-02  1.137853e+01  1.329876e-02 
   76564663   2.897587e+01   3.475007e-01   2.897587e+01   3.475007e-01 223200606050355050       5304       4854     0 2453891.665081  1.134491e+01  1.302102e-02  1.134491e+01  1.302102e-02 
   76564721   3.431820e+01   3.373030e-01   3.431820e+01   3.373030e-01 223200606050356020       5306       4854     0 2453891.665752  1.116119e+01  1.067140e-02  1.116119e+01  1.067140e-02 
   76650915   2.975576e+01   1.827021e-01   2.975576e+01   1.827021e-01 223200606060352330       5286       4854     0 2453892.663368  1.131607e+01  6.666508e-03  1.131607e+01  6.666508e-03 
   76651049   2.915491e+01   1.843333e-01   2.915491e+01   1.843333e-01 223200606060354480       5292       4853     0 2453892.664919  1.133822e+01  6.864644e-03  1.133822e+01  6.864644e-03 
   76651105   2.923665e+01   1.824566e-01   2.923665e+01   1.824566e-01 223200606060355430       5295       4850     0 2453892.665567  1.133518e+01  6.775758e-03  1.133518e+01  6.775758e-03 
   76651181   2.962064e+01   1.838433e-01   2.962064e+01   1.838433e-01 223200606060357000       5292       4871     0 2453892.666447  1.132101e+01  6.738748e-03  1.132101e+01  6.738748e-03 
   76737409   2.867824e+01   1.823731e-01   2.867824e+01   1.823731e-01 223200606070354040       5296       4857     0 2453893.664456  1.135612e+01  6.904531e-03  1.135612e+01  6.904531e-03 
   76737462   2.899290e+01   1.817365e-01   2.899290e+01   1.817365e-01 223200606070354570       5298       4854     0 2453893.665069  1.134427e+01  6.805755e-03  1.134427e+01  6.805755e-03 
   76737517   2.870022e+01   1.805057e-01   2.870022e+01   1.805057e-01 223200606070355530       5300       4852     0 2453893.665706  1.135529e+01  6.828597e-03  1.135529e+01  6.828597e-03 
   76737573   2.873421e+01   1.810932e-01   2.873421e+01   1.810932e-01 223200606070356480       5302       4851     0 2453893.666354  1.135400e+01  6.842718e-03  1.135400e+01  6.842718e-03 
   76823799   3.069316e+01   1.818049e-01   3.069316e+01   1.818049e-01 223200606080353510       5322       4855     0 2453894.664340  1.128240e+01  6.431167e-03  1.128240e+01  6.431167e-03 
   76823858   3.080596e+01   1.819073e-01   3.080596e+01   1.819073e-01 223200606080354510       5325       4852     0 2453894.665023  1.127841e+01  6.411227e-03  1.127841e+01  6.411227e-03 
   76823917   3.081483e+01   1.816155e-01   3.081483e+01   1.816155e-01 223200606080355500       5327       4850     0 2453894.665706  1.127810e+01  6.399101e-03  1.127810e+01  6.399101e-03 
   76824003   3.035446e+01   1.817155e-01   3.035446e+01   1.817155e-01 223200606080357160       5325       4871     0 2453894.666701  1.129444e+01  6.499731e-03  1.129444e+01  6.499731e-03 
   76910225   2.905239e+01   1.798908e-01   2.905239e+01   1.798908e-01 223200606090354140       5318       4842     0 2453895.664641  1.134204e+01  6.722842e-03  1.134204e+01  6.722842e-03 
   76910279   2.969608e+01   1.816165e-01   2.969608e+01   1.816165e-01 223200606090355080       5320       4840     0 2453895.665266  1.131825e+01  6.640214e-03  1.131825e+01  6.640214e-03 
   76910363   2.950706e+01   1.826514e-01   2.950706e+01   1.826514e-01 223200606090356320       5318       4860     0 2453895.666238  1.132518e+01  6.720828e-03  1.132518e+01  6.720828e-03 
   76910435   2.940470e+01   1.800037e-01   2.940470e+01   1.800037e-01 223200606090357440       5325       4835     0 2453895.667072  1.132896e+01  6.646461e-03  1.132896e+01  6.646461e-03 
   76996580   3.118431e+01   2.568181e-01   3.118431e+01   2.568181e-01 223200606100353270       5323       4843     0 2453896.664120  1.126516e+01  8.941603e-03  1.126516e+01  8.941603e-03 
   76996645   3.134983e+01   2.544223e-01   3.134983e+01   2.544223e-01 223200606100354320       5327       4839     0 2453896.664873  1.125941e+01  8.811420e-03  1.125941e+01  8.811420e-03 
   76996706   3.100260e+01   2.518575e-01   3.100260e+01   2.518575e-01 223200606100355320       5329       4837     0 2453896.665579  1.127150e+01  8.820286e-03  1.127150e+01  8.820286e-03 
   76996761   3.114987e+01   2.494813e-01   3.114987e+01   2.494813e-01 223200606100356270       5331       4836     0 2453896.666215  1.126636e+01  8.695761e-03  1.126636e+01  8.695761e-03 
   77083000   3.354091e+01   3.899300e-01   3.354091e+01   3.899300e-01 223200606110353440       5336       4832     0 2453897.664352  1.118606e+01  1.262227e-02  1.118606e+01  1.262227e-02 
   77083077   3.339528e+01   3.895851e-01   3.339528e+01   3.895851e-01 223200606110355000       5335       4852     0 2453897.665243  1.119079e+01  1.266610e-02  1.119079e+01  1.266610e-02 
   77083158   3.322375e+01   3.859996e-01   3.322375e+01   3.859996e-01 223200606110356210       5342       4825     0 2453897.666181  1.119638e+01  1.261433e-02  1.119638e+01  1.261433e-02 
   77083212   3.304310e+01   3.865187e-01   3.304310e+01   3.865187e-01 223200606110357160       5343       4824     0 2453897.666806  1.120230e+01  1.270035e-02  1.120230e+01  1.270035e-02 
   77169266   3.252080e+01   4.740430e-01   3.252080e+01   4.740430e-01 223200606120351270       5334       4849     0 2453898.662801  1.121960e+01  1.582641e-02  1.121960e+01  1.582641e-02 
   77169328   3.245055e+01   4.748221e-01   3.245055e+01   4.748221e-01 223200606120352290       5342       4823     0 2453898.663519  1.122194e+01  1.588674e-02  1.122194e+01  1.588674e-02 
   77169386   3.336212e+01   4.707702e-01   3.336212e+01   4.707702e-01 223200606120353260       5344       4821     0 2453898.664190  1.119187e+01  1.532079e-02  1.119187e+01  1.532079e-02 
   77169446   3.278220e+01   4.664564e-01   3.278220e+01   4.664564e-01 223200606120354260       5345       4818     0 2453898.664884  1.121091e+01  1.544894e-02  1.121091e+01  1.544894e-02 
   77514756   3.495102e+01   2.626929e+00   3.495102e+01   2.626929e+00 223200606160349260       5347       4787     0 2453902.661528  1.114135e+01  8.160453e-02  1.114135e+01  8.160453e-02 
   77601376   3.138881e+01   2.320006e-01   3.138881e+01   2.320006e-01 223200606170353030       5358       4773     0 2453903.664074  1.125806e+01  8.024908e-03  1.125806e+01  8.024908e-03 
   77601446   3.092225e+01   2.313181e-01   3.092225e+01   2.313181e-01 223200606170354120       5355       4794     0 2453903.664884  1.127432e+01  8.122023e-03  1.127432e+01  8.122023e-03 
   77601516   3.103771e+01   2.314731e-01   3.103771e+01   2.314731e-01 223200606170355220       5357       4792     0 2453903.665694  1.127028e+01  8.097234e-03  1.127028e+01  8.097234e-03 
   77601573   3.096221e+01   2.292578e-01   3.096221e+01   2.292578e-01 223200606170356190       5363       4766     0 2453903.666354  1.127292e+01  8.039295e-03  1.127292e+01  8.039295e-03 
   77687719   3.063190e+01   2.083584e-01   3.063190e+01   2.083584e-01 223200606180352030       5378       4767     0 2453904.663414  1.128456e+01  7.385211e-03  1.128456e+01  7.385211e-03 
   77687762   3.080487e+01   2.094279e-01   3.080487e+01   2.094279e-01 223200606180352470       5380       4765     0 2453904.663912  1.127845e+01  7.381437e-03  1.127845e+01  7.381437e-03 
   77687830   3.026822e+01   2.091231e-01   3.026822e+01   2.091231e-01 223200606180353550       5381       4764     0 2453904.664699  1.129753e+01  7.501375e-03  1.129753e+01  7.501375e-03 
   77687881   2.984906e+01   2.084238e-01   2.984906e+01   2.084238e-01 223200606180354460       5382       4762     0 2453904.665289  1.131267e+01  7.581279e-03  1.131267e+01  7.581279e-03 
   77774356   3.106474e+01   1.935584e-01   3.106474e+01   1.935584e-01 223200606190355570       5424       4748     0 2453905.666157  1.126933e+01  6.765036e-03  1.126933e+01  6.765036e-03 
   77774412   3.101935e+01   1.933699e-01   3.101935e+01   1.933699e-01 223200606190356530       5424       4748     0 2453905.666806  1.127092e+01  6.768338e-03  1.127092e+01  6.768338e-03 
   77774474   3.113515e+01   1.936974e-01   3.113515e+01   1.936974e-01 223200606190357560       5423       4747     0 2453905.667523  1.126687e+01  6.754586e-03  1.126687e+01  6.754586e-03 
   77774539   3.108214e+01   1.941225e-01   3.108214e+01   1.941225e-01 223200606190359000       5418       4770     0 2453905.668275  1.126872e+01  6.780955e-03  1.126872e+01  6.780955e-03 
   77860770   2.978043e+01   1.816120e-01   2.978043e+01   1.816120e-01 223200606200356080       5408       4742     0 2453906.666319  1.131517e+01  6.621240e-03  1.131517e+01  6.621240e-03 
   77860829   3.000286e+01   1.818319e-01   3.000286e+01   1.818319e-01 223200606200357080       5408       4741     0 2453906.667002  1.130709e+01  6.580111e-03  1.130709e+01  6.580111e-03 
   77860893   2.972709e+01   1.814191e-01   2.972709e+01   1.814191e-01 223200606200358110       5408       4741     0 2453906.667743  1.131712e+01  6.626077e-03  1.131712e+01  6.626077e-03 
   77860958   2.990258e+01   1.818538e-01   2.990258e+01   1.818538e-01 223200606200359170       5402       4766     0 2453906.668495  1.131073e+01  6.602975e-03  1.131073e+01  6.602975e-03 
   77947080   2.984520e+01   1.896487e-01   2.984520e+01   1.896487e-01 223200606210354360       5402       4741     0 2453907.665278  1.131281e+01  6.899239e-03  1.131281e+01  6.899239e-03 
   77947134   2.942943e+01   1.885755e-01   2.942943e+01   1.885755e-01 223200606210355300       5403       4742     0 2453907.665903  1.132805e+01  6.957116e-03  1.132805e+01  6.957116e-03 
   77947212   2.985936e+01   1.900556e-01   2.985936e+01   1.900556e-01 223200606210356480       5398       4765     0 2453907.666806  1.131230e+01  6.910764e-03  1.131230e+01  6.910764e-03 
   77947279   2.996517e+01   1.898038e-01   2.996517e+01   1.898038e-01 223200606210357550       5403       4742     0 2453907.667581  1.130846e+01  6.877238e-03  1.130846e+01  6.877238e-03 
   78119990   2.895770e+01   1.837363e-01   2.895770e+01   1.837363e-01 223200606230356210       5394       4721     0 2453909.666551  1.134559e+01  6.889009e-03  1.134559e+01  6.889009e-03 
   78120044   2.908387e+01   1.837109e-01   2.908387e+01   1.837109e-01 223200606230357150       5393       4722     0 2453909.667176  1.134087e+01  6.858174e-03  1.134087e+01  6.858174e-03 
   78120192   2.906976e+01   1.851376e-01   2.906976e+01   1.851376e-01 223200606230359440       5390       4729     0 2453909.668889  1.134140e+01  6.914790e-03  1.134140e+01  6.914790e-03 
   78120254   2.931768e+01   1.853312e-01   2.931768e+01   1.853312e-01 223200606230400460       5393       4708     0 2453909.669606  1.133218e+01  6.863485e-03  1.133218e+01  6.863485e-03 
   78206449   2.957820e+01   1.824264e-01   2.957820e+01   1.824264e-01 223200606240357190       5412       4706     0 2453910.667234  1.132257e+01  6.696404e-03  1.132257e+01  6.696404e-03 
   78206508   2.990444e+01   1.823989e-01   2.990444e+01   1.823989e-01 223200606240358180       5409       4710     0 2453910.667917  1.131066e+01  6.622352e-03  1.131066e+01  6.622352e-03 
   78206583   3.000611e+01   1.827187e-01   3.000611e+01   1.827187e-01 223200606240359320       5399       4738     0 2453910.668785  1.130698e+01  6.611487e-03  1.130698e+01  6.611487e-03 
   78206642   3.022106e+01   1.839182e-01   3.022106e+01   1.839182e-01 223200606240400310       5396       4724     0 2453910.669468  1.129923e+01  6.607557e-03  1.129923e+01  6.607557e-03 
   78292888   3.004115e+01   1.795667e-01   3.004115e+01   1.795667e-01 223200606250357560       5414       4689     0 2453911.667685  1.130571e+01  6.489858e-03  1.130571e+01  6.489858e-03 
   78292942   3.016811e+01   1.788664e-01   3.016811e+01   1.788664e-01 223200606250358490       5408       4697     0 2453911.668310  1.130113e+01  6.437341e-03  1.130113e+01  6.437341e-03 
   78292993   3.013042e+01   1.791344e-01   3.013042e+01   1.791344e-01 223200606250359400       5398       4710     0 2453911.668900  1.130249e+01  6.455049e-03  1.130249e+01  6.455049e-03 
   78293055   3.050358e+01   1.804820e-01   3.050358e+01   1.804820e-01 223200606250400430       5398       4709     0 2453911.669618  1.128912e+01  6.424051e-03  1.128912e+01  6.424051e-03 
   78724956   3.024177e+01   1.831423e-01   3.024177e+01   1.831423e-01 223200606300358520       5420       4691     0 2453916.668472  1.129848e+01  6.575175e-03  1.129848e+01  6.575175e-03 
   78725033   3.017361e+01   1.835196e-01   3.017361e+01   1.835196e-01 223200606300400090       5428       4664     0 2453916.669363  1.130093e+01  6.603604e-03  1.130093e+01  6.603604e-03 
   78725080   2.993054e+01   1.828790e-01   2.993054e+01   1.828790e-01 223200606300400570       5428       4662     0 2453916.669907  1.130971e+01  6.633995e-03  1.130971e+01  6.633995e-03 
   78725144   3.043646e+01   1.840101e-01   3.043646e+01   1.840101e-01 223200606300402000       5429       4660     0 2453916.670648  1.129151e+01  6.564074e-03  1.129151e+01  6.564074e-03 
   78811392   2.966921e+01   1.868583e-01   2.966921e+01   1.868583e-01 223200607010359260       5421       4657     0 2453917.668889  1.131923e+01  6.838050e-03  1.131923e+01  6.838050e-03 
   78811471   2.944207e+01   1.879427e-01   2.944207e+01   1.879427e-01 223200607010400450       5418       4678     0 2453917.669803  1.132758e+01  6.930795e-03  1.132758e+01  6.930795e-03 
   78811536   2.955820e+01   1.866455e-01   2.955820e+01   1.866455e-01 223200607010401510       5423       4652     0 2453917.670556  1.132331e+01  6.855916e-03  1.132331e+01  6.855916e-03 
   78811587   2.950615e+01   1.870956e-01   2.950615e+01   1.870956e-01 223200607010402420       5424       4649     0 2453917.671146  1.132522e+01  6.884570e-03  1.132522e+01  6.884570e-03 
   78897861   6.392453e+01   7.864507e-01   6.392453e+01   7.864507e-01 223200607020400340       5433       4645     0 2453918.669688  1.048583e+01  1.335764e-02  1.048583e+01  1.335764e-02 
   78897915   2.391007e+01   3.991066e-01   2.391007e+01   3.991066e-01 223200607020401280       5433       4643     0 2453918.670313  1.155355e+01  1.812316e-02  1.155355e+01  1.812316e-02 
   78984204   3.000352e+01   1.834111e-01   3.000352e+01   1.834111e-01 223200607030359350       5439       4633     0 2453919.669028  1.130707e+01  6.637114e-03  1.130707e+01  6.637114e-03 
   78984258   2.997293e+01   1.822990e-01   2.997293e+01   1.822990e-01 223200607030400290       5442       4630     0 2453919.669653  1.130818e+01  6.603603e-03  1.130818e+01  6.603603e-03 
   78984316   3.008853e+01   1.823099e-01   3.008853e+01   1.823099e-01 223200607030401270       5442       4628     0 2453919.670324  1.130400e+01  6.578623e-03  1.130400e+01  6.578623e-03 
   78984371   2.987689e+01   1.822005e-01   2.987689e+01   1.822005e-01 223200607030402220       5443       4627     0 2453919.670961  1.131166e+01  6.621250e-03  1.131166e+01  6.621250e-03 
   79070528   3.007372e+01   1.797945e-01   3.007372e+01   1.797945e-01 223200607040358180       5436       4612     0 2453920.668148  1.130453e+01  6.491052e-03  1.130453e+01  6.491052e-03 
   79070574   3.029361e+01   1.794805e-01   3.029361e+01   1.794805e-01 223200607040359040       5437       4611     0 2453920.668681  1.129662e+01  6.432683e-03  1.129662e+01  6.432683e-03 
   79070640   2.964614e+01   1.781824e-01   2.964614e+01   1.781824e-01 223200607040400090       5438       4608     0 2453920.669444  1.132008e+01  6.525632e-03  1.132008e+01  6.525632e-03 
   79070692   3.001047e+01   1.791635e-01   3.001047e+01   1.791635e-01 223200607040401020       5439       4606     0 2453920.670046  1.130682e+01  6.481903e-03  1.130682e+01  6.481903e-03 
   79415956   2.907203e+01   1.806941e-01   2.907203e+01   1.806941e-01 223200607080355190       5434       4596     0 2453924.666157  1.134131e+01  6.748299e-03  1.134131e+01  6.748299e-03 
   79416113   2.899282e+01   1.800348e-01   2.899282e+01   1.800348e-01 223200607080357570       5436       4617     0 2453924.667975  1.134427e+01  6.742048e-03  1.134427e+01  6.742048e-03 
   79416180   2.888792e+01   1.783593e-01   2.888792e+01   1.783593e-01 223200607080359030       5441       4591     0 2453924.668750  1.134821e+01  6.703558e-03  1.134821e+01  6.703558e-03 
   79416238   2.929075e+01   1.799587e-01   2.929075e+01   1.799587e-01 223200607080400010       5442       4588     0 2453924.669421  1.133317e+01  6.670652e-03  1.133317e+01  6.670652e-03 
   79502444   3.099821e+01   2.145388e-01   3.099821e+01   2.145388e-01 223200607090356460       5446       4589     0 2453925.667176  1.127166e+01  7.514414e-03  1.127166e+01  7.514414e-03 
   79502496   3.117834e+01   2.139909e-01   3.117834e+01   2.139909e-01 223200607090357380       5446       4587     0 2453925.667778  1.126537e+01  7.451922e-03  1.126537e+01  7.451922e-03 
   79502565   3.127404e+01   2.110263e-01   3.127404e+01   2.110263e-01 223200607090358470       5447       4584     0 2453925.668576  1.126204e+01  7.326193e-03  1.126204e+01  7.326193e-03 
   79502719   3.098079e+01   2.091891e-01   3.098079e+01   2.091891e-01 223200607090401200       5444       4567     0 2453925.670359  1.127227e+01  7.331154e-03  1.127227e+01  7.331154e-03 
   80278195   3.171305e+01   2.322669e-01   3.171305e+01   2.322669e-01 223200607180325470       5476       4546     0 2453934.645775  1.124691e+01  7.951978e-03  1.124691e+01  7.951978e-03 
   80278257   3.279309e+01   2.305917e-01   3.279309e+01   2.305917e-01 223200607180326500       5480       4519     0 2453934.646493  1.121054e+01  7.634613e-03  1.121054e+01  7.634613e-03 
   80278332   3.621934e+01   2.639521e-01   3.621934e+01   2.639521e-01 223200607180328050       5475       4541     0 2453934.647361  1.110265e+01  7.912439e-03  1.110265e+01  7.912439e-03 
   80278410   2.551410e+01   3.059759e-01   2.551410e+01   3.059759e-01 223200607180329220       5481       4514     0 2453934.648264  1.148305e+01  1.302066e-02  1.148305e+01  1.302066e-02 
   80364287   2.957783e+01   1.916825e-01   2.957783e+01   1.916825e-01 223200607190320380       5473       4530     0 2453935.642211  1.132258e+01  7.036262e-03  1.132258e+01  7.036262e-03 
   80364343   2.963647e+01   1.914656e-01   2.963647e+01   1.914656e-01 223200607190321350       5472       4528     0 2453935.642859  1.132043e+01  7.014392e-03  1.132043e+01  7.014392e-03 
   80364403   2.981004e+01   1.916220e-01   2.981004e+01   1.916220e-01 223200607190322340       5473       4527     0 2453935.643553  1.131409e+01  6.979249e-03  1.131409e+01  6.979249e-03 
   80364464   2.938718e+01   1.909922e-01   2.938718e+01   1.909922e-01 223200607190323360       5473       4525     0 2453935.644259  1.132961e+01  7.056406e-03  1.132961e+01  7.056406e-03 
   80450503   3.040106e+01   1.859990e-01   3.040106e+01   1.859990e-01 223200607200317340       5477       4521     0 2453936.640081  1.129278e+01  6.642747e-03  1.129278e+01  6.642747e-03 
   80450564   2.991463e+01   1.849560e-01   2.991463e+01   1.849560e-01 223200607200318350       5477       4520     0 2453936.640787  1.131029e+01  6.712907e-03  1.131029e+01  6.712907e-03 
   80450628   3.021207e+01   1.853782e-01   3.021207e+01   1.853782e-01 223200607200319380       5477       4518     0 2453936.641528  1.129955e+01  6.661989e-03  1.129955e+01  6.661989e-03 
   80450685   3.035564e+01   1.857464e-01   3.035564e+01   1.857464e-01 223200607200320360       5477       4516     0 2453936.642187  1.129440e+01  6.643654e-03  1.129440e+01  6.643654e-03 
   80967434   2.998318e+01   1.815681e-01   2.998318e+01   1.815681e-01 223200607260253020       5436       4557     0 2453942.623079  1.130781e+01  6.574877e-03  1.130781e+01  6.574877e-03 
   80967493   2.981540e+01   1.801424e-01   2.981540e+01   1.801424e-01 223200607260254000       5437       4555     0 2453942.623762  1.131390e+01  6.559961e-03  1.131390e+01  6.559961e-03 
   80967553   2.984466e+01   1.802588e-01   2.984466e+01   1.802588e-01 223200607260255010       5438       4552     0 2453942.624456  1.131283e+01  6.557760e-03  1.131283e+01  6.557760e-03 
   80967609   2.992103e+01   1.802622e-01   2.992103e+01   1.802622e-01 223200607260255560       5439       4550     0 2453942.625104  1.131006e+01  6.541149e-03  1.131006e+01  6.541149e-03 
   81053654   2.927197e+01   1.871664e-01   2.927197e+01   1.871664e-01 223200607270250020       5432       4553     0 2453943.620995  1.133387e+01  6.942276e-03  1.133387e+01  6.942276e-03 
   81053716   2.962769e+01   1.927673e-01   2.962769e+01   1.927673e-01 223200607270251040       5433       4550     0 2453943.621713  1.132076e+01  7.064175e-03  1.132076e+01  7.064175e-03 
   81053772   2.871150e+01   1.875052e-01   2.871150e+01   1.875052e-01 223200607270251590       5434       4548     0 2453943.622361  1.135486e+01  7.090604e-03  1.135486e+01  7.090604e-03 
   81053834   2.898221e+01   1.852939e-01   2.898221e+01   1.852939e-01 223200607270253010       5434       4546     0 2453943.623079  1.134467e+01  6.941531e-03  1.134467e+01  6.941531e-03 
   81139831   3.163892e+01   9.226998e-01   3.163892e+01   9.226998e-01 223200607280246190       5450       4544     0 2453944.618414  1.124945e+01  3.166392e-02  1.124945e+01  3.166392e-02 
   81139890   2.860030e+01   1.516412e+00   2.860030e+01   1.516412e+00 223200607280247170       5450       4541     0 2453944.619097  1.135907e+01  5.756684e-02  1.135907e+01  5.756684e-02 
   81139944   2.860930e+01   9.666144e-01   2.860930e+01   9.666144e-01 223200607280248110       5451       4540     0 2453944.619722  1.135873e+01  3.668359e-02  1.135873e+01  3.668359e-02 
   81139998   2.859217e+01   6.601361e-01   2.859217e+01   6.601361e-01 223200607280249060       5451       4538     0 2453944.620347  1.135938e+01  2.506756e-02  1.135938e+01  2.506756e-02 
   82346064   3.304640e+01   4.016751e-01   3.304640e+01   4.016751e-01 223200608110150170       5445       4583     0 2453958.579444  1.120219e+01  1.319704e-02  1.120219e+01  1.319704e-02 
   82346120   3.332702e+01   4.007490e-01   3.332702e+01   4.007490e-01 223200608110151120       5448       4581     0 2453958.580093  1.119301e+01  1.305575e-02  1.119301e+01  1.305575e-02 
   82346175   3.379082e+01   4.019634e-01   3.379082e+01   4.019634e-01 223200608110152070       5448       4577     0 2453958.580729  1.117800e+01  1.291557e-02  1.117800e+01  1.291557e-02 
   82346234   3.332921e+01   3.998409e-01   3.332921e+01   3.998409e-01 223200608110153070       5449       4575     0 2453958.581412  1.119294e+01  1.302531e-02  1.119294e+01  1.302531e-02 
   82518420   3.154494e+01   2.821087e-01   3.154494e+01   2.821087e-01 223200608130142530       5450       4554     0 2453960.574306  1.125268e+01  9.709852e-03  1.125268e+01  9.709852e-03 
   82518479   3.185494e+01   2.824024e-01   3.185494e+01   2.824024e-01 223200608130143520       5451       4552     0 2453960.574988  1.124206e+01  9.625370e-03  1.124206e+01  9.625370e-03 
   82518541   3.173383e+01   2.816558e-01   3.173383e+01   2.816558e-01 223200608130144550       5450       4547     0 2453960.575706  1.124619e+01  9.636560e-03  1.124619e+01  9.636560e-03 
   82518619   3.160206e+01   2.819747e-01   3.160206e+01   2.819747e-01 223200608130146120       5445       4567     0 2453960.576609  1.125071e+01  9.687698e-03  1.125071e+01  9.687698e-03 
   82604601   3.133994e+01   2.433213e-01   3.133994e+01   2.433213e-01 223200608140139160       5448       4573     0 2453961.571771  1.125975e+01  8.429617e-03  1.125975e+01  8.429617e-03 
   82604657   3.195480e+01   2.451721e-01   3.195480e+01   2.451721e-01 223200608140140120       5455       4570     0 2453961.572419  1.123866e+01  8.330303e-03  1.123866e+01  8.330303e-03 
   82604714   3.174075e+01   2.483776e-01   3.174075e+01   2.483776e-01 223200608140141080       5468       4567     0 2453961.573079  1.124596e+01  8.496130e-03  1.124596e+01  8.496130e-03 
   82604768   3.187989e+01   2.515800e-01   3.187989e+01   2.515800e-01 223200608140142030       5468       4565     0 2453961.573704  1.124121e+01  8.568112e-03  1.124121e+01  8.568112e-03 
   82863073   3.005455e+01   1.986678e-01   3.005455e+01   1.986678e-01 223200608170127120       5438       4582     0 2453964.563345  1.130522e+01  7.177003e-03  1.130522e+01  7.177003e-03 
   82863141   3.013424e+01   1.991069e-01   3.013424e+01   1.991069e-01 223200608170128190       5447       4551     0 2453964.564132  1.130235e+01  7.173844e-03  1.130235e+01  7.173844e-03 
   82863197   3.023635e+01   1.997569e-01   3.023635e+01   1.997569e-01 223200608170129150       5448       4549     0 2453964.564780  1.129868e+01  7.172955e-03  1.129868e+01  7.172955e-03 
   82863257   3.065523e+01   2.004510e-01   3.065523e+01   2.004510e-01 223200608170130160       5448       4547     0 2453964.565475  1.128374e+01  7.099528e-03  1.128374e+01  7.099528e-03 
   82949246   2.839220e+01   1.788457e-01   2.839220e+01   1.788457e-01 223200608180123250       5444       4530     0 2453965.560718  1.136700e+01  6.839197e-03  1.136700e+01  6.839197e-03 
   82949308   2.876473e+01   1.807131e-01   2.876473e+01   1.807131e-01 223200608180124270       5446       4529     0 2453965.561435  1.135285e+01  6.821112e-03  1.135285e+01  6.821112e-03 
   82949371   2.851506e+01   1.794783e-01   2.851506e+01   1.794783e-01 223200608180125310       5446       4526     0 2453965.562164  1.136231e+01  6.833818e-03  1.136231e+01  6.833818e-03 
   82949462   2.903474e+01   1.800162e-01   2.903474e+01   1.800162e-01 223200608180127020       5441       4544     0 2453965.563218  1.134270e+01  6.731620e-03  1.134270e+01  6.731620e-03 
   83724671   2.978144e+01   1.796255e-01   2.978144e+01   1.796255e-01 223200608270047250       5422       4580     0 2453974.535544  1.131514e+01  6.548596e-03  1.131514e+01  6.548596e-03 
   83724735   3.012592e+01   1.806917e-01   3.012592e+01   1.806917e-01 223200608270048280       5426       4547     0 2453974.536285  1.130265e+01  6.512139e-03  1.130265e+01  6.512139e-03 
   83724810   3.001679e+01   1.804564e-01   3.001679e+01   1.804564e-01 223200608270049440       5422       4568     0 2453974.537153  1.130659e+01  6.527303e-03  1.130659e+01  6.527303e-03 
   83724872   2.972179e+01   1.794201e-01   2.972179e+01   1.794201e-01 223200608270050460       5427       4540     0 2453974.537870  1.131731e+01  6.554234e-03  1.131731e+01  6.554234e-03 
   83810837   2.897090e+01   1.768080e-01   2.897090e+01   1.768080e-01 223200608280043330       5427       4570     0 2453975.532836  1.134509e+01  6.626217e-03  1.134509e+01  6.626217e-03 
   83810889   2.909459e+01   1.770966e-01   2.909459e+01   1.770966e-01 223200608280044250       5429       4567     0 2453975.533437  1.134047e+01  6.608819e-03  1.134047e+01  6.608819e-03 
   83810960   2.901309e+01   1.759253e-01   2.901309e+01   1.759253e-01 223200608280045350       5428       4563     0 2453975.534259  1.134352e+01  6.583550e-03  1.134352e+01  6.583550e-03 
   83811017   2.951780e+01   1.774459e-01   2.951780e+01   1.774459e-01 223200608280046320       5428       4561     0 2453975.534919  1.132479e+01  6.526912e-03  1.132479e+01  6.526912e-03 
   84328669   3.066707e+01   3.117583e-01   3.066707e+01   3.117583e-01 223200609030034170       5418       4500     0 2453981.526262  1.128332e+01  1.103752e-02  1.128332e+01  1.103752e-02 
   84328741   3.154282e+01   3.174505e-01   3.154282e+01   3.174505e-01 223200609030035280       5413       4519     0 2453981.527095  1.125275e+01  1.092701e-02  1.125275e+01  1.092701e-02 
   84328808   3.157619e+01   3.305281e-01   3.157619e+01   3.305281e-01 223200609030036350       5414       4486     0 2453981.527870  1.125160e+01  1.136513e-02  1.125160e+01  1.136513e-02 
   84328865   3.066572e+01   3.185368e-01   3.066572e+01   3.185368e-01 223200609030037320       5415       4485     0 2453981.528530  1.128337e+01  1.127801e-02  1.128337e+01  1.127801e-02 
   84500175   3.371751e+01   4.489935e-01   3.371751e+01   4.489935e-01 223200609050012480       5425       4564     0 2453983.511285  1.118036e+01  1.445807e-02  1.118036e+01  1.445807e-02 
   84500235   3.295760e+01   4.451264e-01   3.295760e+01   4.451264e-01 223200609050013480       5426       4561     0 2453983.511979  1.120511e+01  1.466404e-02  1.120511e+01  1.466404e-02 
   84500297   3.367690e+01   4.450005e-01   3.367690e+01   4.450005e-01 223200609050014500       5426       4558     0 2453983.512697  1.118167e+01  1.434677e-02  1.118167e+01  1.434677e-02 
   84500375   3.343693e+01   4.445776e-01   3.343693e+01   4.445776e-01 223200609050016080       5421       4578     0 2453983.513600  1.118943e+01  1.443601e-02  1.118943e+01  1.443601e-02 
   84844849   3.263530e+01   6.019465e-01   3.263530e+01   6.019465e-01 223200609082357310       5435       4573     0 2453987.500567  1.121578e+01  2.002609e-02  1.121578e+01  2.002609e-02 
   84844905   3.325722e+01   6.051940e-01   3.325722e+01   6.051940e-01 223200609082358260       5436       4568     0 2453987.501215  1.119528e+01  1.975761e-02  1.119528e+01  1.975761e-02 
   84844962   3.378206e+01   6.020651e-01   3.378206e+01   6.020651e-01 223200609082359230       5435       4565     0 2453987.501875  1.117828e+01  1.935010e-02  1.117828e+01  1.935010e-02 
   84845024   3.276209e+01   5.993457e-01   3.276209e+01   5.993457e-01 223200609090000260       5435       4563     0 2453987.502593  1.121157e+01  1.986239e-02  1.121157e+01  1.986239e-02 
   85017148   3.221984e+01   3.535984e-01   3.221984e+01   3.535984e-01 223200609102349160       5411       4526     0 2453989.494769  1.122969e+01  1.191551e-02  1.122969e+01  1.191551e-02 
   85017215   3.204411e+01   4.376167e-01   3.204411e+01   4.376167e-01 223200609102350220       5413       4523     0 2453989.495544  1.123563e+01  1.482762e-02  1.123563e+01  1.482762e-02 
   85017274   3.233163e+01   3.944274e-01   3.233163e+01   3.944274e-01 223200609102351210       5413       4521     0 2453989.496227  1.122593e+01  1.324541e-02  1.122593e+01  1.324541e-02 
   85017332   3.317230e+01   4.013872e-01   3.317230e+01   4.013872e-01 223200609102352200       5411       4514     0 2453989.496898  1.119806e+01  1.313753e-02  1.119806e+01  1.313753e-02 
   85361740   2.952177e+01   1.775693e-01   2.952177e+01   1.775693e-01 223200609142332380       5414       4479     0 2453993.483102  1.132464e+01  6.530571e-03  1.132464e+01  6.530571e-03 
   85361797   2.903098e+01   1.764533e-01   2.903098e+01   1.764533e-01 223200609142333360       5415       4476     0 2453993.483762  1.134285e+01  6.599243e-03  1.134285e+01  6.599243e-03 
   85361858   2.891595e+01   1.761839e-01   2.891595e+01   1.761839e-01 223200609142334370       5416       4473     0 2453993.484468  1.134716e+01  6.615377e-03  1.134716e+01  6.615377e-03 
   85361933   2.915795e+01   1.758687e-01   2.915795e+01   1.758687e-01 223200609142335520       5410       4493     0 2453993.485336  1.133811e+01  6.548734e-03  1.133811e+01  6.548734e-03 
   85620637   2.966402e+01   1.916582e-01   2.966402e+01   1.916582e-01 223200609172327440       5383       4485     0 2453996.479595  1.131942e+01  7.014929e-03  1.131942e+01  7.014929e-03 
   85620696   2.970621e+01   1.919736e-01   2.970621e+01   1.919736e-01 223200609172328430       5384       4481     0 2453996.480278  1.131788e+01  7.016495e-03  1.131788e+01  7.016495e-03 
   85620759   2.920226e+01   1.908919e-01   2.920226e+01   1.908919e-01 223200609172329460       5384       4478     0 2453996.481007  1.133646e+01  7.097359e-03  1.133646e+01  7.097359e-03 
   85620813   2.941391e+01   1.920000e-01   2.941391e+01   1.920000e-01 223200609172330410       5383       4475     0 2453996.481632  1.132862e+01  7.087192e-03  1.132862e+01  7.087192e-03 
   85706433   2.963801e+01   1.915452e-01   2.963801e+01   1.915452e-01 223200609182317440       5387       4458     0 2453997.472604  1.132038e+01  7.016947e-03  1.132038e+01  7.016947e-03 
   85706496   3.014538e+01   1.921482e-01   3.014538e+01   1.921482e-01 223200609182318460       5391       4435     0 2453997.473333  1.130195e+01  6.920562e-03  1.130195e+01  6.920562e-03 
   85706551   2.946153e+01   1.891557e-01   2.946153e+01   1.891557e-01 223200609182319410       5392       4433     0 2453997.473970  1.132686e+01  6.970921e-03  1.132686e+01  6.970921e-03 
   85706628   3.017464e+01   1.927077e-01   3.017464e+01   1.927077e-01 223200609182320580       5387       4455     0 2453997.474861  1.130089e+01  6.933983e-03  1.130089e+01  6.933983e-03 
   85878747   3.051674e+01   1.883064e-01   3.051674e+01   1.883064e-01 223200609202309430       5388       4511     0 2453999.466979  1.128865e+01  6.699660e-03  1.128865e+01  6.699660e-03 
   85878804   3.040449e+01   1.885577e-01   3.040449e+01   1.885577e-01 223200609202310400       5391       4508     0 2453999.467639  1.129266e+01  6.733367e-03  1.129266e+01  6.733367e-03 
   85878865   3.029533e+01   1.890366e-01   3.029533e+01   1.890366e-01 223200609202311410       5391       4506     0 2453999.468345  1.129656e+01  6.774792e-03  1.129656e+01  6.774792e-03 
   85878925   3.011962e+01   1.888883e-01   3.011962e+01   1.888883e-01 223200609202312420       5392       4503     0 2453999.469039  1.130288e+01  6.808969e-03  1.130288e+01  6.808969e-03 
   85964870   3.032560e+01   1.794064e-01   3.032560e+01   1.794064e-01 223200609212305090       5402       4506     0 2454000.463773  1.129548e+01  6.423244e-03  1.129548e+01  6.423244e-03 
   85965023   3.032713e+01   1.787464e-01   3.032713e+01   1.787464e-01 223200609212307420       5404       4498     0 2454000.465544  1.129542e+01  6.399290e-03  1.129542e+01  6.399290e-03 
   85965086   3.037131e+01   1.783591e-01   3.037131e+01   1.783591e-01 223200609212308460       5405       4496     0 2454000.466273  1.129384e+01  6.376136e-03  1.129384e+01  6.376136e-03 
   85965142   3.024341e+01   1.780763e-01   3.024341e+01   1.780763e-01 223200609212309410       5406       4494     0 2454000.466921  1.129842e+01  6.392947e-03  1.129842e+01  6.392947e-03 
   86404983   3.050007e+01   1.838906e-01   3.050007e+01   1.838906e-01 223200609270120390       5266       4151     0 2454005.557674  1.128925e+01  6.546127e-03  1.128925e+01  6.546127e-03 
   86405044   3.100841e+01   1.850805e-01   3.100841e+01   1.850805e-01 223200609270121400       5271       4125     0 2454005.558380  1.127130e+01  6.480475e-03  1.127130e+01  6.480475e-03 
   86405112   3.014533e+01   1.831251e-01   3.014533e+01   1.831251e-01 223200609270122490       5269       4122     0 2454005.559167  1.130195e+01  6.595592e-03  1.130195e+01  6.595592e-03 
   86405173   3.099025e+01   1.855871e-01   3.099025e+01   1.855871e-01 223200609270123490       5268       4121     0 2454005.559873  1.127194e+01  6.502023e-03  1.127194e+01  6.502023e-03 
   87688153   3.030094e+01   1.665339e-01   3.030094e+01   1.665339e-01 223200610112147440       5067       4310     0 2454020.409178  1.129636e+01  5.967224e-03  1.129636e+01  5.967224e-03 
   87688227   3.024499e+01   1.657893e-01   3.024499e+01   1.657893e-01 223200610112148580       5072       4283     0 2454020.410035  1.129837e+01  5.951533e-03  1.129837e+01  5.951533e-03 
   87688281   2.996930e+01   1.653087e-01   2.996930e+01   1.653087e-01 223200610112149520       5072       4280     0 2454020.410660  1.130831e+01  5.988871e-03  1.130831e+01  5.988871e-03 
   87860498   3.143608e+01   1.777829e-01   3.143608e+01   1.777829e-01 223200610132140170       5031       4333     0 2454022.403912  1.125643e+01  6.140269e-03  1.125643e+01  6.140269e-03 
   87860565   3.091644e+01   1.761966e-01   3.091644e+01   1.761966e-01 223200610132141240       5031       4328     0 2454022.404688  1.127453e+01  6.187767e-03  1.127453e+01  6.187767e-03 
   87860621   3.065194e+01   1.757566e-01   3.065194e+01   1.757566e-01 223200610132142200       5030       4326     0 2454022.405336  1.128386e+01  6.225575e-03  1.128386e+01  6.225575e-03 
   87860681   3.108100e+01   1.765528e-01   3.108100e+01   1.765528e-01 223200610132143190       5030       4324     0 2454022.406030  1.126876e+01  6.167448e-03  1.126876e+01  6.167448e-03 
   88033110   3.127253e+01   1.732595e-01   3.127253e+01   1.732595e-01 223200610152137170       5026       4363     0 2454024.401736  1.126209e+01  6.015336e-03  1.126209e+01  6.015336e-03 
   88033171   3.099846e+01   1.726236e-01   3.099846e+01   1.726236e-01 223200610152138180       5026       4358     0 2454024.402442  1.127165e+01  6.046246e-03  1.127165e+01  6.046246e-03 
   88033226   3.138603e+01   1.728180e-01   3.138603e+01   1.728180e-01 223200610152139130       5025       4354     0 2454024.403079  1.125816e+01  5.978310e-03  1.125816e+01  5.978310e-03 
   88033285   3.101943e+01   1.717221e-01   3.101943e+01   1.717221e-01 223200610152140120       5025       4350     0 2454024.403762  1.127092e+01  6.010605e-03  1.127092e+01  6.010605e-03 
   88377433   3.030836e+01   1.730186e-01   3.030836e+01   1.730186e-01 223200610192116140       5010       4379     0 2454028.386956  1.129609e+01  6.198065e-03  1.129609e+01  6.198065e-03 
   88377485   3.069297e+01   1.745533e-01   3.069297e+01   1.745533e-01 223200610192117070       5010       4375     0 2454028.387558  1.128240e+01  6.174688e-03  1.128240e+01  6.174688e-03 
   88377570   3.076860e+01   1.748279e-01   3.076860e+01   1.748279e-01 223200610192118310       5004       4395     0 2454028.388542  1.127973e+01  6.169199e-03  1.127973e+01  6.169199e-03 
   88377632   3.042478e+01   1.741129e-01   3.042478e+01   1.741129e-01 223200610192119340       5004       4392     0 2454028.389259  1.129193e+01  6.213401e-03  1.129193e+01  6.213401e-03 
   88463598   3.121048e+01   1.704034e-01   3.121048e+01   1.704034e-01 223200610202112230       5034       4334     0 2454029.384236  1.126425e+01  5.927939e-03  1.126425e+01  5.927939e-03 
   88463670   3.111047e+01   1.697576e-01   3.111047e+01   1.697576e-01 223200610202113350       5032       4329     0 2454029.385069  1.126773e+01  5.924456e-03  1.126773e+01  5.924456e-03 
   88463733   3.125383e+01   1.705862e-01   3.125383e+01   1.705862e-01 223200610202114380       5031       4326     0 2454029.385799  1.126274e+01  5.926066e-03  1.126274e+01  5.926066e-03 
   88463792   3.123985e+01   1.701012e-01   3.123985e+01   1.701012e-01 223200610202115380       5031       4324     0 2454029.386481  1.126323e+01  5.911862e-03  1.126323e+01  5.911862e-03 
   88551545   3.063700e+01   1.755356e-01   3.063700e+01   1.755356e-01 223200610212138150       5029       4273     0 2454030.402141  1.128438e+01  6.220780e-03  1.128438e+01  6.220780e-03 
   88551677   3.117325e+01   1.776892e-01   3.117325e+01   1.776892e-01 223200610212140270       5025       4263     0 2454030.403669  1.126554e+01  6.188777e-03  1.126554e+01  6.188777e-03 
   88551749   3.109032e+01   1.779026e-01   3.109032e+01   1.779026e-01 223200610212141400       5019       4283     0 2454030.404502  1.126844e+01  6.212736e-03  1.126844e+01  6.212736e-03 
   88637680   3.933007e+01   1.549725e+00   3.933007e+01   1.549725e+00 223200610222133550       5026       4286     0 2454031.399074  1.101319e+01  4.278147e-02  1.101319e+01  4.278147e-02 
   88637817   1.788589e+01   2.245107e+00   1.788589e+01   2.245107e+00 223200610222136110       5021       4303     0 2454031.400660  1.186872e+01  1.362863e-01  1.186872e+01  1.362863e-01 
   88640068   2.319208e+01   2.218821e+00   2.319208e+01   2.218821e+00 223200610222213430       5019       4180     0 2454031.426713  1.158665e+01  1.038744e-01  1.158665e+01  1.038744e-01 
   88722097   3.109151e+01   1.722513e-01   3.109151e+01   1.722513e-01 223200610232100550       5018       4364     0 2454032.376123  1.126840e+01  6.015149e-03  1.126840e+01  6.015149e-03 
   88722151   3.111941e+01   1.723698e-01   3.111941e+01   1.723698e-01 223200610232101500       5018       4361     0 2454032.376748  1.126742e+01  6.013893e-03  1.126742e+01  6.013893e-03 
   88722213   3.127607e+01   1.728577e-01   3.127607e+01   1.728577e-01 223200610232102520       5018       4359     0 2454032.377465  1.126197e+01  6.000707e-03  1.126197e+01  6.000707e-03 
   88722280   3.153240e+01   1.732949e-01   3.153240e+01   1.732949e-01 223200610232103590       5018       4356     0 2454032.378241  1.125311e+01  5.966979e-03  1.125311e+01  5.966979e-03 
   88980542   3.157619e+01   1.837843e-01   3.157619e+01   1.837843e-01 223200610262048320       5016       4422     0 2454035.367384  1.125160e+01  6.319379e-03  1.125160e+01  6.319379e-03 
   88980596   3.128496e+01   1.830920e-01   3.128496e+01   1.830920e-01 223200610262049260       5016       4418     0 2454035.368009  1.126166e+01  6.354182e-03  1.126166e+01  6.354182e-03 
   88980656   3.163614e+01   1.834567e-01   3.163614e+01   1.834567e-01 223200610262050270       5017       4416     0 2454035.368704  1.124954e+01  6.296163e-03  1.124954e+01  6.296163e-03 
   88980720   3.154059e+01   1.835211e-01   3.154059e+01   1.835211e-01 223200610262051300       5012       4407     0 2454035.369444  1.125283e+01  6.317452e-03  1.125283e+01  6.317452e-03 
   89066658   3.105103e+01   1.844934e-01   3.105103e+01   1.844934e-01 223200610272043520       5037       4393     0 2454036.364097  1.126981e+01  6.451054e-03  1.126981e+01  6.451054e-03 
   89066721   3.131264e+01   1.854477e-01   3.131264e+01   1.854477e-01 223200610272044550       5036       4390     0 2454036.364826  1.126070e+01  6.430245e-03  1.126070e+01  6.430245e-03 
   89066777   3.105655e+01   1.845787e-01   3.105655e+01   1.845787e-01 223200610272045520       5036       4387     0 2454036.365475  1.126962e+01  6.452888e-03  1.126962e+01  6.452888e-03 
   89066842   3.083211e+01   1.840419e-01   3.083211e+01   1.840419e-01 223200610272046560       5036       4384     0 2454036.366227  1.127749e+01  6.480960e-03  1.127749e+01  6.480960e-03 
   89152856   3.587772e+01   2.686186e-01   3.587772e+01   2.686186e-01 223200610282040350       5022       4406     0 2454037.361759  1.111294e+01  8.128999e-03  1.111294e+01  8.128999e-03 
   89152929   3.041310e+01   2.372125e-01   3.041310e+01   2.372125e-01 223200610282041480       5025       4375     0 2454037.362604  1.129235e+01  8.468427e-03  1.129235e+01  8.468427e-03 
   89152990   3.266228e+01   2.206573e-01   3.266228e+01   2.206573e-01 223200610282042490       5025       4372     0 2454037.363310  1.121488e+01  7.334957e-03  1.121488e+01  7.334957e-03 
   89238977   3.213567e+01   2.153136e-01   3.213567e+01   2.153136e-01 223200610292035590       5017       4365     0 2454038.358530  1.123253e+01  7.274615e-03  1.123253e+01  7.274615e-03 
   89239032   3.156405e+01   2.148450e-01   3.156405e+01   2.148450e-01 223200610292036550       5018       4362     0 2454038.359167  1.125202e+01  7.390236e-03  1.125202e+01  7.390236e-03 
   89239079   3.167760e+01   2.150592e-01   3.167760e+01   2.150592e-01 223200610292037410       5017       4354     0 2454038.359711  1.124812e+01  7.371088e-03  1.124812e+01  7.371088e-03 
   89239157   3.203453e+01   2.153881e-01   3.203453e+01   2.153881e-01 223200610292038590       5016       4352     0 2454038.360613  1.123595e+01  7.300107e-03  1.123595e+01  7.300107e-03 
   89411353   3.622681e+01   2.957438e-01   3.622681e+01   2.957438e-01 223200610312029020       5010       4366     0 2454040.353623  1.110242e+01  8.863624e-03  1.110242e+01  8.863624e-03 
   89411426   3.573177e+01   2.922370e-01   3.573177e+01   2.922370e-01 223200610312030160       5006       4384     0 2454040.354468  1.111736e+01  8.879866e-03  1.111736e+01  8.879866e-03 
   89411496   3.574045e+01   2.974965e-01   3.574045e+01   2.974965e-01 223200610312031250       5009       4354     0 2454040.355278  1.111710e+01  9.037486e-03  1.111710e+01  9.037486e-03 
   89411553   3.637616e+01   2.959115e-01   3.637616e+01   2.959115e-01 223200610312032230       5009       4351     0 2454040.355938  1.109796e+01  8.832240e-03  1.109796e+01  8.832240e-03 
   89506212   3.256261e+01   2.972671e-01   3.256261e+01   2.972671e-01 223200611012250050       4938       3986     0 2454041.451528  1.121820e+01  9.911822e-03  1.121820e+01  9.911822e-03 
   89506285   3.262629e+01   2.988634e-01   3.262629e+01   2.988634e-01 223200611012251190       4941       3957     0 2454041.452373  1.121608e+01  9.945598e-03  1.121608e+01  9.945598e-03 
   89506342   3.295779e+01   2.981565e-01   3.295779e+01   2.981565e-01 223200611012252160       4941       3955     0 2454041.453032  1.120510e+01  9.822274e-03  1.120510e+01  9.822274e-03 
   89506404   3.269001e+01   2.992253e-01   3.269001e+01   2.992253e-01 223200611012253170       4939       3952     0 2454041.453750  1.121396e+01  9.938233e-03  1.121396e+01  9.938233e-03 
   89842113   3.323143e+01   3.896614e-01   3.323143e+01   3.896614e-01 223200611052008420       5022       4368     0 2454045.339271  1.119613e+01  1.273105e-02  1.119613e+01  1.273105e-02 
   89842171   3.268703e+01   3.924623e-01   3.268703e+01   3.924623e-01 223200611052009400       5022       4364     0 2454045.339942  1.121406e+01  1.303612e-02  1.121406e+01  1.303612e-02 
   89842244   3.380928e+01   3.978218e-01   3.380928e+01   3.978218e-01 223200611052010530       5022       4360     0 2454045.340787  1.117741e+01  1.277552e-02  1.117741e+01  1.277552e-02 
   89842303   3.404472e+01   3.971532e-01   3.404472e+01   3.971532e-01 223200611052011520       5022       4358     0 2454045.341470  1.116988e+01  1.266584e-02  1.116988e+01  1.266584e-02 
   89928297   3.280880e+01   3.127224e-01   3.280880e+01   3.127224e-01 223200611062005110       5024       4385     0 2454046.336771  1.121002e+01  1.034891e-02  1.121002e+01  1.034891e-02 
   89928366   3.373622e+01   3.143869e-01   3.373622e+01   3.143869e-01 223200611062006190       5024       4381     0 2454046.337569  1.117976e+01  1.011798e-02  1.117976e+01  1.011798e-02 
   89928420   3.311226e+01   3.161794e-01   3.311226e+01   3.161794e-01 223200611062007140       5025       4379     0 2454046.338194  1.120003e+01  1.036742e-02  1.120003e+01  1.036742e-02 
   89928484   3.352056e+01   3.188779e-01   3.352056e+01   3.188779e-01 223200611062008180       5025       4376     0 2454046.338935  1.118672e+01  1.032854e-02  1.118672e+01  1.032854e-02 
   90014485   2.820796e+01   2.377513e-01   2.820796e+01   2.377513e-01 223200611072001430       5031       4392     0 2454047.334317  1.137407e+01  9.151177e-03  1.137407e+01  9.151177e-03 
   90014539   3.097806e+01   2.226420e-01   3.097806e+01   2.226420e-01 223200611072002370       5032       4389     0 2454047.334942  1.127236e+01  7.803306e-03  1.127236e+01  7.803306e-03 
   90014628   3.208424e+01   2.250462e-01   3.208424e+01   2.250462e-01 223200611072004050       5026       4409     0 2454047.335972  1.123427e+01  7.615630e-03  1.123427e+01  7.615630e-03 
   90014690   3.199578e+01   2.278485e-01   3.199578e+01   2.278485e-01 223200611072005080       5025       4405     0 2454047.336690  1.123727e+01  7.731777e-03  1.123727e+01  7.731777e-03 
   90272974   3.093761e+01   1.850077e-01   3.093761e+01   1.850077e-01 223200611101950030       5028       4376     0 2454050.326088  1.127378e+01  6.492751e-03  1.127378e+01  6.492751e-03 
   90273028   3.075829e+01   1.853999e-01   3.075829e+01   1.853999e-01 223200611101950570       5028       4373     0 2454050.326713  1.128009e+01  6.544451e-03  1.128009e+01  6.544451e-03 
   90273076   3.174657e+01   1.895584e-01   3.174657e+01   1.895584e-01 223200611101951450       5027       4369     0 2454050.327269  1.124576e+01  6.482941e-03  1.124576e+01  6.482941e-03 
   90273141   3.106648e+01   1.852018e-01   3.106648e+01   1.852018e-01 223200611101952500       5027       4367     0 2454050.328021  1.126927e+01  6.472604e-03  1.126927e+01  6.472604e-03 
   90617589   3.088241e+01   1.751699e-01   3.088241e+01   1.751699e-01 223200611141933540       5018       4400     0 2454054.314687  1.127572e+01  6.158488e-03  1.127572e+01  6.158488e-03 
   90617651   3.096660e+01   1.752279e-01   3.096660e+01   1.752279e-01 223200611141934560       5018       4397     0 2454054.315405  1.127277e+01  6.143780e-03  1.127277e+01  6.143780e-03 
   90617711   3.047820e+01   1.736310e-01   3.047820e+01   1.736310e-01 223200611141935570       5023       4369     0 2454054.316100  1.129003e+01  6.185341e-03  1.129003e+01  6.185341e-03 
   90617762   3.064560e+01   1.739146e-01   3.064560e+01   1.739146e-01 223200611141936470       5023       4367     0 2454054.316690  1.128408e+01  6.161603e-03  1.128408e+01  6.161603e-03 
   93120132   3.248550e+01   2.637235e-01   3.248550e+01   2.637235e-01 223200612131844400       5689       4208     0 2454083.279306  1.122078e+01  8.814245e-03  1.122078e+01  8.814245e-03 
   93120191   3.215250e+01   2.511979e-01   3.215250e+01   2.511979e-01 223200612131845380       5689       4207     0 2454083.279988  1.123196e+01  8.482562e-03  1.123196e+01  8.482562e-03 
   93120267   3.258278e+01   2.366703e-01   3.258278e+01   2.366703e-01 223200612131846550       5685       4226     0 2454083.280868  1.121753e+01  7.886448e-03  1.121753e+01  7.886448e-03 
   93120331   3.177748e+01   2.261247e-01   3.177748e+01   2.261247e-01 223200612131847580       5689       4200     0 2454083.281609  1.124470e+01  7.725997e-03  1.124470e+01  7.725997e-03 
   93292967   3.261896e+01   3.014003e-01   3.261896e+01   3.014003e-01 223200612151845190       5663       4180     0 2454085.279711  1.121632e+01  1.003228e-02  1.121632e+01  1.003228e-02 
   93293021   3.256947e+01   2.854802e-01   3.256947e+01   2.854802e-01 223200612151846130       5662       4178     0 2454085.280336  1.121797e+01  9.516804e-03  1.121797e+01  9.516804e-03 
   93293075   3.264815e+01   2.722009e-01   3.264815e+01   2.722009e-01 223200612151847070       5661       4176     0 2454085.280961  1.121535e+01  9.052254e-03  1.121535e+01  9.052254e-03 
   93293129   3.298294e+01   2.619482e-01   3.298294e+01   2.619482e-01 223200612151848010       5661       4173     0 2454085.281586  1.120428e+01  8.622873e-03  1.120428e+01  8.622873e-03 
   93467308   3.093775e+01   1.806038e-01   3.093775e+01   1.806038e-01 223200612171911070       6014       4005     0 2454087.297546  1.127378e+01  6.338173e-03  1.127378e+01  6.338173e-03 
   93467364   3.077251e+01   1.789189e-01   3.077251e+01   1.789189e-01 223200612171912030       6012       4002     0 2454087.298194  1.127959e+01  6.312758e-03  1.127959e+01  6.312758e-03 
   93467424   3.087037e+01   1.786565e-01   3.087037e+01   1.786565e-01 223200612171913020       6011       3999     0 2454087.298889  1.127614e+01  6.283518e-03  1.127614e+01  6.283518e-03 
   93467494   3.074149e+01   1.787859e-01   3.074149e+01   1.787859e-01 223200612171914130       6004       4019     0 2454087.299699  1.128069e+01  6.314433e-03  1.128069e+01  6.314433e-03 
   93556665   3.087890e+01   1.781460e-01   3.087890e+01   1.781460e-01 223200612182000260       5073       3938     0 2454088.331771  1.127585e+01  6.263833e-03  1.127585e+01  6.263833e-03 
   93556723   3.112150e+01   1.779296e-01   3.112150e+01   1.779296e-01 223200612182001250       5073       3936     0 2454088.332442  1.126735e+01  6.207454e-03  1.126735e+01  6.207454e-03 
   93556792   3.148727e+01   1.791410e-01   3.148727e+01   1.791410e-01 223200612182002330       5072       3934     0 2454088.333241  1.125466e+01  6.177118e-03  1.125466e+01  6.177118e-03 
   93556856   3.113295e+01   1.791096e-01   3.113295e+01   1.791096e-01 223200612182003370       5071       3932     0 2454088.333981  1.126695e+01  6.246323e-03  1.126695e+01  6.246323e-03 
   93725365   3.215465e+01   2.617570e-01   3.215465e+01   2.617570e-01 223200612201852110       5132       4094     0 2454090.284317  1.123189e+01  8.838539e-03  1.123189e+01  8.838539e-03 
   93725424   3.190065e+01   2.518270e-01   3.190065e+01   2.518270e-01 223200612201853100       5132       4092     0 2454090.285000  1.124050e+01  8.570943e-03  1.124050e+01  8.570943e-03 
   93725481   3.185442e+01   2.428613e-01   3.185442e+01   2.428613e-01 223200612201854080       5131       4090     0 2454090.285660  1.124208e+01  8.277792e-03  1.124208e+01  8.277792e-03 
   93725543   3.211449e+01   2.339299e-01   3.211449e+01   2.339299e-01 223200612201855100       5130       4087     0 2454090.286377  1.123325e+01  7.908801e-03  1.123325e+01  7.908801e-03 
   94935172   3.293012e+01   4.288173e-01   3.293012e+01   4.288173e-01 223200701031856070       5073       3940     0 2454104.286713  1.120602e+01  1.413855e-02  1.120602e+01  1.413855e-02 
   94935238   3.312702e+01   4.217718e-01   3.312702e+01   4.217718e-01 223200701031857140       5073       3939     0 2454104.287477  1.119954e+01  1.382359e-02  1.119954e+01  1.382359e-02 
   94935296   3.283288e+01   4.134635e-01   3.283288e+01   4.134635e-01 223200701031858120       5072       3937     0 2454104.288148  1.120923e+01  1.367269e-02  1.120923e+01  1.367269e-02 
   94935361   3.300573e+01   4.075058e-01   3.300573e+01   4.075058e-01 223200701031859170       5071       3935     0 2454104.288900  1.120353e+01  1.340511e-02  1.120353e+01  1.340511e-02 
   95021601   3.296703e+01   3.329729e-01   3.296703e+01   3.329729e-01 223200701041856390       5069       3955     0 2454105.287049  1.120480e+01  1.096617e-02  1.120480e+01  1.096617e-02 
   95021673   3.268151e+01   3.207324e-01   3.268151e+01   3.207324e-01 223200701041857500       5074       3929     0 2454105.287882  1.121424e+01  1.065532e-02  1.121424e+01  1.065532e-02 
   95021738   3.220966e+01   3.083223e-01   3.220966e+01   3.083223e-01 223200701041858560       5073       3927     0 2454105.288634  1.123003e+01  1.039309e-02  1.123003e+01  1.039309e-02 
   95021794   3.172023e+01   2.989355e-01   3.172023e+01   2.989355e-01 223200701041859510       5072       3926     0 2454105.289282  1.124666e+01  1.023215e-02  1.124666e+01  1.023215e-02 
   95107902   3.194174e+01   3.001085e-01   3.194174e+01   3.001085e-01 223200701051855020       5047       3922     0 2454106.285903  1.123910e+01  1.020107e-02  1.123910e+01  1.020107e-02 
   95107958   3.235005e+01   2.850633e-01   3.235005e+01   2.850633e-01 223200701051855570       5047       3920     0 2454106.286551  1.122531e+01  9.567362e-03  1.122531e+01  9.567362e-03 
   95108012   3.176338e+01   2.714795e-01   3.176338e+01   2.714795e-01 223200701051856510       5046       3919     0 2454106.287176  1.124518e+01  9.279747e-03  1.124518e+01  9.279747e-03 
   95108066   3.233516e+01   2.608727e-01   3.233516e+01   2.608727e-01 223200701051857460       5045       3917     0 2454106.287801  1.122581e+01  8.759504e-03  1.122581e+01  8.759504e-03 
   95280691   3.287958e+01   2.750102e-01   3.287958e+01   2.750102e-01 223200701071854540       5025       3904     0 2454108.285775  1.120768e+01  9.081308e-03  1.120768e+01  9.081308e-03 
   95280820   3.228204e+01   2.494439e-01   3.228204e+01   2.494439e-01 223200701071857030       5043       3927     0 2454108.287269  1.122760e+01  8.389531e-03  1.122760e+01  8.389531e-03 
   95280876   3.171075e+01   2.368438e-01   3.171075e+01   2.368438e-01 223200701071857590       5041       3924     0 2454108.287917  1.124698e+01  8.109260e-03  1.124698e+01  8.109260e-03 
   95280932   3.174550e+01   2.269010e-01   3.174550e+01   2.269010e-01 223200701071858540       5041       3922     0 2454108.288565  1.124579e+01  7.760329e-03  1.124579e+01  7.760329e-03 
   95367154   3.168745e+01   3.011597e-01   3.168745e+01   3.011597e-01 223200701081855580       5027       3894     0 2454109.286505  1.124778e+01  1.031895e-02  1.124778e+01  1.031895e-02 
   95367210   3.197690e+01   2.858442e-01   3.197690e+01   2.858442e-01 223200701081856530       5027       3893     0 2454109.287153  1.123791e+01  9.705522e-03  1.123791e+01  9.705522e-03 
   95367265   3.194126e+01   2.704882e-01   3.194126e+01   2.704882e-01 223200701081857490       5025       3892     0 2454109.287789  1.123912e+01  9.194372e-03  1.123912e+01  9.194372e-03 
   95367321   3.125812e+01   2.566332e-01   3.125812e+01   2.566332e-01 223200701081858450       5025       3890     0 2454109.288438  1.126259e+01  8.914065e-03  1.126259e+01  8.914065e-03 
   95453540   3.248685e+01   2.954637e-01   3.248685e+01   2.954637e-01 223200701091855450       5030       3891     0 2454110.286343  1.122073e+01  9.874665e-03  1.122073e+01  9.874665e-03 
   95453596   3.257492e+01   2.809366e-01   3.257492e+01   2.809366e-01 223200701091856400       5029       3890     0 2454110.286991  1.121779e+01  9.363770e-03  1.121779e+01  9.363770e-03 
   95453650   3.203531e+01   2.668952e-01   3.203531e+01   2.668952e-01 223200701091857350       5028       3889     0 2454110.287616  1.123593e+01  9.045606e-03  1.123593e+01  9.045606e-03 
   95453706   3.175539e+01   2.543377e-01   3.175539e+01   2.543377e-01 223200701091858300       5027       3887     0 2454110.288264  1.124546e+01  8.695991e-03  1.124546e+01  8.695991e-03 
   95539929   3.189822e+01   2.917443e-01   3.189822e+01   2.917443e-01 223200701101855350       5027       3884     0 2454111.286215  1.124058e+01  9.930288e-03  1.124058e+01  9.930288e-03 
   95539983   3.277484e+01   2.797166e-01   3.277484e+01   2.797166e-01 223200701101856300       5026       3883     0 2454111.286840  1.121115e+01  9.266239e-03  1.121115e+01  9.266239e-03 
   95540037   3.218227e+01   2.673602e-01   3.218227e+01   2.673602e-01 223200701101857240       5026       3882     0 2454111.287465  1.123096e+01  9.019985e-03  1.123096e+01  9.019985e-03 
   95540093   3.245381e+01   2.568096e-01   3.245381e+01   2.568096e-01 223200701101858190       5024       3881     0 2454111.288113  1.122184e+01  8.591546e-03  1.122184e+01  8.591546e-03 
   95626313   3.213067e+01   3.016893e-01   3.213067e+01   3.016893e-01 223200701111855210       5009       3864     0 2454112.286030  1.123270e+01  1.019450e-02  1.123270e+01  1.019450e-02 
   95626369   3.211497e+01   2.861781e-01   3.211497e+01   2.861781e-01 223200701111856160       5008       3863     0 2454112.286678  1.123323e+01  9.675086e-03  1.123323e+01  9.675086e-03 
   95626423   3.208326e+01   2.725788e-01   3.208326e+01   2.725788e-01 223200701111857110       5007       3862     0 2454112.287303  1.123430e+01  9.224431e-03  1.123430e+01  9.224431e-03 
   95626479   3.079308e+01   2.589649e-01   3.079308e+01   2.589649e-01 223200701111858070       5007       3861     0 2454112.287951  1.127887e+01  9.130900e-03  1.127887e+01  9.130900e-03 
   95712696   3.225148e+01   2.817118e-01   3.225148e+01   2.817118e-01 223200701121855050       5037       3858     0 2454113.285833  1.122863e+01  9.483773e-03  1.122863e+01  9.483773e-03 
   95712752   3.276617e+01   2.697148e-01   3.276617e+01   2.697148e-01 223200701121856000       5037       3858     0 2454113.286481  1.121144e+01  8.937270e-03  1.121144e+01  8.937270e-03 
   95712806   3.174580e+01   2.577565e-01   3.174580e+01   2.577565e-01 223200701121856550       5036       3856     0 2454113.287106  1.124578e+01  8.815545e-03  1.124578e+01  8.815545e-03 
   95712860   3.203982e+01   2.487855e-01   3.203982e+01   2.487855e-01 223200701121857490       5036       3855     0 2454113.287731  1.123577e+01  8.430647e-03  1.123577e+01  8.430647e-03 
   95799118   3.179779e+01   2.621033e-01   3.179779e+01   2.621033e-01 223200701131855270       5033       3874     0 2454114.286088  1.124401e+01  8.949555e-03  1.124401e+01  8.949555e-03 
   95799172   3.139219e+01   2.511860e-01   3.139219e+01   2.511860e-01 223200701131856210       5033       3872     0 2454114.286713  1.125795e+01  8.687596e-03  1.125795e+01  8.687596e-03 
   95799296   3.162326e+01   2.313522e-01   3.162326e+01   2.313522e-01 223200701131858250       5034       3876     0 2454114.288148  1.124998e+01  7.943149e-03  1.124998e+01  7.943149e-03 
   95799350   3.119993e+01   2.234405e-01   3.119993e+01   2.234405e-01 223200701131859190       5034       3874     0 2454114.288773  1.126462e+01  7.775602e-03  1.126462e+01  7.775602e-03 
   95885588   3.268431e+01   2.537555e-01   3.268431e+01   2.537555e-01 223200701141856390       5029       3852     0 2454115.286898  1.121415e+01  8.429503e-03  1.121415e+01  8.429503e-03 
   95885644   3.174117e+01   2.430640e-01   3.174117e+01   2.430640e-01 223200701141857340       5029       3851     0 2454115.287546  1.124594e+01  8.314259e-03  1.124594e+01  8.314259e-03 
   95885698   3.160958e+01   2.339365e-01   3.160958e+01   2.339365e-01 223200701141858290       5028       3850     0 2454115.288171  1.125045e+01  8.035356e-03  1.125045e+01  8.035356e-03 
   95885830   3.173307e+01   2.168217e-01   3.173307e+01   2.168217e-01 223200701141900410       5026       3851     0 2454115.289699  1.124622e+01  7.418507e-03  1.124622e+01  7.418507e-03 
  105941760   3.191211e+01   3.140360e-01   3.191211e+01   3.140360e-01 223200705110414520       5006       4692     0 2454231.677778  1.124011e+01  1.068439e-02  1.124011e+01  1.068439e-02 
  105941816   3.246142e+01   3.295038e-01   3.246142e+01   3.295038e-01 223200705110415490       5009       4691     0 2454231.678426  1.122158e+01  1.102094e-02  1.122158e+01  1.102094e-02 
  105941875   3.248064e+01   3.467002e-01   3.248064e+01   3.467002e-01 223200705110416470       5011       4690     0 2454231.679109  1.122094e+01  1.158925e-02  1.122094e+01  1.158925e-02 
  105941930   3.270863e+01   3.691936e-01   3.270863e+01   3.691936e-01 223200705110417430       5013       4690     0 2454231.679745  1.121334e+01  1.225512e-02  1.121334e+01  1.225512e-02 
  106027814   3.114121e+01   2.273348e-01   3.114121e+01   2.273348e-01 223200705120409040       5030       4668     0 2454232.673773  1.126666e+01  7.926040e-03  1.126666e+01  7.926040e-03 
  106027940   3.225311e+01   2.383911e-01   3.225311e+01   2.383911e-01 223200705120411090       5017       4680     0 2454232.675231  1.122857e+01  8.024986e-03  1.122857e+01  8.024986e-03 
  106027994   3.175305e+01   2.449386e-01   3.175305e+01   2.449386e-01 223200705120412040       5020       4680     0 2454232.675856  1.124554e+01  8.375245e-03  1.124554e+01  8.375245e-03 
  106028048   3.230237e+01   2.532448e-01   3.230237e+01   2.532448e-01 223200705120412580       5022       4679     0 2454232.676481  1.122691e+01  8.512008e-03  1.122691e+01  8.512008e-03 
  106114069   3.207271e+01   2.324792e-01   3.207271e+01   2.324792e-01 223200705130406340       5006       4692     0 2454233.672095  1.123466e+01  7.869991e-03  1.123466e+01  7.869991e-03 
  106114123   3.212139e+01   2.354317e-01   3.212139e+01   2.354317e-01 223200705130407290       5010       4691     0 2454233.672720  1.123301e+01  7.957864e-03  1.123301e+01  7.957864e-03 
  106114179   3.204347e+01   2.392952e-01   3.204347e+01   2.392952e-01 223200705130408240       5012       4691     0 2454233.673368  1.123565e+01  8.108120e-03  1.123565e+01  8.108120e-03 
  106114233   3.232527e+01   2.448267e-01   3.232527e+01   2.448267e-01 223200705130409190       5014       4691     0 2454233.673993  1.122614e+01  8.223228e-03  1.122614e+01  8.223228e-03 
  124569522   3.241125e+01   3.181928e-01   3.241125e+01   3.181928e-01 221200712121841060      15170       3904     0 2454447.276875  1.122326e+01  1.065909e-02  1.122326e+01  1.065909e-02 
  124569715   3.524961e+01   3.012452e-01   3.524961e+01   3.012452e-01 223200712121844190       4332       8388     0 2454447.279109  1.113211e+01  9.278799e-03  1.113211e+01  9.278799e-03 
  124570449   3.926841e+01   1.960333e-01   3.926841e+01   1.960333e-01 222200712121856320       7087      23817     0 2454447.287604  1.101489e+01  5.420164e-03  1.101489e+01  5.420164e-03 
  124571581   3.930505e+01   1.675576e-01   3.930505e+01   1.675576e-01 222200712121915250       7105      23768     0 2454447.300706  1.101388e+01  4.628514e-03  1.101388e+01  4.628514e-03 
  124571645   3.357306e+01   1.442195e-01   3.357306e+01   1.442195e-01 221200712121916280      15121       4033     0 2454447.301447  1.118502e+01  4.664003e-03  1.118502e+01  4.664003e-03 
  124571705   3.326392e+01   1.569958e-01   3.326392e+01   1.569958e-01 223200712121917280       4345       8347     0 2454447.302141  1.119507e+01  5.124370e-03  1.119507e+01  5.124370e-03 
  124572789   3.946324e+01   1.673474e-01   3.946324e+01   1.673474e-01 222200712121935320       7080      23784     0 2454447.314687  1.100952e+01  4.604178e-03  1.100952e+01  4.604178e-03 
  124572980   3.330229e+01   1.446373e-01   3.330229e+01   1.446373e-01 221200712121938430      15161       4103     0 2454447.316898  1.119381e+01  4.715548e-03  1.119381e+01  4.715548e-03 
