\OBJNAME = '1SWASP J000605.41-732602.4'
\OBSSTART = '2006-05-11T04:14:48'
\OBSSTOP = '2007-12-12T19:39:43'
\TSTART = 74405755
\TSTOP = 124573040
\JD_REF = 2453005.5
\RA_OBJ = '1.522547'
\DEC_OBJ = '-73.434019'
\WASP_MAG = 12.82523
\HJD_START = 2453866.677720
\HJD_STOP = 2454447.317593
\fixlen = T
\NUMRECORDS = 369
\
\ This file was produced by the NASA Exoplanet Archive  http://exoplanetarchive.ipac.caltech.edu 
\ Mon Sep 16, 15:01:48 2013
\ Documentation for the SuperWASP dataset can be found at http://exoplanetarchive.ipac.caltech.edu/docs/SuperWASPMission.html
\
|TMID      |FLUX2         |FLUX2_ERR     |TAMFLUX2      |TAMFLUX2_ERR  |IMAGEID           |CCDX      |CCDY      |FLAG |           HJD|         MAG2|     MAG2_ERR|      TAMMAG2|  TAMMAG2_ERR|
|int       |float         |float         |float         |float         |char              |int       |int       |int  |        double|        float|        float|        float|        float|
|sec       |micro Vega    |micro Vega    |micro Vega    |micro Vega    |                  |1/16 pixel|1/16 pixel|     |           day|          mag|          mag|          mag|          mag|
|null      |null          |null          |null          |null          |null              |null      |null      |null |          null|         null|         null|         null|         null|
   74405755   7.510330e+00   2.212989e-01   7.510330e+00   2.212989e-01 223200605110414480       5347       4710     0 2453866.677720  1.281085e+01  3.199235e-02  1.281085e+01  3.199235e-02 
   74405808   7.790961e+00   2.407821e-01   7.790961e+00   2.407821e-01 223200605110415410       5352       4707     0 2453866.678333  1.277102e+01  3.355514e-02  1.277102e+01  3.355514e-02 
   74405892   7.359143e+00   2.646193e-01   7.359143e+00   2.646193e-01 223200605110417040       5357       4705     0 2453866.679306  1.283293e+01  3.904093e-02  1.283293e+01  3.904093e-02 
   74405957   7.522725e+00   2.996176e-01   7.522725e+00   2.996176e-01 223200605110418100       5366       4681     0 2453866.680058  1.280906e+01  4.324322e-02  1.280906e+01  4.324322e-02 
   74491868   7.375081e+00   2.390244e-01   7.375081e+00   2.390244e-01 223200605120409570       5371       4643     0 2453867.674398  1.283058e+01  3.518854e-02  1.283058e+01  3.518854e-02 
   74492006   8.440650e+00   2.507396e-01   8.440650e+00   2.507396e-01 223200605120412150       5379       4639     0 2453867.675995  1.268406e+01  3.225320e-02  1.268406e+01  3.225320e-02 
   74492059   8.546155e+00   2.626309e-01   8.546155e+00   2.626309e-01 223200605120413070       5382       4638     0 2453867.676609  1.267057e+01  3.336575e-02  1.267057e+01  3.336575e-02 
   74750390   9.708893e+00   3.367087e-01   9.708893e+00   3.367087e-01 223200605150358270       5367       4646     0 2453870.666551  1.253208e+01  3.765395e-02  1.253208e+01  3.765395e-02 
   74750450   9.143369e+00   3.323295e-01   9.143369e+00   3.323295e-01 223200605150359270       5372       4641     0 2453870.667245  1.259723e+01  3.946285e-02  1.259723e+01  3.946285e-02 
   74750504   1.002052e+01   3.314942e-01   1.002052e+01   3.314942e-01 223200605150400210       5376       4641     0 2453870.667870  1.249777e+01  3.591795e-02  1.249777e+01  3.591795e-02 
   74750563   1.041145e+01   3.336890e-01   1.041145e+01   3.336890e-01 223200605150401200       5379       4640     0 2453870.668553  1.245622e+01  3.479816e-02  1.245622e+01  3.479816e-02 
   75613650   9.043434e+00   1.425138e-01   9.043434e+00   1.425138e-01 223200605250345300       5445       4654     0 2453880.657986  1.260917e+01  1.710998e-02  1.260917e+01  1.710998e-02 
   75613713   8.533345e+00   1.405139e-01   8.533345e+00   1.405139e-01 223200605250346340       5455       4628     0 2453880.658715  1.267220e+01  1.787829e-02  1.267220e+01  1.787829e-02 
   75613771   9.159384e+00   1.414972e-01   9.159384e+00   1.414972e-01 223200605250347310       5458       4626     0 2453880.659387  1.259533e+01  1.677287e-02  1.259533e+01  1.677287e-02 
   75613839   8.191131e+00   1.399480e-01   8.191131e+00   1.399480e-01 223200605250348400       5455       4648     0 2453880.660174  1.271664e+01  1.855021e-02  1.271664e+01  1.855021e-02 
   75700105   8.551938e+00   1.404123e-01   8.551938e+00   1.404123e-01 223200605260346210       5465       4645     0 2453881.658623  1.266984e+01  1.782651e-02  1.266984e+01  1.782651e-02 
   75700168   8.340506e+00   1.382108e-01   8.340506e+00   1.382108e-01 223200605260347250       5472       4615     0 2453881.659352  1.269702e+01  1.799183e-02  1.269702e+01  1.799183e-02 
   75700235   8.429167e+00   1.354281e-01   8.429167e+00   1.354281e-01 223200605260348310       5470       4638     0 2453881.660127  1.268554e+01  1.744415e-02  1.268554e+01  1.744415e-02 
   75700304   8.757773e+00   1.386429e-01   8.757773e+00   1.386429e-01 223200605260349400       5477       4610     0 2453881.660926  1.264402e+01  1.718817e-02  1.264402e+01  1.718817e-02 
   76132324   7.269671e+00   1.175513e-01   7.269671e+00   1.175513e-01 223200605310349440       5527       4616     0 2453886.661157  1.284621e+01  1.755653e-02  1.284621e+01  1.755653e-02 
   76132391   7.381864e+00   1.171663e-01   7.381864e+00   1.171663e-01 223200605310350510       5536       4587     0 2453886.661933  1.282959e+01  1.723306e-02  1.282959e+01  1.723306e-02 
   76132440   7.241069e+00   1.173072e-01   7.241069e+00   1.173072e-01 223200605310351390       5537       4586     0 2453886.662500  1.285049e+01  1.758927e-02  1.285049e+01  1.758927e-02 
   76132502   7.410437e+00   1.183484e-01   7.410437e+00   1.183484e-01 223200605310352410       5539       4584     0 2453886.663218  1.282539e+01  1.733981e-02  1.282539e+01  1.733981e-02 
   76218795   6.892186e+00   1.188619e-01   6.892186e+00   1.188619e-01 223200606010350510       5546       4579     0 2453887.661979  1.290411e+01  1.872455e-02  1.290411e+01  1.872455e-02 
   76218863   7.099996e+00   1.197533e-01   7.099996e+00   1.197533e-01 223200606010351580       5545       4599     0 2453887.662766  1.287185e+01  1.831282e-02  1.287185e+01  1.831282e-02 
   76218933   6.876381e+00   1.188152e-01   6.876381e+00   1.188152e-01 223200606010353090       5549       4598     0 2453887.663576  1.290660e+01  1.876022e-02  1.290660e+01  1.876022e-02 
   76219019   7.093900e+00   1.199918e-01   7.093900e+00   1.199918e-01 223200606010354350       5557       4571     0 2453887.664572  1.287279e+01  1.836506e-02  1.287279e+01  1.836506e-02 
   76478201   8.301686e+00   1.310701e-01   8.301686e+00   1.310701e-01 223200606040354060       5557       4571     0 2453890.664363  1.270208e+01  1.714207e-02  1.270208e+01  1.714207e-02 
   76478274   8.680097e+00   1.320109e-01   8.680097e+00   1.320109e-01 223200606040355190       5557       4591     0 2453890.665208  1.265369e+01  1.651244e-02  1.265369e+01  1.651244e-02 
   76478350   8.015067e+00   1.299133e-01   8.015067e+00   1.299133e-01 223200606040356360       5565       4563     0 2453890.666088  1.274023e+01  1.759836e-02  1.274023e+01  1.759836e-02 
   76478403   8.294917e+00   1.295405e-01   8.294917e+00   1.295405e-01 223200606040357280       5567       4561     0 2453890.666701  1.270297e+01  1.695584e-02  1.270297e+01  1.695584e-02 
   76564543   7.646789e+00   2.866114e-01   7.646789e+00   2.866114e-01 223200606050353060       5584       4555     0 2453891.663692  1.279130e+01  4.069492e-02  1.279130e+01  4.069492e-02 
   76564602   7.714559e+00   2.821216e-01   7.714559e+00   2.821216e-01 223200606050354050       5588       4554     0 2453891.664375  1.278172e+01  3.970553e-02  1.278172e+01  3.970553e-02 
   76564662   8.081184e+00   2.844144e-01   8.081184e+00   2.844144e-01 223200606050355050       5591       4551     0 2453891.665069  1.273131e+01  3.821223e-02  1.273131e+01  3.821223e-02 
   76564720   8.906903e+00   2.620207e-01   8.906903e+00   2.620207e-01 223200606050356020       5593       4550     0 2453891.665741  1.262568e+01  3.193998e-02  1.262568e+01  3.193998e-02 
   76650914   7.675501e+00   1.214807e-01   7.675501e+00   1.214807e-01 223200606060352330       5572       4551     0 2453892.663356  1.278723e+01  1.718409e-02  1.278723e+01  1.718409e-02 
   76651048   7.539324e+00   1.236125e-01   7.539324e+00   1.236125e-01 223200606060354480       5579       4550     0 2453892.664907  1.280667e+01  1.780146e-02  1.280667e+01  1.780146e-02 
   76651104   7.649334e+00   1.217997e-01   7.649334e+00   1.217997e-01 223200606060355430       5582       4547     0 2453892.665556  1.279094e+01  1.728815e-02  1.279094e+01  1.728815e-02 
   76651180   7.439308e+00   1.218149e-01   7.439308e+00   1.218149e-01 223200606060357000       5579       4568     0 2453892.666435  1.282117e+01  1.777845e-02  1.282117e+01  1.777845e-02 
   76737408   7.886304e+00   1.265392e-01   7.886304e+00   1.265392e-01 223200606070354040       5583       4554     0 2453893.664444  1.275782e+01  1.742117e-02  1.275782e+01  1.742117e-02 
   76737461   8.050615e+00   1.260334e-01   8.050615e+00   1.260334e-01 223200606070354570       5585       4551     0 2453893.665058  1.273543e+01  1.699739e-02  1.273543e+01  1.699739e-02 
   76737516   8.015609e+00   1.256064e-01   8.015609e+00   1.256064e-01 223200606070355530       5587       4549     0 2453893.665694  1.274016e+01  1.701380e-02  1.274016e+01  1.701380e-02 
   76737572   8.413770e+00   1.272296e-01   8.413770e+00   1.272296e-01 223200606070356480       5589       4547     0 2453893.666343  1.268752e+01  1.641812e-02  1.268752e+01  1.641812e-02 
   76823798   7.777093e+00   1.232493e-01   7.777093e+00   1.232493e-01 223200606080353510       5609       4552     0 2453894.664329  1.277296e+01  1.720651e-02  1.277296e+01  1.720651e-02 
   76823857   7.591349e+00   1.233065e-01   7.591349e+00   1.233065e-01 223200606080354510       5612       4549     0 2453894.665012  1.279920e+01  1.763570e-02  1.279920e+01  1.763570e-02 
   76823916   7.659402e+00   1.227935e-01   7.659402e+00   1.227935e-01 223200606080355500       5614       4547     0 2453894.665694  1.278951e+01  1.740630e-02  1.278951e+01  1.740630e-02 
   76824002   7.579165e+00   1.237084e-01   7.579165e+00   1.237084e-01 223200606080357160       5612       4568     0 2453894.666690  1.280095e+01  1.772164e-02  1.280095e+01  1.772164e-02 
   76910224   7.442783e+00   1.210085e-01   7.442783e+00   1.210085e-01 223200606090354140       5605       4539     0 2453895.664630  1.282066e+01  1.765250e-02  1.282066e+01  1.765250e-02 
   76910278   7.400263e+00   1.211172e-01   7.400263e+00   1.211172e-01 223200606090355080       5608       4537     0 2453895.665255  1.282688e+01  1.776989e-02  1.282688e+01  1.776989e-02 
   76910362   7.514700e+00   1.220725e-01   7.514700e+00   1.220725e-01 223200606090356320       5605       4557     0 2453895.666227  1.281022e+01  1.763730e-02  1.281022e+01  1.763730e-02 
   76910434   7.323066e+00   1.198711e-01   7.323066e+00   1.198711e-01 223200606090357440       5612       4532     0 2453895.667060  1.283827e+01  1.777246e-02  1.283827e+01  1.777246e-02 
   76996579   8.982207e+00   2.233490e-01   8.982207e+00   2.233490e-01 223200606100353270       5610       4540     0 2453896.664109  1.261654e+01  2.699770e-02  1.261654e+01  2.699770e-02 
   76996644   8.827555e+00   2.204435e-01   8.827555e+00   2.204435e-01 223200606100354320       5614       4536     0 2453896.664861  1.263540e+01  2.711332e-02  1.263540e+01  2.711332e-02 
   76996705   8.680696e+00   2.173713e-01   8.680696e+00   2.173713e-01 223200606100355320       5616       4534     0 2453896.665567  1.265361e+01  2.718777e-02  1.265361e+01  2.718777e-02 
   76996760   9.015354e+00   2.150397e-01   9.015354e+00   2.150397e-01 223200606100356270       5618       4533     0 2453896.666204  1.261254e+01  2.589773e-02  1.261254e+01  2.589773e-02 
   77082999   1.038147e+01   3.685581e-01   1.038147e+01   3.685581e-01 223200606110353440       5623       4528     0 2453897.664340  1.245935e+01  3.854544e-02  1.245935e+01  3.854544e-02 
   77083076   1.034201e+01   3.678043e-01   1.034201e+01   3.678043e-01 223200606110355000       5622       4549     0 2453897.665231  1.246349e+01  3.861338e-02  1.246349e+01  3.861338e-02 
   77083157   9.804164e+00   3.637088e-01   9.804164e+00   3.637088e-01 223200606110356210       5629       4522     0 2453897.666169  1.252147e+01  4.027810e-02  1.252147e+01  4.027810e-02 
   77083211   9.568443e+00   3.648838e-01   9.568443e+00   3.648838e-01 223200606110357160       5631       4520     0 2453897.666794  1.254790e+01  4.140370e-02  1.254790e+01  4.140370e-02 
   77169265   1.031745e+01   4.562048e-01   1.031745e+01   4.562048e-01 223200606120351270       5621       4546     0 2453898.662789  1.246607e+01  4.800798e-02  1.246607e+01  4.800798e-02 
   77169327   9.688564e+00   4.576107e-01   9.688564e+00   4.576107e-01 223200606120352290       5629       4520     0 2453898.663507  1.253435e+01  5.128171e-02  1.253435e+01  5.128171e-02 
   77169385   9.106624e+00   4.530104e-01   9.106624e+00   4.530104e-01 223200606120353260       5631       4518     0 2453898.664178  1.260161e+01  5.401030e-02  1.260161e+01  5.401030e-02 
   77169445   1.047610e+01   4.491791e-01   1.047610e+01   4.491791e-01 223200606120354260       5632       4515     0 2453898.664873  1.244950e+01  4.655282e-02  1.244950e+01  4.655282e-02 
   77601375   8.982566e+00   1.942768e-01   8.982566e+00   1.942768e-01 223200606170353030       5645       4470     0 2453903.664062  1.261650e+01  2.348261e-02  1.261650e+01  2.348261e-02 
   77601445   9.603204e+00   1.948352e-01   9.603204e+00   1.948352e-01 223200606170354120       5643       4491     0 2453903.664873  1.254396e+01  2.202810e-02  1.254396e+01  2.202810e-02 
   77601515   9.213401e+00   1.940480e-01   9.213401e+00   1.940480e-01 223200606170355220       5644       4489     0 2453903.665683  1.258895e+01  2.286731e-02  1.258895e+01  2.286731e-02 
   77601572   9.866796e+00   1.918050e-01   9.866796e+00   1.918050e-01 223200606170356190       5650       4463     0 2453903.666343  1.251456e+01  2.110618e-02  1.251456e+01  2.110618e-02 
   77687719   9.215745e+00   1.665546e-01   9.215745e+00   1.665546e-01 223200606180352030       5666       4464     0 2453904.663414  1.258867e+01  1.962240e-02  1.258867e+01  1.962240e-02 
   77687762   9.005036e+00   1.668419e-01   9.005036e+00   1.668419e-01 223200606180352470       5667       4462     0 2453904.663912  1.261379e+01  2.011618e-02  1.261379e+01  2.011618e-02 
   77687830   8.638579e+00   1.671506e-01   8.638579e+00   1.671506e-01 223200606180353550       5668       4461     0 2453904.664699  1.265889e+01  2.100833e-02  1.265889e+01  2.100833e-02 
   77687881   8.496769e+00   1.671558e-01   8.496769e+00   1.671558e-01 223200606180354460       5669       4459     0 2453904.665289  1.267687e+01  2.135961e-02  1.267687e+01  2.135961e-02 
   77774355   7.626489e+00   1.420772e-01   7.626489e+00   1.420772e-01 223200606190355570       5711       4445     0 2453905.666146  1.279419e+01  2.022673e-02  1.279419e+01  2.022673e-02 
   77774411   7.881134e+00   1.426448e-01   7.881134e+00   1.426448e-01 223200606190356530       5711       4445     0 2453905.666794  1.275853e+01  1.965138e-02  1.275853e+01  1.965138e-02 
   77774473   7.861173e+00   1.426980e-01   7.861173e+00   1.426980e-01 223200606190357560       5711       4444     0 2453905.667512  1.276128e+01  1.970863e-02  1.276128e+01  1.970863e-02 
   77774538   7.765793e+00   1.443141e-01   7.765793e+00   1.443141e-01 223200606190359000       5705       4467     0 2453905.668264  1.277454e+01  2.017663e-02  1.277454e+01  2.017663e-02 
   77860769   7.573556e+00   1.286119e-01   7.573556e+00   1.286119e-01 223200606200356080       5695       4439     0 2453906.666308  1.280175e+01  1.843771e-02  1.280175e+01  1.843771e-02 
   77860828   7.679454e+00   1.285502e-01   7.679454e+00   1.285502e-01 223200606200357080       5696       4438     0 2453906.666991  1.278667e+01  1.817474e-02  1.278667e+01  1.817474e-02 
   77860892   7.442018e+00   1.280347e-01   7.442018e+00   1.280347e-01 223200606200358110       5695       4438     0 2453906.667731  1.282077e+01  1.867940e-02  1.282077e+01  1.867940e-02 
   77860957   7.576504e+00   1.285592e-01   7.576504e+00   1.285592e-01 223200606200359170       5689       4463     0 2453906.668484  1.280133e+01  1.842299e-02  1.280133e+01  1.842299e-02 
   77947079   7.507847e+00   1.333004e-01   7.507847e+00   1.333004e-01 223200606210354360       5690       4438     0 2453907.665266  1.281121e+01  1.927711e-02  1.281121e+01  1.927711e-02 
   77947133   7.467564e+00   1.332035e-01   7.467564e+00   1.332035e-01 223200606210355300       5690       4439     0 2453907.665891  1.281705e+01  1.936701e-02  1.281705e+01  1.936701e-02 
   77947211   7.957278e+00   1.350299e-01   7.957278e+00   1.350299e-01 223200606210356480       5686       4462     0 2453907.666794  1.274809e+01  1.842430e-02  1.274809e+01  1.842430e-02 
   77947278   7.299052e+00   1.328602e-01   7.299052e+00   1.328602e-01 223200606210357550       5690       4439     0 2453907.667569  1.284183e+01  1.976307e-02  1.284183e+01  1.976307e-02 
   78119989   8.566588e+00   1.241996e-01   8.566588e+00   1.241996e-01 223200606230356210       5681       4418     0 2453909.666539  1.266798e+01  1.574121e-02  1.266798e+01  1.574121e-02 
   78120043   8.524073e+00   1.242842e-01   8.524073e+00   1.242842e-01 223200606230357150       5680       4419     0 2453909.667164  1.267338e+01  1.583051e-02  1.267338e+01  1.583051e-02 
   78120191   8.432106e+00   1.253472e-01   8.432106e+00   1.253472e-01 223200606230359440       5678       4426     0 2453909.668877  1.268516e+01  1.614003e-02  1.268516e+01  1.614003e-02 
   78120253   8.226753e+00   1.247685e-01   8.226753e+00   1.247685e-01 223200606230400460       5680       4406     0 2453909.669595  1.271193e+01  1.646654e-02  1.271193e+01  1.646654e-02 
   78206448   8.530717e+00   1.284417e-01   8.530717e+00   1.284417e-01 223200606240357190       5699       4404     0 2453910.667222  1.267254e+01  1.634732e-02  1.267254e+01  1.634732e-02 
   78206507   8.306230e+00   1.269932e-01   8.306230e+00   1.269932e-01 223200606240358180       5697       4407     0 2453910.667905  1.270149e+01  1.659979e-02  1.270149e+01  1.659979e-02 
   78206582   7.972090e+00   1.263272e-01   7.972090e+00   1.263272e-01 223200606240359320       5687       4435     0 2453910.668773  1.274607e+01  1.720484e-02  1.274607e+01  1.720484e-02 
   78206641   7.842776e+00   1.262241e-01   7.842776e+00   1.262241e-01 223200606240400310       5683       4421     0 2453910.669456  1.276383e+01  1.747423e-02  1.276383e+01  1.747423e-02 
   78292888   7.993629e+00   1.198408e-01   7.993629e+00   1.198408e-01 223200606250357560       5702       4386     0 2453911.667685  1.274314e+01  1.627746e-02  1.274314e+01  1.627746e-02 
   78292942   7.492373e+00   1.169459e-01   7.492373e+00   1.169459e-01 223200606250358490       5695       4394     0 2453911.668310  1.281345e+01  1.694695e-02  1.281345e+01  1.694695e-02 
   78292993   7.719573e+00   1.187216e-01   7.719573e+00   1.187216e-01 223200606250359400       5685       4407     0 2453911.668900  1.278102e+01  1.669792e-02  1.278102e+01  1.669792e-02 
   78293055   7.721744e+00   1.191731e-01   7.721744e+00   1.191731e-01 223200606250400430       5686       4406     0 2453911.669618  1.278071e+01  1.675671e-02  1.278071e+01  1.675671e-02 
   78724955   7.468330e+00   1.193006e-01   7.468330e+00   1.193006e-01 223200606300358520       5708       4388     0 2453916.668461  1.281694e+01  1.734383e-02  1.281694e+01  1.734383e-02 
   78725032   7.674252e+00   1.201667e-01   7.674252e+00   1.201667e-01 223200606300400090       5715       4361     0 2453916.669352  1.278741e+01  1.700099e-02  1.278741e+01  1.700099e-02 
   78725079   7.566627e+00   1.201786e-01   7.566627e+00   1.201786e-01 223200606300400570       5716       4359     0 2453916.669896  1.280274e+01  1.724451e-02  1.280274e+01  1.724451e-02 
   78725143   8.003004e+00   1.216082e-01   8.003004e+00   1.216082e-01 223200606300402000       5717       4357     0 2453916.670637  1.274187e+01  1.649817e-02  1.274187e+01  1.649817e-02 
   78811391   7.461471e+00   1.230440e-01   7.461471e+00   1.230440e-01 223200607010359260       5708       4354     0 2453917.668877  1.281794e+01  1.790449e-02  1.281794e+01  1.790449e-02 
   78811470   7.393003e+00   1.239427e-01   7.393003e+00   1.239427e-01 223200607010400450       5705       4375     0 2453917.669792  1.282795e+01  1.820229e-02  1.282795e+01  1.820229e-02 
   78811535   7.427359e+00   1.218079e-01   7.427359e+00   1.218079e-01 223200607010401510       5711       4349     0 2453917.670544  1.282291e+01  1.780601e-02  1.282291e+01  1.780601e-02 
   78811586   7.538875e+00   1.232834e-01   7.538875e+00   1.232834e-01 223200607010402420       5711       4346     0 2453917.671134  1.280673e+01  1.775513e-02  1.280673e+01  1.775513e-02 
   78897861   1.610595e+01   5.775359e-01   1.610595e+01   5.775359e-01 223200607020400340       5721       4342     0 2453918.669688  1.198253e+01  3.893305e-02  1.198253e+01  3.893305e-02 
   78897915   5.978911e+00   3.184439e-01   5.978911e+00   3.184439e-01 223200607020401280       5720       4340     0 2453918.670313  1.305844e+01  5.782780e-02  1.305844e+01  5.782780e-02 
   78984204   7.556591e+00   1.186363e-01   7.556591e+00   1.186363e-01 223200607030359350       5727       4330     0 2453919.669028  1.280418e+01  1.704580e-02  1.280418e+01  1.704580e-02 
   78984258   7.595932e+00   1.181676e-01   7.595932e+00   1.181676e-01 223200607030400290       5729       4328     0 2453919.669653  1.279855e+01  1.689053e-02  1.279855e+01  1.689053e-02 
   78984316   7.836446e+00   1.190447e-01   7.836446e+00   1.190447e-01 223200607030401270       5730       4326     0 2453919.670324  1.276470e+01  1.649366e-02  1.276470e+01  1.649366e-02 
   78984371   8.005704e+00   1.194102e-01   8.005704e+00   1.194102e-01 223200607030402220       5730       4324     0 2453919.670961  1.274150e+01  1.619451e-02  1.274150e+01  1.619451e-02 
   79070527   7.138840e+00   1.160956e-01   7.138840e+00   1.160956e-01 223200607040358180       5723       4309     0 2453920.668137  1.286593e+01  1.765689e-02  1.286593e+01  1.765689e-02 
   79070573   7.320498e+00   1.157065e-01   7.320498e+00   1.157065e-01 223200607040359040       5725       4308     0 2453920.668669  1.283865e+01  1.716101e-02  1.283865e+01  1.716101e-02 
   79070639   7.322924e+00   1.153188e-01   7.322924e+00   1.153188e-01 223200607040400090       5726       4305     0 2453920.669433  1.283829e+01  1.709784e-02  1.283829e+01  1.709784e-02 
   79070691   7.367399e+00   1.149708e-01   7.367399e+00   1.149708e-01 223200607040401020       5726       4303     0 2453920.670035  1.283171e+01  1.694334e-02  1.283171e+01  1.694334e-02 
   79415956   7.774860e+00   1.197444e-01   7.774860e+00   1.197444e-01 223200607080355190       5721       4293     0 2453924.666157  1.277327e+01  1.672201e-02  1.277327e+01  1.672201e-02 
   79416113   7.941411e+00   1.198220e-01   7.941411e+00   1.198220e-01 223200607080357570       5723       4315     0 2453924.667975  1.275026e+01  1.638192e-02  1.275026e+01  1.638192e-02 
   79416180   8.082004e+00   1.175004e-01   8.082004e+00   1.175004e-01 223200607080359030       5728       4288     0 2453924.668750  1.273120e+01  1.578506e-02  1.273120e+01  1.578506e-02 
   79416238   8.081760e+00   1.184099e-01   8.081760e+00   1.184099e-01 223200607080400010       5729       4285     0 2453924.669421  1.273124e+01  1.590772e-02  1.273124e+01  1.590772e-02 
   79502443   8.731909e+00   1.672791e-01   8.731909e+00   1.672791e-01 223200607090356460       5733       4287     0 2453925.667164  1.264723e+01  2.079976e-02  1.264723e+01  2.079976e-02 
   79502495   8.903932e+00   1.669315e-01   8.903932e+00   1.669315e-01 223200607090357380       5733       4285     0 2453925.667766  1.262605e+01  2.035553e-02  1.262605e+01  2.035553e-02 
   79502564   8.358178e+00   1.626500e-01   8.358178e+00   1.626500e-01 223200607090358470       5734       4281     0 2453925.668565  1.269472e+01  2.112848e-02  1.269472e+01  2.112848e-02 
   79502718   8.532414e+00   1.604794e-01   8.532414e+00   1.604794e-01 223200607090401200       5732       4264     0 2453925.670347  1.267232e+01  2.042082e-02  1.267232e+01  2.042082e-02 
   80278195   8.828742e+00   1.786668e-01   8.828742e+00   1.786668e-01 223200607180325470       5763       4243     0 2453934.645775  1.263525e+01  2.197206e-02  1.263525e+01  2.197206e-02 
   80278257   8.575325e+00   1.723831e-01   8.575325e+00   1.723831e-01 223200607180326500       5768       4216     0 2453934.646493  1.266687e+01  2.182578e-02  1.266687e+01  2.182578e-02 
   80278332   9.874148e+00   1.976693e-01   9.874148e+00   1.976693e-01 223200607180328050       5763       4238     0 2453934.647361  1.251375e+01  2.173528e-02  1.251375e+01  2.173528e-02 
   80278410   6.903201e+00   2.599534e-01   6.903201e+00   2.599534e-01 223200607180329220       5768       4211     0 2453934.648264  1.290237e+01  4.088564e-02  1.290237e+01  4.088564e-02 
   80364287   8.559512e+00   1.380447e-01   8.559512e+00   1.380447e-01 223200607190320380       5760       4227     0 2453935.642211  1.266888e+01  1.751043e-02  1.266888e+01  1.751043e-02 
   80364343   8.405680e+00   1.370941e-01   8.405680e+00   1.370941e-01 223200607190321350       5760       4226     0 2453935.642859  1.268857e+01  1.770809e-02  1.268857e+01  1.770809e-02 
   80364403   8.541614e+00   1.368681e-01   8.541614e+00   1.368681e-01 223200607190322340       5760       4224     0 2453935.643553  1.267115e+01  1.739755e-02  1.267115e+01  1.739755e-02 
   80364464   8.473273e+00   1.367655e-01   8.473273e+00   1.367655e-01 223200607190323360       5761       4222     0 2453935.644259  1.267987e+01  1.752472e-02  1.267987e+01  1.752472e-02 
   80450502   7.697354e+00   1.272580e-01   7.697354e+00   1.272580e-01 223200607200317340       5765       4218     0 2453936.640069  1.278415e+01  1.795021e-02  1.278415e+01  1.795021e-02 
   80450563   7.598786e+00   1.273805e-01   7.598786e+00   1.273805e-01 223200607200318350       5764       4217     0 2453936.640775  1.279814e+01  1.820055e-02  1.279814e+01  1.820055e-02 
   80450627   7.826569e+00   1.279366e-01   7.826569e+00   1.279366e-01 223200607200319380       5764       4215     0 2453936.641516  1.276607e+01  1.774800e-02  1.276607e+01  1.774800e-02 
   80450684   7.918736e+00   1.281298e-01   7.918736e+00   1.281298e-01 223200607200320360       5764       4213     0 2453936.642176  1.275336e+01  1.756790e-02  1.275336e+01  1.756790e-02 
   80967433   7.363378e+00   1.164526e-01   7.363378e+00   1.164526e-01 223200607260253020       5723       4254     0 2453942.623067  1.283231e+01  1.717109e-02  1.283231e+01  1.717109e-02 
   80967492   7.351153e+00   1.155850e-01   7.351153e+00   1.155850e-01 223200607260254000       5724       4252     0 2453942.623750  1.283411e+01  1.707150e-02  1.283411e+01  1.707150e-02 
   80967552   7.327600e+00   1.154414e-01   7.327600e+00   1.154414e-01 223200607260255010       5725       4249     0 2453942.624444  1.283760e+01  1.710511e-02  1.283760e+01  1.710511e-02 
   80967608   7.471913e+00   1.160141e-01   7.471913e+00   1.160141e-01 223200607260255560       5726       4247     0 2453942.625093  1.281642e+01  1.685795e-02  1.281642e+01  1.685795e-02 
   81053653   7.978055e+00   1.280737e-01   7.978055e+00   1.280737e-01 223200607270250020       5720       4250     0 2453943.620984  1.274526e+01  1.742966e-02  1.274526e+01  1.742966e-02 
   81053715   7.888691e+00   1.308457e-01   7.888691e+00   1.308457e-01 223200607270251040       5720       4247     0 2453943.621701  1.275749e+01  1.800861e-02  1.275749e+01  1.800861e-02 
   81053771   7.389376e+00   1.265381e-01   7.389376e+00   1.265381e-01 223200607270251590       5721       4245     0 2453943.622350  1.282848e+01  1.859257e-02  1.282848e+01  1.859257e-02 
   81053833   7.649091e+00   1.250909e-01   7.649091e+00   1.250909e-01 223200607270253010       5722       4243     0 2453943.623067  1.279098e+01  1.775586e-02  1.279098e+01  1.775586e-02 
   81139831   6.362562e+00   7.092204e-01   6.362562e+00   7.092204e-01 223200607280246190       5737       4241     0 2453944.618414  1.299092e+01  1.210250e-01  1.299092e+01  1.210250e-01 
   81139890   6.788892e+00   1.212523e+00   6.788892e+00   1.212523e+00 223200607280247170       5738       4239     0 2453944.619097  1.292050e+01  1.939175e-01  1.292050e+01  1.939175e-01 
   81139944   6.804470e+00   7.583621e-01   6.804470e+00   7.583621e-01 223200607280248110       5738       4237     0 2453944.619722  1.291801e+01  1.210063e-01  1.291801e+01  1.210063e-01 
   82346064   9.780866e+00   3.794565e-01   9.780866e+00   3.794565e-01 223200608110150170       5733       4280     0 2453958.579444  1.252406e+01  4.212216e-02  1.252406e+01  4.212216e-02 
   82346120   9.646899e+00   3.771997e-01   9.646899e+00   3.771997e-01 223200608110151120       5736       4278     0 2453958.580093  1.253903e+01  4.245310e-02  1.253903e+01  4.245310e-02 
   82346175   1.010495e+01   3.798834e-01   1.010495e+01   3.798834e-01 223200608110152070       5736       4274     0 2453958.580729  1.248866e+01  4.081709e-02  1.248866e+01  4.081709e-02 
   82346234   1.014161e+01   3.774979e-01   1.014161e+01   3.774979e-01 223200608110153070       5736       4273     0 2453958.581412  1.248473e+01  4.041415e-02  1.248473e+01  4.041415e-02 
   82518419   9.933992e+00   2.502715e-01   9.933992e+00   2.502715e-01 223200608130142530       5737       4252     0 2453960.574294  1.250719e+01  2.735353e-02  1.250719e+01  2.735353e-02 
   82518478   9.686998e+00   2.494464e-01   9.686998e+00   2.494464e-01 223200608130143520       5738       4249     0 2453960.574977  1.253453e+01  2.795850e-02  1.253453e+01  2.795850e-02 
   82518540   9.441865e+00   2.487660e-01   9.441865e+00   2.487660e-01 223200608130144550       5737       4244     0 2453960.575694  1.256236e+01  2.860612e-02  1.256236e+01  2.860612e-02 
   82518618   9.956665e+00   2.497357e-01   9.956665e+00   2.497357e-01 223200608130146120       5733       4264     0 2453960.576597  1.250471e+01  2.723282e-02  1.250471e+01  2.723282e-02 
   82604600   9.276944e+00   2.046675e-01   9.276944e+00   2.046675e-01 223200608140139160       5736       4270     0 2453961.571759  1.258149e+01  2.395355e-02  1.258149e+01  2.395355e-02 
   82604656   9.052868e+00   2.047530e-01   9.052868e+00   2.047530e-01 223200608140140120       5742       4267     0 2453961.572407  1.260803e+01  2.455669e-02  1.260803e+01  2.455669e-02 
   82604713   8.839456e+00   2.086534e-01   8.839456e+00   2.086534e-01 223200608140141080       5755       4264     0 2453961.573067  1.263394e+01  2.562865e-02  1.263394e+01  2.562865e-02 
   82604767   9.019879e+00   2.120578e-01   9.019879e+00   2.120578e-01 223200608140142030       5755       4262     0 2453961.573692  1.261200e+01  2.552580e-02  1.261200e+01  2.552580e-02 
   82863073   8.105575e+00   1.438778e-01   8.105575e+00   1.438778e-01 223200608170127120       5726       4279     0 2453964.563345  1.272804e+01  1.927240e-02  1.272804e+01  1.927240e-02 
   82863141   8.186729e+00   1.444578e-01   8.186729e+00   1.444578e-01 223200608170128190       5734       4248     0 2453964.564132  1.271722e+01  1.915828e-02  1.271722e+01  1.915828e-02 
   82863197   8.162833e+00   1.447848e-01   8.162833e+00   1.447848e-01 223200608170129150       5735       4246     0 2453964.564780  1.272040e+01  1.925786e-02  1.272040e+01  1.925786e-02 
   82863257   8.060496e+00   1.447430e-01   8.060496e+00   1.447430e-01 223200608170130160       5735       4244     0 2453964.565475  1.273410e+01  1.949672e-02  1.273410e+01  1.949672e-02 
   82949246   7.659988e+00   1.187643e-01   7.659988e+00   1.187643e-01 223200608180123250       5731       4227     0 2453965.560718  1.278943e+01  1.683386e-02  1.278943e+01  1.683386e-02 
   82949308   7.698971e+00   1.200913e-01   7.698971e+00   1.200913e-01 223200608180124270       5733       4226     0 2453965.561435  1.278392e+01  1.693576e-02  1.278392e+01  1.693576e-02 
   82949371   7.615839e+00   1.189536e-01   7.615839e+00   1.189536e-01 223200608180125310       5733       4223     0 2453965.562164  1.279571e+01  1.695844e-02  1.279571e+01  1.695844e-02 
   82949462   7.589820e+00   1.175370e-01   7.589820e+00   1.175370e-01 223200608180127020       5729       4241     0 2453965.563218  1.279942e+01  1.681391e-02  1.279942e+01  1.681391e-02 
   83724671   6.919385e+00   1.151185e-01   6.919385e+00   1.151185e-01 223200608270047250       5710       4278     0 2453974.535544  1.289983e+01  1.806357e-02  1.289983e+01  1.806357e-02 
   83724735   7.257413e+00   1.159359e-01   7.257413e+00   1.159359e-01 223200608270048280       5714       4244     0 2453974.536285  1.284805e+01  1.734450e-02  1.284805e+01  1.734450e-02 
   83724810   6.956123e+00   1.151549e-01   6.956123e+00   1.151549e-01 223200608270049440       5709       4265     0 2453974.537153  1.289408e+01  1.797384e-02  1.289408e+01  1.797384e-02 
   83724872   7.139362e+00   1.142411e-01   7.139362e+00   1.142411e-01 223200608270050460       5714       4237     0 2453974.537870  1.286585e+01  1.737356e-02  1.286585e+01  1.737356e-02 
   83810837   6.777293e+00   1.110751e-01   6.777293e+00   1.110751e-01 223200608280043330       5715       4267     0 2453975.532836  1.292236e+01  1.779453e-02  1.292236e+01  1.779453e-02 
   83810889   6.749203e+00   1.115485e-01   6.749203e+00   1.115485e-01 223200608280044250       5716       4264     0 2453975.533437  1.292687e+01  1.794474e-02  1.292687e+01  1.794474e-02 
   83810960   7.074707e+00   1.117776e-01   7.074707e+00   1.117776e-01 223200608280045350       5716       4260     0 2453975.534259  1.287573e+01  1.715427e-02  1.287573e+01  1.715427e-02 
   83811017   7.119795e+00   1.115551e-01   7.119795e+00   1.115551e-01 223200608280046320       5715       4258     0 2453975.534919  1.286883e+01  1.701170e-02  1.286883e+01  1.701170e-02 
   84328669   8.482966e+00   2.779208e-01   8.482966e+00   2.779208e-01 223200609030034170       5705       4197     0 2453981.526262  1.267863e+01  3.557125e-02  1.267863e+01  3.557125e-02 
   84328741   9.019313e+00   2.833793e-01   9.019313e+00   2.833793e-01 223200609030035280       5700       4217     0 2453981.527095  1.261207e+01  3.411304e-02  1.261207e+01  3.411304e-02 
   84328808   9.053964e+00   2.961160e-01   9.053964e+00   2.961160e-01 223200609030036350       5702       4183     0 2453981.527870  1.260790e+01  3.550986e-02  1.260790e+01  3.550986e-02 
   84328865   8.822929e+00   2.841221e-01   8.822929e+00   2.841221e-01 223200609030037320       5703       4182     0 2453981.528530  1.263597e+01  3.496375e-02  1.263597e+01  3.496375e-02 
   84500176   8.135026e+00   4.270574e-01   8.135026e+00   4.270574e-01 223200609050012480       5712       4262     0 2453983.511296  1.272410e+01  5.699715e-02  1.272410e+01  5.699715e-02 
   84500236   9.219851e+00   4.235888e-01   9.219851e+00   4.235888e-01 223200609050013480       5714       4258     0 2453983.511991  1.258819e+01  4.988230e-02  1.258819e+01  4.988230e-02 
   84500298   8.605547e+00   4.204612e-01   8.605547e+00   4.204612e-01 223200609050014500       5714       4255     0 2453983.512708  1.266305e+01  5.304853e-02  1.266305e+01  5.304853e-02 
   84500376   7.947920e+00   4.235127e-01   7.947920e+00   4.235127e-01 223200609050016080       5709       4275     0 2453983.513611  1.274937e+01  5.785471e-02  1.274937e+01  5.785471e-02 
   84844849   8.145153e+00   5.834219e-01   8.145153e+00   5.834219e-01 223200609082357310       5722       4270     0 2453987.500567  1.272275e+01  7.776950e-02  1.272275e+01  7.776950e-02 
   84844905   7.156799e+00   5.856718e-01   7.156799e+00   5.856718e-01 223200609082358260       5724       4265     0 2453987.501215  1.286320e+01  8.885080e-02  1.286320e+01  8.885080e-02 
   84844962   8.318839e+00   5.837418e-01   8.318839e+00   5.837418e-01 223200609082359230       5723       4262     0 2453987.501875  1.269984e+01  7.618754e-02  1.269984e+01  7.618754e-02 
   84845024   6.739873e+00   5.816435e-01   6.739873e+00   5.816435e-01 223200609090000260       5723       4260     0 2453987.502593  1.292837e+01  9.369814e-02  1.292837e+01  9.369814e-02 
   85017149   9.332346e+00   3.227472e-01   9.332346e+00   3.227472e-01 223200609102349160       5699       4223     0 2453989.494780  1.257502e+01  3.754893e-02  1.257502e+01  3.754893e-02 
   85017216   9.552156e+00   4.110211e-01   9.552156e+00   4.110211e-01 223200609102350220       5700       4220     0 2453989.495556  1.254975e+01  4.671846e-02  1.254975e+01  4.671846e-02 
   85017275   8.373891e+00   3.652091e-01   8.373891e+00   3.652091e-01 223200609102351210       5701       4218     0 2453989.496238  1.269268e+01  4.735220e-02  1.269268e+01  4.735220e-02 
   85017333   9.445124e+00   3.728015e-01   9.445124e+00   3.728015e-01 223200609102352200       5698       4211     0 2453989.496910  1.256198e+01  4.285444e-02  1.256198e+01  4.285444e-02 
   85361741   7.010643e+00   1.134425e-01   7.010643e+00   1.134425e-01 223200609142332380       5701       4176     0 2453993.483113  1.288560e+01  1.756887e-02  1.288560e+01  1.756887e-02 
   85361798   6.848822e+00   1.131625e-01   6.848822e+00   1.131625e-01 223200609142333360       5702       4173     0 2453993.483773  1.291096e+01  1.793958e-02  1.291096e+01  1.793958e-02 
   85361859   6.680861e+00   1.126805e-01   6.680861e+00   1.126805e-01 223200609142334370       5703       4170     0 2453993.484479  1.293792e+01  1.831228e-02  1.293792e+01  1.831228e-02 
   85361934   6.761178e+00   1.105988e-01   6.761178e+00   1.105988e-01 223200609142335520       5698       4190     0 2453993.485347  1.292494e+01  1.776044e-02  1.292494e+01  1.776044e-02 
   85620638   8.226673e+00   1.298981e-01   8.226673e+00   1.298981e-01 223200609172327440       5671       4182     0 2453996.479606  1.271194e+01  1.714370e-02  1.271194e+01  1.714370e-02 
   85620697   8.052085e+00   1.304270e-01   8.052085e+00   1.304270e-01 223200609172328430       5671       4178     0 2453996.480289  1.273523e+01  1.758672e-02  1.273523e+01  1.758672e-02 
   85620760   8.502671e+00   1.317936e-01   8.502671e+00   1.317936e-01 223200609172329460       5671       4176     0 2453996.481019  1.267611e+01  1.682924e-02  1.267611e+01  1.682924e-02 
   85620814   8.506391e+00   1.324079e-01   8.506391e+00   1.324079e-01 223200609172330410       5671       4173     0 2453996.481644  1.267564e+01  1.690030e-02  1.267564e+01  1.690030e-02 
   85706434   8.397746e+00   1.292402e-01   8.397746e+00   1.292402e-01 223200609182317440       5674       4155     0 2453997.472616  1.268959e+01  1.670940e-02  1.268959e+01  1.670940e-02 
   85706497   8.133044e+00   1.280570e-01   8.133044e+00   1.280570e-01 223200609182318460       5679       4133     0 2453997.473345  1.272437e+01  1.709527e-02  1.272437e+01  1.709527e-02 
   85706552   8.095564e+00   1.259145e-01   8.095564e+00   1.259145e-01 223200609182319410       5679       4130     0 2453997.473981  1.272938e+01  1.688707e-02  1.272938e+01  1.688707e-02 
   85706629   8.074400e+00   1.278317e-01   8.074400e+00   1.278317e-01 223200609182320580       5675       4153     0 2453997.474873  1.273222e+01  1.718915e-02  1.273222e+01  1.718915e-02 
   85878748   7.626205e+00   1.237736e-01   7.626205e+00   1.237736e-01 223200609202309430       5676       4208     0 2453999.466991  1.279423e+01  1.762160e-02  1.279423e+01  1.762160e-02 
   85878805   7.782185e+00   1.237184e-01   7.782185e+00   1.237184e-01 223200609202310400       5678       4206     0 2453999.467650  1.277225e+01  1.726070e-02  1.277225e+01  1.726070e-02 
   85878866   7.772062e+00   1.252440e-01   7.772062e+00   1.252440e-01 223200609202311410       5679       4203     0 2453999.468356  1.277366e+01  1.749631e-02  1.277366e+01  1.749631e-02 
   85878926   7.784856e+00   1.263352e-01   7.784856e+00   1.263352e-01 223200609202312420       5679       4200     0 2453999.469051  1.277187e+01  1.761975e-02  1.277187e+01  1.761975e-02 
   85964870   6.953429e+00   1.151808e-01   6.953429e+00   1.151808e-01 223200609212305090       5690       4203     0 2454000.463773  1.289450e+01  1.798486e-02  1.289450e+01  1.798486e-02 
   85965023   6.514001e+00   1.130172e-01   6.514001e+00   1.130172e-01 223200609212307420       5692       4195     0 2454000.465544  1.296538e+01  1.883746e-02  1.296538e+01  1.883746e-02 
   85965086   6.651107e+00   1.117990e-01   6.651107e+00   1.117990e-01 223200609212308460       5693       4193     0 2454000.466273  1.294277e+01  1.825029e-02  1.294277e+01  1.825029e-02 
   85965142   6.672794e+00   1.116070e-01   6.672794e+00   1.116070e-01 223200609212309410       5693       4191     0 2454000.466921  1.293923e+01  1.815974e-02  1.293923e+01  1.815974e-02 
   86404984   6.450259e+00   1.175752e-01   6.450259e+00   1.175752e-01 223200609270120390       5554       3848     0 2454005.557685  1.297606e+01  1.979085e-02  1.297606e+01  1.979085e-02 
   86405045   6.953003e+00   1.189085e-01   6.953003e+00   1.189085e-01 223200609270121400       5558       3822     0 2454005.558391  1.289457e+01  1.856805e-02  1.289457e+01  1.856805e-02 
   86405113   6.754959e+00   1.183242e-01   6.754959e+00   1.183242e-01 223200609270122490       5557       3820     0 2454005.559178  1.292594e+01  1.901851e-02  1.292594e+01  1.901851e-02 
   86405174   6.690921e+00   1.186115e-01   6.690921e+00   1.186115e-01 223200609270123490       5556       3818     0 2454005.559884  1.293629e+01  1.924715e-02  1.293629e+01  1.924715e-02 
   87688154   5.254073e+00   9.494499e-02   5.254073e+00   9.494499e-02 223200610112147440       5355       4007     0 2454020.409190  1.319876e+01  1.962013e-02  1.319876e+01  1.962013e-02 
   87688228   5.239609e+00   9.388874e-02   5.239609e+00   9.388874e-02 223200610112148580       5359       3980     0 2454020.410046  1.320175e+01  1.945541e-02  1.320175e+01  1.945541e-02 
   87688282   5.131730e+00   9.429724e-02   5.131730e+00   9.429724e-02 223200610112149520       5359       3977     0 2454020.410671  1.322434e+01  1.995084e-02  1.322434e+01  1.995084e-02 
   87860499   5.784863e+00   1.066309e-01   5.784863e+00   1.066309e-01 223200610132140170       5318       4030     0 2454022.403924  1.309427e+01  2.001316e-02  1.309427e+01  2.001316e-02 
   87860566   5.506845e+00   1.055315e-01   5.506845e+00   1.055315e-01 223200610132141240       5318       4026     0 2454022.404699  1.314774e+01  2.080679e-02  1.314774e+01  2.080679e-02 
   87860622   5.601653e+00   1.055515e-01   5.601653e+00   1.055515e-01 223200610132142200       5317       4023     0 2454022.405347  1.312921e+01  2.045851e-02  1.312921e+01  2.045851e-02 
   87860682   5.565037e+00   1.055515e-01   5.565037e+00   1.055515e-01 223200610132143190       5317       4021     0 2454022.406042  1.313633e+01  2.059312e-02  1.313633e+01  2.059312e-02 
   88033111   5.244480e+00   9.915083e-02   5.244480e+00   9.915083e-02 223200610152137170       5314       4060     0 2454024.401748  1.320074e+01  2.052673e-02  1.320074e+01  2.052673e-02 
   88033172   5.308711e+00   1.002115e-01   5.308711e+00   1.002115e-01 223200610152138180       5313       4055     0 2454024.402454  1.318753e+01  2.049531e-02  1.318753e+01  2.049531e-02 
   88033227   5.143313e+00   9.824964e-02   5.143313e+00   9.824964e-02 223200610152139130       5312       4051     0 2454024.403090  1.322189e+01  2.074024e-02  1.322189e+01  2.074024e-02 
   88033286   5.054824e+00   9.694539e-02   5.054824e+00   9.694539e-02 223200610152140120       5312       4047     0 2454024.403773  1.324074e+01  2.082318e-02  1.324074e+01  2.082318e-02 
   88377433   6.382659e+00   1.053659e-01   6.382659e+00   1.053659e-01 223200610192116140       5298       4076     0 2454028.386956  1.298750e+01  1.792356e-02  1.298750e+01  1.792356e-02 
   88377485   6.353899e+00   1.072110e-01   6.353899e+00   1.072110e-01 223200610192117070       5297       4072     0 2454028.387558  1.299240e+01  1.831998e-02  1.299240e+01  1.831998e-02 
   88377570   6.100734e+00   1.056633e-01   6.100734e+00   1.056633e-01 223200610192118310       5292       4093     0 2454028.388542  1.303654e+01  1.880476e-02  1.303654e+01  1.880476e-02 
   88377632   6.193375e+00   1.066210e-01   6.193375e+00   1.066210e-01 223200610192119340       5292       4089     0 2454028.389259  1.302018e+01  1.869138e-02  1.302018e+01  1.869138e-02 
   88463598   5.081695e+00   9.956599e-02   5.081695e+00   9.956599e-02 223200610202112230       5322       4031     0 2454029.384236  1.323498e+01  2.127298e-02  1.323498e+01  2.127298e-02 
   88463670   5.076289e+00   9.985078e-02   5.076289e+00   9.985078e-02 223200610202113350       5319       4026     0 2454029.385069  1.323613e+01  2.135654e-02  1.323613e+01  2.135654e-02 
   88463733   5.337987e+00   1.007482e-01   5.337987e+00   1.007482e-01 223200610202114380       5319       4023     0 2454029.385799  1.318156e+01  2.049207e-02  1.318156e+01  2.049207e-02 
   88463792   5.186232e+00   1.001528e-01   5.186232e+00   1.001528e-01 223200610202115380       5318       4021     0 2454029.386481  1.321287e+01  2.096703e-02  1.321287e+01  2.096703e-02 
   88551546   5.824615e+00   1.092968e-01   5.824615e+00   1.092968e-01 223200610212138150       5316       3970     0 2454030.402153  1.308683e+01  2.037352e-02  1.308683e+01  2.037352e-02 
   88551678   5.555354e+00   1.088837e-01   5.555354e+00   1.088837e-01 223200610212140270       5313       3960     0 2454030.403681  1.313822e+01  2.128026e-02  1.313822e+01  2.128026e-02 
   88551750   5.942026e+00   1.107377e-01   5.942026e+00   1.107377e-01 223200610212141400       5307       3980     0 2454030.404514  1.306516e+01  2.023423e-02  1.306516e+01  2.023423e-02 
   88637681   8.042209e+00   1.358610e+00   8.042209e+00   1.358610e+00 223200610222133550       5314       3983     0 2454031.399086  1.273656e+01  1.834195e-01  1.273656e+01  1.834195e-01 
   88637818   3.566621e+00   2.122076e+00   3.566621e+00   2.122076e+00 223200610222136110       5308       4000     0 2454031.400671  1.361936e+01  6.459959e-01  1.361936e+01  6.459959e-01 
   88640069   4.701171e+00   2.089397e+00   4.701171e+00   2.089397e+00 223200610222213430       5306       3877     0 2454031.426725  1.331948e+01  4.825483e-01  1.331948e+01  4.825483e-01 
   88722098   5.806836e+00   1.046010e-01   5.806836e+00   1.046010e-01 223200610232100550       5305       4061     0 2454032.376134  1.309015e+01  1.955790e-02  1.309015e+01  1.955790e-02 
   88722152   5.697356e+00   1.042243e-01   5.697356e+00   1.042243e-01 223200610232101500       5306       4058     0 2454032.376759  1.311082e+01  1.986193e-02  1.311082e+01  1.986193e-02 
   88722214   5.517497e+00   1.038540e-01   5.517497e+00   1.038540e-01 223200610232102520       5305       4056     0 2454032.377477  1.314565e+01  2.043651e-02  1.314565e+01  2.043651e-02 
   88722281   5.458035e+00   1.039859e-01   5.458035e+00   1.039859e-01 223200610232103590       5305       4053     0 2454032.378252  1.315741e+01  2.068541e-02  1.315741e+01  2.068541e-02 
   88980543   7.014342e+00   1.196421e-01   7.014342e+00   1.196421e-01 223200610262048320       5304       4119     0 2454035.367396  1.288503e+01  1.851923e-02  1.288503e+01  1.851923e-02 
   88980597   6.912460e+00   1.199402e-01   6.912460e+00   1.199402e-01 223200610262049260       5304       4116     0 2454035.368021  1.290092e+01  1.883901e-02  1.290092e+01  1.883901e-02 
   88980657   7.059393e+00   1.198316e-01   7.059393e+00   1.198316e-01 223200610262050270       5304       4113     0 2454035.368715  1.287808e+01  1.843019e-02  1.287808e+01  1.843019e-02 
   88980721   7.086871e+00   1.201717e-01   7.086871e+00   1.201717e-01 223200610262051300       5300       4104     0 2454035.369456  1.287386e+01  1.841084e-02  1.287386e+01  1.841084e-02 
   89066659   5.577584e+00   1.242335e-01   5.577584e+00   1.242335e-01 223200610272043520       5325       4090     0 2454036.364109  1.313388e+01  2.418345e-02  1.313388e+01  2.418345e-02 
   89066722   5.737059e+00   1.256641e-01   5.737059e+00   1.256641e-01 223200610272044550       5324       4088     0 2454036.364838  1.310328e+01  2.378196e-02  1.310328e+01  2.378196e-02 
   89066778   5.862901e+00   1.258206e-01   5.862901e+00   1.258206e-01 223200610272045520       5323       4084     0 2454036.365486  1.307972e+01  2.330049e-02  1.307972e+01  2.330049e-02 
   89066843   5.482571e+00   1.244557e-01   5.482571e+00   1.244557e-01 223200610272046560       5323       4082     0 2454036.366238  1.315254e+01  2.464657e-02  1.315254e+01  2.464657e-02 
   89152857   7.534511e+00   2.019173e-01   7.534511e+00   2.019173e-01 223200610282040350       5309       4103     0 2454037.361771  1.280736e+01  2.909674e-02  1.280736e+01  2.909674e-02 
   89152930   6.254178e+00   1.837628e-01   6.254178e+00   1.837628e-01 223200610282041480       5312       4072     0 2454037.362616  1.300957e+01  3.190166e-02  1.300957e+01  3.190166e-02 
   89152991   6.496935e+00   1.599272e-01   6.496935e+00   1.599272e-01 223200610282042490       5312       4069     0 2454037.363322  1.296823e+01  2.672636e-02  1.296823e+01  2.672636e-02 
   89238978   7.827490e+00   1.690552e-01   7.827490e+00   1.690552e-01 223200610292035590       5305       4062     0 2454038.358542  1.276594e+01  2.344941e-02  1.276594e+01  2.344941e-02 
   89239033   8.022312e+00   1.700012e-01   8.022312e+00   1.700012e-01 223200610292036550       5305       4059     0 2454038.359178  1.273925e+01  2.300797e-02  1.273925e+01  2.300797e-02 
   89239080   7.723808e+00   1.695065e-01   7.723808e+00   1.695065e-01 223200610292037410       5304       4051     0 2454038.359722  1.278042e+01  2.382762e-02  1.278042e+01  2.382762e-02 
   89239158   7.774710e+00   1.694441e-01   7.774710e+00   1.694441e-01 223200610292038590       5304       4049     0 2454038.360625  1.277329e+01  2.366290e-02  1.277329e+01  2.366290e-02 
   89411354   9.793459e+00   2.585776e-01   9.793459e+00   2.585776e-01 223200610312029020       5298       4063     0 2454040.353634  1.252266e+01  2.866690e-02  1.252266e+01  2.866690e-02 
   89411427   9.405282e+00   2.564009e-01   9.405282e+00   2.564009e-01 223200610312030160       5293       4081     0 2454040.354479  1.256657e+01  2.959877e-02  1.256657e+01  2.959877e-02 
   89411497   9.932199e+00   2.623875e-01   9.932199e+00   2.623875e-01 223200610312031250       5297       4051     0 2454040.355289  1.250739e+01  2.868294e-02  1.250739e+01  2.868294e-02 
   89411554   9.632753e+00   2.581061e-01   9.632753e+00   2.581061e-01 223200610312032230       5296       4048     0 2454040.355949  1.254062e+01  2.909200e-02  1.254062e+01  2.909200e-02 
   89506212   7.184579e+00   2.652985e-01   7.184579e+00   2.652985e-01 223200611012250050       5225       3683     0 2454041.451528  1.285900e+01  4.009216e-02  1.285900e+01  4.009216e-02 
   89506285   7.344204e+00   2.671462e-01   7.344204e+00   2.671462e-01 223200611012251190       5228       3654     0 2454041.452373  1.283514e+01  3.949391e-02  1.283514e+01  3.949391e-02 
   89506342   7.404405e+00   2.662694e-01   7.404405e+00   2.662694e-01 223200611012252160       5228       3652     0 2454041.453032  1.282627e+01  3.904423e-02  1.282627e+01  3.904423e-02 
   89506404   7.721444e+00   2.678878e-01   7.721444e+00   2.678878e-01 223200611012253170       5227       3650     0 2454041.453750  1.278075e+01  3.766867e-02  1.278075e+01  3.766867e-02 
   89842114   9.228064e+00   3.676032e-01   9.228064e+00   3.676032e-01 223200611052008420       5309       4065     0 2454045.339282  1.258722e+01  4.325084e-02  1.258722e+01  4.325084e-02 
   89842172   9.004281e+00   3.690584e-01   9.004281e+00   3.690584e-01 223200611052009400       5309       4061     0 2454045.339954  1.261388e+01  4.450122e-02  1.261388e+01  4.450122e-02 
   89842245   9.055731e+00   3.744772e-01   9.055731e+00   3.744772e-01 223200611052010530       5309       4057     0 2454045.340799  1.260769e+01  4.489808e-02  1.260769e+01  4.489808e-02 
   89842304   8.692440e+00   3.741643e-01   8.692440e+00   3.741643e-01 223200611052011520       5309       4055     0 2454045.341481  1.265215e+01  4.673546e-02  1.265215e+01  4.673546e-02 
   89928298   8.401513e+00   2.845988e-01   8.401513e+00   2.845988e-01 223200611062005110       5311       4082     0 2454046.336782  1.268911e+01  3.677913e-02  1.268911e+01  3.677913e-02 
   89928367   7.776046e+00   2.833298e-01   7.776046e+00   2.833298e-01 223200611062006190       5312       4078     0 2454046.337581  1.277310e+01  3.956027e-02  1.277310e+01  3.956027e-02 
   89928421   7.881375e+00   2.859478e-01   7.881375e+00   2.859478e-01 223200611062007140       5312       4076     0 2454046.338206  1.275850e+01  3.939224e-02  1.275850e+01  3.939224e-02 
   89928485   8.242724e+00   2.893331e-01   8.242724e+00   2.893331e-01 223200611062008180       5312       4073     0 2454046.338947  1.270982e+01  3.811124e-02  1.270982e+01  3.811124e-02 
   90014486   5.657705e+00   1.989319e-01   5.657705e+00   1.989319e-01 223200611072001430       5319       4089     0 2454047.334329  1.311840e+01  3.817596e-02  1.311840e+01  3.817596e-02 
   90014540   6.371886e+00   1.761862e-01   6.371886e+00   1.761862e-01 223200611072002370       5319       4086     0 2454047.334954  1.298933e+01  3.002132e-02  1.298933e+01  3.002132e-02 
   90014629   6.746074e+00   1.750414e-01   6.746074e+00   1.750414e-01 223200611072004050       5314       4106     0 2454047.335984  1.292737e+01  2.817186e-02  1.292737e+01  2.817186e-02 
   90014691   6.461650e+00   1.791869e-01   6.461650e+00   1.791869e-01 223200611072005080       5313       4103     0 2454047.336701  1.297414e+01  3.010846e-02  1.297414e+01  3.010846e-02 
   90272975   5.712167e+00   1.144047e-01   5.712167e+00   1.144047e-01 223200611101950030       5316       4073     0 2454050.326100  1.310800e+01  2.174547e-02  1.310800e+01  2.174547e-02 
   90273029   5.648262e+00   1.147332e-01   5.648262e+00   1.147332e-01 223200611101950570       5316       4070     0 2454050.326725  1.312021e+01  2.205465e-02  1.312021e+01  2.205465e-02 
   90273077   5.817492e+00   1.159800e-01   5.817492e+00   1.159800e-01 223200611101951450       5315       4066     0 2454050.327280  1.308816e+01  2.164578e-02  1.308816e+01  2.164578e-02 
   90273142   5.947148e+00   1.129741e-01   5.947148e+00   1.129741e-01 223200611101952500       5314       4064     0 2454050.328032  1.306423e+01  2.062509e-02  1.306423e+01  2.062509e-02 
   90617590   5.880290e+00   1.088933e-01   5.880290e+00   1.088933e-01 223200611141933540       5305       4098     0 2454054.314699  1.307650e+01  2.010611e-02  1.307650e+01  2.010611e-02 
   90617652   5.878509e+00   1.085019e-01   5.878509e+00   1.085019e-01 223200611141934560       5305       4094     0 2454054.315417  1.307683e+01  2.003993e-02  1.307683e+01  2.003993e-02 
   90617712   5.682909e+00   1.065275e-01   5.682909e+00   1.065275e-01 223200611141935570       5310       4066     0 2454054.316111  1.311357e+01  2.035247e-02  1.311357e+01  2.035247e-02 
   90617763   5.614560e+00   1.059872e-01   5.614560e+00   1.059872e-01 223200611141936470       5310       4064     0 2454054.316701  1.312671e+01  2.049574e-02  1.312671e+01  2.049574e-02 
   93120133   6.468030e+00   2.269121e-01   6.468030e+00   2.269121e-01 223200612131844400       5976       3905     0 2454083.279317  1.297307e+01  3.809005e-02  1.297307e+01  3.809005e-02 
   93120192   6.186247e+00   2.119209e-01   6.186247e+00   2.119209e-01 223200612131845380       5977       3904     0 2454083.280000  1.302143e+01  3.719395e-02  1.302143e+01  3.719395e-02 
   93120268   6.438162e+00   1.946726e-01   6.438162e+00   1.946726e-01 223200612131846550       5973       3924     0 2454083.280880  1.297810e+01  3.282984e-02  1.297810e+01  3.282984e-02 
   93120332   6.134916e+00   1.827244e-01   6.134916e+00   1.827244e-01 223200612131847580       5977       3898     0 2454083.281620  1.303048e+01  3.233805e-02  1.303048e+01  3.233805e-02 
   93292968   5.895819e+00   2.702709e-01   5.895819e+00   2.702709e-01 223200612151845190       5950       3877     0 2454085.279722  1.307364e+01  4.977152e-02  1.307364e+01  4.977152e-02 
   93293022   5.612578e+00   2.517303e-01   5.612578e+00   2.517303e-01 223200612151846130       5949       3875     0 2454085.280347  1.312709e+01  4.869663e-02  1.312709e+01  4.869663e-02 
   93293076   5.397299e+00   2.355888e-01   5.397299e+00   2.355888e-01 223200612151847070       5949       3873     0 2454085.280972  1.316956e+01  4.739188e-02  1.316956e+01  4.739188e-02 
   93293130   5.717824e+00   2.228002e-01   5.717824e+00   2.228002e-01 223200612151848010       5949       3871     0 2454085.281597  1.310692e+01  4.230686e-02  1.310692e+01  4.230686e-02 
   93467309   5.463465e+00   1.160172e-01   5.463465e+00   1.160172e-01 223200612171911070       6301       3702     0 2454087.297558  1.315633e+01  2.305580e-02  1.315633e+01  2.305580e-02 
   93467365   5.573082e+00   1.147767e-01   5.573082e+00   1.147767e-01 223200612171912030       6300       3699     0 2454087.298206  1.313476e+01  2.236064e-02  1.313476e+01  2.236064e-02 
   93467425   5.583755e+00   1.137833e-01   5.583755e+00   1.137833e-01 223200612171913020       6298       3697     0 2454087.298900  1.313268e+01  2.212474e-02  1.313268e+01  2.212474e-02 
   93467495   5.746980e+00   1.142806e-01   5.746980e+00   1.142806e-01 223200612171914130       6291       3716     0 2454087.299711  1.310140e+01  2.159030e-02  1.310140e+01  2.159030e-02 
   93556666   4.944672e+00   1.045950e-01   4.944672e+00   1.045950e-01 223200612182000260       5361       3635     0 2454088.331782  1.326466e+01  2.296674e-02  1.326466e+01  2.296674e-02 
   93556724   4.975161e+00   1.039963e-01   4.975161e+00   1.039963e-01 223200612182001250       5360       3633     0 2454088.332454  1.325798e+01  2.269534e-02  1.325798e+01  2.269534e-02 
   93556793   5.036506e+00   1.041417e-01   5.036506e+00   1.041417e-01 223200612182002330       5359       3631     0 2454088.333252  1.324468e+01  2.245024e-02  1.324468e+01  2.245024e-02 
   93556857   4.814894e+00   1.044007e-01   4.814894e+00   1.044007e-01 223200612182003370       5358       3629     0 2454088.333993  1.329353e+01  2.354196e-02  1.329353e+01  2.354196e-02 
   93725366   5.829246e+00   2.223345e-01   5.829246e+00   2.223345e-01 223200612201852110       5420       3792     0 2454090.284329  1.308597e+01  4.141144e-02  1.308597e+01  4.141144e-02 
   93725425   5.499041e+00   2.100979e-01   5.499041e+00   2.100979e-01 223200612201853100       5419       3789     0 2454090.285012  1.314928e+01  4.148209e-02  1.314928e+01  4.148209e-02 
   93725482   5.723119e+00   1.998409e-01   5.723119e+00   1.998409e-01 223200612201854080       5418       3787     0 2454090.285671  1.310592e+01  3.791207e-02  1.310592e+01  3.791207e-02 
   93725544   5.409825e+00   1.880216e-01   5.409825e+00   1.880216e-01 223200612201855100       5418       3784     0 2454090.286389  1.316704e+01  3.773551e-02  1.316704e+01  3.773551e-02 
   94935172   7.302205e+00   4.080791e-01   7.302205e+00   4.080791e-01 223200701031856070       5361       3638     0 2454104.286713  1.284136e+01  6.067590e-02  1.284136e+01  6.067590e-02 
   94935238   6.552924e+00   4.000241e-01   6.552924e+00   4.000241e-01 223200701031857140       5360       3636     0 2454104.287477  1.295891e+01  6.627914e-02  1.295891e+01  6.627914e-02 
   94935296   6.865406e+00   3.913955e-01   6.865406e+00   3.913955e-01 223200701031858120       5360       3635     0 2454104.288148  1.290833e+01  6.189783e-02  1.290833e+01  6.189783e-02 
   94935361   6.324602e+00   3.838803e-01   6.324602e+00   3.838803e-01 223200701031859170       5358       3632     0 2454104.288900  1.299742e+01  6.590047e-02  1.299742e+01  6.590047e-02 
   95021602   6.489917e+00   3.037003e-01   6.489917e+00   3.037003e-01 223200701041856390       5357       3652     0 2454105.287060  1.296940e+01  5.080798e-02  1.296940e+01  5.080798e-02 
   95021674   5.979120e+00   2.868277e-01   5.979120e+00   2.868277e-01 223200701041857500       5361       3626     0 2454105.287894  1.305841e+01  5.208464e-02  1.305841e+01  5.208464e-02 
   95021739   5.974592e+00   2.744911e-01   5.974592e+00   2.744911e-01 223200701041858560       5360       3625     0 2454105.288646  1.305923e+01  4.988222e-02  1.305923e+01  4.988222e-02 
   95021795   6.020980e+00   2.650223e-01   6.020980e+00   2.650223e-01 223200701041859510       5360       3623     0 2454105.289294  1.305083e+01  4.779045e-02  1.305083e+01  4.779045e-02 
   95107903   6.273706e+00   2.680362e-01   6.273706e+00   2.680362e-01 223200701051855020       5335       3620     0 2454106.285914  1.300619e+01  4.638688e-02  1.300619e+01  4.638688e-02 
   95107959   6.597314e+00   2.509089e-01   6.597314e+00   2.509089e-01 223200701051855570       5334       3617     0 2454106.286563  1.295158e+01  4.129284e-02  1.295158e+01  4.129284e-02 
   95108013   6.664176e+00   2.353457e-01   6.664176e+00   2.353457e-01 223200701051856510       5333       3616     0 2454106.287187  1.294063e+01  3.834296e-02  1.294063e+01  3.834296e-02 
   95108067   6.482432e+00   2.215206e-01   6.482432e+00   2.215206e-01 223200701051857460       5333       3614     0 2454106.287812  1.297066e+01  3.710240e-02  1.297066e+01  3.710240e-02 
   95280692   7.465451e+00   2.373834e-01   7.465451e+00   2.373834e-01 223200701071854540       5312       3601     0 2454108.285787  1.281736e+01  3.452393e-02  1.281736e+01  3.452393e-02 
   95280821   6.708810e+00   2.073748e-01   6.708810e+00   2.073748e-01 223200701071857030       5330       3625     0 2454108.287280  1.293339e+01  3.356110e-02  1.293339e+01  3.356110e-02 
   95280877   6.764206e+00   1.938639e-01   6.764206e+00   1.938639e-01 223200701071857590       5329       3622     0 2454108.287928  1.292446e+01  3.111758e-02  1.292446e+01  3.111758e-02 
   95280933   6.816875e+00   1.819398e-01   6.816875e+00   1.819398e-01 223200701071858540       5328       3619     0 2454108.288576  1.291604e+01  2.897799e-02  1.291604e+01  2.897799e-02 
   95367155   6.327671e+00   2.697977e-01   6.327671e+00   2.697977e-01 223200701081855580       5314       3592     0 2454109.286516  1.299689e+01  4.629352e-02  1.299689e+01  4.629352e-02 
   95367211   6.735728e+00   2.529537e-01   6.735728e+00   2.529537e-01 223200701081856530       5314       3590     0 2454109.287164  1.292904e+01  4.077391e-02  1.292904e+01  4.077391e-02 
   95367266   6.286353e+00   2.347306e-01   6.286353e+00   2.347306e-01 223200701081857490       5313       3589     0 2454109.287801  1.300400e+01  4.054121e-02  1.300400e+01  4.054121e-02 
   95367322   6.313651e+00   2.195265e-01   6.313651e+00   2.195265e-01 223200701081858450       5312       3587     0 2454109.288449  1.299930e+01  3.775132e-02  1.299930e+01  3.775132e-02 
   95453540   6.181011e+00   2.603268e-01   6.181011e+00   2.603268e-01 223200701091855450       5317       3588     0 2454110.286343  1.302235e+01  4.572832e-02  1.302235e+01  4.572832e-02 
   95453596   6.227943e+00   2.440047e-01   6.227943e+00   2.440047e-01 223200701091856400       5317       3587     0 2454110.286991  1.301414e+01  4.253823e-02  1.301414e+01  4.253823e-02 
   95453650   6.264666e+00   2.279743e-01   6.264666e+00   2.279743e-01 223200701091857350       5316       3586     0 2454110.287616  1.300776e+01  3.951061e-02  1.300776e+01  3.951061e-02 
   95453706   5.529581e+00   2.123766e-01   5.529581e+00   2.123766e-01 223200701091858300       5314       3584     0 2454110.288264  1.314327e+01  4.170041e-02  1.314327e+01  4.170041e-02 
   95539930   6.140374e+00   2.553972e-01   6.140374e+00   2.553972e-01 223200701101855350       5314       3581     0 2454111.286227  1.302951e+01  4.515930e-02  1.302951e+01  4.515930e-02 
   95539984   5.803715e+00   2.400413e-01   5.803715e+00   2.400413e-01 223200701101856300       5313       3580     0 2454111.286852  1.309073e+01  4.490614e-02  1.309073e+01  4.490614e-02 
   95540038   5.535274e+00   2.262641e-01   5.535274e+00   2.262641e-01 223200701101857240       5313       3579     0 2454111.287477  1.314215e+01  4.438155e-02  1.314215e+01  4.438155e-02 
   95540094   5.400876e+00   2.136537e-01   5.400876e+00   2.136537e-01 223200701101858190       5312       3578     0 2454111.288125  1.316884e+01  4.295088e-02  1.316884e+01  4.295088e-02 
   95626314   6.621546e+00   2.690153e-01   6.621546e+00   2.690153e-01 223200701111855210       5296       3561     0 2454112.286042  1.294760e+01  4.411065e-02  1.294760e+01  4.411065e-02 
   95626370   6.092773e+00   2.513812e-01   6.092773e+00   2.513812e-01 223200701111856160       5295       3561     0 2454112.286690  1.303796e+01  4.479646e-02  1.303796e+01  4.479646e-02 
   95626424   5.864363e+00   2.358074e-01   5.864363e+00   2.358074e-01 223200701111857110       5295       3559     0 2454112.287315  1.307945e+01  4.365785e-02  1.307945e+01  4.365785e-02 
   95626480   6.494792e+00   2.231170e-01   6.494792e+00   2.231170e-01 223200701111858070       5294       3558     0 2454112.287963  1.296859e+01  3.729866e-02  1.296859e+01  3.729866e-02 
   95712697   6.059656e+00   2.471713e-01   6.059656e+00   2.471713e-01 223200701121855050       5325       3555     0 2454113.285845  1.304388e+01  4.428697e-02  1.304388e+01  4.428697e-02 
   95712753   5.917970e+00   2.326021e-01   5.917970e+00   2.326021e-01 223200701121856000       5324       3555     0 2454113.286493  1.306957e+01  4.267433e-02  1.306957e+01  4.267433e-02 
   95712807   5.932984e+00   2.194818e-01   5.932984e+00   2.194818e-01 223200701121856550       5323       3554     0 2454113.287118  1.306682e+01  4.016532e-02  1.306682e+01  4.016532e-02 
   95712861   5.616434e+00   2.071764e-01   5.616434e+00   2.071764e-01 223200701121857490       5323       3552     0 2454113.287743  1.312635e+01  4.005027e-02  1.312635e+01  4.005027e-02 
   95799119   5.548777e+00   2.224188e-01   5.548777e+00   2.224188e-01 223200701131855270       5321       3571     0 2454114.286100  1.313951e+01  4.352111e-02  1.313951e+01  4.352111e-02 
   95799173   5.873786e+00   2.102920e-01   5.873786e+00   2.102920e-01 223200701131856210       5320       3569     0 2454114.286725  1.307770e+01  3.887143e-02  1.307770e+01  3.887143e-02 
   95799297   5.570432e+00   1.854343e-01   5.570432e+00   1.854343e-01 223200701131858250       5322       3573     0 2454114.288160  1.313528e+01  3.614323e-02  1.313528e+01  3.614323e-02 
   95799351   5.674300e+00   1.765362e-01   5.674300e+00   1.765362e-01 223200701131859190       5321       3571     0 2454114.288785  1.311522e+01  3.377903e-02  1.311522e+01  3.377903e-02 
   95885589   6.105040e+00   2.092613e-01   6.105040e+00   2.092613e-01 223200701141856390       5316       3549     0 2454115.286910  1.303578e+01  3.721569e-02  1.303578e+01  3.721569e-02 
   95885645   6.114525e+00   1.982812e-01   6.114525e+00   1.982812e-01 223200701141857340       5316       3548     0 2454115.287558  1.303409e+01  3.520826e-02  1.303409e+01  3.520826e-02 
   95885699   6.087998e+00   1.876157e-01   6.087998e+00   1.876157e-01 223200701141858290       5316       3547     0 2454115.288183  1.303881e+01  3.345957e-02  1.303881e+01  3.345957e-02 
   95885831   5.800985e+00   1.645506e-01   5.800985e+00   1.645506e-01 223200701141900410       5313       3548     0 2454115.289711  1.309125e+01  3.079807e-02  1.309125e+01  3.079807e-02 
  105941759   9.038919e+00   2.834606e-01   9.038919e+00   2.834606e-01 223200705110414520       5292       4388     0 2454231.677766  1.260971e+01  3.404882e-02  1.260971e+01  3.404882e-02 
  105941815   9.323184e+00   2.980282e-01   9.323184e+00   2.980282e-01 223200705110415490       5296       4388     0 2454231.678414  1.257609e+01  3.470715e-02  1.257609e+01  3.470715e-02 
  105941874   9.886879e+00   3.163771e-01   9.886879e+00   3.163771e-01 223200705110416470       5298       4387     0 2454231.679097  1.251235e+01  3.474335e-02  1.251235e+01  3.474335e-02 
  105941929   9.937949e+00   3.401858e-01   9.937949e+00   3.401858e-01 223200705110417430       5300       4386     0 2454231.679734  1.250676e+01  3.716594e-02  1.250676e+01  3.716594e-02 
  106027814   8.727464e+00   1.825835e-01   8.727464e+00   1.825835e-01 223200705120409040       5317       4365     0 2454232.673773  1.264778e+01  2.271430e-02  1.264778e+01  2.271430e-02 
  106027940   8.942851e+00   1.955123e-01   8.942851e+00   1.955123e-01 223200705120411090       5304       4377     0 2454232.675231  1.262131e+01  2.373689e-02  1.262131e+01  2.373689e-02 
  106027994   8.733005e+00   2.038391e-01   8.733005e+00   2.038391e-01 223200705120412040       5307       4376     0 2454232.675856  1.264709e+01  2.534251e-02  1.264709e+01  2.534251e-02 
  106028048   8.907485e+00   2.133298e-01   8.907485e+00   2.133298e-01 223200705120412580       5309       4376     0 2454232.676481  1.262561e+01  2.600293e-02  1.262561e+01  2.600293e-02 
  106114068   8.381505e+00   1.820236e-01   8.381505e+00   1.820236e-01 223200705130406340       5293       4388     0 2454233.672083  1.269170e+01  2.357934e-02  1.269170e+01  2.357934e-02 
  106114122   8.314505e+00   1.848780e-01   8.314505e+00   1.848780e-01 223200705130407290       5296       4387     0 2454233.672708  1.270041e+01  2.414208e-02  1.270041e+01  2.414208e-02 
  106114178   8.570790e+00   1.907560e-01   8.570790e+00   1.907560e-01 223200705130408240       5299       4388     0 2454233.673356  1.266745e+01  2.416480e-02  1.266745e+01  2.416480e-02 
  106114232   8.732985e+00   1.972217e-01   8.732985e+00   1.972217e-01 223200705130409190       5301       4387     0 2454233.673981  1.264709e+01  2.451985e-02  1.264709e+01  2.451985e-02 
  124569523   6.242451e+00   3.044642e-01   6.242451e+00   3.044642e-01 221200712121841060      14904       4226     0 2454447.276887  1.301161e+01  5.295499e-02  1.301161e+01  5.295499e-02 
  124569716   6.618230e+00   2.722992e-01   6.618230e+00   2.722992e-01 223200712121844190       4636       8103     0 2454447.279120  1.294814e+01  4.467148e-02  1.294814e+01  4.467148e-02 
  124570450   6.977530e+00   1.527303e-01   6.977530e+00   1.527303e-01 222200712121856320       7456      23622     0 2454447.287616  1.289075e+01  2.376563e-02  1.289075e+01  2.376563e-02 
  124571582   6.849534e+00   1.147002e-01   6.849534e+00   1.147002e-01 222200712121915250       7474      23573     0 2454447.300718  1.291085e+01  1.818147e-02  1.291085e+01  1.818147e-02 
  124571646   6.047129e+00   9.960222e-02   6.047129e+00   9.960222e-02 221200712121916280      14855       4355     0 2454447.301458  1.304613e+01  1.788322e-02  1.304613e+01  1.788322e-02 
  124571706   5.278809e+00   9.406928e-02   5.278809e+00   9.406928e-02 223200712121917280       4649       8062     0 2454447.302153  1.319366e+01  1.934807e-02  1.319366e+01  1.934807e-02 
  124572790   6.715209e+00   1.127002e-01   6.715209e+00   1.127002e-01 222200712121935320       7449      23590     0 2454447.314699  1.293235e+01  1.822179e-02  1.293235e+01  1.822179e-02 
  124572981   6.415250e+00   9.886221e-02   6.415250e+00   9.886221e-02 221200712121938430      14894       4425     0 2454447.316910  1.298197e+01  1.673180e-02  1.298197e+01  1.673180e-02 
  124573040   5.074535e+00   9.271604e-02   5.074535e+00   9.271604e-02 223200712121939430       4634       7988     0 2454447.317593  1.323651e+01  1.983739e-02  1.323651e+01  1.983739e-02 
