\OBJNAME = '1SWASP J000616.52-740540.8'
\OBSSTART = '2006-05-11T04:14:48'
\OBSSTOP = '2007-12-12T19:39:43'
\TSTART = 74405759
\TSTOP = 124573038
\JD_REF = 2453005.5
\RA_OBJ = '1.568856'
\DEC_OBJ = '-74.094692'
\WASP_MAG = 12.51921
\HJD_START = 2453866.677766
\HJD_STOP = 2454447.317569
\fixlen = T
\NUMRECORDS = 370
\
\ This file was produced by the NASA Exoplanet Archive  http://exoplanetarchive.ipac.caltech.edu 
\ Sat Sep 14, 23:43:35 2013
\ Documentation for the SuperWASP dataset can be found at http://exoplanetarchive.ipac.caltech.edu/docs/SuperWASPMission.html
\
|TMID      |FLUX2         |FLUX2_ERR     |TAMFLUX2      |TAMFLUX2_ERR  |IMAGEID           |CCDX      |CCDY      |FLAG |           HJD|         MAG2|     MAG2_ERR|      TAMMAG2|  TAMMAG2_ERR|
|int       |float         |float         |float         |float         |char              |int       |int       |int  |        double|        float|        float|        float|        float|
|sec       |micro Vega    |micro Vega    |micro Vega    |micro Vega    |                  |1/16 pixel|1/16 pixel|     |           day|          mag|          mag|          mag|          mag|
|null      |null          |null          |null          |null          |null              |null      |null      |null |          null|         null|         null|         null|         null|
   74405759   1.083755e+01   2.345259e-01   1.083755e+01   2.345259e-01 223200605110414480       2749       4118     0 2453866.677766  1.241267e+01  2.349554e-02  1.241267e+01  2.349554e-02 
   74405812   1.073216e+01   2.513336e-01   1.073216e+01   2.513336e-01 223200605110415410       2753       4114     0 2453866.678380  1.242328e+01  2.542665e-02  1.242328e+01  2.542665e-02 
   74405896   1.140016e+01   2.836556e-01   1.140016e+01   2.836556e-01 223200605110417040       2759       4113     0 2453866.679352  1.235772e+01  2.701507e-02  1.235772e+01  2.701507e-02 
   74405961   1.085919e+01   3.144097e-01   1.085919e+01   3.144097e-01 223200605110418100       2767       4090     0 2453866.680104  1.241051e+01  3.143578e-02  1.241051e+01  3.143578e-02 
   74491872   1.128245e+01   2.560407e-01   1.128245e+01   2.560407e-01 223200605120409570       2772       4054     0 2453867.674444  1.236899e+01  2.463948e-02  1.236899e+01  2.463948e-02 
   74492010   1.120062e+01   2.659133e-01   1.120062e+01   2.659133e-01 223200605120412150       2780       4050     0 2453867.676042  1.237689e+01  2.577649e-02  1.237689e+01  2.577649e-02 
   74492063   1.091816e+01   2.728711e-01   1.091816e+01   2.728711e-01 223200605120413070       2783       4049     0 2453867.676655  1.240463e+01  2.713526e-02  1.240463e+01  2.713526e-02 
   74750394   1.124473e+01   3.531021e-01   1.124473e+01   3.531021e-01 223200605150358270       2769       4057     0 2453870.666597  1.237263e+01  3.409392e-02  1.237263e+01  3.409392e-02 
   74750454   1.119907e+01   3.527502e-01   1.119907e+01   3.527502e-01 223200605150359270       2774       4052     0 2453870.667292  1.237704e+01  3.419881e-02  1.237704e+01  3.419881e-02 
   74750508   1.085084e+01   3.526849e-01   1.085084e+01   3.526849e-01 223200605150400210       2778       4052     0 2453870.667917  1.241134e+01  3.528982e-02  1.241134e+01  3.528982e-02 
   74750567   1.072467e+01   3.494942e-01   1.072467e+01   3.494942e-01 223200605150401200       2781       4051     0 2453870.668600  1.242404e+01  3.538195e-02  1.242404e+01  3.538195e-02 
   75613653   8.950157e+00   1.469115e-01   8.950157e+00   1.469115e-01 223200605250345300       2847       4063     0 2453880.658021  1.262042e+01  1.782178e-02  1.262042e+01  1.782178e-02 
   75613716   9.039844e+00   1.490530e-01   9.039844e+00   1.490530e-01 223200605250346340       2857       4038     0 2453880.658750  1.260960e+01  1.790217e-02  1.260960e+01  1.790217e-02 
   75613774   9.056361e+00   1.483246e-01   9.056361e+00   1.483246e-01 223200605250347310       2860       4036     0 2453880.659421  1.260762e+01  1.778219e-02  1.260762e+01  1.778219e-02 
   75613842   9.027989e+00   1.486032e-01   9.027989e+00   1.486032e-01 223200605250348400       2857       4057     0 2453880.660208  1.261102e+01  1.787158e-02  1.261102e+01  1.787158e-02 
   75700108   9.100805e+00   1.471363e-01   9.100805e+00   1.471363e-01 223200605260346210       2867       4053     0 2453881.658657  1.260230e+01  1.755359e-02  1.260230e+01  1.755359e-02 
   75700171   8.783417e+00   1.449451e-01   8.783417e+00   1.449451e-01 223200605260347250       2874       4025     0 2453881.659387  1.264084e+01  1.791702e-02  1.264084e+01  1.791702e-02 
   75700238   8.964125e+00   1.450422e-01   8.964125e+00   1.450422e-01 223200605260348310       2872       4047     0 2453881.660162  1.261873e+01  1.756760e-02  1.261873e+01  1.756760e-02 
   75700307   8.816614e+00   1.433456e-01   8.816614e+00   1.433456e-01 223200605260349400       2879       4019     0 2453881.660961  1.263675e+01  1.765259e-02  1.263675e+01  1.765259e-02 
   76132327   8.866601e+00   1.282692e-01   8.866601e+00   1.282692e-01 223200605310349440       2930       4024     0 2453886.661192  1.263061e+01  1.570692e-02  1.263061e+01  1.570692e-02 
   76132394   8.965068e+00   1.283202e-01   8.965068e+00   1.283202e-01 223200605310350510       2938       3996     0 2453886.661968  1.261862e+01  1.554058e-02  1.261862e+01  1.554058e-02 
   76132443   8.737174e+00   1.273367e-01   8.737174e+00   1.273367e-01 223200605310351390       2939       3994     0 2453886.662535  1.264657e+01  1.582372e-02  1.264657e+01  1.582372e-02 
   76132505   9.125066e+00   1.287842e-01   9.125066e+00   1.287842e-01 223200605310352410       2941       3993     0 2453886.663252  1.259941e+01  1.532330e-02  1.259941e+01  1.532330e-02 
   76218797   9.114544e+00   1.309887e-01   9.114544e+00   1.309887e-01 223200606010350510       2949       3988     0 2453887.662002  1.260066e+01  1.560360e-02  1.260066e+01  1.560360e-02 
   76218865   9.063881e+00   1.310250e-01   9.063881e+00   1.310250e-01 223200606010351580       2948       4007     0 2453887.662789  1.260671e+01  1.569516e-02  1.260671e+01  1.569516e-02 
   76218935   9.048028e+00   1.308925e-01   9.048028e+00   1.308925e-01 223200606010353090       2951       4005     0 2453887.663600  1.260861e+01  1.570676e-02  1.260861e+01  1.570676e-02 
   76219021   9.224740e+00   1.304919e-01   9.224740e+00   1.304919e-01 223200606010354350       2959       3980     0 2453887.664595  1.258762e+01  1.535873e-02  1.258762e+01  1.535873e-02 
   76478203   8.667840e+00   1.368133e-01   8.667840e+00   1.368133e-01 223200606040354060       2960       3979     0 2453890.664387  1.265522e+01  1.713733e-02  1.265522e+01  1.713733e-02 
   76478276   8.598806e+00   1.357847e-01   8.598806e+00   1.357847e-01 223200606040355190       2960       3999     0 2453890.665231  1.266390e+01  1.714505e-02  1.266390e+01  1.714505e-02 
   76478352   8.812628e+00   1.389049e-01   8.812628e+00   1.389049e-01 223200606040356360       2967       3971     0 2453890.666111  1.263724e+01  1.711346e-02  1.263724e+01  1.711346e-02 
   76478405   8.480742e+00   1.379829e-01   8.480742e+00   1.379829e-01 223200606040357280       2969       3969     0 2453890.666725  1.267892e+01  1.766515e-02  1.267892e+01  1.766515e-02 
   76564545   9.715242e+00   3.062156e-01   9.715242e+00   3.062156e-01 223200606050353060       2986       3963     0 2453891.663715  1.253137e+01  3.422154e-02  1.253137e+01  3.422154e-02 
   76564604   8.814334e+00   2.954438e-01   8.814334e+00   2.954438e-01 223200606050354050       2991       3962     0 2453891.664398  1.263703e+01  3.639245e-02  1.263703e+01  3.639245e-02 
   76564664   7.980655e+00   2.985197e-01   7.980655e+00   2.985197e-01 223200606050355050       2993       3959     0 2453891.665093  1.274490e+01  4.061255e-02  1.274490e+01  4.061255e-02 
   76564722   1.023889e+01   2.780659e-01   1.023889e+01   2.780659e-01 223200606050356020       2995       3959     0 2453891.665764  1.247437e+01  2.948634e-02  1.247437e+01  2.948634e-02 
   76650916   8.632663e+00   1.296266e-01   8.632663e+00   1.296266e-01 223200606060352330       2975       3959     0 2453892.663380  1.265964e+01  1.630329e-02  1.265964e+01  1.630329e-02 
   76651050   8.499768e+00   1.327597e-01   8.499768e+00   1.327597e-01 223200606060354480       2982       3958     0 2453892.664931  1.267648e+01  1.695841e-02  1.267648e+01  1.695841e-02 
   76651106   8.371027e+00   1.314109e-01   8.371027e+00   1.314109e-01 223200606060355430       2984       3955     0 2453892.665579  1.269305e+01  1.704427e-02  1.269305e+01  1.704427e-02 
   76651182   8.511896e+00   1.311039e-01   8.511896e+00   1.311039e-01 223200606060357000       2981       3975     0 2453892.666458  1.267493e+01  1.672303e-02  1.267493e+01  1.672303e-02 
   76737410   8.522883e+00   1.350443e-01   8.522883e+00   1.350443e-01 223200606070354040       2985       3962     0 2453893.664468  1.267353e+01  1.720345e-02  1.267353e+01  1.720345e-02 
   76737463   8.645213e+00   1.336850e-01   8.645213e+00   1.336850e-01 223200606070354570       2988       3959     0 2453893.665081  1.265806e+01  1.678931e-02  1.265806e+01  1.678931e-02 
   76737518   8.258496e+00   1.315301e-01   8.258496e+00   1.315301e-01 223200606070355530       2989       3957     0 2453893.665718  1.270775e+01  1.729219e-02  1.270775e+01  1.729219e-02 
   76737574   8.608938e+00   1.318663e-01   8.608938e+00   1.318663e-01 223200606070356480       2991       3955     0 2453893.666366  1.266263e+01  1.663068e-02  1.266263e+01  1.663068e-02 
   76823800   8.725291e+00   1.319704e-01   8.725291e+00   1.319704e-01 223200606080353510       3011       3960     0 2453894.664352  1.264805e+01  1.642186e-02  1.264805e+01  1.642186e-02 
   76823859   9.075162e+00   1.336726e-01   9.075162e+00   1.336726e-01 223200606080354510       3015       3957     0 2453894.665035  1.260536e+01  1.599240e-02  1.260536e+01  1.599240e-02 
   76823918   8.846467e+00   1.331547e-01   8.846467e+00   1.331547e-01 223200606080355500       3017       3955     0 2453894.665718  1.263308e+01  1.634227e-02  1.263308e+01  1.634227e-02 
   76824004   9.006947e+00   1.333238e-01   9.006947e+00   1.333238e-01 223200606080357160       3015       3974     0 2453894.666713  1.261356e+01  1.607148e-02  1.261356e+01  1.607148e-02 
   76910226   8.491626e+00   1.289500e-01   8.491626e+00   1.289500e-01 223200606090354140       3007       3947     0 2453895.664653  1.267752e+01  1.648755e-02  1.267752e+01  1.648755e-02 
   76910280   8.650547e+00   1.305636e-01   8.650547e+00   1.305636e-01 223200606090355080       3010       3945     0 2453895.665278  1.265739e+01  1.638719e-02  1.265739e+01  1.638719e-02 
   76910364   8.746201e+00   1.308414e-01   8.746201e+00   1.308414e-01 223200606090356320       3008       3964     0 2453895.666250  1.264545e+01  1.624245e-02  1.264545e+01  1.624245e-02 
   76910436   8.476145e+00   1.303216e-01   8.476145e+00   1.303216e-01 223200606090357440       3015       3939     0 2453895.667083  1.267950e+01  1.669336e-02  1.267950e+01  1.669336e-02 
   76996581   1.061196e+01   2.356273e-01   1.061196e+01   2.356273e-01 223200606100353270       3013       3948     0 2453896.664132  1.243551e+01  2.410770e-02  1.243551e+01  2.410770e-02 
   76996646   1.017388e+01   2.319579e-01   1.017388e+01   2.319579e-01 223200606100354320       3017       3944     0 2453896.664884  1.248128e+01  2.475417e-02  1.248128e+01  2.475417e-02 
   76996707   1.042260e+01   2.302117e-01   1.042260e+01   2.302117e-01 223200606100355320       3018       3942     0 2453896.665590  1.245506e+01  2.398155e-02  1.245506e+01  2.398155e-02 
   76996762   1.004208e+01   2.257726e-01   1.004208e+01   2.257726e-01 223200606100356270       3020       3940     0 2453896.666227  1.249544e+01  2.441032e-02  1.249544e+01  2.441032e-02 
   77083001   1.136856e+01   3.798275e-01   1.136856e+01   3.798275e-01 223200606110353440       3025       3936     0 2453897.664363  1.236074e+01  3.627495e-02  1.236074e+01  3.627495e-02 
   77083078   1.078023e+01   3.815673e-01   1.078023e+01   3.815673e-01 223200606110355000       3025       3956     0 2453897.665255  1.241843e+01  3.842989e-02  1.241843e+01  3.842989e-02 
   77083159   1.069799e+01   3.819901e-01   1.069799e+01   3.819901e-01 223200606110356210       3032       3930     0 2453897.666192  1.242674e+01  3.876822e-02  1.242674e+01  3.876822e-02 
   77083213   1.088136e+01   3.826608e-01   1.088136e+01   3.826608e-01 223200606110357160       3033       3928     0 2453897.666817  1.240829e+01  3.818183e-02  1.240829e+01  3.818183e-02 
   77169267   1.138828e+01   4.692355e-01   1.138828e+01   4.692355e-01 223200606120351270       3024       3953     0 2453898.662812  1.235885e+01  4.473613e-02  1.235885e+01  4.473613e-02 
   77169329   1.127188e+01   4.774081e-01   1.127188e+01   4.774081e-01 223200606120352290       3032       3928     0 2453898.663530  1.237001e+01  4.598533e-02  1.237001e+01  4.598533e-02 
   77169387   1.010040e+01   4.759609e-01   1.010040e+01   4.759609e-01 223200606120353260       3033       3925     0 2453898.664201  1.248915e+01  5.116329e-02  1.248915e+01  5.116329e-02 
   77169447   1.132404e+01   4.732125e-01   1.132404e+01   4.732125e-01 223200606120354260       3035       3922     0 2453898.664896  1.236500e+01  4.537125e-02  1.236500e+01  4.537125e-02 
   77514757   1.003205e+01   2.722541e+00   1.003205e+01   2.722541e+00 223200606160349260       3036       3891     0 2453902.661539  1.249653e+01  2.946528e-01  1.249653e+01  2.946528e-01 
   77601376   9.804511e+00   2.035828e-01   9.804511e+00   2.035828e-01 223200606170353030       3048       3877     0 2453903.664074  1.252143e+01  2.254452e-02  1.252143e+01  2.254452e-02 
   77601446   1.014552e+01   2.034858e-01   1.014552e+01   2.034858e-01 223200606170354120       3045       3897     0 2453903.664884  1.248431e+01  2.177637e-02  1.248431e+01  2.177637e-02 
   77601516   1.042665e+01   2.030637e-01   1.042665e+01   2.030637e-01 223200606170355220       3047       3895     0 2453903.665694  1.245464e+01  2.114529e-02  1.245464e+01  2.114529e-02 
   77601573   9.817389e+00   1.998856e-01   9.817389e+00   1.998856e-01 223200606170356190       3053       3870     0 2453903.666354  1.252001e+01  2.210606e-02  1.252001e+01  2.210606e-02 
   77687720   9.579258e+00   1.750569e-01   9.579258e+00   1.750569e-01 223200606180352030       3068       3870     0 2453904.663426  1.254667e+01  1.984144e-02  1.254667e+01  1.984144e-02 
   77687763   9.587272e+00   1.747430e-01   9.587272e+00   1.747430e-01 223200606180352470       3069       3869     0 2453904.663924  1.254576e+01  1.978930e-02  1.254576e+01  1.978930e-02 
   77687831   9.183694e+00   1.737361e-01   9.183694e+00   1.737361e-01 223200606180353550       3071       3867     0 2453904.664711  1.259246e+01  2.053991e-02  1.259246e+01  2.053991e-02 
   77687882   9.792329e+00   1.754592e-01   9.792329e+00   1.754592e-01 223200606180354460       3072       3866     0 2453904.665301  1.252279e+01  1.945432e-02  1.252279e+01  1.945432e-02 
   77774356   9.515653e+00   1.546464e-01   9.515653e+00   1.546464e-01 223200606190355570       3113       3851     0 2453905.666157  1.255390e+01  1.764522e-02  1.255390e+01  1.764522e-02 
   77774412   9.579669e+00   1.547100e-01   9.579669e+00   1.547100e-01 223200606190356530       3113       3851     0 2453905.666806  1.254662e+01  1.753451e-02  1.254662e+01  1.753451e-02 
   77774474   9.384633e+00   1.541064e-01   9.384633e+00   1.541064e-01 223200606190357560       3113       3850     0 2453905.667523  1.256896e+01  1.782909e-02  1.256896e+01  1.782909e-02 
   77774539   9.662947e+00   1.534698e-01   9.662947e+00   1.534698e-01 223200606190359000       3108       3873     0 2453905.668275  1.253723e+01  1.724404e-02  1.253723e+01  1.724404e-02 
   77860770   9.066761e+00   1.387925e-01   9.066761e+00   1.387925e-01 223200606200356080       3098       3845     0 2453906.666319  1.260637e+01  1.662033e-02  1.260637e+01  1.662033e-02 
   77860829   9.116474e+00   1.388963e-01   9.116474e+00   1.388963e-01 223200606200357080       3098       3844     0 2453906.667002  1.260043e+01  1.654206e-02  1.260043e+01  1.654206e-02 
   77860893   8.992051e+00   1.382056e-01   8.992051e+00   1.382056e-01 223200606200358110       3098       3845     0 2453906.667743  1.261535e+01  1.668756e-02  1.261535e+01  1.668756e-02 
   77860958   9.361545e+00   1.389237e-01   9.361545e+00   1.389237e-01 223200606200359170       3092       3869     0 2453906.668495  1.257163e+01  1.611219e-02  1.257163e+01  1.611219e-02 
   77947080   8.896381e+00   1.433213e-01   8.896381e+00   1.433213e-01 223200606210354360       3092       3844     0 2453907.665278  1.262697e+01  1.749135e-02  1.262697e+01  1.749135e-02 
   77947134   9.074920e+00   1.436504e-01   9.074920e+00   1.436504e-01 223200606210355300       3093       3845     0 2453907.665903  1.260539e+01  1.718659e-02  1.260539e+01  1.718659e-02 
   77947212   8.915024e+00   1.426502e-01   8.915024e+00   1.426502e-01 223200606210356480       3088       3867     0 2453907.666806  1.262469e+01  1.737303e-02  1.262469e+01  1.737303e-02 
   77947279   9.133206e+00   1.443758e-01   9.133206e+00   1.443758e-01 223200606210357550       3093       3845     0 2453907.667581  1.259844e+01  1.716314e-02  1.259844e+01  1.716314e-02 
   78119990   7.766458e+00   1.279731e-01   7.766458e+00   1.279731e-01 223200606230356210       3083       3824     0 2453909.666551  1.277444e+01  1.789046e-02  1.277444e+01  1.789046e-02 
   78120044   7.868700e+00   1.285179e-01   7.868700e+00   1.285179e-01 223200606230357150       3083       3826     0 2453909.667176  1.276024e+01  1.773318e-02  1.276024e+01  1.773318e-02 
   78120192   8.220029e+00   1.305819e-01   8.220029e+00   1.305819e-01 223200606230359440       3080       3832     0 2453909.668889  1.271282e+01  1.724787e-02  1.271282e+01  1.724787e-02 
   78120254   8.036818e+00   1.303060e-01   8.036818e+00   1.303060e-01 223200606230400460       3083       3812     0 2453909.669606  1.273729e+01  1.760379e-02  1.273729e+01  1.760379e-02 
   78206449   8.727015e+00   1.330810e-01   8.727015e+00   1.330810e-01 223200606240357190       3102       3809     0 2453910.667234  1.264784e+01  1.655679e-02  1.264784e+01  1.655679e-02 
   78206508   8.624696e+00   1.339879e-01   8.624696e+00   1.339879e-01 223200606240358180       3099       3813     0 2453910.667917  1.266064e+01  1.686739e-02  1.266064e+01  1.686739e-02 
   78206583   8.807316e+00   1.326140e-01   8.807316e+00   1.326140e-01 223200606240359320       3090       3840     0 2453910.668785  1.263789e+01  1.634826e-02  1.263789e+01  1.634826e-02 
   78206642   8.745655e+00   1.338228e-01   8.745655e+00   1.338228e-01 223200606240400310       3086       3827     0 2453910.669468  1.264552e+01  1.661360e-02  1.264552e+01  1.661360e-02 
   78292888   8.508214e+00   1.252290e-01   8.508214e+00   1.252290e-01 223200606250357560       3104       3792     0 2453911.667685  1.267540e+01  1.598057e-02  1.267540e+01  1.598057e-02 
   78292942   8.559622e+00   1.268775e-01   8.559622e+00   1.268775e-01 223200606250358490       3098       3800     0 2453911.668310  1.266886e+01  1.609370e-02  1.266886e+01  1.609370e-02 
   78292993   8.638318e+00   1.271021e-01   8.638318e+00   1.271021e-01 223200606250359400       3088       3813     0 2453911.668900  1.265893e+01  1.597531e-02  1.265893e+01  1.597531e-02 
   78293055   8.609097e+00   1.264263e-01   8.609097e+00   1.264263e-01 223200606250400430       3088       3812     0 2453911.669618  1.266261e+01  1.594431e-02  1.266261e+01  1.594431e-02 
   78724955   8.363714e+00   1.284911e-01   8.363714e+00   1.284911e-01 223200606300358520       3111       3793     0 2453916.668461  1.269400e+01  1.668015e-02  1.269400e+01  1.668015e-02 
   78725032   8.373119e+00   1.281558e-01   8.373119e+00   1.281558e-01 223200606300400090       3118       3767     0 2453916.669352  1.269278e+01  1.661792e-02  1.269278e+01  1.661792e-02 
   78725079   8.416277e+00   1.278263e-01   8.416277e+00   1.278263e-01 223200606300400570       3119       3765     0 2453916.669896  1.268720e+01  1.649021e-02  1.268720e+01  1.649021e-02 
   78725143   8.429913e+00   1.269887e-01   8.429913e+00   1.269887e-01 223200606300402000       3119       3763     0 2453916.670637  1.268544e+01  1.635565e-02  1.268544e+01  1.635565e-02 
   78811391   8.508776e+00   1.336481e-01   8.508776e+00   1.336481e-01 223200607010359260       3111       3759     0 2453917.668877  1.267533e+01  1.705381e-02  1.267533e+01  1.705381e-02 
   78811470   8.400815e+00   1.332298e-01   8.400815e+00   1.332298e-01 223200607010400450       3108       3779     0 2453917.669792  1.268920e+01  1.721891e-02  1.268920e+01  1.721891e-02 
   78811535   8.282072e+00   1.325347e-01   8.282072e+00   1.325347e-01 223200607010401510       3114       3754     0 2453917.670544  1.270465e+01  1.737466e-02  1.270465e+01  1.737466e-02 
   78811586   8.407101e+00   1.330636e-01   8.407101e+00   1.330636e-01 223200607010402420       3114       3752     0 2453917.671134  1.268838e+01  1.718457e-02  1.268838e+01  1.718457e-02 
   78897914   7.358284e+00   3.360417e-01   7.358284e+00   3.360417e-01 223200607020401280       3123       3745     0 2453918.670301  1.283306e+01  4.958411e-02  1.283306e+01  4.958411e-02 
   78897987   7.463377e+00   2.045841e-01   7.463377e+00   2.045841e-01 223200607020402420       3119       3764     0 2453918.671146  1.281766e+01  2.976201e-02  1.281766e+01  2.976201e-02 
   78984203   8.185587e+00   1.272047e-01   8.185587e+00   1.272047e-01 223200607030359350       3130       3735     0 2453919.669016  1.271738e+01  1.687249e-02  1.271738e+01  1.687249e-02 
   78984257   8.239358e+00   1.259522e-01   8.239358e+00   1.259522e-01 223200607030400290       3132       3733     0 2453919.669641  1.271027e+01  1.659733e-02  1.271027e+01  1.659733e-02 
   78984315   8.019288e+00   1.245580e-01   8.019288e+00   1.245580e-01 223200607030401270       3132       3731     0 2453919.670313  1.273966e+01  1.686404e-02  1.273966e+01  1.686404e-02 
   78984370   8.309791e+00   1.257715e-01   8.309791e+00   1.257715e-01 223200607030402220       3133       3729     0 2453919.670949  1.270103e+01  1.643305e-02  1.270103e+01  1.643305e-02 
   79070527   8.660993e+00   1.270532e-01   8.660993e+00   1.270532e-01 223200607040358180       3126       3714     0 2453920.668137  1.265608e+01  1.592736e-02  1.265608e+01  1.592736e-02 
   79070573   8.536946e+00   1.262752e-01   8.536946e+00   1.262752e-01 223200607040359040       3127       3713     0 2453920.668669  1.267174e+01  1.605985e-02  1.267174e+01  1.605985e-02 
   79070639   8.433483e+00   1.263223e-01   8.433483e+00   1.263223e-01 223200607040400090       3128       3711     0 2453920.669433  1.268498e+01  1.626293e-02  1.268498e+01  1.626293e-02 
   79070691   8.530916e+00   1.271937e-01   8.530916e+00   1.271937e-01 223200607040401020       3129       3709     0 2453920.670035  1.267251e+01  1.618810e-02  1.267251e+01  1.618810e-02 
   79415955   8.448219e+00   1.271836e-01   8.448219e+00   1.271836e-01 223200607080355190       3124       3698     0 2453924.666146  1.268309e+01  1.634526e-02  1.268309e+01  1.634526e-02 
   79416112   8.308859e+00   1.267609e-01   8.308859e+00   1.267609e-01 223200607080357570       3126       3719     0 2453924.667963  1.270115e+01  1.656417e-02  1.270115e+01  1.656417e-02 
   79416179   8.296377e+00   1.262467e-01   8.296377e+00   1.262467e-01 223200607080359030       3131       3693     0 2453924.668738  1.270278e+01  1.652180e-02  1.270278e+01  1.652180e-02 
   79416237   8.009194e+00   1.254413e-01   8.009194e+00   1.254413e-01 223200607080400010       3132       3690     0 2453924.669410  1.274103e+01  1.700504e-02  1.274103e+01  1.700504e-02 
   79502442   9.242149e+00   1.750304e-01   9.242149e+00   1.750304e-01 223200607090356460       3136       3691     0 2453925.667153  1.258557e+01  2.056205e-02  1.258557e+01  2.056205e-02 
   79502494   9.212440e+00   1.744777e-01   9.212440e+00   1.744777e-01 223200607090357380       3136       3689     0 2453925.667755  1.258906e+01  2.056322e-02  1.258906e+01  2.056322e-02 
   79502563   9.373815e+00   1.718905e-01   9.373815e+00   1.718905e-01 223200607090358470       3137       3686     0 2453925.668553  1.257021e+01  1.990954e-02  1.257021e+01  1.990954e-02 
   79502717   9.229638e+00   1.680554e-01   9.229638e+00   1.680554e-01 223200607090401200       3134       3668     0 2453925.670336  1.258704e+01  1.976941e-02  1.258704e+01  1.976941e-02 
   80278193   9.727341e+00   1.886504e-01   9.727341e+00   1.886504e-01 223200607180325470       3166       3647     0 2453934.645752  1.253001e+01  2.105666e-02  1.253001e+01  2.105666e-02 
   80278255   1.031267e+01   1.843810e-01   1.031267e+01   1.843810e-01 223200607180326500       3170       3621     0 2453934.646470  1.246657e+01  1.941202e-02  1.246657e+01  1.941202e-02 
   80278330   1.124921e+01   2.114099e-01   1.124921e+01   2.114099e-01 223200607180328050       3166       3642     0 2453934.647338  1.237220e+01  2.040465e-02  1.237220e+01  2.040465e-02 
   80278408   8.314601e+00   2.693337e-01   8.314601e+00   2.693337e-01 223200607180329220       3171       3616     0 2453934.648241  1.270040e+01  3.517022e-02  1.270040e+01  3.517022e-02 
   80364285   8.725736e+00   1.457202e-01   8.725736e+00   1.457202e-01 223200607190320380       3163       3632     0 2453935.642187  1.264799e+01  1.813190e-02  1.264799e+01  1.813190e-02 
   80364341   8.827658e+00   1.464510e-01   8.827658e+00   1.464510e-01 223200607190321350       3162       3631     0 2453935.642836  1.263539e+01  1.801245e-02  1.263539e+01  1.801245e-02 
   80364401   9.076315e+00   1.469035e-01   9.076315e+00   1.469035e-01 223200607190322340       3163       3629     0 2453935.643530  1.260523e+01  1.757310e-02  1.260523e+01  1.757310e-02 
   80364462   8.940832e+00   1.466207e-01   8.940832e+00   1.466207e-01 223200607190323360       3163       3627     0 2453935.644236  1.262156e+01  1.780505e-02  1.262156e+01  1.780505e-02 
   80450500   8.888811e+00   1.367987e-01   8.888811e+00   1.367987e-01 223200607200317340       3167       3623     0 2453936.640046  1.262789e+01  1.670953e-02  1.262789e+01  1.670953e-02 
   80450561   8.752485e+00   1.361871e-01   8.752485e+00   1.361871e-01 223200607200318350       3167       3622     0 2453936.640752  1.264467e+01  1.689392e-02  1.264467e+01  1.689392e-02 
   80450625   8.929386e+00   1.358483e-01   8.929386e+00   1.358483e-01 223200607200319380       3167       3620     0 2453936.641493  1.262295e+01  1.651803e-02  1.262295e+01  1.651803e-02 
   80450682   8.844465e+00   1.351191e-01   8.844465e+00   1.351191e-01 223200607200320360       3167       3618     0 2453936.642153  1.263332e+01  1.658712e-02  1.263332e+01  1.658712e-02 
   80967431   8.418569e+00   1.267968e-01   8.418569e+00   1.267968e-01 223200607260253020       3126       3659     0 2453942.623044  1.268690e+01  1.635294e-02  1.268690e+01  1.635294e-02 
   80967490   8.218609e+00   1.245498e-01   8.218609e+00   1.245498e-01 223200607260254000       3127       3657     0 2453942.623727  1.271300e+01  1.645397e-02  1.271300e+01  1.645397e-02 
   80967550   8.383237e+00   1.248988e-01   8.383237e+00   1.248988e-01 223200607260255010       3128       3654     0 2453942.624421  1.269147e+01  1.617605e-02  1.269147e+01  1.617605e-02 
   80967606   8.409166e+00   1.252156e-01   8.409166e+00   1.252156e-01 223200607260255560       3129       3652     0 2453942.625069  1.268812e+01  1.616707e-02  1.268812e+01  1.616707e-02 
   81053651   8.434162e+00   1.353672e-01   8.434162e+00   1.353672e-01 223200607270250020       3122       3655     0 2453943.620961  1.268490e+01  1.742599e-02  1.268490e+01  1.742599e-02 
   81053713   8.660637e+00   1.402149e-01   8.660637e+00   1.402149e-01 223200607270251040       3123       3652     0 2453943.621678  1.265613e+01  1.757803e-02  1.265613e+01  1.757803e-02 
   81053769   8.436270e+00   1.358778e-01   8.436270e+00   1.358778e-01 223200607270251590       3124       3650     0 2453943.622326  1.268462e+01  1.748734e-02  1.268462e+01  1.748734e-02 
   81053831   8.499666e+00   1.336669e-01   8.499666e+00   1.336669e-01 223200607270253010       3124       3647     0 2453943.623044  1.267650e+01  1.707450e-02  1.267650e+01  1.707450e-02 
   81139828   7.988545e+00   7.460079e-01   7.988545e+00   7.460079e-01 223200607280246190       3140       3646     0 2453944.618380  1.274383e+01  1.013915e-01  1.274383e+01  1.013915e-01 
   81139887   8.652550e+00   1.291890e+00   8.652550e+00   1.291890e+00 223200607280247170       3141       3643     0 2453944.619063  1.265714e+01  1.621090e-01  1.265714e+01  1.621090e-01 
   81139941   8.101387e+00   8.046452e-01   8.101387e+00   8.046452e-01 223200607280248110       3141       3642     0 2453944.619687  1.272860e+01  1.078378e-01  1.272860e+01  1.078378e-01 
   82346060   1.026973e+01   3.902885e-01   1.026973e+01   3.902885e-01 223200608110150170       3136       3683     0 2453958.579398  1.247110e+01  4.126223e-02  1.247110e+01  4.126223e-02 
   82346116   1.075409e+01   3.892837e-01   1.075409e+01   3.892837e-01 223200608110151120       3139       3681     0 2453958.580046  1.242107e+01  3.930232e-02  1.242107e+01  3.930232e-02 
   82346171   1.042714e+01   3.912356e-01   1.042714e+01   3.912356e-01 223200608110152070       3139       3677     0 2453958.580683  1.245459e+01  4.073795e-02  1.245459e+01  4.073795e-02 
   82346230   1.123998e+01   3.929274e-01   1.123998e+01   3.929274e-01 223200608110153070       3139       3675     0 2453958.581366  1.237309e+01  3.795533e-02  1.237309e+01  3.795533e-02 
   82518416   9.788366e+00   2.595665e-01   9.788366e+00   2.595665e-01 223200608130142530       3140       3656     0 2453960.574259  1.252322e+01  2.879150e-02  1.252322e+01  2.879150e-02 
   82518475   1.022062e+01   2.600621e-01   1.022062e+01   2.600621e-01 223200608130143520       3141       3654     0 2453960.574942  1.247631e+01  2.762648e-02  1.247631e+01  2.762648e-02 
   82518537   1.027615e+01   2.571213e-01   1.027615e+01   2.571213e-01 223200608130144550       3140       3648     0 2453960.575660  1.247042e+01  2.716648e-02  1.247042e+01  2.716648e-02 
   82518615   9.910954e+00   2.572090e-01   9.910954e+00   2.572090e-01 223200608130146120       3136       3668     0 2453960.576563  1.250971e+01  2.817711e-02  1.250971e+01  2.817711e-02 
   82604597   1.040824e+01   2.154279e-01   1.040824e+01   2.154279e-01 223200608140139160       3139       3674     0 2453961.571725  1.245656e+01  2.247245e-02  1.245656e+01  2.247245e-02 
   82604653   1.028880e+01   2.173740e-01   1.028880e+01   2.173740e-01 223200608140140120       3146       3670     0 2453961.572373  1.246909e+01  2.293868e-02  1.246909e+01  2.293868e-02 
   82604710   9.570146e+00   2.187929e-01   9.570146e+00   2.187929e-01 223200608140141080       3158       3668     0 2453961.573032  1.254770e+01  2.482221e-02  1.254770e+01  2.482221e-02 
   82604764   1.005264e+01   2.226946e-01   1.005264e+01   2.226946e-01 223200608140142030       3158       3665     0 2453961.573657  1.249430e+01  2.405223e-02  1.249430e+01  2.405223e-02 
   82863069   9.087634e+00   1.535100e-01   9.087634e+00   1.535100e-01 223200608170127120       3129       3683     0 2453964.563299  1.260387e+01  1.834053e-02  1.260387e+01  1.834053e-02 
   82863137   9.058463e+00   1.532155e-01   9.058463e+00   1.532155e-01 223200608170128190       3137       3653     0 2453964.564086  1.260736e+01  1.836429e-02  1.260736e+01  1.836429e-02 
   82863193   9.309685e+00   1.529575e-01   9.309685e+00   1.529575e-01 223200608170129150       3138       3650     0 2453964.564734  1.257766e+01  1.783863e-02  1.257766e+01  1.783863e-02 
   82863253   9.035717e+00   1.518579e-01   9.035717e+00   1.518579e-01 223200608170130160       3138       3648     0 2453964.565428  1.261009e+01  1.824739e-02  1.261009e+01  1.824739e-02 
   82949242   8.495028e+00   1.265242e-01   8.495028e+00   1.265242e-01 223200608180123250       3134       3632     0 2453965.560671  1.267709e+01  1.617092e-02  1.267709e+01  1.617092e-02 
   82949304   8.222714e+00   1.256732e-01   8.222714e+00   1.256732e-01 223200608180124270       3136       3631     0 2453965.561389  1.271246e+01  1.659408e-02  1.271246e+01  1.659408e-02 
   82949367   8.279801e+00   1.263313e-01   8.279801e+00   1.263313e-01 223200608180125310       3136       3627     0 2453965.562118  1.270495e+01  1.656596e-02  1.270495e+01  1.656596e-02 
   82949458   8.304202e+00   1.273775e-01   8.304202e+00   1.273775e-01 223200608180127020       3132       3645     0 2453965.563171  1.270176e+01  1.665409e-02  1.270176e+01  1.665409e-02 
   83724667   8.563877e+00   1.265356e-01   8.563877e+00   1.265356e-01 223200608270047250       3113       3681     0 2453974.535498  1.266832e+01  1.604236e-02  1.266832e+01  1.604236e-02 
   83724731   8.572380e+00   1.253479e-01   8.572380e+00   1.253479e-01 223200608270048280       3116       3649     0 2453974.536238  1.266725e+01  1.587601e-02  1.266725e+01  1.587601e-02 
   83724806   8.423286e+00   1.259850e-01   8.423286e+00   1.259850e-01 223200608270049440       3112       3668     0 2453974.537106  1.268630e+01  1.623915e-02  1.268630e+01  1.623915e-02 
   83724868   8.631287e+00   1.262237e-01   8.631287e+00   1.262237e-01 223200608270050460       3117       3641     0 2453974.537824  1.265981e+01  1.587783e-02  1.265981e+01  1.587783e-02 
   83810833   8.275086e+00   1.223834e-01   8.275086e+00   1.223834e-01 223200608280043330       3118       3671     0 2453975.532789  1.270557e+01  1.605743e-02  1.270557e+01  1.605743e-02 
   83810885   8.386625e+00   1.223999e-01   8.386625e+00   1.223999e-01 223200608280044250       3119       3668     0 2453975.533391  1.269103e+01  1.584600e-02  1.269103e+01  1.584600e-02 
   83810956   8.398566e+00   1.209430e-01   8.398566e+00   1.209430e-01 223200608280045350       3118       3664     0 2453975.534213  1.268949e+01  1.563513e-02  1.268949e+01  1.563513e-02 
   83811013   8.156031e+00   1.202995e-01   8.156031e+00   1.202995e-01 223200608280046320       3118       3662     0 2453975.534873  1.272130e+01  1.601440e-02  1.272130e+01  1.601440e-02 
   84328664   1.051229e+01   2.904551e-01   1.051229e+01   2.904551e-01 223200609030034170       3108       3601     0 2453981.526204  1.244576e+01  2.999905e-02  1.244576e+01  2.999905e-02 
   84328736   1.029713e+01   2.955221e-01   1.029713e+01   2.955221e-01 223200609030035280       3103       3620     0 2453981.527037  1.246821e+01  3.116016e-02  1.246821e+01  3.116016e-02 
   84328803   1.036633e+01   3.089650e-01   1.036633e+01   3.089650e-01 223200609030036350       3104       3587     0 2453981.527813  1.246094e+01  3.236011e-02  1.246094e+01  3.236011e-02 
   84328860   1.069452e+01   3.001705e-01   1.069452e+01   3.001705e-01 223200609030037320       3105       3586     0 2453981.528472  1.242710e+01  3.047421e-02  1.242710e+01  3.047421e-02 
   84500170   1.193409e+01   4.463539e-01   1.193409e+01   4.463539e-01 223200609050012480       3115       3666     0 2453983.511227  1.230803e+01  4.060840e-02  1.230803e+01  4.060840e-02 
   84500230   1.178021e+01   4.431662e-01   1.178021e+01   4.431662e-01 223200609050013480       3116       3662     0 2453983.511921  1.232212e+01  4.084506e-02  1.232212e+01  4.084506e-02 
   84500292   1.148219e+01   4.462441e-01   1.148219e+01   4.462441e-01 223200609050014500       3116       3659     0 2453983.512639  1.234994e+01  4.219621e-02  1.234994e+01  4.219621e-02 
   84500370   1.164046e+01   4.470818e-01   1.164046e+01   4.470818e-01 223200609050016080       3112       3678     0 2453983.513542  1.233507e+01  4.170062e-02  1.233507e+01  4.170062e-02 
   84844844   1.198397e+01   6.124982e-01   1.198397e+01   6.124982e-01 223200609082357310       3126       3674     0 2453987.500509  1.230350e+01  5.549192e-02  1.230350e+01  5.549192e-02 
   84844900   1.169979e+01   6.117404e-01   1.169979e+01   6.117404e-01 223200609082358260       3127       3669     0 2453987.501157  1.232955e+01  5.676949e-02  1.232955e+01  5.676949e-02 
   84844957   1.183332e+01   6.082442e-01   1.183332e+01   6.082442e-01 223200609082359230       3126       3666     0 2453987.501817  1.231723e+01  5.580811e-02  1.231723e+01  5.580811e-02 
   84845019   1.153910e+01   6.059040e-01   1.153910e+01   6.059040e-01 223200609090000260       3126       3664     0 2453987.502535  1.234457e+01  5.701088e-02  1.234457e+01  5.701088e-02 
   85017143   1.088501e+01   3.401653e-01   1.088501e+01   3.401653e-01 223200609102349160       3101       3627     0 2453989.494711  1.240793e+01  3.393024e-02  1.240793e+01  3.393024e-02 
   85017210   1.094951e+01   4.310984e-01   1.094951e+01   4.310984e-01 223200609102350220       3103       3625     0 2453989.495486  1.240151e+01  4.274718e-02  1.240151e+01  4.274718e-02 
   85017269   1.110182e+01   3.851891e-01   1.110182e+01   3.851891e-01 223200609102351210       3103       3622     0 2453989.496169  1.238651e+01  3.767089e-02  1.238651e+01  3.767089e-02 
   85017327   1.094061e+01   3.886804e-01   1.094061e+01   3.886804e-01 223200609102352200       3101       3615     0 2453989.496840  1.240240e+01  3.857241e-02  1.240240e+01  3.857241e-02 
   85361735   8.449195e+00   1.232409e-01   8.449195e+00   1.232409e-01 223200609142332380       3104       3580     0 2453993.483044  1.268296e+01  1.583672e-02  1.268296e+01  1.583672e-02 
   85361792   8.705800e+00   1.249827e-01   8.705800e+00   1.249827e-01 223200609142333360       3105       3577     0 2453993.483704  1.265048e+01  1.558716e-02  1.265048e+01  1.558716e-02 
   85361853   8.690329e+00   1.253851e-01   8.690329e+00   1.253851e-01 223200609142334370       3106       3574     0 2453993.484410  1.265241e+01  1.566518e-02  1.265241e+01  1.566518e-02 
   85361928   8.643202e+00   1.247693e-01   8.643202e+00   1.247693e-01 223200609142335520       3101       3594     0 2453993.485278  1.265831e+01  1.567325e-02  1.265831e+01  1.567325e-02 
   85620632   8.652102e+00   1.363211e-01   8.652102e+00   1.363211e-01 223200609172327440       3073       3585     0 2453996.479537  1.265720e+01  1.710674e-02  1.265720e+01  1.710674e-02 
   85620691   8.354880e+00   1.357137e-01   8.354880e+00   1.357137e-01 223200609172328430       3074       3582     0 2453996.480220  1.269515e+01  1.763637e-02  1.269515e+01  1.763637e-02 
   85620754   8.415220e+00   1.370245e-01   8.415220e+00   1.370245e-01 223200609172329460       3074       3579     0 2453996.480949  1.268734e+01  1.767904e-02  1.268734e+01  1.767904e-02 
   85620808   8.539557e+00   1.383625e-01   8.539557e+00   1.383625e-01 223200609172330410       3074       3576     0 2453996.481574  1.267141e+01  1.759174e-02  1.267141e+01  1.759174e-02 
   85706428   8.453218e+00   1.358355e-01   8.453218e+00   1.358355e-01 223200609182317440       3077       3558     0 2453997.472546  1.268244e+01  1.744685e-02  1.268244e+01  1.744685e-02 
   85706491   8.056705e+00   1.342664e-01   8.056705e+00   1.342664e-01 223200609182318460       3081       3536     0 2453997.473275  1.273461e+01  1.809404e-02  1.273461e+01  1.809404e-02 
   85706546   7.950233e+00   1.328484e-01   7.950233e+00   1.328484e-01 223200609182319410       3082       3534     0 2453997.473912  1.274905e+01  1.814271e-02  1.274905e+01  1.814271e-02 
   85706623   8.293236e+00   1.350899e-01   8.293236e+00   1.350899e-01 223200609182320580       3078       3556     0 2453997.474803  1.270319e+01  1.768580e-02  1.270319e+01  1.768580e-02 
   85878742   8.561451e+00   1.349551e-01   8.561451e+00   1.349551e-01 223200609202309430       3078       3612     0 2453999.466921  1.266863e+01  1.711464e-02  1.266863e+01  1.711464e-02 
   85878799   8.668118e+00   1.351990e-01   8.668118e+00   1.351990e-01 223200609202310400       3081       3609     0 2453999.467581  1.265519e+01  1.693458e-02  1.265519e+01  1.693458e-02 
   85878860   8.634229e+00   1.353243e-01   8.634229e+00   1.353243e-01 223200609202311410       3082       3606     0 2453999.468287  1.265944e+01  1.701681e-02  1.265944e+01  1.701681e-02 
   85878920   8.543939e+00   1.350848e-01   8.543939e+00   1.350848e-01 223200609202312420       3082       3604     0 2453999.468981  1.267085e+01  1.716620e-02  1.267085e+01  1.716620e-02 
   85964865   8.948702e+00   1.276571e-01   8.948702e+00   1.276571e-01 223200609212305090       3093       3606     0 2454000.463715  1.262060e+01  1.548855e-02  1.262060e+01  1.548855e-02 
   85965018   9.163547e+00   1.277957e-01   9.163547e+00   1.277957e-01 223200609212307420       3095       3599     0 2454000.465486  1.259484e+01  1.514183e-02  1.259484e+01  1.514183e-02 
   85965081   8.951025e+00   1.275369e-01   8.951025e+00   1.275369e-01 223200609212308460       3096       3596     0 2454000.466215  1.262032e+01  1.546995e-02  1.262032e+01  1.546995e-02 
   85965137   8.900160e+00   1.268739e-01   8.900160e+00   1.268739e-01 223200609212309410       3096       3594     0 2454000.466863  1.262651e+01  1.547748e-02  1.262651e+01  1.547748e-02 
   86404978   9.059458e+00   1.304054e-01   9.059458e+00   1.304054e-01 223200609270120390       2957       3250     0 2454005.557616  1.260724e+01  1.562857e-02  1.260724e+01  1.562857e-02 
   86405039   8.904165e+00   1.309707e-01   8.904165e+00   1.309707e-01 223200609270121400       2961       3224     0 2454005.558322  1.262602e+01  1.597007e-02  1.262602e+01  1.597007e-02 
   86405107   9.010907e+00   1.314586e-01   9.010907e+00   1.314586e-01 223200609270122490       2959       3222     0 2454005.559109  1.261308e+01  1.583968e-02  1.261308e+01  1.583968e-02 
   86405168   8.933828e+00   1.311163e-01   8.933828e+00   1.311163e-01 223200609270123490       2959       3220     0 2454005.559815  1.262241e+01  1.593473e-02  1.262241e+01  1.593473e-02 
   87688148   8.999135e+00   1.135131e-01   8.999135e+00   1.135131e-01 223200610112147440       2757       3413     0 2454020.409120  1.261450e+01  1.369528e-02  1.261450e+01  1.369528e-02 
   87688222   9.044305e+00   1.136596e-01   9.044305e+00   1.136596e-01 223200610112148580       2761       3386     0 2454020.409977  1.260906e+01  1.364447e-02  1.260906e+01  1.364447e-02 
   87688276   8.965205e+00   1.132753e-01   8.965205e+00   1.132753e-01 223200610112149520       2761       3384     0 2454020.410602  1.261860e+01  1.371832e-02  1.261860e+01  1.371832e-02 
   87860493   9.266434e+00   1.233840e-01   9.266434e+00   1.233840e-01 223200610132140170       2720       3435     0 2454022.403854  1.258272e+01  1.445679e-02  1.258272e+01  1.445679e-02 
   87860560   9.551798e+00   1.245976e-01   9.551798e+00   1.245976e-01 223200610132141240       2720       3431     0 2454022.404630  1.254979e+01  1.416284e-02  1.254979e+01  1.416284e-02 
   87860616   9.441811e+00   1.240513e-01   9.441811e+00   1.240513e-01 223200610132142200       2720       3429     0 2454022.405278  1.256236e+01  1.426500e-02  1.256236e+01  1.426500e-02 
   87860676   9.328115e+00   1.228437e-01   9.328115e+00   1.228437e-01 223200610132143190       2719       3426     0 2454022.405972  1.257551e+01  1.429832e-02  1.257551e+01  1.429832e-02 
   88033106   9.177850e+00   1.194611e-01   9.177850e+00   1.194611e-01 223200610152137170       2716       3466     0 2454024.401690  1.259315e+01  1.413225e-02  1.259315e+01  1.413225e-02 
   88033167   9.370454e+00   1.197142e-01   9.370454e+00   1.197142e-01 223200610152138180       2716       3461     0 2454024.402396  1.257060e+01  1.387110e-02  1.257060e+01  1.387110e-02 
   88033222   9.162858e+00   1.184219e-01   9.162858e+00   1.184219e-01 223200610152139130       2715       3456     0 2454024.403032  1.259492e+01  1.403223e-02  1.259492e+01  1.403223e-02 
   88033281   9.086143e+00   1.182894e-01   9.086143e+00   1.182894e-01 223200610152140120       2714       3453     0 2454024.403715  1.260405e+01  1.413488e-02  1.260405e+01  1.413488e-02 
   88377428   9.071746e+00   1.206685e-01   9.071746e+00   1.206685e-01 223200610192116140       2700       3481     0 2454028.386898  1.260577e+01  1.444205e-02  1.260577e+01  1.444205e-02 
   88377480   8.990110e+00   1.212098e-01   8.990110e+00   1.212098e-01 223200610192117070       2700       3477     0 2454028.387500  1.261559e+01  1.463856e-02  1.261559e+01  1.463856e-02 
   88377565   9.298779e+00   1.227550e-01   9.298779e+00   1.227550e-01 223200610192118310       2694       3497     0 2454028.388484  1.257893e+01  1.433307e-02  1.257893e+01  1.433307e-02 
   88377627   9.110090e+00   1.220609e-01   9.110090e+00   1.220609e-01 223200610192119340       2694       3493     0 2454028.389201  1.260119e+01  1.454721e-02  1.260119e+01  1.454721e-02 
   88463593   9.524536e+00   1.197880e-01   9.524536e+00   1.197880e-01 223200610202112230       2724       3437     0 2454029.384178  1.255289e+01  1.365511e-02  1.255289e+01  1.365511e-02 
   88463665   9.297586e+00   1.190063e-01   9.297586e+00   1.190063e-01 223200610202113350       2721       3432     0 2454029.385012  1.257907e+01  1.389715e-02  1.257907e+01  1.389715e-02 
   88463728   9.210140e+00   1.188802e-01   9.210140e+00   1.188802e-01 223200610202114380       2721       3429     0 2454029.385741  1.258933e+01  1.401422e-02  1.258933e+01  1.401422e-02 
   88463787   9.381821e+00   1.184026e-01   9.381821e+00   1.184026e-01 223200610202115380       2721       3427     0 2454029.386424  1.256928e+01  1.370250e-02  1.256928e+01  1.370250e-02 
   88551541   9.407562e+00   1.258392e-01   9.407562e+00   1.258392e-01 223200610212138150       2718       3375     0 2454030.402095  1.256631e+01  1.452327e-02  1.256631e+01  1.452327e-02 
   88551673   9.671627e+00   1.282366e-01   9.671627e+00   1.282366e-01 223200610212140270       2715       3365     0 2454030.403623  1.253625e+01  1.439588e-02  1.253625e+01  1.439588e-02 
   88551745   9.564318e+00   1.282426e-01   9.564318e+00   1.282426e-01 223200610212141400       2709       3384     0 2454030.404456  1.254836e+01  1.455809e-02  1.254836e+01  1.455809e-02 
   88637676   9.424054e+00   1.435720e+00   9.424054e+00   1.435720e+00 223200610222133550       2716       3388     0 2454031.399028  1.256441e+01  1.654085e-01  1.256441e+01  1.654085e-01 
   88637813   9.437128e+00   2.284922e+00   9.437128e+00   2.284922e+00 223200610222136110       2710       3404     0 2454031.400613  1.256290e+01  2.628798e-01  1.256290e+01  2.628798e-01 
   88640064   7.022880e+00   2.202968e+00   7.022880e+00   2.202968e+00 223200610222213430       2709       3282     0 2454031.426667  1.288371e+01  3.405797e-01  1.288371e+01  3.405797e-01 
   88722093   9.294220e+00   1.212096e-01   9.294220e+00   1.212096e-01 223200610232100550       2707       3467     0 2454032.376076  1.257947e+01  1.415957e-02  1.257947e+01  1.415957e-02 
   88722147   9.477774e+00   1.221841e-01   9.477774e+00   1.221841e-01 223200610232101500       2708       3464     0 2454032.376701  1.255823e+01  1.399698e-02  1.255823e+01  1.399698e-02 
   88722209   9.382366e+00   1.221070e-01   9.382366e+00   1.221070e-01 223200610232102520       2707       3461     0 2454032.377419  1.256922e+01  1.413039e-02  1.256922e+01  1.413039e-02 
   88722276   9.342460e+00   1.215413e-01   9.342460e+00   1.215413e-01 223200610232103590       2708       3458     0 2454032.378194  1.257385e+01  1.412500e-02  1.257385e+01  1.412500e-02 
   88980538   9.246670e+00   1.317449e-01   9.246670e+00   1.317449e-01 223200610262048320       2706       3522     0 2454035.367338  1.258504e+01  1.546943e-02  1.258504e+01  1.546943e-02 
   88980592   9.364779e+00   1.314939e-01   9.364779e+00   1.314939e-01 223200610262049260       2707       3519     0 2454035.367963  1.257126e+01  1.524523e-02  1.257126e+01  1.524523e-02 
   88980652   9.279418e+00   1.317782e-01   9.279418e+00   1.317782e-01 223200610262050270       2707       3517     0 2454035.368657  1.258120e+01  1.541874e-02  1.258120e+01  1.541874e-02 
   88980716   9.235707e+00   1.312477e-01   9.235707e+00   1.312477e-01 223200610262051300       2703       3507     0 2454035.369398  1.258632e+01  1.542934e-02  1.258632e+01  1.542934e-02 
   89066654   9.910825e+00   1.420610e-01   9.910825e+00   1.420610e-01 223200610272043520       2727       3494     0 2454036.364051  1.250973e+01  1.556292e-02  1.250973e+01  1.556292e-02 
   89066717   9.813572e+00   1.423779e-01   9.813572e+00   1.423779e-01 223200610272044550       2727       3491     0 2454036.364780  1.252043e+01  1.575220e-02  1.252043e+01  1.575220e-02 
   89066773   9.981388e+00   1.428372e-01   9.981388e+00   1.428372e-01 223200610272045520       2726       3487     0 2454036.365428  1.250202e+01  1.553733e-02  1.250202e+01  1.553733e-02 
   89066838   9.826191e+00   1.427464e-01   9.826191e+00   1.427464e-01 223200610272046560       2726       3485     0 2454036.366181  1.251904e+01  1.577269e-02  1.251904e+01  1.577269e-02 
   89152852   1.184763e+01   2.222025e-01   1.184763e+01   2.222025e-01 223200610282040350       2712       3507     0 2454037.361713  1.231592e+01  2.036307e-02  1.231592e+01  2.036307e-02 
   89152925   1.001236e+01   2.028041e-01   1.001236e+01   2.028041e-01 223200610282041480       2715       3477     0 2454037.362558  1.249866e+01  2.199208e-02  1.249866e+01  2.199208e-02 
   89152986   1.055265e+01   1.777873e-01   1.055265e+01   1.777873e-01 223200610282042490       2714       3475     0 2454037.363264  1.244160e+01  1.829217e-02  1.244160e+01  1.829217e-02 
   89238974   1.015367e+01   1.801438e-01   1.015367e+01   1.801438e-01 223200610292035590       2707       3468     0 2454038.358495  1.248344e+01  1.926292e-02  1.248344e+01  1.926292e-02 
   89239029   1.036225e+01   1.819978e-01   1.036225e+01   1.819978e-01 223200610292036550       2708       3465     0 2454038.359132  1.246136e+01  1.906945e-02  1.246136e+01  1.906945e-02 
   89239076   1.031179e+01   1.793671e-01   1.031179e+01   1.793671e-01 223200610292037410       2706       3457     0 2454038.359676  1.246666e+01  1.888576e-02  1.246666e+01  1.888576e-02 
   89239154   1.037348e+01   1.793483e-01   1.037348e+01   1.793483e-01 223200610292038590       2706       3455     0 2454038.360579  1.246019e+01  1.877148e-02  1.246019e+01  1.877148e-02 
   89411349   1.168939e+01   2.755865e-01   1.168939e+01   2.755865e-01 223200610312029020       2700       3468     0 2454040.353576  1.233052e+01  2.559716e-02  1.233052e+01  2.559716e-02 
   89411422   1.197730e+01   2.738888e-01   1.197730e+01   2.738888e-01 223200610312030160       2696       3486     0 2454040.354421  1.230410e+01  2.482796e-02  1.230410e+01  2.482796e-02 
   89411492   1.216136e+01   2.780192e-01   1.216136e+01   2.780192e-01 223200610312031250       2699       3457     0 2454040.355231  1.228754e+01  2.482096e-02  1.228754e+01  2.482096e-02 
   89411549   1.197811e+01   2.760442e-01   1.197811e+01   2.760442e-01 223200610312032230       2699       3453     0 2454040.355891  1.230403e+01  2.502166e-02  1.230403e+01  2.502166e-02 
   89506208   1.167168e+01   2.792019e-01   1.167168e+01   2.792019e-01 223200611012250050       2628       3086     0 2454041.451481  1.233217e+01  2.597232e-02  1.233217e+01  2.597232e-02 
   89506281   1.110645e+01   2.824930e-01   1.110645e+01   2.824930e-01 223200611012251190       2631       3058     0 2454041.452326  1.238606e+01  2.761585e-02  1.238606e+01  2.761585e-02 
   89506338   1.106003e+01   2.819538e-01   1.106003e+01   2.819538e-01 223200611012252160       2630       3056     0 2454041.452986  1.239061e+01  2.767880e-02  1.239061e+01  2.767880e-02 
   89506400   1.164423e+01   2.844024e-01   1.164423e+01   2.844024e-01 223200611012253170       2629       3054     0 2454041.453704  1.233472e+01  2.651846e-02  1.233472e+01  2.651846e-02 
   89842109   1.160430e+01   3.913490e-01   1.160430e+01   3.913490e-01 223200611052008420       2711       3470     0 2454045.339225  1.233845e+01  3.661601e-02  1.233845e+01  3.661601e-02 
   89842167   1.131307e+01   3.931379e-01   1.131307e+01   3.931379e-01 223200611052009400       2712       3467     0 2454045.339896  1.236605e+01  3.773031e-02  1.236605e+01  3.773031e-02 
   89842240   1.159198e+01   3.927366e-01   1.159198e+01   3.927366e-01 223200611052010530       2711       3463     0 2454045.340741  1.233961e+01  3.678488e-02  1.233961e+01  3.678488e-02 
   89842299   1.169994e+01   3.944002e-01   1.169994e+01   3.944002e-01 223200611052011520       2712       3460     0 2454045.341424  1.232954e+01  3.659985e-02  1.232954e+01  3.659985e-02 
   89928293   1.163595e+01   3.041712e-01   1.163595e+01   3.041712e-01 223200611062005110       2714       3487     0 2454046.336725  1.233550e+01  2.838195e-02  1.233550e+01  2.838195e-02 
   89928362   1.127461e+01   3.049962e-01   1.127461e+01   3.049962e-01 223200611062006190       2714       3483     0 2454046.337523  1.236975e+01  2.937100e-02  1.236975e+01  2.937100e-02 
   89928416   1.157175e+01   3.064015e-01   1.157175e+01   3.064015e-01 223200611062007140       2714       3481     0 2454046.338148  1.234150e+01  2.874866e-02  1.234150e+01  2.874866e-02 
   89928480   1.136744e+01   3.069669e-01   1.136744e+01   3.069669e-01 223200611062008180       2715       3478     0 2454046.338889  1.236084e+01  2.931936e-02  1.236084e+01  2.931936e-02 
   90014481   9.803525e+00   2.031795e-01   9.803525e+00   2.031795e-01 223200611072001430       2721       3495     0 2454047.334271  1.252154e+01  2.250212e-02  1.252154e+01  2.250212e-02 
   90014535   1.052166e+01   1.915521e-01   1.052166e+01   1.915521e-01 223200611072002370       2721       3491     0 2454047.334896  1.244479e+01  1.976644e-02  1.244479e+01  1.976644e-02 
   90014624   1.071430e+01   1.921078e-01   1.071430e+01   1.921078e-01 223200611072004050       2717       3510     0 2454047.335926  1.242509e+01  1.946736e-02  1.242509e+01  1.946736e-02 
   90014686   1.088445e+01   1.956213e-01   1.088445e+01   1.956213e-01 223200611072005080       2715       3507     0 2454047.336644  1.240798e+01  1.951351e-02  1.240798e+01  1.951351e-02 
   90272970   9.694981e+00   1.334288e-01   9.694981e+00   1.334288e-01 223200611101950030       2718       3479     0 2454050.326042  1.253363e+01  1.494268e-02  1.253363e+01  1.494268e-02 
   90273024   9.407729e+00   1.323709e-01   9.407729e+00   1.323709e-01 223200611101950570       2718       3475     0 2454050.326667  1.256629e+01  1.527685e-02  1.256629e+01  1.527685e-02 
   90273072   9.655317e+00   1.352249e-01   9.655317e+00   1.352249e-01 223200611101951450       2717       3472     0 2454050.327222  1.253808e+01  1.520603e-02  1.253808e+01  1.520603e-02 
   90273137   9.589375e+00   1.322866e-01   9.589375e+00   1.322866e-01 223200611101952500       2716       3469     0 2454050.327975  1.254552e+01  1.497792e-02  1.254552e+01  1.497792e-02 
   90617586   9.437279e+00   1.252119e-01   9.437279e+00   1.252119e-01 223200611141933540       2708       3502     0 2454054.314653  1.256288e+01  1.440538e-02  1.256288e+01  1.440538e-02 
   90617648   9.134827e+00   1.247770e-01   9.134827e+00   1.247770e-01 223200611141934560       2708       3498     0 2454054.315370  1.259825e+01  1.483065e-02  1.259825e+01  1.483065e-02 
   90617708   9.388140e+00   1.253690e-01   9.388140e+00   1.253690e-01 223200611141935570       2713       3472     0 2454054.316065  1.256855e+01  1.449895e-02  1.256855e+01  1.449895e-02 
   90617759   9.353227e+00   1.253743e-01   9.353227e+00   1.253743e-01 223200611141936470       2712       3470     0 2454054.316655  1.257260e+01  1.455368e-02  1.257260e+01  1.455368e-02 
   93120132   1.168245e+01   2.446170e-01   1.168245e+01   2.446170e-01 223200612131844400       3380       3309     0 2454083.279306  1.233117e+01  2.273414e-02  1.233117e+01  2.273414e-02 
   93120191   1.101874e+01   2.296302e-01   1.101874e+01   2.296302e-01 223200612131845380       3380       3307     0 2454083.279988  1.239467e+01  2.262679e-02  1.239467e+01  2.262679e-02 
   93120267   1.123883e+01   2.093854e-01   1.123883e+01   2.093854e-01 223200612131846550       3376       3326     0 2454083.280868  1.237320e+01  2.022792e-02  1.237320e+01  2.022792e-02 
   93120331   1.103145e+01   2.001869e-01   1.103145e+01   2.001869e-01 223200612131847580       3380       3301     0 2454083.281609  1.239342e+01  1.970284e-02  1.239342e+01  1.970284e-02 
   93292966   1.141788e+01   2.891442e-01   1.141788e+01   2.891442e-01 223200612151845190       3354       3280     0 2454085.279699  1.235604e+01  2.749507e-02  1.235604e+01  2.749507e-02 
   93293020   1.146131e+01   2.728497e-01   1.146131e+01   2.728497e-01 223200612151846130       3353       3278     0 2454085.280324  1.235191e+01  2.584729e-02  1.235191e+01  2.584729e-02 
   93293074   1.126643e+01   2.581660e-01   1.126643e+01   2.581660e-01 223200612151847070       3352       3276     0 2454085.280949  1.237053e+01  2.487932e-02  1.237053e+01  2.487932e-02 
   93293128   1.138639e+01   2.446543e-01   1.138639e+01   2.446543e-01 223200612151848010       3352       3274     0 2454085.281574  1.235903e+01  2.332881e-02  1.235903e+01  2.332881e-02 
   93467308   9.745387e+00   1.351115e-01   9.745387e+00   1.351115e-01 223200612171911070       3704       3106     0 2454087.297546  1.252800e+01  1.505286e-02  1.252800e+01  1.505286e-02 
   93467364   9.855435e+00   1.338819e-01   9.855435e+00   1.338819e-01 223200612171912030       3702       3104     0 2454087.298194  1.251581e+01  1.474932e-02  1.251581e+01  1.474932e-02 
   93467424   9.789176e+00   1.327839e-01   9.789176e+00   1.327839e-01 223200612171913020       3701       3101     0 2454087.298889  1.252313e+01  1.472737e-02  1.252313e+01  1.472737e-02 
   93467494   9.659682e+00   1.308375e-01   9.659682e+00   1.308375e-01 223200612171914130       3694       3120     0 2454087.299699  1.253759e+01  1.470603e-02  1.253759e+01  1.470603e-02 
   93556665   9.222602e+00   1.260494e-01   9.222602e+00   1.260494e-01 223200612182000260       2763       3039     0 2454088.331771  1.258787e+01  1.483929e-02  1.258787e+01  1.483929e-02 
   93556723   9.441831e+00   1.265254e-01   9.441831e+00   1.265254e-01 223200612182001250       2763       3037     0 2454088.332442  1.256236e+01  1.454948e-02  1.256236e+01  1.454948e-02 
   93556792   9.337705e+00   1.268850e-01   9.337705e+00   1.268850e-01 223200612182002330       2762       3034     0 2454088.333241  1.257440e+01  1.475353e-02  1.257440e+01  1.475353e-02 
   93556856   9.203938e+00   1.268211e-01   9.203938e+00   1.268211e-01 223200612182003370       2761       3032     0 2454088.333981  1.259007e+01  1.496042e-02  1.259007e+01  1.496042e-02 
   93725365   1.127764e+01   2.438769e-01   1.127764e+01   2.438769e-01 223200612201852110       2822       3195     0 2454090.284317  1.236945e+01  2.347892e-02  1.236945e+01  2.347892e-02 
   93725424   1.088970e+01   2.298467e-01   1.088970e+01   2.298467e-01 223200612201853100       2822       3193     0 2454090.285000  1.240746e+01  2.291649e-02  1.240746e+01  2.291649e-02 
   93725481   1.128075e+01   2.186542e-01   1.128075e+01   2.186542e-01 223200612201854080       2821       3191     0 2454090.285660  1.236915e+01  2.104484e-02  1.236915e+01  2.104484e-02 
   93725543   1.096667e+01   2.068531e-01   1.096667e+01   2.068531e-01 223200612201855100       2821       3188     0 2454090.286377  1.239981e+01  2.047921e-02  1.239981e+01  2.047921e-02 
   94935173   1.237753e+01   4.286154e-01   1.237753e+01   4.286154e-01 223200701031856070       2763       3042     0 2454104.286725  1.226841e+01  3.759754e-02  1.226841e+01  3.759754e-02 
   94935239   1.152757e+01   4.220375e-01   1.152757e+01   4.220375e-01 223200701031857140       2763       3040     0 2454104.287488  1.234566e+01  3.975018e-02  1.234566e+01  3.975018e-02 
   94935297   1.204937e+01   4.167697e-01   1.204937e+01   4.167697e-01 223200701031858120       2762       3039     0 2454104.288160  1.229759e+01  3.755413e-02  1.229759e+01  3.755413e-02 
   94935362   1.238702e+01   4.140127e-01   1.238702e+01   4.140127e-01 223200701031859170       2761       3036     0 2454104.288912  1.226758e+01  3.628879e-02  1.226758e+01  3.628879e-02 
   95021602   1.153268e+01   3.235659e-01   1.153268e+01   3.235659e-01 223200701041856390       2760       3055     0 2454105.287060  1.234517e+01  3.046200e-02  1.234517e+01  3.046200e-02 
   95021674   1.161904e+01   3.079629e-01   1.161904e+01   3.079629e-01 223200701041857500       2764       3030     0 2454105.287894  1.233707e+01  2.877757e-02  1.233707e+01  2.877757e-02 
   95021739   1.111530e+01   2.934401e-01   1.111530e+01   2.934401e-01 223200701041858560       2763       3029     0 2454105.288646  1.238520e+01  2.866315e-02  1.238520e+01  2.866315e-02 
   95021795   1.177423e+01   2.844279e-01   1.177423e+01   2.844279e-01 223200701041859510       2762       3027     0 2454105.289294  1.232267e+01  2.622804e-02  1.232267e+01  2.622804e-02 
   95107904   1.142807e+01   2.810578e-01   1.142807e+01   2.810578e-01 223200701051855020       2737       3024     0 2454106.285926  1.235507e+01  2.670229e-02  1.235507e+01  2.670229e-02 
   95107960   1.164736e+01   2.650226e-01   1.164736e+01   2.650226e-01 223200701051855570       2736       3021     0 2454106.286574  1.233443e+01  2.470480e-02  1.233443e+01  2.470480e-02 
   95108014   1.142388e+01   2.507909e-01   1.142388e+01   2.507909e-01 223200701051856510       2736       3020     0 2454106.287199  1.235547e+01  2.383549e-02  1.235547e+01  2.383549e-02 
   95108068   1.165067e+01   2.390440e-01   1.165067e+01   2.390440e-01 223200701051857460       2735       3018     0 2454106.287824  1.233412e+01  2.227680e-02  1.233412e+01  2.227680e-02 
   95280693   1.122051e+01   2.557949e-01   1.122051e+01   2.557949e-01 223200701071854540       2714       3005     0 2454108.285799  1.237497e+01  2.475171e-02  1.237497e+01  2.475171e-02 
   95280822   1.075963e+01   2.215444e-01   1.075963e+01   2.215444e-01 223200701071857030       2733       3028     0 2454108.287292  1.242051e+01  2.235574e-02  1.242051e+01  2.235574e-02 
   95280878   1.070942e+01   2.080614e-01   1.070942e+01   2.080614e-01 223200701071857590       2731       3025     0 2454108.287940  1.242558e+01  2.109363e-02  1.242558e+01  2.109363e-02 
   95280934   1.073948e+01   1.978140e-01   1.073948e+01   1.978140e-01 223200701071858540       2730       3023     0 2454108.288588  1.242254e+01  1.999860e-02  1.242254e+01  1.999860e-02 
   95367156   1.148083e+01   2.853602e-01   1.148083e+01   2.853602e-01 223200701081855580       2717       2996     0 2454109.286528  1.235007e+01  2.698647e-02  1.235007e+01  2.698647e-02 
   95367212   1.135853e+01   2.673502e-01   1.135853e+01   2.673502e-01 223200701081856530       2717       2994     0 2454109.287176  1.236169e+01  2.555549e-02  1.236169e+01  2.555549e-02 
   95367267   1.114222e+01   2.512207e-01   1.114222e+01   2.512207e-01 223200701081857490       2715       2993     0 2454109.287812  1.238257e+01  2.447990e-02  1.238257e+01  2.447990e-02 
   95367323   1.115381e+01   2.375011e-01   1.115381e+01   2.375011e-01 223200701081858450       2714       2991     0 2454109.288461  1.238144e+01  2.311896e-02  1.238144e+01  2.311896e-02 
   95453541   1.087043e+01   2.726638e-01   1.087043e+01   2.726638e-01 223200701091855450       2720       2992     0 2454110.286354  1.240938e+01  2.723370e-02  1.240938e+01  2.723370e-02 
   95453597   1.122665e+01   2.572639e-01   1.122665e+01   2.572639e-01 223200701091856400       2719       2991     0 2454110.287002  1.237437e+01  2.488024e-02  1.237437e+01  2.488024e-02 
   95453651   1.101071e+01   2.432203e-01   1.101071e+01   2.432203e-01 223200701091857350       2718       2990     0 2454110.287627  1.239546e+01  2.398337e-02  1.239546e+01  2.398337e-02 
   95453707   1.107426e+01   2.316927e-01   1.107426e+01   2.316927e-01 223200701091858300       2717       2988     0 2454110.288275  1.238921e+01  2.271556e-02  1.238921e+01  2.271556e-02 
   95539931   1.114376e+01   2.765328e-01   1.114376e+01   2.765328e-01 223200701101855350       2716       2985     0 2454111.286238  1.238242e+01  2.694266e-02  1.238242e+01  2.694266e-02 
   95539985   1.092668e+01   2.609882e-01   1.092668e+01   2.609882e-01 223200701101856300       2716       2984     0 2454111.286863  1.240378e+01  2.593335e-02  1.240378e+01  2.593335e-02 
   95540039   1.114902e+01   2.467781e-01   1.114902e+01   2.467781e-01 223200701101857240       2715       2983     0 2454111.287488  1.238191e+01  2.403233e-02  1.238191e+01  2.403233e-02 
   95540095   1.128562e+01   2.337949e-01   1.128562e+01   2.337949e-01 223200701101858190       2714       2982     0 2454111.288137  1.236869e+01  2.249238e-02  1.236869e+01  2.249238e-02 
   95626315   1.170328e+01   2.874819e-01   1.170328e+01   2.874819e-01 223200701111855210       2698       2965     0 2454112.286053  1.232923e+01  2.667036e-02  1.232923e+01  2.667036e-02 
   95626371   1.146639e+01   2.695753e-01   1.146639e+01   2.695753e-01 223200701111856160       2698       2965     0 2454112.286701  1.235143e+01  2.552580e-02  1.235143e+01  2.552580e-02 
   95626425   1.136729e+01   2.542716e-01   1.136729e+01   2.542716e-01 223200701111857110       2697       2963     0 2454112.287326  1.236086e+01  2.428660e-02  1.236086e+01  2.428660e-02 
   95626481   1.133671e+01   2.407290e-01   1.133671e+01   2.407290e-01 223200701111858070       2697       2962     0 2454112.287975  1.236378e+01  2.305511e-02  1.236378e+01  2.305511e-02 
   95712698   1.167497e+01   2.664023e-01   1.167497e+01   2.664023e-01 223200701121855050       2727       2960     0 2454113.285856  1.233186e+01  2.477469e-02  1.233186e+01  2.477469e-02 
   95712754   1.097832e+01   2.502539e-01   1.097832e+01   2.502539e-01 223200701121856000       2727       2959     0 2454113.286505  1.239866e+01  2.474974e-02  1.239866e+01  2.474974e-02 
   95712808   1.110634e+01   2.377199e-01   1.110634e+01   2.377199e-01 223200701121856550       2726       2958     0 2454113.287130  1.238607e+01  2.323915e-02  1.238607e+01  2.323915e-02 
   95712862   1.088599e+01   2.265213e-01   1.088599e+01   2.265213e-01 223200701121857490       2725       2956     0 2454113.287755  1.240783e+01  2.259263e-02  1.240783e+01  2.259263e-02 
   95799120   1.133428e+01   2.378717e-01   1.133428e+01   2.378717e-01 223200701131855270       2723       2975     0 2454114.286111  1.236401e+01  2.278634e-02  1.236401e+01  2.278634e-02 
   95799174   1.133038e+01   2.261929e-01   1.133038e+01   2.261929e-01 223200701131856210       2723       2973     0 2454114.286736  1.236439e+01  2.167506e-02  1.236439e+01  2.167506e-02 
   95799298   1.045795e+01   2.010285e-01   1.045795e+01   2.010285e-01 223200701131858250       2724       2977     0 2454114.288171  1.245138e+01  2.087069e-02  1.245138e+01  2.087069e-02 
   95799352   1.081840e+01   1.925670e-01   1.081840e+01   1.925670e-01 223200701131859190       2723       2975     0 2454114.288796  1.241459e+01  1.932613e-02  1.241459e+01  1.932613e-02 
   95885590   1.091154e+01   2.272162e-01   1.091154e+01   2.272162e-01 223200701141856390       2718       2954     0 2454115.286921  1.240528e+01  2.260887e-02  1.240528e+01  2.260887e-02 
   95885646   1.091932e+01   2.157491e-01   1.091932e+01   2.157491e-01 223200701141857340       2718       2952     0 2454115.287569  1.240451e+01  2.145258e-02  1.240451e+01  2.145258e-02 
   95885700   1.103986e+01   2.051629e-01   1.103986e+01   2.051629e-01 223200701141858290       2718       2951     0 2454115.288194  1.239259e+01  2.017721e-02  1.239259e+01  2.017721e-02 
   95885832   1.049286e+01   1.839533e-01   1.049286e+01   1.839533e-01 223200701141900410       2715       2952     0 2454115.289722  1.244777e+01  1.903442e-02  1.244777e+01  1.903442e-02 
  105941763   1.071711e+01   2.991160e-01   1.071711e+01   2.991160e-01 223200705110414520       2693       3800     0 2454231.677812  1.242481e+01  3.030314e-02  1.242481e+01  3.030314e-02 
  105941819   1.109174e+01   3.134888e-01   1.109174e+01   3.134888e-01 223200705110415490       2696       3799     0 2454231.678461  1.238750e+01  3.068655e-02  1.238750e+01  3.068655e-02 
  105941878   1.068889e+01   3.340739e-01   1.068889e+01   3.340739e-01 223200705110416470       2699       3798     0 2454231.679144  1.242767e+01  3.393405e-02  1.242767e+01  3.393405e-02 
  105941933   1.099457e+01   3.588322e-01   1.099457e+01   3.588322e-01 223200705110417430       2701       3798     0 2454231.679780  1.239705e+01  3.543552e-02  1.239705e+01  3.543552e-02 
  106027818   1.007168e+01   1.906991e-01   1.007168e+01   1.906991e-01 223200705120409040       2717       3776     0 2454232.673819  1.249224e+01  2.055760e-02  1.249224e+01  2.055760e-02 
  106027944   1.005782e+01   2.048066e-01   1.005782e+01   2.048066e-01 223200705120411090       2704       3788     0 2454232.675278  1.249374e+01  2.210883e-02  1.249374e+01  2.210883e-02 
  106027998   1.039685e+01   2.143153e-01   1.039685e+01   2.143153e-01 223200705120412040       2707       3787     0 2454232.675903  1.245775e+01  2.238088e-02  1.245775e+01  2.238088e-02 
  106028052   1.025094e+01   2.247288e-01   1.025094e+01   2.247288e-01 223200705120412580       2709       3787     0 2454232.676528  1.247309e+01  2.380240e-02  1.247309e+01  2.380240e-02 
  106114072   1.002509e+01   1.944166e-01   1.002509e+01   1.944166e-01 223200705130406340       2694       3800     0 2454233.672130  1.249728e+01  2.105577e-02  1.249728e+01  2.105577e-02 
  106114126   9.914633e+00   1.981594e-01   9.914633e+00   1.981594e-01 223200705130407290       2697       3799     0 2454233.672755  1.250931e+01  2.170020e-02  1.250931e+01  2.170020e-02 
  106114182   9.945819e+00   2.024127e-01   9.945819e+00   2.024127e-01 223200705130408240       2700       3799     0 2454233.673403  1.250590e+01  2.209647e-02  1.250590e+01  2.209647e-02 
  106114236   1.018464e+01   2.082605e-01   1.018464e+01   2.082605e-01 223200705130409190       2701       3798     0 2454233.674028  1.248013e+01  2.220174e-02  1.248013e+01  2.220174e-02 
  124569521   1.227748e+01   2.997564e-01   1.227748e+01   2.997564e-01 221200712121841060      17535       4642     0 2454447.276863  1.227723e+01  2.650849e-02  1.227723e+01  2.650849e-02 
  124569714   1.205350e+01   2.860856e-01   1.205350e+01   2.860856e-01 223200712121844190       2079       7359     0 2454447.279097  1.229722e+01  2.576966e-02  1.229722e+01  2.576966e-02 
  124570448   1.385012e+01   1.638958e-01   1.385012e+01   1.638958e-01 222200712121856320       5190      22228     0 2454447.287593  1.214637e+01  1.284814e-02  1.214637e+01  1.284814e-02 
  124571580   1.369165e+01   1.280144e-01   1.369165e+01   1.280144e-01 222200712121915250       5209      22177     0 2454447.300694  1.215886e+01  1.015146e-02  1.215886e+01  1.015146e-02 
  124571644   1.226858e+01   1.092953e-01   1.226858e+01   1.092953e-01 221200712121916280      17486       4772     0 2454447.301435  1.227801e+01  9.672373e-03  1.227801e+01  9.672373e-03 
  124571704   1.014119e+01   1.129249e-01   1.014119e+01   1.129249e-01 223200712121917280       2092       7316     0 2454447.302130  1.248478e+01  1.209000e-02  1.248478e+01  1.209000e-02 
  124572788   1.403880e+01   1.261312e-01   1.403880e+01   1.261312e-01 222200712121935320       5186      22192     0 2454447.314676  1.213168e+01  9.754800e-03  1.213168e+01  9.754800e-03 
  124572979   1.222033e+01   1.089667e-01   1.222033e+01   1.089667e-01 221200712121938430      17525       4843     0 2454447.316887  1.228229e+01  9.681364e-03  1.228229e+01  9.681364e-03 
  124573038   9.814739e+00   1.117793e-01   9.814739e+00   1.117793e-01 223200712121939430       2077       7242     0 2454447.317569  1.252030e+01  1.236541e-02  1.252030e+01  1.236541e-02 
