\OBJNAME = '1SWASP J001525.53-741047.0'
\OBSSTART = '2006-05-11T04:14:48'
\OBSSTOP = '2007-12-12T19:39:43'
\TSTART = 74405756
\TSTOP = 124573043
\JD_REF = 2453005.5
\RA_OBJ = '3.856394'
\DEC_OBJ = '-74.179742'
\WASP_MAG = 12.82531
\HJD_START = 2453866.677731
\HJD_STOP = 2454447.317627
\fixlen = T
\NUMRECORDS = 479
\
\ This file was produced by the NASA Exoplanet Archive  http://exoplanetarchive.ipac.caltech.edu 
\ Wed Sep 18, 02:23:41 2013
\ Documentation for the SuperWASP dataset can be found at http://exoplanetarchive.ipac.caltech.edu/docs/SuperWASPMission.html
\
|TMID      |FLUX2         |FLUX2_ERR     |TAMFLUX2      |TAMFLUX2_ERR  |IMAGEID           |CCDX      |CCDY      |FLAG |           HJD|         MAG2|     MAG2_ERR|      TAMMAG2|  TAMMAG2_ERR|
|int       |float         |float         |float         |float         |char              |int       |int       |int  |        double|        float|        float|        float|        float|
|sec       |micro Vega    |micro Vega    |micro Vega    |micro Vega    |                  |1/16 pixel|1/16 pixel|     |           day|          mag|          mag|          mag|          mag|
|null      |null          |null          |null          |null          |null              |null      |null      |null |          null|         null|         null|         null|         null|
   74405756   7.691733e+00   2.382142e-01   7.691733e+00   2.382142e-01 223200605110414480       2874       1576     0 2453866.677731  1.278494e+01  3.362554e-02  1.278494e+01  3.362554e-02 
   74405809   7.812546e+00   2.571862e-01   7.812546e+00   2.571862e-01 223200605110415410       2878       1573     0 2453866.678345  1.276802e+01  3.574217e-02  1.276802e+01  3.574217e-02 
   74405893   8.365554e+00   2.891138e-01   8.365554e+00   2.891138e-01 223200605110417040       2884       1571     0 2453866.679317  1.269376e+01  3.752320e-02  1.269376e+01  3.752320e-02 
   74405958   8.510466e+00   3.228417e-01   8.510466e+00   3.228417e-01 223200605110418100       2891       1548     0 2453866.680069  1.267512e+01  4.118719e-02  1.267512e+01  4.118719e-02 
   74491868   8.259712e+00   2.593702e-01   8.259712e+00   2.593702e-01 223200605120409570       2894       1512     0 2453867.674398  1.270759e+01  3.409424e-02  1.270759e+01  3.409424e-02 
   74492006   8.254629e+00   2.727207e-01   8.254629e+00   2.727207e-01 223200605120412150       2903       1508     0 2453867.675995  1.270826e+01  3.587124e-02  1.270826e+01  3.587124e-02 
   74492059   8.025921e+00   2.825898e-01   8.025921e+00   2.825898e-01 223200605120413070       2906       1507     0 2453867.676609  1.273876e+01  3.822852e-02  1.273876e+01  3.822852e-02 
   74750391   8.222622e+00   3.594942e-01   8.222622e+00   3.594942e-01 223200605150358270       2892       1516     0 2453870.666562  1.271247e+01  4.746871e-02  1.271247e+01  4.746871e-02 
   74750451   8.046416e+00   3.596556e-01   8.046416e+00   3.596556e-01 223200605150359270       2896       1511     0 2453870.667257  1.273599e+01  4.852999e-02  1.273599e+01  4.852999e-02 
   74750505   7.940585e+00   3.607897e-01   7.940585e+00   3.607897e-01 223200605150400210       2900       1511     0 2453870.667882  1.275037e+01  4.933186e-02  1.275037e+01  4.933186e-02 
   74750564   8.543283e+00   3.611287e-01   8.543283e+00   3.611287e-01 223200605150401200       2903       1509     0 2453870.668565  1.267094e+01  4.589476e-02  1.267094e+01  4.589476e-02 
   75613649   6.759561e+00   1.467270e-01   6.759561e+00   1.467270e-01 223200605250345300       2971       1522     0 2453880.657975  1.292520e+01  2.356772e-02  1.292520e+01  2.356772e-02 
   75613712   6.681357e+00   1.472356e-01   6.681357e+00   1.472356e-01 223200605250346340       2980       1496     0 2453880.658704  1.293784e+01  2.392622e-02  1.293784e+01  2.392622e-02 
   75613770   6.604335e+00   1.459789e-01   6.604335e+00   1.459789e-01 223200605250347310       2983       1495     0 2453880.659375  1.295043e+01  2.399864e-02  1.295043e+01  2.399864e-02 
   75613838   6.791321e+00   1.467686e-01   6.791321e+00   1.467686e-01 223200605250348400       2982       1515     0 2453880.660162  1.292011e+01  2.346415e-02  1.292011e+01  2.346415e-02 
   75700104   6.755397e+00   1.443771e-01   6.755397e+00   1.443771e-01 223200605260346210       2991       1512     0 2453881.658611  1.292587e+01  2.320455e-02  1.292587e+01  2.320455e-02 
   75700167   6.499712e+00   1.422731e-01   6.499712e+00   1.422731e-01 223200605260347250       2998       1484     0 2453881.659340  1.296776e+01  2.376592e-02  1.296776e+01  2.376592e-02 
   75700234   6.462480e+00   1.407440e-01   6.462480e+00   1.407440e-01 223200605260348310       2997       1505     0 2453881.660116  1.297400e+01  2.364593e-02  1.297400e+01  2.364593e-02 
   75700303   6.617949e+00   1.430707e-01   6.617949e+00   1.430707e-01 223200605260349400       3003       1478     0 2453881.660914  1.294819e+01  2.347216e-02  1.294819e+01  2.347216e-02 
   76132323   6.325305e+00   1.231569e-01   6.325305e+00   1.231569e-01 223200605310349440       3055       1482     0 2453886.661146  1.299730e+01  2.113991e-02  1.299730e+01  2.113991e-02 
   76132390   6.200623e+00   1.231782e-01   6.200623e+00   1.231782e-01 223200605310350510       3062       1454     0 2453886.661921  1.301891e+01  2.156872e-02  1.301891e+01  2.156872e-02 
   76132439   6.207348e+00   1.235667e-01   6.207348e+00   1.235667e-01 223200605310351390       3063       1453     0 2453886.662488  1.301773e+01  2.161331e-02  1.301773e+01  2.161331e-02 
   76132501   6.251612e+00   1.237892e-01   6.251612e+00   1.237892e-01 223200605310352410       3065       1451     0 2453886.663206  1.301002e+01  2.149892e-02  1.301002e+01  2.149892e-02 
   76218793   6.458717e+00   1.268851e-01   6.458717e+00   1.268851e-01 223200606010350510       3073       1446     0 2453887.661956  1.297463e+01  2.132996e-02  1.297463e+01  2.132996e-02 
   76218861   6.393689e+00   1.262805e-01   6.393689e+00   1.262805e-01 223200606010351580       3073       1466     0 2453887.662743  1.298562e+01  2.144423e-02  1.298562e+01  2.144423e-02 
   76218931   6.427968e+00   1.267867e-01   6.427968e+00   1.267867e-01 223200606010353090       3076       1464     0 2453887.663553  1.297982e+01  2.141539e-02  1.297982e+01  2.141539e-02 
   76219017   6.400418e+00   1.265474e-01   6.400418e+00   1.265474e-01 223200606010354350       3084       1439     0 2453887.664549  1.298448e+01  2.146696e-02  1.298448e+01  2.146696e-02 
   76478198   6.442715e+00   1.342396e-01   6.442715e+00   1.342396e-01 223200606040354060       3084       1437     0 2453890.664329  1.297733e+01  2.262234e-02  1.297733e+01  2.262234e-02 
   76478271   6.381144e+00   1.334494e-01   6.381144e+00   1.334494e-01 223200606040355190       3085       1457     0 2453890.665174  1.298775e+01  2.270618e-02  1.298775e+01  2.270618e-02 
   76478347   6.507804e+00   1.355434e-01   6.507804e+00   1.355434e-01 223200606040356360       3092       1430     0 2453890.666053  1.296641e+01  2.261360e-02  1.296641e+01  2.261360e-02 
   76478400   6.424591e+00   1.363495e-01   6.424591e+00   1.363495e-01 223200606040357280       3094       1428     0 2453890.666667  1.298039e+01  2.304273e-02  1.298039e+01  2.304273e-02 
   76564540   6.728731e+00   3.052938e-01   6.728731e+00   3.052938e-01 223200606050353060       3111       1422     0 2453891.663657  1.293017e+01  4.926184e-02  1.293017e+01  4.926184e-02 
   76564599   5.370558e+00   2.936865e-01   5.370558e+00   2.936865e-01 223200606050354050       3115       1421     0 2453891.664340  1.317495e+01  5.937319e-02  1.317495e+01  5.937319e-02 
   76564660   5.165027e+00   2.977799e-01   5.165027e+00   2.977799e-01 223200606050355050       3118       1418     0 2453891.665046  1.321732e+01  6.259629e-02  1.321732e+01  6.259629e-02 
   76564718   7.415272e+00   2.748077e-01   7.415272e+00   2.748077e-01 223200606050356020       3120       1417     0 2453891.665718  1.282468e+01  4.023719e-02  1.282468e+01  4.023719e-02 
   76650912   6.124587e+00   1.252981e-01   6.124587e+00   1.252981e-01 223200606060352330       3099       1418     0 2453892.663333  1.303231e+01  2.221229e-02  1.303231e+01  2.221229e-02 
   76651046   6.086956e+00   1.284842e-01   6.086956e+00   1.284842e-01 223200606060354480       3106       1416     0 2453892.664884  1.303900e+01  2.291793e-02  1.303900e+01  2.291793e-02 
   76651102   6.190514e+00   1.279695e-01   6.190514e+00   1.279695e-01 223200606060355430       3109       1414     0 2453892.665532  1.302068e+01  2.244428e-02  1.302068e+01  2.244428e-02 
   76651178   5.864187e+00   1.257763e-01   5.864187e+00   1.257763e-01 223200606060357000       3107       1434     0 2453892.666412  1.307948e+01  2.328718e-02  1.307948e+01  2.328718e-02 
   76737406   6.308837e+00   1.322951e-01   6.308837e+00   1.322951e-01 223200606070354040       3110       1420     0 2453893.664421  1.300013e+01  2.276775e-02  1.300013e+01  2.276775e-02 
   76737459   6.261657e+00   1.297808e-01   6.261657e+00   1.297808e-01 223200606070354570       3113       1418     0 2453893.665035  1.300828e+01  2.250335e-02  1.300828e+01  2.250335e-02 
   76737514   6.319735e+00   1.295634e-01   6.319735e+00   1.295634e-01 223200606070355530       3114       1415     0 2453893.665671  1.299825e+01  2.225918e-02  1.299825e+01  2.225918e-02 
   76737570   6.253381e+00   1.295502e-01   6.253381e+00   1.295502e-01 223200606070356480       3116       1414     0 2453893.666319  1.300971e+01  2.249309e-02  1.300971e+01  2.249309e-02 
   76823796   6.489445e+00   1.285135e-01   6.489445e+00   1.285135e-01 223200606080353510       3137       1418     0 2453894.664306  1.296948e+01  2.150141e-02  1.296948e+01  2.150141e-02 
   76823855   6.427930e+00   1.293030e-01   6.427930e+00   1.293030e-01 223200606080354510       3140       1415     0 2453894.664988  1.297982e+01  2.184054e-02  1.297982e+01  2.184054e-02 
   76823914   6.378914e+00   1.294087e-01   6.378914e+00   1.294087e-01 223200606080355500       3142       1413     0 2453894.665671  1.298813e+01  2.202636e-02  1.298813e+01  2.202636e-02 
   76824000   6.396125e+00   1.294311e-01   6.396125e+00   1.294311e-01 223200606080357160       3141       1433     0 2453894.666667  1.298521e+01  2.197088e-02  1.298521e+01  2.197088e-02 
   76910221   6.240725e+00   1.249741e-01   6.240725e+00   1.249741e-01 223200606090354140       3133       1405     0 2453895.664595  1.301191e+01  2.174257e-02  1.301191e+01  2.174257e-02 
   76910275   6.408699e+00   1.261438e-01   6.408699e+00   1.261438e-01 223200606090355080       3135       1403     0 2453895.665220  1.298308e+01  2.137086e-02  1.298308e+01  2.137086e-02 
   76910359   6.286775e+00   1.259945e-01   6.286775e+00   1.259945e-01 223200606090356320       3134       1422     0 2453895.666192  1.300393e+01  2.175953e-02  1.300393e+01  2.175953e-02 
   76910431   6.408186e+00   1.271037e-01   6.408186e+00   1.271037e-01 223200606090357440       3140       1398     0 2453895.667025  1.298316e+01  2.153520e-02  1.298316e+01  2.153520e-02 
   76996576   7.491759e+00   2.343504e-01   7.491759e+00   2.343504e-01 223200606100353270       3138       1406     0 2453896.664074  1.281354e+01  3.396314e-02  1.281354e+01  3.396314e-02 
   76996641   7.977706e+00   2.347229e-01   7.977706e+00   2.347229e-01 223200606100354320       3142       1402     0 2453896.664826  1.274531e+01  3.194503e-02  1.274531e+01  3.194503e-02 
   76996702   7.485053e+00   2.306274e-01   7.485053e+00   2.306274e-01 223200606100355320       3144       1401     0 2453896.665532  1.281451e+01  3.345353e-02  1.281451e+01  3.345353e-02 
   76996757   7.601010e+00   2.286958e-01   7.601010e+00   2.286958e-01 223200606100356270       3146       1399     0 2453896.666169  1.279782e+01  3.266725e-02  1.279782e+01  3.266725e-02 
   77082996   8.312934e+00   3.882854e-01   8.312934e+00   3.882854e-01 223200606110353440       3151       1394     0 2453897.664306  1.270061e+01  5.071339e-02  1.270061e+01  5.071339e-02 
   77083073   8.663573e+00   3.918555e-01   8.663573e+00   3.918555e-01 223200606110355000       3151       1414     0 2453897.665197  1.265576e+01  4.910829e-02  1.265576e+01  4.910829e-02 
   77083154   8.867589e+00   3.908122e-01   8.867589e+00   3.908122e-01 223200606110356210       3157       1388     0 2453897.666134  1.263049e+01  4.785071e-02  1.263049e+01  4.785071e-02 
   77083208   8.355613e+00   3.917708e-01   8.355613e+00   3.917708e-01 223200606110357160       3159       1386     0 2453897.666759  1.269505e+01  5.090725e-02  1.269505e+01  5.090725e-02 
   77169262   9.009211e+00   4.836161e-01   9.009211e+00   4.836161e-01 223200606120351270       3150       1411     0 2453898.662755  1.261328e+01  5.828272e-02  1.261328e+01  5.828272e-02 
   77169324   7.900261e+00   4.894327e-01   7.900261e+00   4.894327e-01 223200606120352290       3157       1386     0 2453898.663472  1.275590e+01  6.726317e-02  1.275590e+01  6.726317e-02 
   77169382   7.950530e+00   4.850265e-01   7.950530e+00   4.850265e-01 223200606120353260       3159       1384     0 2453898.664144  1.274901e+01  6.623617e-02  1.274901e+01  6.623617e-02 
   77169442   8.553021e+00   4.865715e-01   8.553021e+00   4.865715e-01 223200606120354260       3161       1381     0 2453898.664838  1.266970e+01  6.176649e-02  1.266970e+01  6.176649e-02 
   77514687   7.105448e+00   2.264157e+00   7.105448e+00   2.264157e+00 223200606160348210       3160       1352     0 2453902.660729  1.287102e+01  3.459720e-01  1.287102e+01  3.459720e-01 
   77601371   7.511184e+00   2.043512e-01   7.511184e+00   2.043512e-01 223200606170353030       3174       1335     0 2453903.664016  1.281073e+01  2.953893e-02  1.281073e+01  2.953893e-02 
   77601441   7.400061e+00   2.038001e-01   7.400061e+00   2.038001e-01 223200606170354120       3172       1355     0 2453903.664826  1.282691e+01  2.990163e-02  1.282691e+01  2.990163e-02 
   77601511   7.690885e+00   2.037106e-01   7.690885e+00   2.037106e-01 223200606170355220       3174       1353     0 2453903.665637  1.278506e+01  2.875829e-02  1.278506e+01  2.875829e-02 
   77601568   7.667279e+00   2.022324e-01   7.667279e+00   2.022324e-01 223200606170356190       3179       1328     0 2453903.666296  1.278840e+01  2.863751e-02  1.278840e+01  2.863751e-02 
   77687715   7.426071e+00   1.760236e-01   7.426071e+00   1.760236e-01 223200606180352030       3194       1328     0 2453904.663368  1.282310e+01  2.573580e-02  1.282310e+01  2.573580e-02 
   77687758   7.113420e+00   1.742191e-01   7.113420e+00   1.742191e-01 223200606180352470       3196       1327     0 2453904.663866  1.286980e+01  2.659152e-02  1.286980e+01  2.659152e-02 
   77687826   7.061830e+00   1.733904e-01   7.061830e+00   1.733904e-01 223200606180353550       3197       1325     0 2453904.664653  1.287771e+01  2.665838e-02  1.287771e+01  2.665838e-02 
   77687877   7.211017e+00   1.738923e-01   7.211017e+00   1.738923e-01 223200606180354460       3198       1324     0 2453904.665243  1.285501e+01  2.618241e-02  1.285501e+01  2.618241e-02 
   77774351   7.154725e+00   1.532622e-01   7.154725e+00   1.532622e-01 223200606190355570       3240       1309     0 2453905.666100  1.286352e+01  2.325777e-02  1.286352e+01  2.325777e-02 
   77774407   6.985102e+00   1.527294e-01   6.985102e+00   1.527294e-01 223200606190356530       3240       1309     0 2453905.666748  1.288957e+01  2.373973e-02  1.288957e+01  2.373973e-02 
   77774469   7.003272e+00   1.528440e-01   7.003272e+00   1.528440e-01 223200606190357560       3240       1308     0 2453905.667465  1.288675e+01  2.369590e-02  1.288675e+01  2.369590e-02 
   77774534   6.977386e+00   1.514749e-01   6.977386e+00   1.514749e-01 223200606190359000       3235       1331     0 2453905.668218  1.289077e+01  2.357077e-02  1.289077e+01  2.357077e-02 
   77860765   6.716430e+00   1.358113e-01   6.716430e+00   1.358113e-01 223200606200356080       3224       1303     0 2453906.666262  1.293215e+01  2.195449e-02  1.293215e+01  2.195449e-02 
   77860824   6.483772e+00   1.353350e-01   6.483772e+00   1.353350e-01 223200606200357080       3225       1302     0 2453906.666944  1.297043e+01  2.266252e-02  1.297043e+01  2.266252e-02 
   77860888   6.562481e+00   1.352813e-01   6.562481e+00   1.352813e-01 223200606200358110       3224       1303     0 2453906.667685  1.295733e+01  2.238182e-02  1.295733e+01  2.238182e-02 
   77860953   6.529109e+00   1.344053e-01   6.529109e+00   1.344053e-01 223200606200359170       3220       1327     0 2453906.668438  1.296286e+01  2.235055e-02  1.296286e+01  2.235055e-02 
   77947075   6.493126e+00   1.403699e-01   6.493126e+00   1.403699e-01 223200606210354360       3219       1302     0 2453907.665220  1.296887e+01  2.347178e-02  1.296887e+01  2.347178e-02 
   77947129   6.428931e+00   1.399224e-01   6.428931e+00   1.399224e-01 223200606210355300       3219       1303     0 2453907.665845  1.297965e+01  2.363058e-02  1.297965e+01  2.363058e-02 
   77947207   6.442802e+00   1.385742e-01   6.442802e+00   1.385742e-01 223200606210356480       3216       1325     0 2453907.666748  1.297731e+01  2.335250e-02  1.297731e+01  2.335250e-02 
   77947274   6.464327e+00   1.405524e-01   6.464327e+00   1.405524e-01 223200606210357550       3219       1303     0 2453907.667523  1.297369e+01  2.360699e-02  1.297369e+01  2.360699e-02 
   78119985   6.140447e+00   1.271244e-01   6.140447e+00   1.271244e-01 223200606230356210       3210       1282     0 2453909.666493  1.302950e+01  2.247785e-02  1.302950e+01  2.247785e-02 
   78120039   6.096210e+00   1.269170e-01   6.096210e+00   1.269170e-01 223200606230357150       3209       1283     0 2453909.667118  1.303735e+01  2.260403e-02  1.303735e+01  2.260403e-02 
   78120187   6.127002e+00   1.275978e-01   6.127002e+00   1.275978e-01 223200606230359440       3208       1290     0 2453909.668831  1.303188e+01  2.261106e-02  1.303188e+01  2.261106e-02 
   78120249   6.231147e+00   1.282354e-01   6.231147e+00   1.282354e-01 223200606230400460       3209       1270     0 2453909.669549  1.301358e+01  2.234425e-02  1.301358e+01  2.234425e-02 
   78206444   6.522836e+00   1.316753e-01   6.522836e+00   1.316753e-01 223200606240357190       3229       1267     0 2453910.667176  1.296391e+01  2.191763e-02  1.296391e+01  2.191763e-02 
   78206503   6.652121e+00   1.318388e-01   6.652121e+00   1.318388e-01 223200606240358180       3226       1271     0 2453910.667859  1.294260e+01  2.151836e-02  1.294260e+01  2.151836e-02 
   78206578   6.410283e+00   1.296298e-01   6.410283e+00   1.296298e-01 223200606240359320       3217       1298     0 2453910.668727  1.298281e+01  2.195601e-02  1.298281e+01  2.195601e-02 
   78206637   6.719284e+00   1.324892e-01   6.719284e+00   1.324892e-01 223200606240400310       3213       1285     0 2453910.669410  1.293169e+01  2.140836e-02  1.293169e+01  2.140836e-02 
   78292883   6.411045e+00   1.226368e-01   6.411045e+00   1.226368e-01 223200606250357560       3231       1250     0 2453911.667627  1.298268e+01  2.076911e-02  1.298268e+01  2.076911e-02 
   78292937   6.256496e+00   1.228599e-01   6.256496e+00   1.228599e-01 223200606250358490       3225       1258     0 2453911.668252  1.300917e+01  2.132087e-02  1.300917e+01  2.132087e-02 
   78292988   6.238005e+00   1.231381e-01   6.238005e+00   1.231381e-01 223200606250359400       3215       1271     0 2453911.668843  1.301239e+01  2.143248e-02  1.301239e+01  2.143248e-02 
   78293050   6.228295e+00   1.226946e-01   6.228295e+00   1.226946e-01 223200606250400430       3215       1270     0 2453911.669560  1.301408e+01  2.138858e-02  1.301408e+01  2.138858e-02 
   78724950   6.060246e+00   1.244228e-01   6.060246e+00   1.244228e-01 223200606300358520       3239       1251     0 2453916.668403  1.304377e+01  2.229132e-02  1.304377e+01  2.229132e-02 
   78725027   6.123602e+00   1.243556e-01   6.123602e+00   1.243556e-01 223200606300400090       3245       1225     0 2453916.669294  1.303248e+01  2.204876e-02  1.303248e+01  2.204876e-02 
   78725074   6.180366e+00   1.243262e-01   6.180366e+00   1.243262e-01 223200606300400570       3246       1223     0 2453916.669838  1.302246e+01  2.184108e-02  1.302246e+01  2.184108e-02 
   78725138   5.919594e+00   1.229955e-01   5.919594e+00   1.229955e-01 223200606300402000       3247       1221     0 2453916.670579  1.306927e+01  2.255917e-02  1.306927e+01  2.255917e-02 
   78811386   6.327408e+00   1.301718e-01   6.327408e+00   1.301718e-01 223200607010359260       3238       1217     0 2453917.668819  1.299693e+01  2.233659e-02  1.299693e+01  2.233659e-02 
   78811465   6.203559e+00   1.297877e-01   6.203559e+00   1.297877e-01 223200607010400450       3236       1237     0 2453917.669734  1.301840e+01  2.271530e-02  1.301840e+01  2.271530e-02 
   78811530   6.113228e+00   1.287288e-01   6.113228e+00   1.287288e-01 223200607010401510       3241       1212     0 2453917.670486  1.303432e+01  2.286289e-02  1.303432e+01  2.286289e-02 
   78811581   6.274841e+00   1.295677e-01   6.274841e+00   1.295677e-01 223200607010402420       3241       1210     0 2453917.671076  1.300599e+01  2.241919e-02  1.300599e+01  2.241919e-02 
   78897909   5.509545e+00   3.373343e-01   5.509545e+00   3.373343e-01 223200607020401280       3250       1203     0 2453918.670243  1.314721e+01  6.647688e-02  1.314721e+01  6.647688e-02 
   78897982   5.277317e+00   2.021542e-01   5.277317e+00   2.021542e-01 223200607020402420       3247       1222     0 2453918.671088  1.319397e+01  4.159062e-02  1.319397e+01  4.159062e-02 
   78984198   5.883273e+00   1.227629e-01   5.883273e+00   1.227629e-01 223200607030359350       3257       1193     0 2453919.668958  1.307595e+01  2.265552e-02  1.307595e+01  2.265552e-02 
   78984252   6.022763e+00   1.220766e-01   6.022763e+00   1.220766e-01 223200607030400290       3259       1191     0 2453919.669583  1.305051e+01  2.200709e-02  1.305051e+01  2.200709e-02 
   78984310   6.066503e+00   1.220015e-01   6.066503e+00   1.220015e-01 223200607030401270       3259       1189     0 2453919.670255  1.304265e+01  2.183497e-02  1.304265e+01  2.183497e-02 
   78984365   6.059435e+00   1.223214e-01   6.059435e+00   1.223214e-01 223200607030402220       3260       1187     0 2453919.670891  1.304392e+01  2.191777e-02  1.304392e+01  2.191777e-02 
   79070522   6.175106e+00   1.227480e-01   6.175106e+00   1.227480e-01 223200607040358180       3253       1172     0 2453920.668079  1.302339e+01  2.158220e-02  1.302339e+01  2.158220e-02 
   79070568   6.135043e+00   1.225865e-01   6.135043e+00   1.225865e-01 223200607040359040       3254       1171     0 2453920.668611  1.303046e+01  2.169456e-02  1.303046e+01  2.169456e-02 
   79070634   6.219625e+00   1.220540e-01   6.219625e+00   1.220540e-01 223200607040400090       3255       1169     0 2453920.669375  1.301559e+01  2.130659e-02  1.301559e+01  2.130659e-02 
   79070686   6.322198e+00   1.228388e-01   6.322198e+00   1.228388e-01 223200607040401020       3256       1167     0 2453920.669977  1.299783e+01  2.109566e-02  1.299783e+01  2.109566e-02 
   79415950   6.099926e+00   1.230629e-01   6.099926e+00   1.230629e-01 223200607080355190       3251       1156     0 2453924.666088  1.303669e+01  2.190425e-02  1.303669e+01  2.190425e-02 
   79416107   6.077801e+00   1.225105e-01   6.077801e+00   1.225105e-01 223200607080357570       3254       1177     0 2453924.667905  1.304063e+01  2.188531e-02  1.304063e+01  2.188531e-02 
   79416174   6.085620e+00   1.222573e-01   6.085620e+00   1.222573e-01 223200607080359030       3259       1150     0 2453924.668681  1.303924e+01  2.181202e-02  1.303924e+01  2.181202e-02 
   79416232   6.209977e+00   1.225368e-01   6.209977e+00   1.225368e-01 223200607080400010       3259       1148     0 2453924.669352  1.301727e+01  2.142409e-02  1.301727e+01  2.142409e-02 
   79502437   7.073280e+00   1.735163e-01   7.073280e+00   1.735163e-01 223200607090356460       3263       1149     0 2453925.667095  1.287595e+01  2.663455e-02  1.287595e+01  2.663455e-02 
   79502489   6.911166e+00   1.725747e-01   6.911166e+00   1.725747e-01 223200607090357380       3264       1147     0 2453925.667697  1.290112e+01  2.711137e-02  1.290112e+01  2.711137e-02 
   79502558   7.097170e+00   1.708266e-01   7.097170e+00   1.708266e-01 223200607090358470       3264       1144     0 2453925.668495  1.287229e+01  2.613342e-02  1.287229e+01  2.613342e-02 
   79502712   7.165256e+00   1.682658e-01   7.165256e+00   1.682658e-01 223200607090401200       3262       1126     0 2453925.670278  1.286192e+01  2.549705e-02  1.286192e+01  2.549705e-02 
   80278188   7.317989e+00   1.870352e-01   7.317989e+00   1.870352e-01 223200607180325470       3294       1105     0 2453934.645694  1.283902e+01  2.774965e-02  1.283902e+01  2.774965e-02 
   80278250   7.222487e+00   1.814940e-01   7.222487e+00   1.814940e-01 223200607180326500       3298       1079     0 2453934.646412  1.285328e+01  2.728357e-02  1.285328e+01  2.728357e-02 
   80278325   8.351053e+00   2.086961e-01   8.351053e+00   2.086961e-01 223200607180328050       3294       1100     0 2453934.647280  1.269565e+01  2.713307e-02  1.269565e+01  2.713307e-02 
   80278403   6.244907e+00   2.694593e-01   6.244907e+00   2.694593e-01 223200607180329220       3298       1074     0 2453934.648183  1.301118e+01  4.684821e-02  1.301118e+01  4.684821e-02 
   80364280   6.483196e+00   1.440481e-01   6.483196e+00   1.440481e-01 223200607190320380       3290       1089     0 2453935.642130  1.297053e+01  2.412372e-02  1.297053e+01  2.412372e-02 
   80364336   6.526560e+00   1.442433e-01   6.526560e+00   1.442433e-01 223200607190321350       3290       1088     0 2453935.642778  1.296329e+01  2.399591e-02  1.296329e+01  2.399591e-02 
   80364396   6.690945e+00   1.444492e-01   6.690945e+00   1.444492e-01 223200607190322340       3290       1086     0 2453935.643472  1.293628e+01  2.343978e-02  1.293628e+01  2.343978e-02 
   80364457   6.412526e+00   1.432437e-01   6.412526e+00   1.432437e-01 223200607190323360       3291       1085     0 2453935.644178  1.298243e+01  2.425338e-02  1.298243e+01  2.425338e-02 
   80450496   6.366354e+00   1.327421e-01   6.366354e+00   1.327421e-01 223200607200317340       3295       1081     0 2453936.640000  1.299027e+01  2.263830e-02  1.299027e+01  2.263830e-02 
   80450557   6.533655e+00   1.334201e-01   6.533655e+00   1.334201e-01 223200607200318350       3294       1080     0 2453936.640706  1.296211e+01  2.217128e-02  1.296211e+01  2.217128e-02 
   80450621   6.367165e+00   1.325310e-01   6.367165e+00   1.325310e-01 223200607200319380       3294       1078     0 2453936.641447  1.299014e+01  2.259941e-02  1.299014e+01  2.259941e-02 
   80450678   6.394433e+00   1.318514e-01   6.394433e+00   1.318514e-01 223200607200320360       3294       1076     0 2453936.642106  1.298549e+01  2.238765e-02  1.298549e+01  2.238765e-02 
   80967426   6.022321e+00   1.213902e-01   6.022321e+00   1.213902e-01 223200607260253020       3253       1117     0 2453942.622986  1.305059e+01  2.188495e-02  1.305059e+01  2.188495e-02 
   80967485   6.117913e+00   1.212122e-01   6.117913e+00   1.212122e-01 223200607260254000       3254       1114     0 2453942.623669  1.303349e+01  2.151141e-02  1.303349e+01  2.151141e-02 
   80967545   5.855654e+00   1.190455e-01   5.855654e+00   1.190455e-01 223200607260255010       3256       1112     0 2453942.624363  1.308106e+01  2.207310e-02  1.308106e+01  2.207310e-02 
   80967601   5.988166e+00   1.199042e-01   5.988166e+00   1.199042e-01 223200607260255560       3256       1110     0 2453942.625012  1.305677e+01  2.174034e-02  1.305677e+01  2.174034e-02 
   81053646   6.189889e+00   1.314145e-01   6.189889e+00   1.314145e-01 223200607270250020       3250       1113     0 2453943.620903  1.302079e+01  2.305081e-02  1.302079e+01  2.305081e-02 
   81053708   6.281085e+00   1.360946e-01   6.281085e+00   1.360946e-01 223200607270251040       3250       1110     0 2453943.621620  1.300491e+01  2.352514e-02  1.300491e+01  2.352514e-02 
   81053764   6.004427e+00   1.314230e-01   6.004427e+00   1.314230e-01 223200607270251590       3251       1108     0 2453943.622269  1.305382e+01  2.376434e-02  1.305382e+01  2.376434e-02 
   81053826   6.089178e+00   1.290405e-01   6.089178e+00   1.290405e-01 223200607270253010       3252       1105     0 2453943.622986  1.303860e+01  2.300876e-02  1.303860e+01  2.300876e-02 
   81139823   5.437625e+00   7.532438e-01   5.437625e+00   7.532438e-01 223200607280246190       3267       1104     0 2453944.618322  1.316148e+01  1.504015e-01  1.316148e+01  1.504015e-01 
   81139882   4.461208e+00   1.294778e+00   4.461208e+00   1.294778e+00 223200607280247170       3268       1101     0 2453944.619005  1.337637e+01  3.151147e-01  1.337637e+01  3.151147e-01 
   81139936   5.445297e+00   8.129321e-01   5.445297e+00   8.129321e-01 223200607280248110       3268       1099     0 2453944.619630  1.315995e+01  1.620909e-01  1.315995e+01  1.620909e-01 
   82346056   8.894172e+00   3.745404e-01   8.894172e+00   3.745404e-01 224200608110150170      28440       1402     0 2453958.579352  1.262724e+01  4.572134e-02  1.262724e+01  4.572134e-02 
   82346056   8.353111e+00   4.018608e-01   8.353111e+00   4.018608e-01 223200608110150170       3265       1141     0 2453958.579352  1.269538e+01  5.223399e-02  1.269538e+01  5.223399e-02 
   82346112   8.624749e+00   3.720580e-01   8.624749e+00   3.720580e-01 224200608110151120      28436       1403     0 2453958.580000  1.266063e+01  4.683710e-02  1.266063e+01  4.683710e-02 
   82346112   8.545169e+00   4.008545e-01   8.545169e+00   4.008545e-01 223200608110151120       3268       1139     0 2453958.580000  1.267070e+01  5.093215e-02  1.267070e+01  5.093215e-02 
   82346167   8.929520e+00   3.706900e-01   8.929520e+00   3.706900e-01 224200608110152070      28434       1405     0 2453958.580637  1.262293e+01  4.507219e-02  1.262293e+01  4.507219e-02 
   82346167   8.703608e+00   4.004723e-01   8.703608e+00   4.004723e-01 223200608110152070       3268       1135     0 2453958.580637  1.265075e+01  4.995731e-02  1.265075e+01  4.995731e-02 
   82346226   9.168149e+00   3.669417e-01   9.168149e+00   3.669417e-01 224200608110153070      28433       1407     0 2453958.581319  1.259430e+01  4.345515e-02  1.259430e+01  4.345515e-02 
   82346226   8.925351e+00   4.005994e-01   8.925351e+00   4.005994e-01 223200608110153070       3269       1133     0 2453958.581319  1.262344e+01  4.873162e-02  1.262344e+01  4.873162e-02 
   82518412   1.367344e+01   3.876138e-01   1.367344e+01   3.876138e-01 224200608130142530      28399       1481     0 2453960.574213  1.216031e+01  3.077848e-02  1.216031e+01  3.077848e-02 
   82518412   7.701496e+00   2.627711e-01   7.701496e+00   2.627711e-01 223200608130142530       3267       1114     0 2453960.574213  1.278356e+01  3.704489e-02  1.278356e+01  3.704489e-02 
   82518471   1.314614e+01   3.884171e-01   1.314614e+01   3.884171e-01 224200608130143530      28394       1483     0 2453960.574896  1.220300e+01  3.207938e-02  1.220300e+01  3.207938e-02 
   82518471   7.492496e+00   2.623918e-01   7.492496e+00   2.623918e-01 223200608130143520       3269       1111     0 2453960.574896  1.281343e+01  3.802328e-02  1.281343e+01  3.802328e-02 
   82518533   1.307677e+01   3.881724e-01   1.307677e+01   3.881724e-01 224200608130144550      28393       1484     0 2453960.575613  1.220875e+01  3.222924e-02  1.220875e+01  3.222924e-02 
   82518533   7.493138e+00   2.604924e-01   7.493138e+00   2.604924e-01 223200608130144550       3267       1106     0 2453960.575613  1.281334e+01  3.774481e-02  1.281334e+01  3.774481e-02 
   82518611   1.321461e+01   3.886735e-01   1.321461e+01   3.886735e-01 224200608130146120      28395       1464     0 2453960.576516  1.219736e+01  3.193423e-02  1.219736e+01  3.193423e-02 
   82518611   7.890261e+00   2.622130e-01   7.890261e+00   2.622130e-01 223200608130146120       3264       1126     0 2453960.576516  1.275727e+01  3.608184e-02  1.275727e+01  3.608184e-02 
   82604593   8.781166e+00   2.085183e-01   8.781166e+00   2.085183e-01 224200608140139160      28372       1493     0 2453961.571678  1.264112e+01  2.578207e-02  1.264112e+01  2.578207e-02 
   82604593   7.508586e+00   2.149916e-01   7.508586e+00   2.149916e-01 223200608140139160       3267       1131     0 2453961.571678  1.281110e+01  3.108774e-02  1.281110e+01  3.108774e-02 
   82604649   8.383574e+00   2.071961e-01   8.383574e+00   2.071961e-01 224200608140140120      28369       1492     0 2453961.572326  1.269143e+01  2.683355e-02  1.269143e+01  2.683355e-02 
   82604649   6.965057e+00   2.168120e-01   6.965057e+00   2.168120e-01 223200608140140120       3274       1128     0 2453961.572326  1.289269e+01  3.379749e-02  1.289269e+01  3.379749e-02 
   82604706   8.614473e+00   2.081652e-01   8.614473e+00   2.081652e-01 224200608140141080      28364       1489     0 2453961.572986  1.266193e+01  2.623646e-02  1.266193e+01  2.623646e-02 
   82604706   7.639233e+00   2.204092e-01   7.639233e+00   2.204092e-01 223200608140141080       3287       1126     0 2453961.572986  1.279238e+01  3.132607e-02  1.279238e+01  3.132607e-02 
   82604760   8.518795e+00   2.097308e-01   8.518795e+00   2.097308e-01 224200608140142030      28364       1491     0 2453961.573611  1.267405e+01  2.673067e-02  1.267405e+01  2.673067e-02 
   82604760   7.445651e+00   2.240581e-01   7.445651e+00   2.240581e-01 223200608140142030       3287       1123     0 2453961.573611  1.282024e+01  3.267261e-02  1.282024e+01  3.267261e-02 
   82863065   8.450366e+00   1.451962e-01   8.450366e+00   1.451962e-01 224200608170127120      28383       1468     0 2453964.563252  1.268281e+01  1.865545e-02  1.268281e+01  1.865545e-02 
   82863065   6.686006e+00   1.508046e-01   6.686006e+00   1.508046e-01 223200608170127120       3258       1141     0 2453964.563252  1.293708e+01  2.448914e-02  1.293708e+01  2.448914e-02 
   82863133   6.767734e+00   1.513680e-01   6.767734e+00   1.513680e-01 223200608170128190       3265       1110     0 2453964.564039  1.292389e+01  2.428379e-02  1.292389e+01  2.428379e-02 
   82863189   8.449464e+00   1.464770e-01   8.449464e+00   1.464770e-01 224200608170129150      28373       1491     0 2453964.564687  1.268293e+01  1.882201e-02  1.268293e+01  1.882201e-02 
   82863189   6.709615e+00   1.506668e-01   6.709615e+00   1.506668e-01 223200608170129150       3266       1108     0 2453964.564687  1.293326e+01  2.438067e-02  1.293326e+01  2.438067e-02 
   82863249   8.257304e+00   1.459927e-01   8.257304e+00   1.459927e-01 224200608170130160      28372       1492     0 2453964.565382  1.270790e+01  1.919635e-02  1.270790e+01  1.919635e-02 
   82863249   6.462286e+00   1.490219e-01   6.462286e+00   1.490219e-01 223200608170130160       3266       1106     0 2453964.565382  1.297403e+01  2.503744e-02  1.297403e+01  2.503744e-02 
   82949238   8.742270e+00   1.222535e-01   8.742270e+00   1.222535e-01 224200608180123250      28444       1438     0 2453965.560625  1.264594e+01  1.518319e-02  1.264594e+01  1.518319e-02 
   82949238   6.020436e+00   1.220893e-01   6.020436e+00   1.220893e-01 223200608180123250       3261       1090     0 2453965.560625  1.305093e+01  2.201788e-02  1.305093e+01  2.201788e-02 
   82949300   8.523774e+00   1.228406e-01   8.523774e+00   1.228406e-01 224200608180124270      28439       1439     0 2453965.561343  1.267342e+01  1.564717e-02  1.267342e+01  1.564717e-02 
   82949300   5.994578e+00   1.221585e-01   5.994578e+00   1.221585e-01 223200608180124270       3264       1089     0 2453965.561343  1.305560e+01  2.212539e-02  1.305560e+01  2.212539e-02 
   82949363   8.595672e+00   1.229265e-01   8.595672e+00   1.229265e-01 224200608180125310      28438       1442     0 2453965.562072  1.266430e+01  1.552714e-02  1.266430e+01  1.552714e-02 
   82949363   6.137645e+00   1.222644e-01   6.137645e+00   1.222644e-01 223200608180125310       3263       1085     0 2453965.562072  1.303000e+01  2.162839e-02  1.303000e+01  2.162839e-02 
   82949454   8.599854e+00   1.236253e-01   8.599854e+00   1.236253e-01 224200608180127020      28441       1422     0 2453965.563125  1.266377e+01  1.560782e-02  1.266377e+01  1.560782e-02 
   82949454   6.112066e+00   1.234436e-01   6.112066e+00   1.234436e-01 223200608180127020       3260       1103     0 2453965.563125  1.303453e+01  2.192837e-02  1.303453e+01  2.192837e-02 
   83724663   8.556646e+00   1.211932e-01   8.556646e+00   1.211932e-01 224200608270047250      28420       1477     0 2453974.535451  1.266924e+01  1.537802e-02  1.266924e+01  1.537802e-02 
   83724663   6.153588e+00   1.219012e-01   6.153588e+00   1.219012e-01 223200608270047250       3242       1139     0 2453974.535451  1.302718e+01  2.150826e-02  1.302718e+01  2.150826e-02 
   83724727   8.366512e+00   1.199506e-01   8.366512e+00   1.199506e-01 224200608270048280      28414       1499     0 2453974.536192  1.269364e+01  1.556624e-02  1.269364e+01  1.556624e-02 
   83724727   6.224095e+00   1.214892e-01   6.224095e+00   1.214892e-01 223200608270048280       3244       1107     0 2453974.536192  1.301481e+01  2.119275e-02  1.301481e+01  2.119275e-02 
   83724802   8.511225e+00   1.207064e-01   8.511225e+00   1.207064e-01 224200608270049440      28416       1479     0 2453974.537060  1.267502e+01  1.539799e-02  1.267502e+01  1.539799e-02 
   83724802   6.116174e+00   1.216729e-01   6.116174e+00   1.216729e-01 223200608270049440       3241       1126     0 2453974.537060  1.303380e+01  2.159930e-02  1.303380e+01  2.159930e-02 
   83724864   8.554483e+00   1.197178e-01   8.554483e+00   1.197178e-01 224200608270050460      28412       1502     0 2453974.537778  1.266952e+01  1.519465e-02  1.266952e+01  1.519465e-02 
   83724864   6.057642e+00   1.208458e-01   6.057642e+00   1.208458e-01 223200608270050460       3245       1099     0 2453974.537778  1.304424e+01  2.165976e-02  1.304424e+01  2.165976e-02 
   83810830   8.391384e+00   1.160209e-01   8.391384e+00   1.160209e-01 224200608280043330      28417       1480     0 2453975.532755  1.269042e+01  1.501164e-02  1.269042e+01  1.501164e-02 
   83810830   5.905296e+00   1.174150e-01   5.905296e+00   1.174150e-01 223200608280043330       3246       1129     0 2453975.532755  1.307190e+01  2.158778e-02  1.307190e+01  2.158778e-02 
   83810882   8.427163e+00   1.159246e-01   8.427163e+00   1.159246e-01 224200608280044250      28415       1482     0 2453975.533356  1.268580e+01  1.493551e-02  1.268580e+01  1.493551e-02 
   83810882   6.035761e+00   1.179650e-01   6.035761e+00   1.179650e-01 223200608280044250       3247       1126     0 2453975.533356  1.304817e+01  2.122008e-02  1.304817e+01  2.122008e-02 
   83810953   6.027679e+00   1.161048e-01   6.027679e+00   1.161048e-01 223200608280045350       3247       1122     0 2453975.534178  1.304962e+01  2.091347e-02  1.304962e+01  2.091347e-02 
   83810954   8.479180e+00   1.149046e-01   8.479180e+00   1.149046e-01 224200608280045360      28414       1484     0 2453975.534190  1.267912e+01  1.471328e-02  1.267912e+01  1.471328e-02 
   83811010   8.487015e+00   1.147479e-01   8.487015e+00   1.147479e-01 224200608280046320      28414       1485     0 2453975.534838  1.267811e+01  1.467964e-02  1.267811e+01  1.467964e-02 
   83811010   6.043103e+00   1.160335e-01   6.043103e+00   1.160335e-01 223200608280046320       3247       1120     0 2453975.534838  1.304685e+01  2.084727e-02  1.304685e+01  2.084727e-02 
   84328661   8.499815e+00   2.812796e-01   8.499815e+00   2.812796e-01 224200609030034170      28421       1541     0 2453981.526169  1.267648e+01  3.592978e-02  1.267648e+01  3.592978e-02 
   84328661   7.597173e+00   2.928120e-01   7.597173e+00   2.928120e-01 223200609030034170       3236       1059     0 2453981.526169  1.279837e+01  4.184685e-02  1.279837e+01  4.184685e-02 
   84328733   8.949340e+00   2.842573e-01   8.949340e+00   2.842573e-01 224200609030035290      28423       1519     0 2453981.527002  1.262052e+01  3.448629e-02  1.262052e+01  3.448629e-02 
   84328733   7.659508e+00   2.986377e-01   7.659508e+00   2.986377e-01 223200609030035280       3232       1078     0 2453981.527002  1.278950e+01  4.233208e-02  1.278950e+01  4.233208e-02 
   84328800   8.682697e+00   2.943889e-01   8.682697e+00   2.943889e-01 224200609030036350      28422       1541     0 2453981.527778  1.265336e+01  3.681228e-02  1.265336e+01  3.681228e-02 
   84328800   7.391915e+00   3.125335e-01   7.391915e+00   3.125335e-01 223200609030036350       3232       1045     0 2453981.527778  1.282811e+01  4.590558e-02  1.282811e+01  4.590558e-02 
   84328857   8.299149e+00   3.015338e-01   8.299149e+00   3.015338e-01 224200609030037320      28420       1542     0 2453981.528437  1.270242e+01  3.944830e-02  1.270242e+01  3.944830e-02 
   84328857   7.369011e+00   3.053971e-01   7.369011e+00   3.053971e-01 223200609030037320       3233       1043     0 2453981.528437  1.283148e+01  4.499678e-02  1.283148e+01  4.499678e-02 
   84500168   8.695718e+00   4.123175e-01   8.695718e+00   4.123175e-01 224200609050012480      28421       1491     0 2453983.511204  1.265174e+01  5.148162e-02  1.265174e+01  5.148162e-02 
   84500168   8.214155e+00   4.547588e-01   8.214155e+00   4.547588e-01 223200609050012480       3244       1123     0 2453983.511204  1.271359e+01  6.010963e-02  1.271359e+01  6.010963e-02 
   84500228   9.205760e+00   4.085637e-01   9.205760e+00   4.085637e-01 224200609050013480      28417       1491     0 2453983.511898  1.258985e+01  4.818657e-02  1.258985e+01  4.818657e-02 
   84500228   7.852617e+00   4.487729e-01   7.852617e+00   4.487729e-01 223200609050013480       3245       1120     0 2453983.511898  1.276246e+01  6.204947e-02  1.276246e+01  6.204947e-02 
   84500290   7.804319e+00   4.089874e-01   7.804319e+00   4.089874e-01 224200609050014500      28414       1492     0 2453983.512616  1.276916e+01  5.689849e-02  1.276916e+01  5.689849e-02 
   84500290   8.563453e+00   4.511053e-01   8.563453e+00   4.511053e-01 223200609050014500       3245       1116     0 2453983.512616  1.266838e+01  5.719458e-02  1.266838e+01  5.719458e-02 
   84500368   8.837988e+00   4.046981e-01   8.837988e+00   4.046981e-01 224200609050016080      28417       1472     0 2453983.513519  1.263412e+01  4.971685e-02  1.263412e+01  4.971685e-02 
   84500368   7.981055e+00   4.532985e-01   7.981055e+00   4.532985e-01 223200609050016080       3241       1136     0 2453983.513519  1.274485e+01  6.166658e-02  1.274485e+01  6.166658e-02 
   84844841   8.318283e+00   5.672792e-01   8.318283e+00   5.672792e-01 224200609082357310      28422       1461     0 2453987.500475  1.269992e+01  7.404384e-02  1.269992e+01  7.404384e-02 
   84844841   7.754763e+00   6.285390e-01   7.754763e+00   6.285390e-01 223200609082357310       3254       1132     0 2453987.500475  1.277608e+01  8.800139e-02  1.277608e+01  8.800139e-02 
   84844897   8.212873e+00   6.243074e-01   8.212873e+00   6.243074e-01 223200609082358260       3256       1127     0 2453987.501123  1.271376e+01  8.253331e-02  1.271376e+01  8.253331e-02 
   84844898   8.338161e+00   5.686203e-01   8.338161e+00   5.686203e-01 224200609082358270      28419       1463     0 2453987.501134  1.269732e+01  7.404196e-02  1.269732e+01  7.404196e-02 
   84844954   8.252443e+00   5.671467e-01   8.252443e+00   5.671467e-01 224200609082359230      28419       1464     0 2453987.501782  1.270854e+01  7.461716e-02  1.270854e+01  7.461716e-02 
   84844954   8.869758e+00   6.252756e-01   8.869758e+00   6.252756e-01 223200609082359230       3255       1124     0 2453987.501782  1.263022e+01  7.653949e-02  1.263022e+01  7.653949e-02 
   84845016   8.278173e+00   5.654224e-01   8.278173e+00   5.654224e-01 224200609090000260      28419       1466     0 2453987.502500  1.270516e+01  7.415908e-02  1.270516e+01  7.415908e-02 
   84845016   8.349658e+00   6.241781e-01   8.349658e+00   6.241781e-01 223200609090000260       3254       1121     0 2453987.502500  1.269583e+01  8.116442e-02  1.269583e+01  8.116442e-02 
   85017141   8.245982e+00   3.071724e-01   8.245982e+00   3.071724e-01 224200609102349160      28432       1506     0 2453989.494687  1.270939e+01  4.044508e-02  1.270939e+01  4.044508e-02 
   85017141   8.230927e+00   3.420680e-01   8.230927e+00   3.420680e-01 223200609102349160       3229       1085     0 2453989.494687  1.271138e+01  4.512212e-02  1.271138e+01  4.512212e-02 
   85017208   8.368842e+00   3.986598e-01   8.368842e+00   3.986598e-01 224200609102350220      28430       1506     0 2453989.495463  1.269334e+01  5.172052e-02  1.269334e+01  5.172052e-02 
   85017208   7.791687e+00   4.422626e-01   7.791687e+00   4.422626e-01 223200609102350220       3230       1082     0 2453989.495463  1.277092e+01  6.162750e-02  1.277092e+01  6.162750e-02 
   85017267   9.388166e+00   3.702162e-01   9.388166e+00   3.702162e-01 224200609102351210      28428       1507     0 2453989.496146  1.256855e+01  4.281544e-02  1.256855e+01  4.281544e-02 
   85017267   8.757456e+00   3.939702e-01   8.757456e+00   3.939702e-01 223200609102351210       3231       1080     0 2453989.496146  1.264406e+01  4.884401e-02  1.264406e+01  4.884401e-02 
   85017325   8.086183e+00   3.561994e-01   8.086183e+00   3.561994e-01 224200609102352200      28428       1507     0 2453989.496817  1.273064e+01  4.782726e-02  1.273064e+01  4.782726e-02 
   85017325   8.256927e+00   3.950810e-01   8.256927e+00   3.950810e-01 223200609102352200       3229       1073     0 2453989.496817  1.270795e+01  5.195095e-02  1.270795e+01  5.195095e-02 
   85361733   8.210652e+00   1.195928e-01   8.210652e+00   1.195928e-01 224200609142332380      28406       1488     0 2453993.483021  1.271406e+01  1.581441e-02  1.271406e+01  1.581441e-02 
   85361733   6.057950e+00   1.185467e-01   6.057950e+00   1.185467e-01 223200609142332380       3232       1038     0 2453993.483021  1.304419e+01  2.124660e-02  1.304419e+01  2.124660e-02 
   85361786   8.320257e+00   1.187815e-01   8.320257e+00   1.187815e-01 224200609142333310      28402       1488     0 2453993.483634  1.269966e+01  1.550022e-02  1.269966e+01  1.550022e-02 
   85361790   5.938438e+00   1.188954e-01   5.938438e+00   1.188954e-01 223200609142333360       3233       1035     0 2453993.483681  1.306582e+01  2.173796e-02  1.306582e+01  2.173796e-02 
   85361851   8.610001e+00   1.193727e-01   8.610001e+00   1.193727e-01 224200609142334370      28400       1490     0 2453993.484387  1.266249e+01  1.505316e-02  1.266249e+01  1.505316e-02 
   85361851   6.206249e+00   1.204040e-01   6.206249e+00   1.204040e-01 223200609142334370       3234       1032     0 2453993.484387  1.301793e+01  2.106383e-02  1.301793e+01  2.106383e-02 
   85361926   8.414689e+00   1.192079e-01   8.414689e+00   1.192079e-01 224200609142335520      28402       1468     0 2453993.485255  1.268740e+01  1.538129e-02  1.268740e+01  1.538129e-02 
   85361926   6.041828e+00   1.189002e-01   6.041828e+00   1.189002e-01 223200609142335520       3230       1051     0 2453993.485255  1.304708e+01  2.136684e-02  1.304708e+01  2.136684e-02 
   85620631   9.265306e+00   1.378423e-01   9.265306e+00   1.378423e-01 224200609172327440      28436       1452     0 2453996.479525  1.258285e+01  1.615283e-02  1.258285e+01  1.615283e-02 
   85620631   6.231215e+00   1.331933e-01   6.231215e+00   1.331933e-01 223200609172327440       3202       1043     0 2453996.479525  1.301357e+01  2.320788e-02  1.301357e+01  2.320788e-02 
   85620690   9.327685e+00   1.372672e-01   9.327685e+00   1.372672e-01 224200609172328430      28433       1453     0 2453996.480208  1.257557e+01  1.597787e-02  1.257557e+01  1.597787e-02 
   85620690   6.281194e+00   1.328500e-01   6.281194e+00   1.328500e-01 223200609172328430       3203       1039     0 2453996.480208  1.300489e+01  2.296387e-02  1.300489e+01  2.296387e-02 
   85620753   9.182076e+00   1.366490e-01   9.182076e+00   1.366490e-01 224200609172329460      28433       1455     0 2453996.480938  1.259265e+01  1.615814e-02  1.259265e+01  1.615814e-02 
   85620753   6.434987e+00   1.344798e-01   6.434987e+00   1.344798e-01 223200609172329460       3202       1036     0 2453996.480938  1.297863e+01  2.269004e-02  1.297863e+01  2.269004e-02 
   85620807   9.612468e+00   1.383188e-01   9.612468e+00   1.383188e-01 224200609172330410      28432       1457     0 2453996.481562  1.254291e+01  1.562328e-02  1.254291e+01  1.562328e-02 
   85620807   6.143946e+00   1.345628e-01   6.143946e+00   1.345628e-01 223200609172330410       3202       1033     0 2453996.481562  1.302888e+01  2.377955e-02  1.302888e+01  2.377955e-02 
   85706427   9.521485e+00   1.370046e-01   9.521485e+00   1.370046e-01 224200609182317440      28435       1409     0 2453997.472535  1.255324e+01  1.562270e-02  1.255324e+01  1.562270e-02 
   85706427   5.986102e+00   1.307275e-01   5.986102e+00   1.307275e-01 223200609182317440       3206       1016     0 2453997.472535  1.305714e+01  2.371094e-02  1.305714e+01  2.371094e-02 
   85706490   9.158875e+00   1.372367e-01   9.158875e+00   1.372367e-01 224200609182318460      28428       1431     0 2453997.473264  1.259540e+01  1.626875e-02  1.259540e+01  1.626875e-02 
   85706490   6.134237e+00   1.320047e-01   6.134237e+00   1.320047e-01 223200609182318460       3210        994     0 2453997.473264  1.303060e+01  2.336440e-02  1.303060e+01  2.336440e-02 
   85706545   9.023661e+00   1.364419e-01   9.023661e+00   1.364419e-01 224200609182319420      28426       1433     0 2453997.473900  1.261154e+01  1.641689e-02  1.261154e+01  1.641689e-02 
   85706545   5.901698e+00   1.296200e-01   5.901698e+00   1.296200e-01 223200609182319410       3211        992     0 2453997.473900  1.307256e+01  2.384629e-02  1.307256e+01  2.384629e-02 
   85706622   9.391540e+00   1.372697e-01   9.391540e+00   1.372697e-01 224200609182320580      28429       1413     0 2453997.474792  1.256816e+01  1.586952e-02  1.256816e+01  1.586952e-02 
   85706622   6.024348e+00   1.308403e-01   6.024348e+00   1.308403e-01 223200609182320580       3207       1013     0 2453997.474792  1.305023e+01  2.358073e-02  1.305023e+01  2.358073e-02 
   85878741   8.857491e+00   1.303247e-01   8.857491e+00   1.303247e-01 224200609202309430      28410       1453     0 2453999.466910  1.263172e+01  1.597503e-02  1.263172e+01  1.597503e-02 
   85878741   6.349438e+00   1.317173e-01   6.349438e+00   1.317173e-01 223200609202309430       3207       1069     0 2453999.466910  1.299316e+01  2.252337e-02  1.299316e+01  2.252337e-02 
   85878798   8.996883e+00   1.305969e-01   8.996883e+00   1.305969e-01 224200609202310410      28404       1455     0 2453999.467569  1.261477e+01  1.576038e-02  1.261477e+01  1.576038e-02 
   85878798   6.323410e+00   1.314817e-01   6.323410e+00   1.314817e-01 223200609202310400       3209       1067     0 2453999.467569  1.299762e+01  2.257563e-02  1.299762e+01  2.257563e-02 
   85878859   9.032894e+00   1.294142e-01   9.032894e+00   1.294142e-01 224200609202311410      28401       1457     0 2453999.468275  1.261043e+01  1.555539e-02  1.261043e+01  1.555539e-02 
   85878859   6.369743e+00   1.320024e-01   6.369743e+00   1.320024e-01 223200609202311410       3210       1064     0 2453999.468275  1.298970e+01  2.250017e-02  1.298970e+01  2.250017e-02 
   85878919   8.877622e+00   1.302278e-01   8.877622e+00   1.302278e-01 224200609202312420      28399       1460     0 2453999.468970  1.262926e+01  1.592697e-02  1.262926e+01  1.592697e-02 
   85878919   6.357966e+00   1.321396e-01   6.357966e+00   1.321396e-01 223200609202312420       3211       1061     0 2453999.468970  1.299170e+01  2.256528e-02  1.299170e+01  2.256528e-02 
   85964864   8.693942e+00   1.249708e-01   8.693942e+00   1.249708e-01 224200609212305090      28403       1474     0 2454000.463704  1.265196e+01  1.560694e-02  1.265196e+01  1.560694e-02 
   85964864   6.060070e+00   1.218762e-01   6.060070e+00   1.218762e-01 223200609212305090       3221       1064     0 2454000.463704  1.304381e+01  2.183570e-02  1.304381e+01  2.183570e-02 
   85965017   8.834131e+00   1.250918e-01   8.834131e+00   1.250918e-01 224200609212307420      28398       1476     0 2454000.465475  1.263459e+01  1.537414e-02  1.263459e+01  1.537414e-02 
   85965017   6.263958e+00   1.222274e-01   6.263958e+00   1.222274e-01 223200609212307420       3224       1056     0 2454000.465475  1.300788e+01  2.118584e-02  1.300788e+01  2.118584e-02 
   85965080   8.679620e+00   1.255598e-01   8.679620e+00   1.255598e-01 224200609212308460      28396       1478     0 2454000.466204  1.265375e+01  1.570637e-02  1.265375e+01  1.570637e-02 
   85965080   6.174122e+00   1.220771e-01   6.174122e+00   1.220771e-01 223200609212308460       3225       1053     0 2454000.466204  1.302356e+01  2.146767e-02  1.302356e+01  2.146767e-02 
   85965136   8.907068e+00   1.257350e-01   8.907068e+00   1.257350e-01 224200609212309410      28395       1480     0 2454000.466852  1.262566e+01  1.532665e-02  1.262566e+01  1.532665e-02 
   85965136   6.270601e+00   1.219389e-01   6.270601e+00   1.219389e-01 223200609212309410       3225       1051     0 2454000.466852  1.300673e+01  2.111344e-02  1.300673e+01  2.111344e-02 
   86404977   8.506468e+00   1.239237e-01   8.506468e+00   1.239237e-01 224200609270120390      28504       1696     0 2454005.557604  1.267563e+01  1.581725e-02  1.267563e+01  1.581725e-02 
   86404977   6.415565e+00   1.259726e-01   6.415565e+00   1.259726e-01 223200609270120390       3087        707     0 2454005.557604  1.298191e+01  2.131901e-02  1.298191e+01  2.131901e-02 
   86405036   8.213331e+00   1.237176e-01   8.213331e+00   1.237176e-01 224200609270121390      28500       1718     0 2454005.558287  1.271370e+01  1.635453e-02  1.271370e+01  1.635453e-02 
   86405038   6.217628e+00   1.262270e-01   6.217628e+00   1.262270e-01 223200609270121400       3090        682     0 2454005.558310  1.301594e+01  2.204212e-02  1.301594e+01  2.204212e-02 
   86405106   8.469180e+00   1.250246e-01   8.469180e+00   1.250246e-01 224200609270122490      28501       1717     0 2454005.559097  1.268040e+01  1.602802e-02  1.268040e+01  1.602802e-02 
   86405106   6.297820e+00   1.270984e-01   6.297820e+00   1.270984e-01 223200609270122490       3088        679     0 2454005.559097  1.300202e+01  2.191168e-02  1.300202e+01  2.191168e-02 
   86405165   8.552813e+00   1.254428e-01   8.552813e+00   1.254428e-01 224200609270123480      28501       1717     0 2454005.559780  1.266973e+01  1.592438e-02  1.266973e+01  1.592438e-02 
   86405167   6.403053e+00   1.275519e-01   6.403053e+00   1.275519e-01 223200609270123490       3088        678     0 2454005.559803  1.298403e+01  2.162847e-02  1.298403e+01  2.162847e-02 
   87688149   6.313993e+00   1.083386e-01   6.313993e+00   1.083386e-01 223200610112147440       2884        871     0 2454020.409132  1.299924e+01  1.862966e-02  1.299924e+01  1.862966e-02 
   87688223   6.273399e+00   1.081812e-01   6.273399e+00   1.081812e-01 223200610112148580       2887        844     0 2454020.409988  1.300624e+01  1.872297e-02  1.300624e+01  1.872297e-02 
   87688277   6.296193e+00   1.081487e-01   6.296193e+00   1.081487e-01 223200610112149520       2887        841     0 2454020.410613  1.300231e+01  1.864958e-02  1.300231e+01  1.864958e-02 
   87860494   6.407857e+00   1.179496e-01   6.407857e+00   1.179496e-01 223200610132140170       2847        893     0 2454022.403866  1.298322e+01  1.998525e-02  1.298322e+01  1.998525e-02 
   87860561   6.380515e+00   1.184031e-01   6.380515e+00   1.184031e-01 223200610132141240       2847        888     0 2454022.404641  1.298786e+01  2.014806e-02  1.298786e+01  2.014806e-02 
   87860617   6.215724e+00   1.176817e-01   6.215724e+00   1.176817e-01 223200610132142200       2846        886     0 2454022.405289  1.301627e+01  2.055621e-02  1.301627e+01  2.055621e-02 
   87860677   6.642617e+00   1.187111e-01   6.642617e+00   1.187111e-01 223200610132143190       2846        884     0 2454022.405984  1.294415e+01  1.940341e-02  1.294415e+01  1.940341e-02 
   88033107   6.374309e+00   1.139462e-01   6.374309e+00   1.139462e-01 223200610152137170       2843        923     0 2454024.401701  1.298892e+01  1.940853e-02  1.298892e+01  1.940853e-02 
   88033168   6.420895e+00   1.140076e-01   6.420895e+00   1.140076e-01 223200610152138180       2843        918     0 2454024.402407  1.298101e+01  1.927809e-02  1.298101e+01  1.927809e-02 
   88033223   6.269109e+00   1.130460e-01   6.269109e+00   1.130460e-01 223200610152139130       2841        914     0 2454024.403044  1.300699e+01  1.957831e-02  1.300699e+01  1.957831e-02 
   88033282   6.318878e+00   1.130728e-01   6.318878e+00   1.130728e-01 223200610152140120       2841        910     0 2454024.403727  1.299840e+01  1.942872e-02  1.299840e+01  1.942872e-02 
   88377429   6.262122e+00   1.151815e-01   6.262122e+00   1.151815e-01 223200610192116140       2827        938     0 2454028.386910  1.300820e+01  1.997041e-02  1.300820e+01  1.997041e-02 
   88377481   6.313189e+00   1.165903e-01   6.313189e+00   1.165903e-01 223200610192117070       2827        935     0 2454028.387512  1.299938e+01  2.005116e-02  1.299938e+01  2.005116e-02 
   88377566   6.351171e+00   1.171171e-01   6.351171e+00   1.171171e-01 223200610192118310       2822        954     0 2454028.388495  1.299287e+01  2.002130e-02  1.299287e+01  2.002130e-02 
   88377628   6.418594e+00   1.169164e-01   6.418594e+00   1.169164e-01 223200610192119340       2822        951     0 2454028.389213  1.298140e+01  1.977704e-02  1.298140e+01  1.977704e-02 
   88463594   6.299796e+00   1.130088e-01   6.299796e+00   1.130088e-01 223200610202112230       2851        894     0 2454029.384190  1.300168e+01  1.947654e-02  1.300168e+01  1.947654e-02 
   88463666   6.413619e+00   1.139351e-01   6.413619e+00   1.139351e-01 223200610202113350       2848        889     0 2454029.385023  1.298224e+01  1.928769e-02  1.298224e+01  1.928769e-02 
   88463729   6.444777e+00   1.144276e-01   6.444777e+00   1.144276e-01 223200610202114380       2848        887     0 2454029.385752  1.297698e+01  1.927740e-02  1.297698e+01  1.927740e-02 
   88463788   6.459787e+00   1.135562e-01   6.459787e+00   1.135562e-01 223200610202115380       2847        884     0 2454029.386435  1.297445e+01  1.908615e-02  1.297445e+01  1.908615e-02 
   88551542   6.507240e+00   1.209954e-01   6.507240e+00   1.209954e-01 223200610212138150       2845        833     0 2454030.402106  1.296651e+01  2.018821e-02  1.296651e+01  2.018821e-02 
   88551674   6.442028e+00   1.221016e-01   6.442028e+00   1.221016e-01 223200610212140270       2842        823     0 2454030.403634  1.297744e+01  2.057902e-02  1.297744e+01  2.057902e-02 
   88551746   6.699904e+00   1.233006e-01   6.699904e+00   1.233006e-01 223200610212141400       2838        842     0 2454030.404468  1.293483e+01  1.998124e-02  1.293483e+01  1.998124e-02 
   88637605   8.615563e+00   1.203928e+00   8.615563e+00   1.203928e+00 223200610222132420       2844        874     0 2454031.398206  1.266179e+01  1.517200e-01  1.266179e+01  1.517200e-01 
   88637678   8.284815e+00   1.483701e+00   8.284815e+00   1.483701e+00 223200610222133550       2843        845     0 2454031.399051  1.270429e+01  1.944417e-01  1.270429e+01  1.944417e-01 
   88637815   6.993745e+00   2.359840e+00   6.993745e+00   2.359840e+00 223200610222136110       2838        861     0 2454031.400637  1.288823e+01  3.663521e-01  1.288823e+01  3.663521e-01 
   88722095   6.515697e+00   1.159363e-01   6.515697e+00   1.159363e-01 223200610232100550       2834        924     0 2454032.376100  1.296510e+01  1.931899e-02  1.296510e+01  1.931899e-02 
   88722149   6.469110e+00   1.163900e-01   6.469110e+00   1.163900e-01 223200610232101500       2834        921     0 2454032.376725  1.297289e+01  1.953425e-02  1.297289e+01  1.953425e-02 
   88722211   6.313988e+00   1.162628e-01   6.313988e+00   1.162628e-01 223200610232102520       2834        919     0 2454032.377442  1.299924e+01  1.999231e-02  1.299924e+01  1.999231e-02 
   88722278   6.330692e+00   1.159308e-01   6.330692e+00   1.159308e-01 223200610232103590       2835        916     0 2454032.378218  1.299637e+01  1.988261e-02  1.299637e+01  1.988261e-02 
   88980540   6.585860e+00   1.286530e-01   6.585860e+00   1.286530e-01 223200610262048320       2835        980     0 2454035.367361  1.295347e+01  2.120963e-02  1.295347e+01  2.120963e-02 
   88980594   6.737272e+00   1.283799e-01   6.737272e+00   1.283799e-01 223200610262049260       2835        976     0 2454035.367986  1.292879e+01  2.068896e-02  1.292879e+01  2.068896e-02 
   88980654   6.668759e+00   1.279723e-01   6.668759e+00   1.279723e-01 223200610262050270       2836        974     0 2454035.368681  1.293989e+01  2.083516e-02  1.293989e+01  2.083516e-02 
   88980718   6.672253e+00   1.281180e-01   6.672253e+00   1.281180e-01 223200610262051300       2832        965     0 2454035.369421  1.293932e+01  2.084795e-02  1.293932e+01  2.084795e-02 
   89066656   6.843920e+00   1.379568e-01   6.843920e+00   1.379568e-01 223200610272043520       2856        952     0 2454036.364074  1.291174e+01  2.188587e-02  1.291174e+01  2.188587e-02 
   89066719   6.758671e+00   1.384925e-01   6.758671e+00   1.384925e-01 223200610272044550       2855        949     0 2454036.364803  1.292535e+01  2.224799e-02  1.292535e+01  2.224799e-02 
   89066775   6.922121e+00   1.392537e-01   6.922121e+00   1.392537e-01 223200610272045520       2855        945     0 2454036.365451  1.289940e+01  2.184205e-02  1.289940e+01  2.184205e-02 
   89066840   7.024083e+00   1.399521e-01   7.024083e+00   1.399521e-01 223200610272046560       2854        943     0 2454036.366204  1.288353e+01  2.163295e-02  1.288353e+01  2.163295e-02 
   89152854   8.331767e+00   2.178701e-01   8.331767e+00   2.178701e-01 223200610282040350       2840        965     0 2454037.361736  1.269816e+01  2.839136e-02  1.269816e+01  2.839136e-02 
   89152927   6.761052e+00   2.016637e-01   6.761052e+00   2.016637e-01 223200610282041480       2841        934     0 2454037.362581  1.292496e+01  3.238465e-02  1.292496e+01  3.238465e-02 
   89152988   7.415787e+00   1.755011e-01   7.415787e+00   1.755011e-01 223200610282042490       2841        932     0 2454037.363287  1.282461e+01  2.569498e-02  1.282461e+01  2.569498e-02 
   89238975   7.413752e+00   1.785134e-01   7.413752e+00   1.785134e-01 223200610292035590       2833        925     0 2454038.358507  1.282491e+01  2.614319e-02  1.282491e+01  2.614319e-02 
   89239030   7.360272e+00   1.805494e-01   7.360272e+00   1.805494e-01 223200610292036550       2834        922     0 2454038.359144  1.283277e+01  2.663348e-02  1.283277e+01  2.663348e-02 
   89239077   7.193148e+00   1.780841e-01   7.193148e+00   1.780841e-01 223200610292037410       2833        914     0 2454038.359688  1.285770e+01  2.688017e-02  1.285770e+01  2.688017e-02 
   89239155   7.323012e+00   1.778608e-01   7.323012e+00   1.778608e-01 223200610292038590       2832        912     0 2454038.360590  1.283828e+01  2.637037e-02  1.283828e+01  2.637037e-02 
   89411351   8.815310e+00   2.792947e-01   8.815310e+00   2.792947e-01 223200610312029020       2826        925     0 2454040.353600  1.263691e+01  3.439941e-02  1.263691e+01  3.439941e-02 
   89411424   8.544004e+00   2.766079e-01   8.544004e+00   2.766079e-01 223200610312030160       2823        943     0 2454040.354444  1.267085e+01  3.515029e-02  1.267085e+01  3.515029e-02 
   89411494   8.813950e+00   2.827028e-01   8.813950e+00   2.827028e-01 223200610312031250       2825        914     0 2454040.355255  1.263707e+01  3.482454e-02  1.263707e+01  3.482454e-02 
   89411551   8.697791e+00   2.802628e-01   8.697791e+00   2.802628e-01 223200610312032230       2825        911     0 2454040.355914  1.265148e+01  3.498503e-02  1.265148e+01  3.498503e-02 
   89506210   7.936284e+00   2.812304e-01   7.936284e+00   2.812304e-01 223200611012250050       2756        544     0 2454041.451505  1.275096e+01  3.847431e-02  1.275096e+01  3.847431e-02 
   89506283   8.042284e+00   2.850211e-01   8.042284e+00   2.850211e-01 223200611012251190       2758        516     0 2454041.452350  1.273655e+01  3.847897e-02  1.273655e+01  3.847897e-02 
   89506340   7.774650e+00   2.847528e-01   7.774650e+00   2.847528e-01 223200611012252160       2758        514     0 2454041.453009  1.277330e+01  3.976610e-02  1.277330e+01  3.976610e-02 
   89506402   8.167791e+00   2.856249e-01   8.167791e+00   2.856249e-01 223200611012253170       2757        511     0 2454041.453727  1.271974e+01  3.796796e-02  1.271974e+01  3.796796e-02 
   89842112   8.236533e+00   4.002814e-01   8.236533e+00   4.002814e-01 223200611052008420       2838        928     0 2454045.339259  1.271064e+01  5.276510e-02  1.271064e+01  5.276510e-02 
   89842170   8.701278e+00   4.039965e-01   8.701278e+00   4.039965e-01 223200611052009400       2838        924     0 2454045.339931  1.265104e+01  5.041043e-02  1.265104e+01  5.041043e-02 
   89842243   8.097555e+00   4.030557e-01   8.097555e+00   4.030557e-01 223200611052010530       2838        920     0 2454045.340775  1.272912e+01  5.404269e-02  1.272912e+01  5.404269e-02 
   89842302   8.474158e+00   4.033467e-01   8.474158e+00   4.033467e-01 223200611052011520       2838        918     0 2454045.341458  1.267976e+01  5.167825e-02  1.267976e+01  5.167825e-02 
   89928296   8.104758e+00   3.107160e-01   8.104758e+00   3.107160e-01 223200611062005110       2841        945     0 2454046.336759  1.272815e+01  4.162453e-02  1.272815e+01  4.162453e-02 
   89928365   8.332529e+00   3.118034e-01   8.332529e+00   3.118034e-01 223200611062006190       2841        940     0 2454046.337558  1.269806e+01  4.062841e-02  1.269806e+01  4.062841e-02 
   89928419   8.145590e+00   3.115659e-01   8.145590e+00   3.115659e-01 223200611062007140       2841        938     0 2454046.338183  1.272269e+01  4.152917e-02  1.272269e+01  4.152917e-02 
   89928483   8.375502e+00   3.124812e-01   8.375502e+00   3.124812e-01 223200611062008180       2841        935     0 2454046.338924  1.269247e+01  4.050782e-02  1.269247e+01  4.050782e-02 
   90014484   7.300370e+00   2.055699e-01   7.300370e+00   2.055699e-01 223200611072001430       2849        952     0 2454047.334306  1.284164e+01  3.057317e-02  1.284164e+01  3.057317e-02 
   90014538   7.495027e+00   1.880134e-01   7.495027e+00   1.880134e-01 223200611072002370       2849        949     0 2454047.334931  1.281307e+01  2.723588e-02  1.281307e+01  2.723588e-02 
   90014627   7.524309e+00   1.915547e-01   7.524309e+00   1.915547e-01 223200611072004050       2845        968     0 2454047.335961  1.280883e+01  2.764089e-02  1.280883e+01  2.764089e-02 
   90014689   7.349748e+00   1.944840e-01   7.349748e+00   1.944840e-01 223200611072005080       2844        964     0 2454047.336678  1.283432e+01  2.873011e-02  1.283432e+01  2.873011e-02 
   90272973   6.814548e+00   1.287005e-01   6.814548e+00   1.287005e-01 223200611101950030       2845        936     0 2454050.326076  1.291641e+01  2.050543e-02  1.291641e+01  2.050543e-02 
   90273027   6.329700e+00   1.270159e-01   6.329700e+00   1.270159e-01 223200611101950570       2844        933     0 2454050.326701  1.299654e+01  2.178718e-02  1.299654e+01  2.178718e-02 
   90273075   6.682145e+00   1.302880e-01   6.682145e+00   1.302880e-01 223200611101951450       2844        929     0 2454050.327257  1.293771e+01  2.116968e-02  1.293771e+01  2.116968e-02 
   90273140   6.703080e+00   1.273168e-01   6.703080e+00   1.273168e-01 223200611101952500       2843        927     0 2454050.328009  1.293431e+01  2.062230e-02  1.293431e+01  2.062230e-02 
   90617589   6.566975e+00   1.202560e-01   6.566975e+00   1.202560e-01 223200611141933540       2835        960     0 2454054.314687  1.295659e+01  1.988233e-02  1.295659e+01  1.988233e-02 
   90617651   6.415960e+00   1.198194e-01   6.415960e+00   1.198194e-01 223200611141934560       2835        956     0 2454054.315405  1.298185e+01  2.027642e-02  1.298185e+01  2.027642e-02 
   90617711   6.549500e+00   1.206721e-01   6.549500e+00   1.206721e-01 223200611141935570       2839        929     0 2454054.316100  1.295948e+01  2.000436e-02  1.295948e+01  2.000436e-02 
   90617762   6.404050e+00   1.201803e-01   6.404050e+00   1.201803e-01 223200611141936470       2839        927     0 2454054.316690  1.298386e+01  2.037531e-02  1.298386e+01  2.037531e-02 
   93120136   7.514964e+00   2.435139e-01   7.514964e+00   2.435139e-01 223200612131844400       3509        767     0 2454083.279352  1.281018e+01  3.518218e-02  1.281018e+01  3.518218e-02 
   93120195   7.806699e+00   2.297687e-01   7.806699e+00   2.297687e-01 223200612131845380       3510        765     0 2454083.280035  1.276883e+01  3.195577e-02  1.276883e+01  3.195577e-02 
   93120271   7.820076e+00   2.084097e-01   7.820076e+00   2.084097e-01 223200612131846550       3506        784     0 2454083.280914  1.276697e+01  2.893563e-02  1.276697e+01  2.893563e-02 
   93120335   7.509232e+00   1.982877e-01   7.509232e+00   1.982877e-01 223200612131847580       3509        759     0 2454083.281655  1.281101e+01  2.866989e-02  1.281101e+01  2.866989e-02 
   93292971   8.543694e+00   2.920355e-01   8.543694e+00   2.920355e-01 223200612151845190       3483        739     0 2454085.279757  1.267089e+01  3.711213e-02  1.267089e+01  3.711213e-02 
   93293025   8.005685e+00   2.733205e-01   8.005685e+00   2.733205e-01 223200612151846130       3482        737     0 2454085.280382  1.274150e+01  3.706804e-02  1.274150e+01  3.706804e-02 
   93293079   8.060279e+00   2.582956e-01   8.060279e+00   2.582956e-01 223200612151847070       3482        735     0 2454085.281007  1.273413e+01  3.479307e-02  1.273413e+01  3.479307e-02 
   93293133   7.962485e+00   2.447293e-01   7.962485e+00   2.447293e-01 223200612151848010       3482        732     0 2454085.281632  1.274738e+01  3.337053e-02  1.274738e+01  3.337053e-02 
   93467313   6.753695e+00   1.298518e-01   6.753695e+00   1.298518e-01 223200612171911070       3832        564     0 2454087.297604  1.292615e+01  2.087527e-02  1.292615e+01  2.087527e-02 
   93467369   6.595131e+00   1.277755e-01   6.595131e+00   1.277755e-01 223200612171912030       3830        561     0 2454087.298252  1.295194e+01  2.103537e-02  1.295194e+01  2.103537e-02 
   93467429   6.757840e+00   1.271197e-01   6.757840e+00   1.271197e-01 223200612171913020       3829        559     0 2454087.298947  1.292548e+01  2.042354e-02  1.292548e+01  2.042354e-02 
   93467499   6.777350e+00   1.258497e-01   6.777350e+00   1.258497e-01 223200612171914130       3823        577     0 2454087.299757  1.292235e+01  2.016128e-02  1.292235e+01  2.016128e-02 
   93556670   6.400417e+00   1.202854e-01   6.400417e+00   1.202854e-01 223200612182000260       2891        496     0 2454088.331829  1.298448e+01  2.040471e-02  1.298448e+01  2.040471e-02 
   93556728   6.361511e+00   1.200450e-01   6.361511e+00   1.200450e-01 223200612182001250       2891        495     0 2454088.332500  1.299110e+01  2.048847e-02  1.299110e+01  2.048847e-02 
   93556797   6.366461e+00   1.210016e-01   6.366461e+00   1.210016e-01 223200612182002330       2890        492     0 2454088.333299  1.299025e+01  2.063569e-02  1.299025e+01  2.063569e-02 
   93556861   6.330814e+00   1.216967e-01   6.330814e+00   1.216967e-01 223200612182003370       2889        490     0 2454088.334039  1.299635e+01  2.087109e-02  1.299635e+01  2.087109e-02 
   93725370   7.876128e+00   2.441638e-01   7.876128e+00   2.441638e-01 223200612201852110       2950        653     0 2454090.284375  1.275922e+01  3.365847e-02  1.275922e+01  3.365847e-02 
   93725429   8.090279e+00   2.305909e-01   8.090279e+00   2.305909e-01 223200612201853100       2949        651     0 2454090.285058  1.273009e+01  3.094600e-02  1.273009e+01  3.094600e-02 
   93725486   7.804898e+00   2.179107e-01   7.804898e+00   2.179107e-01 223200612201854080       2949        649     0 2454090.285718  1.276908e+01  3.031357e-02  1.276908e+01  3.031357e-02 
   93725548   7.542451e+00   2.054178e-01   7.542451e+00   2.054178e-01 223200612201855100       2948        646     0 2454090.286435  1.280622e+01  2.957000e-02  1.280622e+01  2.957000e-02 
   94935178   8.570074e+00   3.651446e-01   8.570074e+00   3.651446e-01 224200701031856070      27648       1359     0 2454104.286782  1.266754e+01  4.626006e-02  1.266754e+01  4.626006e-02 
   94935178   7.956564e+00   4.381436e-01   7.956564e+00   4.381436e-01 223200701031856070       2891        499     0 2454104.286782  1.274819e+01  5.978837e-02  1.274819e+01  5.978837e-02 
   94935244   8.633266e+00   3.606128e-01   8.633266e+00   3.606128e-01 224200701031857140      27647       1358     0 2454104.287546  1.265956e+01  4.535152e-02  1.265956e+01  4.535152e-02 
   94935244   8.101687e+00   4.318887e-01   8.101687e+00   4.318887e-01 223200701031857140       2890        498     0 2454104.287546  1.272856e+01  5.787915e-02  1.272856e+01  5.787915e-02 
   94935302   8.473726e+00   3.559301e-01   8.473726e+00   3.559301e-01 224200701031858120      27648       1358     0 2454104.288218  1.267981e+01  4.560538e-02  1.267981e+01  4.560538e-02 
   94935302   7.809811e+00   4.244833e-01   7.809811e+00   4.244833e-01 223200701031858120       2889        496     0 2454104.288218  1.276840e+01  5.901276e-02  1.276840e+01  5.901276e-02 
   94935367   8.334305e+00   3.514459e-01   8.334305e+00   3.514459e-01 224200701031859170      27648       1358     0 2454104.288970  1.269783e+01  4.578412e-02  1.269783e+01  4.578412e-02 
   94935367   8.259511e+00   4.198839e-01   8.259511e+00   4.198839e-01 223200701031859170       2888        494     0 2454104.288970  1.270761e+01  5.519512e-02  1.270761e+01  5.519512e-02 
   95021607   8.533946e+00   2.796172e-01   8.533946e+00   2.796172e-01 224200701041856390      27650       1346     0 2454105.287118  1.267212e+01  3.557459e-02  1.267212e+01  3.557459e-02 
   95021607   8.423003e+00   3.276427e-01   8.423003e+00   3.276427e-01 223200701041856390       2888        513     0 2454105.287118  1.268633e+01  4.223372e-02  1.268633e+01  4.223372e-02 
   95021679   8.692618e+00   2.687984e-01   8.692618e+00   2.687984e-01 224200701041857500      27646       1368     0 2454105.287951  1.265212e+01  3.357391e-02  1.265212e+01  3.357391e-02 
   95021679   8.086448e+00   3.101632e-01   8.086448e+00   3.101632e-01 223200701041857500       2891        488     0 2454105.287951  1.273061e+01  4.164456e-02  1.273061e+01  4.164456e-02 
   95021744   8.795119e+00   2.585166e-01   8.795119e+00   2.585166e-01 224200701041858560      27646       1368     0 2454105.288704  1.263940e+01  3.191336e-02  1.263940e+01  3.191336e-02 
   95021744   8.529005e+00   2.964714e-01   8.529005e+00   2.964714e-01 223200701041858560       2890        486     0 2454105.288704  1.267275e+01  3.774073e-02  1.267275e+01  3.774073e-02 
   95021800   8.804583e+00   2.509170e-01   8.804583e+00   2.509170e-01 224200701041859510      27647       1368     0 2454105.289352  1.263823e+01  3.094192e-02  1.263823e+01  3.094192e-02 
   95021800   7.778106e+00   2.852380e-01   7.778106e+00   2.852380e-01 223200701041859510       2890        485     0 2454105.289352  1.277282e+01  3.981615e-02  1.277282e+01  3.981615e-02 
   95107909   8.683976e+00   2.471409e-01   8.683976e+00   2.471409e-01 224200701051855020      27669       1381     0 2454106.285984  1.265320e+01  3.089952e-02  1.265320e+01  3.089952e-02 
   95107909   7.926810e+00   2.828965e-01   7.926810e+00   2.828965e-01 223200701051855020       2865        481     0 2454106.285984  1.275225e+01  3.874850e-02  1.275225e+01  3.874850e-02 
   95107965   8.307057e+00   2.340032e-01   8.307057e+00   2.340032e-01 224200701051855570      27669       1381     0 2454106.286632  1.270138e+01  3.058444e-02  1.270138e+01  3.058444e-02 
   95107965   8.061020e+00   2.645597e-01   8.061020e+00   2.645597e-01 223200701051855570       2864        479     0 2454106.286632  1.273403e+01  3.563359e-02  1.273403e+01  3.563359e-02 
   95108019   8.106295e+00   2.220314e-01   8.106295e+00   2.220314e-01 224200701051856510      27670       1380     0 2454106.287257  1.272794e+01  2.973842e-02  1.272794e+01  2.973842e-02 
   95108019   8.186218e+00   2.500571e-01   8.186218e+00   2.500571e-01 223200701051856510       2863        478     0 2454106.287257  1.271729e+01  3.316513e-02  1.271729e+01  3.316513e-02 
   95108073   8.710273e+00   2.119967e-01   8.710273e+00   2.119967e-01 224200701051857460      27670       1381     0 2454106.287882  1.264992e+01  2.642550e-02  1.264992e+01  2.642550e-02 
   95108073   7.778613e+00   2.369360e-01   7.778613e+00   2.369360e-01 223200701051857460       2862        476     0 2454106.287882  1.277274e+01  3.307157e-02  1.277274e+01  3.307157e-02 
   95280697   8.764673e+00   2.235177e-01   8.764673e+00   2.235177e-01 224200701071854530      27691       1368     0 2454108.285845  1.264316e+01  2.768867e-02  1.264316e+01  2.768867e-02 
   95280698   7.988634e+00   2.558933e-01   7.988634e+00   2.558933e-01 223200701071854540       2842        463     0 2454108.285856  1.274382e+01  3.477861e-02  1.274382e+01  3.477861e-02 
   95280827   8.509411e+00   1.946172e-01   8.509411e+00   1.946172e-01 224200701071857030      27679       1313     0 2454108.287350  1.267525e+01  2.483176e-02  1.267525e+01  2.483176e-02 
   95280827   7.765134e+00   2.222017e-01   7.765134e+00   2.222017e-01 223200701071857030       2861        486     0 2454108.287350  1.277463e+01  3.106879e-02  1.277463e+01  3.106879e-02 
   95280883   8.610629e+00   1.861398e-01   8.610629e+00   1.861398e-01 224200701071857590      27680       1314     0 2454108.287998  1.266241e+01  2.347093e-02  1.266241e+01  2.347093e-02 
   95280883   7.721549e+00   2.079407e-01   7.721549e+00   2.079407e-01 223200701071857590       2859        483     0 2454108.287998  1.278074e+01  2.923889e-02  1.278074e+01  2.923889e-02 
   95280939   8.209111e+00   1.770967e-01   8.209111e+00   1.770967e-01 224200701071858540      27680       1313     0 2454108.288646  1.271426e+01  2.342287e-02  1.271426e+01  2.342287e-02 
   95280939   7.579411e+00   1.960186e-01   7.579411e+00   1.960186e-01 223200701071858540       2858        481     0 2454108.288646  1.280091e+01  2.807938e-02  1.280091e+01  2.807938e-02 
   95367161   8.119812e+00   2.408852e-01   8.119812e+00   2.408852e-01 224200701081855580      27688       1390     0 2454109.286586  1.272614e+01  3.220994e-02  1.272614e+01  3.220994e-02 
   95367161   7.688401e+00   2.875704e-01   7.688401e+00   2.875704e-01 223200701081855580       2844        453     0 2454109.286586  1.278541e+01  4.061010e-02  1.278541e+01  4.061010e-02 
   95367215   8.149584e+00   2.281066e-01   8.149584e+00   2.281066e-01 224200701081856520      27687       1390     0 2454109.287211  1.272216e+01  3.038983e-02  1.272216e+01  3.038983e-02 
   95367217   8.066976e+00   2.693164e-01   8.066976e+00   2.693164e-01 223200701081856530       2844        452     0 2454109.287234  1.273322e+01  3.624749e-02  1.273322e+01  3.624749e-02 
   95367272   7.939093e+00   2.158988e-01   7.939093e+00   2.158988e-01 224200701081857490      27688       1389     0 2454109.287870  1.275057e+01  2.952603e-02  1.275057e+01  2.952603e-02 
   95367272   7.927717e+00   2.523698e-01   7.927717e+00   2.523698e-01 223200701081857490       2842        451     0 2454109.287870  1.275213e+01  3.456329e-02  1.275213e+01  3.456329e-02 
   95367328   8.468853e+00   2.057073e-01   8.468853e+00   2.057073e-01 224200701081858450      27688       1388     0 2454109.288519  1.268044e+01  2.637248e-02  1.268044e+01  2.637248e-02 
   95367328   7.628594e+00   2.370059e-01   7.628594e+00   2.370059e-01 223200701081858450       2842        449     0 2454109.288519  1.279389e+01  3.373188e-02  1.279389e+01  3.373188e-02 
   95453546   8.320915e+00   2.385511e-01   8.320915e+00   2.385511e-01 224200701091855450      27682       1411     0 2454110.286412  1.269957e+01  3.112692e-02  1.269957e+01  3.112692e-02 
   95453546   7.880943e+00   2.744103e-01   7.880943e+00   2.744103e-01 223200701091855450       2848        450     0 2454110.286412  1.275855e+01  3.780490e-02  1.275855e+01  3.780490e-02 
   95453602   8.775078e+00   2.257126e-01   8.775078e+00   2.257126e-01 224200701091856400      27681       1409     0 2454110.287060  1.264187e+01  2.792741e-02  1.264187e+01  2.792741e-02 
   95453602   7.793309e+00   2.571173e-01   7.793309e+00   2.571173e-01 223200701091856400       2847        449     0 2454110.287060  1.277070e+01  3.582079e-02  1.277070e+01  3.582079e-02 
   95453656   8.467900e+00   2.138961e-01   8.467900e+00   2.138961e-01 224200701091857350      27681       1409     0 2454110.287685  1.268056e+01  2.742540e-02  1.268056e+01  2.742540e-02 
   95453656   7.493857e+00   2.416276e-01   7.493857e+00   2.416276e-01 223200701091857350       2846        448     0 2454110.287685  1.281324e+01  3.500798e-02  1.281324e+01  3.500798e-02 
   95453712   8.659002e+00   2.045660e-01   8.659002e+00   2.045660e-01 224200701091858300      27682       1409     0 2454110.288333  1.265633e+01  2.565024e-02  1.265633e+01  2.565024e-02 
   95453712   7.788133e+00   2.300309e-01   7.788133e+00   2.300309e-01 223200701091858300       2844        446     0 2454110.288333  1.277142e+01  3.206850e-02  1.277142e+01  3.206850e-02 
   95539936   8.634320e+00   2.387550e-01   8.634320e+00   2.387550e-01 224200701101855350      27687       1418     0 2454111.286296  1.265943e+01  3.002273e-02  1.265943e+01  3.002273e-02 
   95539936   7.771037e+00   2.758119e-01   7.771037e+00   2.758119e-01 223200701101855350       2844        443     0 2454111.286296  1.277380e+01  3.853540e-02  1.277380e+01  3.853540e-02 
   95539990   8.684473e+00   2.263115e-01   8.684473e+00   2.263115e-01 224200701101856300      27687       1417     0 2454111.286921  1.265314e+01  2.829365e-02  1.265314e+01  2.829365e-02 
   95539990   7.799395e+00   2.605844e-01   7.799395e+00   2.605844e-01 223200701101856300       2844        442     0 2454111.286921  1.276985e+01  3.627550e-02  1.276985e+01  3.627550e-02 
   95540044   8.527743e+00   2.154026e-01   8.527743e+00   2.154026e-01 224200701101857240      27686       1416     0 2454111.287546  1.267291e+01  2.742475e-02  1.267291e+01  2.742475e-02 
   95540044   7.994200e+00   2.464318e-01   7.994200e+00   2.464318e-01 223200701101857240       2843        441     0 2454111.287546  1.274306e+01  3.346937e-02  1.274306e+01  3.346937e-02 
   95540100   8.435834e+00   2.047003e-01   8.435834e+00   2.047003e-01 224200701101858190      27687       1416     0 2454111.288194  1.268468e+01  2.634609e-02  1.268468e+01  2.634609e-02 
   95540100   7.780015e+00   2.324193e-01   7.780015e+00   2.324193e-01 223200701101858190       2842        440     0 2454111.288194  1.277255e+01  3.243528e-02  1.277255e+01  3.243528e-02 
   95626319   8.360275e+00   2.512796e-01   8.360275e+00   2.512796e-01 224200701111855200      27709       1407     0 2454112.286100  1.269445e+01  3.263341e-02  1.269445e+01  3.263341e-02 
   95626320   8.311227e+00   2.880180e-01   8.311227e+00   2.880180e-01 223200701111855210       2826        423     0 2454112.286111  1.270084e+01  3.762532e-02  1.270084e+01  3.762532e-02 
   95626376   8.392029e+00   2.382686e-01   8.392029e+00   2.382686e-01 224200701111856160      27708       1406     0 2454112.286759  1.269033e+01  3.082661e-02  1.269033e+01  3.082661e-02 
   95626376   8.122749e+00   2.696888e-01   8.122749e+00   2.696888e-01 223200701111856160       2825        422     0 2454112.286759  1.272574e+01  3.604838e-02  1.272574e+01  3.604838e-02 
   95626430   8.228504e+00   2.265079e-01   8.228504e+00   2.265079e-01 224200701111857110      27708       1406     0 2454112.287384  1.271170e+01  2.988741e-02  1.271170e+01  2.988741e-02 
   95626430   7.981415e+00   2.538134e-01   7.981415e+00   2.538134e-01 223200701111857110       2825        421     0 2454112.287384  1.274480e+01  3.452714e-02  1.274480e+01  3.452714e-02 
   95626486   8.958267e+00   2.167419e-01   8.958267e+00   2.167419e-01 224200701111858070      27708       1406     0 2454112.288032  1.261944e+01  2.626907e-02  1.261944e+01  2.626907e-02 
   95626486   7.763110e+00   2.392531e-01   7.763110e+00   2.392531e-01 223200701111858070       2824        420     0 2454112.288032  1.277491e+01  3.346167e-02  1.277491e+01  3.346167e-02 
   95712703   7.512028e+00   2.658689e-01   7.512028e+00   2.658689e-01 223200701121855050       2855        418     0 2454113.285914  1.281061e+01  3.842698e-02  1.281061e+01  3.842698e-02 
   95712705   8.496631e+00   2.338585e-01   8.496631e+00   2.338585e-01 224200701121855060      27680       1408     0 2454113.285938  1.267688e+01  2.988356e-02  1.267688e+01  2.988356e-02 
   95712759   8.693990e+00   2.227886e-01   8.693990e+00   2.227886e-01 224200701121856000      27680       1407     0 2454113.286563  1.265195e+01  2.782273e-02  1.265195e+01  2.782273e-02 
   95712759   7.709170e+00   2.503711e-01   7.709170e+00   2.503711e-01 223200701121856000       2854        417     0 2454113.286563  1.278248e+01  3.526163e-02  1.278248e+01  3.526163e-02 
   95712813   7.688707e+00   2.363237e-01   7.688707e+00   2.363237e-01 223200701121856550       2853        416     0 2454113.287187  1.278537e+01  3.337182e-02  1.278537e+01  3.337182e-02 
   95712867   7.734217e+00   2.243255e-01   7.734217e+00   2.243255e-01 223200701121857490       2853        414     0 2454113.287812  1.277896e+01  3.149112e-02  1.277896e+01  3.149112e-02 
   95712869   8.717856e+00   2.025627e-01   8.717856e+00   2.025627e-01 224200701121857500      27680       1407     0 2454113.287836  1.264898e+01  2.522758e-02  1.264898e+01  2.522758e-02 
   95799125   8.470180e+00   2.054915e-01   8.470180e+00   2.054915e-01 224200701131855270      27681       1423     0 2454114.286169  1.268027e+01  2.634069e-02  1.268027e+01  2.634069e-02 
   95799125   7.974819e+00   2.369625e-01   7.974819e+00   2.369625e-01 223200701131855270       2851        433     0 2454114.286169  1.274570e+01  3.226150e-02  1.274570e+01  3.226150e-02 
   95799179   8.452339e+00   1.961100e-01   8.452339e+00   1.961100e-01 224200701131856210      27680       1423     0 2454114.286794  1.268256e+01  2.519119e-02  1.268256e+01  2.519119e-02 
   95799179   8.060553e+00   2.237164e-01   8.060553e+00   2.237164e-01 223200701131856210       2850        431     0 2454114.286794  1.273409e+01  3.013414e-02  1.273409e+01  3.013414e-02 
   95799303   8.364057e+00   1.802673e-01   8.364057e+00   1.802673e-01 224200701131858250      27671       1430     0 2454114.288229  1.269396e+01  2.340054e-02  1.269396e+01  2.340054e-02 
   95799303   7.743370e+00   2.002283e-01   7.743370e+00   2.002283e-01 223200701131858250       2851        435     0 2454114.288229  1.277767e+01  2.807510e-02  1.277767e+01  2.807510e-02 
   95799357   8.525573e+00   1.735533e-01   8.525573e+00   1.735533e-01 224200701131859190      27672       1430     0 2454114.288854  1.267319e+01  2.210219e-02  1.267319e+01  2.210219e-02 
   95799357   7.362233e+00   1.895074e-01   7.362233e+00   1.895074e-01 223200701131859190       2851        433     0 2454114.288854  1.283248e+01  2.794747e-02  1.283248e+01  2.794747e-02 
   95885595   8.466068e+00   2.010525e-01   8.466068e+00   2.010525e-01 224200701141856390      27683       1429     0 2454115.286979  1.268080e+01  2.578419e-02  1.268080e+01  2.578419e-02 
   95885595   7.680159e+00   2.241544e-01   7.680159e+00   2.241544e-01 223200701141856390       2846        412     0 2454115.286979  1.278657e+01  3.168859e-02  1.278657e+01  3.168859e-02 
   95885650   8.569946e+00   1.918961e-01   8.569946e+00   1.918961e-01 224200701141857330      27682       1428     0 2454115.287616  1.266755e+01  2.431162e-02  1.266755e+01  2.431162e-02 
   95885651   7.265989e+00   2.121457e-01   7.265989e+00   2.121457e-01 223200701141857340       2846        411     0 2454115.287627  1.284676e+01  3.170044e-02  1.284676e+01  3.170044e-02 
   95885705   8.435239e+00   1.832044e-01   8.435239e+00   1.832044e-01 224200701141858280      27682       1428     0 2454115.288252  1.268476e+01  2.358112e-02  1.268476e+01  2.358112e-02 
   95885705   7.633025e+00   2.024558e-01   7.633025e+00   2.024558e-01 223200701141858290       2846        409     0 2454115.288252  1.279326e+01  2.879781e-02  1.279326e+01  2.879781e-02 
   95885836   8.635329e+00   1.675974e-01   8.635329e+00   1.675974e-01 224200701141900400      27685       1424     0 2454115.289769  1.265930e+01  2.107241e-02  1.265930e+01  2.107241e-02 
   95885837   7.041793e+00   1.796994e-01   7.041793e+00   1.796994e-01 223200701141900410       2843        410     0 2454115.289780  1.288079e+01  2.770698e-02  1.288079e+01  2.770698e-02 
  105941760   8.115776e+00   3.050206e-01   8.115776e+00   3.050206e-01 223200705110414520       2814       1257     0 2454231.677778  1.272668e+01  4.080609e-02  1.272668e+01  4.080609e-02 
  105941816   8.264803e+00   3.221319e-01   8.264803e+00   3.221319e-01 223200705110415490       2818       1257     0 2454231.678426  1.270692e+01  4.231819e-02  1.270692e+01  4.231819e-02 
  105941875   8.354302e+00   3.424905e-01   8.354302e+00   3.424905e-01 223200705110416470       2820       1256     0 2454231.679109  1.269522e+01  4.451067e-02  1.269522e+01  4.451067e-02 
  105941930   8.192070e+00   3.666686e-01   8.192070e+00   3.666686e-01 223200705110417430       2822       1255     0 2454231.679745  1.271652e+01  4.859660e-02  1.271652e+01  4.859660e-02 
  106027814   7.371472e+00   1.946997e-01   7.371472e+00   1.946997e-01 223200705120409040       2839       1234     0 2454232.673773  1.283111e+01  2.867722e-02  1.283111e+01  2.867722e-02 
  106027940   7.520284e+00   2.080529e-01   7.520284e+00   2.080529e-01 223200705120411090       2826       1246     0 2454232.675231  1.280941e+01  3.003761e-02  1.280941e+01  3.003761e-02 
  106027994   7.632464e+00   2.157289e-01   7.632464e+00   2.157289e-01 223200705120412040       2829       1245     0 2454232.675856  1.279334e+01  3.068806e-02  1.279334e+01  3.068806e-02 
  106028048   7.772259e+00   2.253558e-01   7.772259e+00   2.253558e-01 223200705120412580       2831       1244     0 2454232.676481  1.277363e+01  3.148092e-02  1.277363e+01  3.148092e-02 
  106114069   7.326117e+00   1.947940e-01   7.326117e+00   1.947940e-01 223200705130406340       2815       1257     0 2454233.672095  1.283782e+01  2.886872e-02  1.283782e+01  2.886872e-02 
  106114123   7.200014e+00   1.992337e-01   7.200014e+00   1.992337e-01 223200705130407290       2819       1256     0 2454233.672720  1.285667e+01  3.004384e-02  1.285667e+01  3.004384e-02 
  106114179   7.311921e+00   2.035464e-01   7.311921e+00   2.035464e-01 223200705130408240       2821       1256     0 2454233.673368  1.283992e+01  3.022441e-02  1.283992e+01  3.022441e-02 
  106114233   7.143648e+00   2.081708e-01   7.143648e+00   2.081708e-01 223200705130409190       2823       1256     0 2454233.673993  1.286520e+01  3.163920e-02  1.286520e+01  3.163920e-02 
  124569719   8.863123e+00   2.868248e-01   8.863123e+00   2.868248e-01 223200712121844190       2354       4831     0 2454447.279155  1.263103e+01  3.513628e-02  1.263103e+01  3.513628e-02 
  124570453   9.675732e+00   1.517096e-01   9.675732e+00   1.517096e-01 222200712121856320       6127      19865     0 2454447.287650  1.253579e+01  1.702374e-02  1.253579e+01  1.702374e-02 
  124571585   9.878406e+00   1.169387e-01   9.878406e+00   1.169387e-01 222200712121915250       6147      19814     0 2454447.300752  1.251328e+01  1.285279e-02  1.251328e+01  1.285279e-02 
  124571649   8.679439e+00   9.919278e-02   8.679439e+00   9.919278e-02 221200712121916280      17530       7315     0 2454447.301493  1.265377e+01  1.240836e-02  1.265377e+01  1.240836e-02 
  124571709   7.054547e+00   1.066314e-01   7.054547e+00   1.066314e-01 223200712121917280       2369       4788     0 2454447.302188  1.287883e+01  1.641126e-02  1.287883e+01  1.641126e-02 
  124572793   9.679876e+00   1.149065e-01   9.679876e+00   1.149065e-01 222200712121935320       6127      19831     0 2454447.314734  1.253533e+01  1.288844e-02  1.253533e+01  1.288844e-02 
  124572984   8.803376e+00   9.787040e-02   8.803376e+00   9.787040e-02 221200712121938430      17568       7387     0 2454447.316944  1.263838e+01  1.207057e-02  1.263838e+01  1.207057e-02 
  124573043   6.705269e+00   1.049614e-01   6.705269e+00   1.049614e-01 223200712121939430       2354       4714     0 2454447.317627  1.293396e+01  1.699570e-02  1.293396e+01  1.699570e-02 
