\OBJNAME = '1SWASP J000246.64-735559.1'
\OBSSTART = '2006-05-11T04:14:48'
\OBSSTOP = '2007-12-12T19:39:43'
\TSTART = 74405759
\TSTOP = 124573037
\JD_REF = 2453005.5
\RA_OBJ = '0.69435 '
\DEC_OBJ = '-73.9331'
\WASP_MAG = 13.85048
\HJD_START = 2453866.677766
\HJD_STOP = 2454447.317558
\fixlen = T
\NUMRECORDS = 369
\
\ This file was produced by the NASA Exoplanet Archive  http://exoplanetarchive.ipac.caltech.edu 
\ Sun Sep 15, 04:07:56 2013
\ Documentation for the SuperWASP dataset can be found at http://exoplanetarchive.ipac.caltech.edu/docs/SuperWASPMission.html
\
|TMID      |FLUX2         |FLUX2_ERR     |TAMFLUX2      |TAMFLUX2_ERR  |IMAGEID           |CCDX      |CCDY      |FLAG |           HJD|         MAG2|     MAG2_ERR|      TAMMAG2|  TAMMAG2_ERR|
|int       |float         |float         |float         |float         |char              |int       |int       |int  |        double|        float|        float|        float|        float|
|sec       |micro Vega    |micro Vega    |micro Vega    |micro Vega    |                  |1/16 pixel|1/16 pixel|     |           day|          mag|          mag|          mag|          mag|
|null      |null          |null          |null          |null          |null              |null      |null      |null |          null|         null|         null|         null|         null|
   74405759   3.248291e+00   2.163468e-01   3.248291e+00   2.163468e-01 223200605110414480       3183       5204     0 2453866.677766  1.372086e+01  7.231385e-02  1.372086e+01  7.231385e-02 
   74405812   3.290289e+00   2.366678e-01   3.290289e+00   2.366678e-01 223200605110415410       3188       5201     0 2453866.678380  1.370691e+01  7.809640e-02  1.370691e+01  7.809640e-02 
   74405896   3.195379e+00   2.673481e-01   3.195379e+00   2.673481e-01 223200605110417040       3193       5199     0 2453866.679352  1.373869e+01  9.084070e-02  1.373869e+01  9.084070e-02 
   74405961   3.427235e+00   3.014034e-01   3.427235e+00   3.014034e-01 223200605110418100       3202       5175     0 2453866.680104  1.366264e+01  9.548389e-02  1.366264e+01  9.548389e-02 
   74491872   3.512638e+00   2.385496e-01   3.512638e+00   2.385496e-01 223200605120409570       3207       5139     0 2453867.674444  1.363592e+01  7.373459e-02  1.363592e+01  7.373459e-02 
   74492010   2.858482e+00   2.459084e-01   2.858482e+00   2.459084e-01 223200605120412150       3216       5136     0 2453867.676042  1.385966e+01  9.340363e-02  1.385966e+01  9.340363e-02 
   74492063   3.355886e+00   2.574311e-01   3.355886e+00   2.574311e-01 223200605120413070       3219       5134     0 2453867.676655  1.368548e+01  8.328748e-02  1.368548e+01  8.328748e-02 
   74750395   3.413520e+00   3.395106e-01   3.413520e+00   3.395106e-01 223200605150358270       3204       5142     0 2453870.666609  1.366699e+01  1.079883e-01  1.366699e+01  1.079883e-01 
   74750455   3.306586e+00   3.378874e-01   3.306586e+00   3.378874e-01 223200605150359270       3209       5138     0 2453870.667303  1.370155e+01  1.109476e-01  1.370155e+01  1.109476e-01 
   74750509   3.766498e+00   3.343785e-01   3.766498e+00   3.343785e-01 223200605150400210       3213       5137     0 2453870.667928  1.356016e+01  9.638878e-02  1.356016e+01  9.638878e-02 
   74750568   3.236217e+00   3.322341e-01   3.236217e+00   3.322341e-01 223200605150401200       3216       5136     0 2453870.668611  1.372491e+01  1.114634e-01  1.372491e+01  1.114634e-01 
   75613654   2.815937e+00   1.259299e-01   2.815937e+00   1.259299e-01 223200605250345300       3281       5149     0 2453880.658032  1.387594e+01  4.855476e-02  1.387594e+01  4.855476e-02 
   75613717   2.990644e+00   1.271610e-01   2.990644e+00   1.271610e-01 223200605250346340       3291       5123     0 2453880.658762  1.381059e+01  4.616525e-02  1.381059e+01  4.616525e-02 
   75613775   2.814796e+00   1.246769e-01   2.814796e+00   1.246769e-01 223200605250347310       3295       5122     0 2453880.659433  1.387638e+01  4.809114e-02  1.387638e+01  4.809114e-02 
   75613843   2.944385e+00   1.271873e-01   2.944385e+00   1.271873e-01 223200605250348400       3291       5142     0 2453880.660220  1.382751e+01  4.690022e-02  1.382751e+01  4.690022e-02 
   75700109   2.755165e+00   1.247098e-01   2.755165e+00   1.247098e-01 223200605260346210       3301       5139     0 2453881.658669  1.389963e+01  4.914492e-02  1.389963e+01  4.914492e-02 
   75700172   2.772190e+00   1.238617e-01   2.772190e+00   1.238617e-01 223200605260347250       3309       5111     0 2453881.659398  1.389294e+01  4.851095e-02  1.389294e+01  4.851095e-02 
   75700239   2.915160e+00   1.238396e-01   2.915160e+00   1.238396e-01 223200605260348310       3307       5132     0 2453881.660174  1.383834e+01  4.612357e-02  1.383834e+01  4.612357e-02 
   75700308   2.897336e+00   1.219397e-01   2.897336e+00   1.219397e-01 223200605260349400       3314       5105     0 2453881.660972  1.384500e+01  4.569535e-02  1.384500e+01  4.569535e-02 
   76132328   2.422987e+00   1.037623e-01   2.422987e+00   1.037623e-01 223200605310349440       3364       5110     0 2453886.661204  1.403912e+01  4.649585e-02  1.403912e+01  4.649585e-02 
   76132395   2.642266e+00   1.042544e-01   2.642266e+00   1.042544e-01 223200605310350510       3372       5082     0 2453886.661979  1.394506e+01  4.283944e-02  1.394506e+01  4.283944e-02 
   76132444   2.546160e+00   1.037784e-01   2.546160e+00   1.037784e-01 223200605310351390       3373       5080     0 2453886.662546  1.398529e+01  4.425344e-02  1.398529e+01  4.425344e-02 
   76132506   2.670899e+00   1.043384e-01   2.670899e+00   1.043384e-01 223200605310352410       3376       5079     0 2453886.663264  1.393336e+01  4.241432e-02  1.393336e+01  4.241432e-02 
   76218798   2.708936e+00   1.077022e-01   2.708936e+00   1.077022e-01 223200606010350510       3383       5074     0 2453887.662014  1.391800e+01  4.316697e-02  1.391800e+01  4.316697e-02 
   76218866   2.618378e+00   1.072466e-01   2.618378e+00   1.072466e-01 223200606010351580       3382       5093     0 2453887.662801  1.395492e+01  4.447103e-02  1.395492e+01  4.447103e-02 
   76218936   2.576569e+00   1.069776e-01   2.576569e+00   1.069776e-01 223200606010353090       3385       5091     0 2453887.663611  1.397240e+01  4.507926e-02  1.397240e+01  4.507926e-02 
   76219022   2.668893e+00   1.070400e-01   2.668893e+00   1.070400e-01 223200606010354350       3393       5066     0 2453887.664606  1.393417e+01  4.354525e-02  1.393417e+01  4.354525e-02 
   76478204   2.707268e+00   1.153407e-01   2.707268e+00   1.153407e-01 223200606040354060       3394       5065     0 2453890.664398  1.391867e+01  4.625698e-02  1.391867e+01  4.625698e-02 
   76478277   2.807640e+00   1.146414e-01   2.807640e+00   1.146414e-01 223200606040355190       3393       5085     0 2453890.665243  1.387915e+01  4.433289e-02  1.387915e+01  4.433289e-02 
   76478353   2.661449e+00   1.153542e-01   2.661449e+00   1.153542e-01 223200606040356360       3402       5057     0 2453890.666123  1.393720e+01  4.705884e-02  1.393720e+01  4.705884e-02 
   76478406   2.833971e+00   1.159880e-01   2.833971e+00   1.159880e-01 223200606040357280       3403       5055     0 2453890.666736  1.386901e+01  4.443686e-02  1.386901e+01  4.443686e-02 
   76564546   2.735398e+00   2.758619e-01   2.735398e+00   2.758619e-01 223200606050353060       3420       5049     0 2453891.663727  1.390745e+01  1.094957e-01  1.390745e+01  1.094957e-01 
   76564605   2.683441e+00   2.693238e-01   2.683441e+00   2.693238e-01 223200606050354050       3425       5048     0 2453891.664410  1.392827e+01  1.089704e-01  1.392827e+01  1.089704e-01 
   76564665   2.599824e+00   2.722428e-01   2.599824e+00   2.722428e-01 223200606050355050       3427       5045     0 2453891.665104  1.396264e+01  1.136942e-01  1.396264e+01  1.136942e-01 
   76564723   3.348278e+00   2.463091e-01   3.348278e+00   2.463091e-01 223200606050356020       3429       5045     0 2453891.665775  1.368795e+01  7.987019e-02  1.368795e+01  7.987019e-02 
   76650917   2.472289e+00   1.033989e-01   2.472289e+00   1.033989e-01 223200606060352330       3409       5045     0 2453892.663391  1.401725e+01  4.540906e-02  1.401725e+01  4.540906e-02 
   76651051   2.480937e+00   1.070365e-01   2.480937e+00   1.070365e-01 223200606060354480       3416       5044     0 2453892.664942  1.401346e+01  4.684271e-02  1.401346e+01  4.684271e-02 
   76651107   2.396051e+00   1.054220e-01   2.396051e+00   1.054220e-01 223200606060355430       3418       5041     0 2453892.665590  1.405126e+01  4.777064e-02  1.405126e+01  4.777064e-02 
   76651183   2.477111e+00   1.054038e-01   2.477111e+00   1.054038e-01 223200606060357000       3415       5061     0 2453892.666470  1.401514e+01  4.619945e-02  1.401514e+01  4.619945e-02 
   76737412   2.624181e+00   1.113584e-01   2.624181e+00   1.113584e-01 223200606070354040       3419       5048     0 2453893.664491  1.395252e+01  4.607392e-02  1.395252e+01  4.607392e-02 
   76737465   2.632160e+00   1.089988e-01   2.632160e+00   1.089988e-01 223200606070354570       3422       5045     0 2453893.665104  1.394922e+01  4.496092e-02  1.394922e+01  4.496092e-02 
   76737520   2.525382e+00   1.074097e-01   2.525382e+00   1.074097e-01 223200606070355530       3423       5043     0 2453893.665741  1.399418e+01  4.617877e-02  1.399418e+01  4.617877e-02 
   76737576   2.642906e+00   1.074973e-01   2.642906e+00   1.074973e-01 223200606070356480       3425       5041     0 2453893.666389  1.394480e+01  4.416129e-02  1.394480e+01  4.416129e-02 
   76823802   2.637515e+00   1.084641e-01   2.637515e+00   1.084641e-01 223200606080353510       3445       5046     0 2453894.664375  1.394701e+01  4.464953e-02  1.394701e+01  4.464953e-02 
   76823861   2.554044e+00   1.086806e-01   2.554044e+00   1.086806e-01 223200606080354510       3449       5043     0 2453894.665058  1.398193e+01  4.620082e-02  1.398193e+01  4.620082e-02 
   76823920   2.604163e+00   1.087244e-01   2.604163e+00   1.087244e-01 223200606080355500       3451       5041     0 2453894.665741  1.396083e+01  4.532988e-02  1.396083e+01  4.532988e-02 
   76824006   2.533357e+00   1.089527e-01   2.533357e+00   1.089527e-01 223200606080357160       3448       5060     0 2453894.666736  1.399076e+01  4.669470e-02  1.399076e+01  4.669470e-02 
   76910228   2.498222e+00   1.048794e-01   2.498222e+00   1.048794e-01 223200606090354140       3441       5033     0 2453895.664676  1.400592e+01  4.558111e-02  1.400592e+01  4.558111e-02 
   76910282   2.647998e+00   1.060958e-01   2.647998e+00   1.060958e-01 223200606090355080       3444       5031     0 2453895.665301  1.394271e+01  4.350169e-02  1.394271e+01  4.350169e-02 
   76910366   2.613937e+00   1.062674e-01   2.613937e+00   1.062674e-01 223200606090356320       3442       5050     0 2453895.666273  1.395676e+01  4.413984e-02  1.395676e+01  4.413984e-02 
   76910438   2.444646e+00   1.049560e-01   2.444646e+00   1.049560e-01 223200606090357440       3448       5025     0 2453895.667106  1.402946e+01  4.661410e-02  1.402946e+01  4.661410e-02 
   76996582   2.936120e+00   2.190100e-01   2.936120e+00   2.190100e-01 223200606100353270       3447       5034     0 2453896.664144  1.383057e+01  8.098715e-02  1.383057e+01  8.098715e-02 
   76996647   3.026253e+00   2.164052e-01   3.026253e+00   2.164052e-01 223200606100354320       3450       5030     0 2453896.664896  1.379774e+01  7.764050e-02  1.379774e+01  7.764050e-02 
   76996708   3.203760e+00   2.131055e-01   3.203760e+00   2.131055e-01 223200606100355320       3452       5028     0 2453896.665602  1.373585e+01  7.222052e-02  1.373585e+01  7.222052e-02 
   76996763   3.268271e+00   2.083069e-01   3.268271e+00   2.083069e-01 223200606100356270       3454       5026     0 2453896.666238  1.371420e+01  6.920087e-02  1.371420e+01  6.920087e-02 
   77083002   4.192332e+00   3.687970e-01   4.192332e+00   3.687970e-01 223200606110353440       3459       5022     0 2453897.664375  1.344386e+01  9.551193e-02  1.344386e+01  9.551193e-02 
   77083079   3.409400e+00   3.669089e-01   3.409400e+00   3.669089e-01 223200606110355000       3458       5042     0 2453897.665266  1.366831e+01  1.168440e-01  1.366831e+01  1.168440e-01 
   77083160   3.535095e+00   3.682095e-01   3.535095e+00   3.682095e-01 223200606110356210       3466       5016     0 2453897.666204  1.362900e+01  1.130888e-01  1.362900e+01  1.130888e-01 
   77083214   3.587438e+00   3.696504e-01   3.587438e+00   3.696504e-01 223200606110357160       3467       5014     0 2453897.666829  1.361304e+01  1.118749e-01  1.361304e+01  1.118749e-01 
   77169268   3.606361e+00   4.563732e-01   3.606361e+00   4.563732e-01 223200606120351270       3457       5039     0 2453898.662824  1.360733e+01  1.373968e-01  1.360733e+01  1.373968e-01 
   77169330   2.928862e+00   4.644605e-01   2.928862e+00   4.644605e-01 223200606120352290       3466       5014     0 2453898.663542  1.383325e+01  1.721773e-01  1.383325e+01  1.721773e-01 
   77169388   3.961758e+00   4.614900e-01   3.961758e+00   4.614900e-01 223200606120353260       3467       5011     0 2453898.664213  1.350528e+01  1.264737e-01  1.350528e+01  1.264737e-01 
   77169448   3.507855e+00   4.549776e-01   3.507855e+00   4.549776e-01 223200606120354260       3469       5008     0 2453898.664907  1.363740e+01  1.408232e-01  1.363740e+01  1.408232e-01 
   77514693   1.774571e+00   2.123400e+00   1.774571e+00   2.123400e+00 223200606160348210       3468       4980     0 2453902.660799  1.437727e+01  1.299164e+00  1.437727e+01  1.299164e+00 
   77514758   3.553241e+00   2.637156e+00   3.553241e+00   2.637156e+00 223200606160349260       3470       4977     0 2453902.661551  1.362344e+01  8.058181e-01  1.362344e+01  8.058181e-01 
   77601378   3.182913e+00   1.873628e-01   3.182913e+00   1.873628e-01 223200606170353030       3482       4963     0 2453903.664097  1.374294e+01  6.391230e-02  1.374294e+01  6.391230e-02 
   77601448   3.427643e+00   1.866537e-01   3.427643e+00   1.866537e-01 223200606170354120       3479       4983     0 2453903.664907  1.366251e+01  5.912441e-02  1.366251e+01  5.912441e-02 
   77601518   3.267306e+00   1.862467e-01   3.267306e+00   1.862467e-01 223200606170355220       3480       4981     0 2453903.665718  1.371453e+01  6.189059e-02  1.371453e+01  6.189059e-02 
   77601575   3.250650e+00   1.840086e-01   3.250650e+00   1.840086e-01 223200606170356190       3486       4956     0 2453903.666377  1.372007e+01  6.146018e-02  1.372007e+01  6.146018e-02 
   77687721   2.958707e+00   1.570284e-01   2.958707e+00   1.570284e-01 223200606180352030       3502       4957     0 2453904.663438  1.382224e+01  5.762383e-02  1.382224e+01  5.762383e-02 
   77687764   3.194245e+00   1.581724e-01   3.194245e+00   1.581724e-01 223200606180352470       3503       4955     0 2453904.663935  1.373908e+01  5.376359e-02  1.373908e+01  5.376359e-02 
   77687832   2.986821e+00   1.576614e-01   2.986821e+00   1.576614e-01 223200606180353550       3504       4954     0 2453904.664722  1.381198e+01  5.731153e-02  1.381198e+01  5.731153e-02 
   77687883   3.159909e+00   1.581967e-01   3.159909e+00   1.581967e-01 223200606180354460       3505       4952     0 2453904.665313  1.375081e+01  5.435617e-02  1.375081e+01  5.435617e-02 
   77774358   2.630567e+00   1.337577e-01   2.630567e+00   1.337577e-01 223200606190355570       3547       4937     0 2453905.666181  1.394988e+01  5.520712e-02  1.394988e+01  5.520712e-02 
   77774414   2.924740e+00   1.346575e-01   2.924740e+00   1.346575e-01 223200606190356530       3547       4937     0 2453905.666829  1.383478e+01  4.998841e-02  1.383478e+01  4.998841e-02 
   77774476   2.848076e+00   1.341145e-01   2.848076e+00   1.341145e-01 223200606190357560       3547       4936     0 2453905.667546  1.386362e+01  5.112697e-02  1.386362e+01  5.112697e-02 
   77774541   3.043391e+00   1.336834e-01   3.043391e+00   1.336834e-01 223200606190359000       3541       4960     0 2453905.668299  1.379161e+01  4.769201e-02  1.379161e+01  4.769201e-02 
   77860771   2.748996e+00   1.164954e-01   2.748996e+00   1.164954e-01 223200606200356080       3531       4932     0 2453906.666331  1.390206e+01  4.601086e-02  1.390206e+01  4.601086e-02 
   77860830   2.715006e+00   1.161833e-01   2.715006e+00   1.161833e-01 223200606200357080       3532       4931     0 2453906.667014  1.391557e+01  4.646207e-02  1.391557e+01  4.646207e-02 
   77860894   2.566209e+00   1.155833e-01   2.566209e+00   1.155833e-01 223200606200358110       3531       4931     0 2453906.667755  1.397677e+01  4.890226e-02  1.397677e+01  4.890226e-02 
   77860959   2.739023e+00   1.168009e-01   2.739023e+00   1.168009e-01 223200606200359170       3525       4955     0 2453906.668507  1.390601e+01  4.629951e-02  1.390601e+01  4.629951e-02 
   77947082   2.812083e+00   1.208408e-01   2.812083e+00   1.208408e-01 223200606210354360       3526       4930     0 2453907.665301  1.387743e+01  4.665639e-02  1.387743e+01  4.665639e-02 
   77947136   2.620406e+00   1.203494e-01   2.620406e+00   1.203494e-01 223200606210355300       3526       4931     0 2453907.665926  1.395408e+01  4.986563e-02  1.395408e+01  4.986563e-02 
   77947214   2.730947e+00   1.205280e-01   2.730947e+00   1.205280e-01 223200606210356480       3521       4954     0 2453907.666829  1.390922e+01  4.791822e-02  1.390922e+01  4.791822e-02 
   77947281   2.548669e+00   1.202127e-01   2.548669e+00   1.202127e-01 223200606210357550       3526       4931     0 2453907.667604  1.398422e+01  5.121092e-02  1.398422e+01  5.121092e-02 
   78119991   2.471538e+00   1.038222e-01   2.471538e+00   1.038222e-01 223200606230356210       3517       4911     0 2453909.666562  1.401758e+01  4.560881e-02  1.401758e+01  4.560881e-02 
   78120045   2.560951e+00   1.040854e-01   2.560951e+00   1.040854e-01 223200606230357150       3516       4912     0 2453909.667187  1.397900e+01  4.412803e-02  1.397900e+01  4.412803e-02 
   78120193   2.548489e+00   1.056792e-01   2.548489e+00   1.056792e-01 223200606230359440       3513       4918     0 2453909.668900  1.398429e+01  4.502280e-02  1.398429e+01  4.502280e-02 
   78120255   2.388474e+00   1.043171e-01   2.388474e+00   1.043171e-01 223200606230400460       3516       4898     0 2453909.669618  1.405470e+01  4.741991e-02  1.405470e+01  4.741991e-02 
   78206451   2.755594e+00   1.100435e-01   2.755594e+00   1.100435e-01 223200606240357190       3535       4896     0 2453910.667257  1.389946e+01  4.335857e-02  1.389946e+01  4.335857e-02 
   78206510   2.573406e+00   1.098885e-01   2.573406e+00   1.098885e-01 223200606240358180       3532       4900     0 2453910.667940  1.397373e+01  4.636281e-02  1.397373e+01  4.636281e-02 
   78206585   2.806645e+00   1.097369e-01   2.806645e+00   1.097369e-01 223200606240359320       3522       4927     0 2453910.668808  1.387953e+01  4.245131e-02  1.387953e+01  4.245131e-02 
   78206644   2.688158e+00   1.096274e-01   2.688158e+00   1.096274e-01 223200606240400310       3519       4913     0 2453910.669491  1.392636e+01  4.427823e-02  1.392636e+01  4.427823e-02 
   78292890   2.717403e+00   1.011862e-01   2.717403e+00   1.011862e-01 223200606250357560       3537       4879     0 2453911.667708  1.391461e+01  4.042900e-02  1.391461e+01  4.042900e-02 
   78292944   2.554158e+00   1.021311e-01   2.554158e+00   1.021311e-01 223200606250358490       3531       4886     0 2453911.668333  1.398188e+01  4.341464e-02  1.398188e+01  4.341464e-02 
   78292995   2.408715e+00   1.010793e-01   2.408715e+00   1.010793e-01 223200606250359400       3521       4899     0 2453911.668924  1.404554e+01  4.556198e-02  1.404554e+01  4.556198e-02 
   78293057   2.685898e+00   1.018410e-01   2.685898e+00   1.018410e-01 223200606250400430       3522       4898     0 2453911.669641  1.392728e+01  4.116791e-02  1.392728e+01  4.116791e-02 
   78724957   2.407439e+00   1.029432e-01   2.407439e+00   1.029432e-01 223200606300358520       3544       4880     0 2453916.668484  1.404611e+01  4.642671e-02  1.404611e+01  4.642671e-02 
   78725034   2.656538e+00   1.030914e-01   2.656538e+00   1.030914e-01 223200606300400090       3551       4853     0 2453916.669375  1.393921e+01  4.213394e-02  1.393921e+01  4.213394e-02 
   78725081   2.423582e+00   1.015799e-01   2.423582e+00   1.015799e-01 223200606300400570       3552       4851     0 2453916.669919  1.403886e+01  4.550676e-02  1.403886e+01  4.550676e-02 
   78725145   2.559241e+00   1.015892e-01   2.559241e+00   1.015892e-01 223200606300402000       3552       4849     0 2453916.670660  1.397972e+01  4.309849e-02  1.397972e+01  4.309849e-02 
   78811393   2.489597e+00   1.076755e-01   2.489597e+00   1.076755e-01 223200607010359260       3544       4846     0 2453917.668900  1.400968e+01  4.695842e-02  1.400968e+01  4.695842e-02 
   78811472   2.622706e+00   1.078113e-01   2.622706e+00   1.078113e-01 223200607010400450       3541       4866     0 2453917.669815  1.395313e+01  4.463138e-02  1.395313e+01  4.463138e-02 
   78811537   2.538688e+00   1.075023e-01   2.538688e+00   1.075023e-01 223200607010401510       3547       4841     0 2453917.670567  1.398848e+01  4.597631e-02  1.398848e+01  4.597631e-02 
   78811588   2.450510e+00   1.071960e-01   2.450510e+00   1.071960e-01 223200607010402420       3547       4838     0 2453917.671157  1.402686e+01  4.749499e-02  1.402686e+01  4.749499e-02 
   78897803   3.320416e+00   2.632051e-01   3.320416e+00   2.632051e-01 223200607020359350       3555       4836     0 2453918.669016  1.369702e+01  8.606521e-02  1.369702e+01  8.606521e-02 
   78897916   2.238071e+00   3.040234e-01   2.238071e+00   3.040234e-01 223200607020401280       3556       4832     0 2453918.670324  1.412532e+01  1.474888e-01  1.412532e+01  1.474888e-01 
   78984205   2.541110e+00   1.020333e-01   2.541110e+00   1.020333e-01 223200607030359350       3563       4822     0 2453919.669039  1.398744e+01  4.359576e-02  1.398744e+01  4.359576e-02 
   78984259   2.475036e+00   9.992913e-02   2.475036e+00   9.992913e-02 223200607030400290       3565       4820     0 2453919.669664  1.401605e+01  4.383655e-02  1.401605e+01  4.383655e-02 
   78984317   2.288436e+00   9.859813e-02   2.288436e+00   9.859813e-02 223200607030401270       3566       4817     0 2453919.670336  1.410115e+01  4.677952e-02  1.410115e+01  4.677952e-02 
   78984372   2.401664e+00   9.937593e-02   2.401664e+00   9.937593e-02 223200607030402220       3566       4816     0 2453919.670972  1.404872e+01  4.492568e-02  1.404872e+01  4.492568e-02 
   79070529   2.381496e+00   1.005314e-01   2.381496e+00   1.005314e-01 223200607040358180       3559       4801     0 2453920.668160  1.405788e+01  4.583291e-02  1.405788e+01  4.583291e-02 
   79070575   2.538311e+00   1.010096e-01   2.538311e+00   1.010096e-01 223200607040359040       3560       4800     0 2453920.668692  1.398864e+01  4.320597e-02  1.398864e+01  4.320597e-02 
   79070641   2.606179e+00   1.020824e-01   2.606179e+00   1.020824e-01 223200607040400090       3561       4797     0 2453920.669456  1.395999e+01  4.252776e-02  1.395999e+01  4.252776e-02 
   79070693   2.508038e+00   1.022714e-01   2.508038e+00   1.022714e-01 223200607040401020       3562       4795     0 2453920.670058  1.400167e+01  4.427371e-02  1.400167e+01  4.427371e-02 
   79415957   2.523787e+00   1.017486e-01   2.523787e+00   1.017486e-01 223200607080355190       3557       4785     0 2453924.666169  1.399487e+01  4.377252e-02  1.399487e+01  4.377252e-02 
   79416114   2.588216e+00   1.019000e-01   2.588216e+00   1.019000e-01 223200607080357570       3559       4806     0 2453924.667986  1.396750e+01  4.274639e-02  1.396750e+01  4.274639e-02 
   79416181   2.552288e+00   1.011444e-01   2.552288e+00   1.011444e-01 223200607080359030       3564       4779     0 2453924.668762  1.398268e+01  4.302670e-02  1.398268e+01  4.302670e-02 
   79416239   2.393679e+00   1.009529e-01   2.393679e+00   1.009529e-01 223200607080400010       3565       4776     0 2453924.669433  1.405233e+01  4.579087e-02  1.405233e+01  4.579087e-02 
   79502444   3.255496e+00   1.585105e-01   3.255496e+00   1.585105e-01 223200607090356460       3569       4778     0 2453925.667176  1.371846e+01  5.286481e-02  1.371846e+01  5.286481e-02 
   79502496   2.783452e+00   1.566881e-01   2.783452e+00   1.566881e-01 223200607090357380       3569       4776     0 2453925.667778  1.388854e+01  6.111925e-02  1.388854e+01  6.111925e-02 
   79502565   3.066781e+00   1.533789e-01   3.066781e+00   1.533789e-01 223200607090358470       3570       4773     0 2453925.668576  1.378329e+01  5.430111e-02  1.378329e+01  5.430111e-02 
   79502719   2.818399e+00   1.480960e-01   2.818399e+00   1.480960e-01 223200607090401200       3567       4755     0 2453925.670359  1.387499e+01  5.705145e-02  1.387499e+01  5.705145e-02 
   80278195   3.132057e+00   1.664401e-01   3.132057e+00   1.664401e-01 223200607180325470       3599       4734     0 2453934.645775  1.376043e+01  5.769713e-02  1.376043e+01  5.769713e-02 
   80278257   3.205958e+00   1.605411e-01   3.205958e+00   1.605411e-01 223200607180326500       3603       4708     0 2453934.646493  1.373511e+01  5.436936e-02  1.373511e+01  5.436936e-02 
   80278332   3.583075e+00   1.850658e-01   3.583075e+00   1.850658e-01 223200607180328050       3598       4729     0 2453934.647361  1.361436e+01  5.607846e-02  1.361436e+01  5.607846e-02 
   80278410   2.658967e+00   2.534963e-01   2.658967e+00   2.534963e-01 223200607180329220       3604       4703     0 2453934.648264  1.393822e+01  1.035105e-01  1.393822e+01  1.035105e-01 
   80364287   2.640831e+00   1.232901e-01   2.640831e+00   1.232901e-01 223200607190320380       3596       4718     0 2453935.642211  1.394565e+01  5.068897e-02  1.394565e+01  5.068897e-02 
   80364343   2.711007e+00   1.239042e-01   2.711007e+00   1.239042e-01 223200607190321350       3595       4717     0 2453935.642859  1.391717e+01  4.962278e-02  1.391717e+01  4.962278e-02 
   80364403   2.767824e+00   1.241757e-01   2.767824e+00   1.241757e-01 223200607190322340       3596       4716     0 2453935.643553  1.389465e+01  4.871066e-02  1.389465e+01  4.871066e-02 
   80364464   2.687168e+00   1.242842e-01   2.687168e+00   1.242842e-01 223200607190323360       3596       4714     0 2453935.644259  1.392676e+01  5.021657e-02  1.392676e+01  5.021657e-02 
   80450503   2.665552e+00   1.131304e-01   2.665552e+00   1.131304e-01 223200607200317340       3600       4710     0 2453936.640081  1.393553e+01  4.608059e-02  1.393553e+01  4.608059e-02 
   80450564   2.708908e+00   1.129530e-01   2.708908e+00   1.129530e-01 223200607200318350       3600       4709     0 2453936.640787  1.391801e+01  4.527197e-02  1.391801e+01  4.527197e-02 
   80450628   2.788398e+00   1.121288e-01   2.788398e+00   1.121288e-01 223200607200319380       3600       4707     0 2453936.641528  1.388661e+01  4.366045e-02  1.388661e+01  4.366045e-02 
   80450685   2.661413e+00   1.115049e-01   2.661413e+00   1.115049e-01 223200607200320360       3600       4705     0 2453936.642187  1.393722e+01  4.548912e-02  1.393722e+01  4.548912e-02 
   80967433   2.412439e+00   1.000476e-01   2.412439e+00   1.000476e-01 223200607260253020       3559       4746     0 2453942.623067  1.404386e+01  4.502731e-02  1.404386e+01  4.502731e-02 
   80967492   2.381701e+00   9.844021e-02   2.381701e+00   9.844021e-02 223200607260254000       3560       4743     0 2453942.623750  1.405778e+01  4.487570e-02  1.405778e+01  4.487570e-02 
   80967552   2.676254e+00   9.970193e-02   2.676254e+00   9.970193e-02 223200607260255010       3561       4741     0 2453942.624444  1.393118e+01  4.044846e-02  1.393118e+01  4.044846e-02 
   80967608   2.447091e+00   9.888212e-02   2.447091e+00   9.888212e-02 223200607260255560       3562       4739     0 2453942.625093  1.402837e+01  4.387261e-02  1.402837e+01  4.387261e-02 
   81053653   2.739307e+00   1.106073e-01   2.739307e+00   1.106073e-01 223200607270250020       3555       4742     0 2453943.620984  1.390590e+01  4.383982e-02  1.390590e+01  4.383982e-02 
   81053715   2.725180e+00   1.150879e-01   2.725180e+00   1.150879e-01 223200607270251040       3556       4739     0 2453943.621701  1.391151e+01  4.585222e-02  1.391151e+01  4.585222e-02 
   81053771   2.672774e+00   1.117440e-01   2.672774e+00   1.117440e-01 223200607270251590       3557       4737     0 2453943.622350  1.393259e+01  4.539289e-02  1.393259e+01  4.539289e-02 
   81053833   2.607757e+00   1.090734e-01   2.607757e+00   1.090734e-01 223200607270253010       3557       4734     0 2453943.623067  1.395933e+01  4.541273e-02  1.395933e+01  4.541273e-02 
   81139830   2.672046e+00   7.057705e-01   2.672046e+00   7.057705e-01 223200607280246190       3573       4733     0 2453944.618403  1.393289e+01  2.867778e-01  1.393289e+01  2.867778e-01 
   81139889   3.282341e+00   1.230303e+00   3.282341e+00   1.230303e+00 223200607280247170       3574       4730     0 2453944.619086  1.370954e+01  4.069622e-01  1.370954e+01  4.069622e-01 
   81139943   1.937083e+00   7.536819e-01   1.937083e+00   7.536819e-01 223200607280248110       3574       4729     0 2453944.619711  1.428213e+01  4.224406e-01  1.428213e+01  4.224406e-01 
   82346063   4.252976e+00   3.775310e-01   4.252976e+00   3.775310e-01 223200608110150170       3568       4770     0 2453958.579433  1.342827e+01  9.637967e-02  1.342827e+01  9.637967e-02 
   82346119   3.801979e+00   3.767253e-01   3.801979e+00   3.767253e-01 223200608110151120       3571       4768     0 2453958.580081  1.354998e+01  1.075823e-01  1.354998e+01  1.075823e-01 
   82346174   3.674906e+00   3.797378e-01   3.674906e+00   3.797378e-01 223200608110152070       3571       4764     0 2453958.580718  1.358688e+01  1.121924e-01  1.358688e+01  1.121924e-01 
   82346233   3.913523e+00   3.805329e-01   3.913523e+00   3.805329e-01 223200608110153070       3572       4763     0 2453958.581400  1.351858e+01  1.055723e-01  1.351858e+01  1.055723e-01 
   82518418   3.606904e+00   2.463949e-01   3.606904e+00   2.463949e-01 223200608130142530       3573       4743     0 2453960.574282  1.360716e+01  7.416910e-02  1.360716e+01  7.416910e-02 
   82518477   3.496459e+00   2.459784e-01   3.496459e+00   2.459784e-01 223200608130143520       3574       4740     0 2453960.574965  1.364093e+01  7.638259e-02  1.364093e+01  7.638259e-02 
   82518539   3.468700e+00   2.437512e-01   3.468700e+00   2.437512e-01 223200608130144550       3573       4735     0 2453960.575683  1.364958e+01  7.629671e-02  1.364958e+01  7.629671e-02 
   82518617   3.335670e+00   2.425230e-01   3.335670e+00   2.425230e-01 223200608130146120       3568       4755     0 2453960.576586  1.369204e+01  7.893974e-02  1.369204e+01  7.893974e-02 
   82604599   3.241295e+00   1.988653e-01   3.241295e+00   1.988653e-01 223200608140139160       3571       4761     0 2453961.571748  1.372320e+01  6.661411e-02  1.372320e+01  6.661411e-02 
   82604655   3.204749e+00   2.006757e-01   3.204749e+00   2.006757e-01 223200608140140120       3578       4757     0 2453961.572396  1.373551e+01  6.798711e-02  1.373551e+01  6.798711e-02 
   82604712   3.490863e+00   2.035766e-01   3.490863e+00   2.035766e-01 223200608140141080       3591       4755     0 2453961.573056  1.364267e+01  6.331707e-02  1.364267e+01  6.331707e-02 
   82604766   3.291911e+00   2.059664e-01   3.291911e+00   2.059664e-01 223200608140142030       3591       4752     0 2453961.573681  1.370638e+01  6.793196e-02  1.370638e+01  6.793196e-02 
   82863071   2.636627e+00   1.306336e-01   2.636627e+00   1.306336e-01 223200608170127120       3561       4770     0 2453964.563322  1.394738e+01  5.379378e-02  1.394738e+01  5.379378e-02 
   82863139   2.859812e+00   1.309239e-01   2.859812e+00   1.309239e-01 223200608170128190       3570       4739     0 2453964.564109  1.385916e+01  4.970583e-02  1.385916e+01  4.970583e-02 
   82863195   2.980446e+00   1.305224e-01   2.980446e+00   1.305224e-01 223200608170129150       3571       4737     0 2453964.564757  1.381430e+01  4.754770e-02  1.381430e+01  4.754770e-02 
   82863255   2.688040e+00   1.296583e-01   2.688040e+00   1.296583e-01 223200608170130160       3571       4735     0 2453964.565451  1.392641e+01  5.237094e-02  1.392641e+01  5.237094e-02 
   82949244   2.373821e+00   9.943715e-02   2.373821e+00   9.943715e-02 223200608180123250       3567       4719     0 2453965.560694  1.406138e+01  4.548064e-02  1.406138e+01  4.548064e-02 
   82949306   2.455704e+00   1.007262e-01   2.455704e+00   1.007262e-01 223200608180124270       3569       4718     0 2453965.561412  1.402456e+01  4.453406e-02  1.402456e+01  4.453406e-02 
   82949369   2.417430e+00   1.011659e-01   2.417430e+00   1.011659e-01 223200608180125310       3569       4714     0 2453965.562141  1.404162e+01  4.543661e-02  1.404162e+01  4.543661e-02 
   82949460   2.530027e+00   1.020873e-01   2.530027e+00   1.020873e-01 223200608180127020       3564       4732     0 2453965.563194  1.399219e+01  4.380990e-02  1.399219e+01  4.380990e-02 
   83724669   2.467680e+00   9.988135e-02   2.467680e+00   9.988135e-02 223200608270047250       3545       4768     0 2453974.535521  1.401928e+01  4.394622e-02  1.401928e+01  4.394622e-02 
   83724733   2.297424e+00   9.824992e-02   2.297424e+00   9.824992e-02 223200608270048280       3549       4736     0 2453974.536262  1.409690e+01  4.643194e-02  1.409690e+01  4.643194e-02 
   83724808   2.321060e+00   9.946890e-02   2.321060e+00   9.946890e-02 223200608270049440       3545       4755     0 2453974.537130  1.408578e+01  4.652932e-02  1.408578e+01  4.652932e-02 
   83724870   2.445984e+00   9.964906e-02   2.445984e+00   9.964906e-02 223200608270050460       3550       4728     0 2453974.537847  1.402887e+01  4.423289e-02  1.402887e+01  4.423289e-02 
   83810835   2.325645e+00   9.524208e-02   2.325645e+00   9.524208e-02 223200608280043330       3550       4758     0 2453975.532812  1.408364e+01  4.446428e-02  1.408364e+01  4.446428e-02 
   83810887   2.500378e+00   9.538651e-02   2.500378e+00   9.538651e-02 223200608280044250       3551       4755     0 2453975.533414  1.400499e+01  4.141972e-02  1.400499e+01  4.141972e-02 
   83810958   2.212877e+00   9.299973e-02   2.212877e+00   9.299973e-02 223200608280045350       3551       4751     0 2453975.534236  1.413761e+01  4.562997e-02  1.413761e+01  4.562997e-02 
   83811015   2.441858e+00   9.469195e-02   2.441858e+00   9.469195e-02 223200608280046320       3551       4749     0 2453975.534896  1.403070e+01  4.210353e-02  1.403070e+01  4.210353e-02 
   84328666   3.218959e+00   2.748798e-01   3.218959e+00   2.748798e-01 223200609030034170       3541       4688     0 2453981.526227  1.373071e+01  9.271568e-02  1.373071e+01  9.271568e-02 
   84328738   2.775069e+00   2.785388e-01   2.775069e+00   2.785388e-01 223200609030035280       3536       4707     0 2453981.527060  1.389182e+01  1.089777e-01  1.389182e+01  1.089777e-01 
   84328805   3.343129e+00   2.917514e-01   3.343129e+00   2.917514e-01 223200609030036350       3537       4674     0 2453981.527836  1.368962e+01  9.475142e-02  1.368962e+01  9.475142e-02 
   84328862   3.600373e+00   2.826454e-01   3.600373e+00   2.826454e-01 223200609030037320       3538       4673     0 2453981.528495  1.360913e+01  8.523545e-02  1.360913e+01  8.523545e-02 
   84500172   3.302833e+00   4.311913e-01   3.302833e+00   4.311913e-01 223200609050012480       3548       4753     0 2453983.511250  1.370278e+01  1.417455e-01  1.370278e+01  1.417455e-01 
   84500232   3.062306e+00   4.296420e-01   3.062306e+00   4.296420e-01 223200609050013480       3549       4749     0 2453983.511944  1.378488e+01  1.523295e-01  1.378488e+01  1.523295e-01 
   84500294   3.603713e+00   4.338394e-01   3.603713e+00   4.338394e-01 223200609050014500       3549       4746     0 2453983.512662  1.360812e+01  1.307088e-01  1.360812e+01  1.307088e-01 
   84500372   3.337974e+00   4.345131e-01   3.337974e+00   4.345131e-01 223200609050016080       3544       4765     0 2453983.513565  1.369129e+01  1.413337e-01  1.369129e+01  1.413337e-01 
   84844845   3.034119e+00   5.962511e-01   3.034119e+00   5.962511e-01 223200609082357310       3558       4761     0 2453987.500521  1.379492e+01  2.133646e-01  1.379492e+01  2.133646e-01 
   84844901   3.254400e+00   5.972493e-01   3.254400e+00   5.972493e-01 223200609082358260       3559       4756     0 2453987.501169  1.371882e+01  1.992556e-01  1.371882e+01  1.992556e-01 
   84844958   3.016207e+00   5.921123e-01   3.016207e+00   5.921123e-01 223200609082359230       3558       4753     0 2453987.501829  1.380135e+01  2.131419e-01  1.380135e+01  2.131419e-01 
   84845020   3.045792e+00   5.919477e-01   3.045792e+00   5.919477e-01 223200609090000260       3558       4750     0 2453987.502546  1.379075e+01  2.110129e-01  1.379075e+01  2.110129e-01 
   85017145   3.398656e+00   3.263260e-01   3.398656e+00   3.263260e-01 223200609102349160       3534       4714     0 2453989.494734  1.367173e+01  1.042486e-01  1.367173e+01  1.042486e-01 
   85017212   3.803616e+00   4.138175e-01   3.803616e+00   4.138175e-01 223200609102350220       3535       4712     0 2453989.495509  1.354951e+01  1.181240e-01  1.354951e+01  1.181240e-01 
   85017271   3.391372e+00   3.675890e-01   3.391372e+00   3.675890e-01 223200609102351210       3536       4709     0 2453989.496192  1.367406e+01  1.176828e-01  1.367406e+01  1.176828e-01 
   85017329   3.643510e+00   3.732905e-01   3.643510e+00   3.732905e-01 223200609102352200       3534       4702     0 2453989.496863  1.359620e+01  1.112379e-01  1.359620e+01  1.112379e-01 
   85361737   2.486982e+00   9.728018e-02   2.486982e+00   9.728018e-02 223200609142332380       3537       4667     0 2453993.483067  1.401082e+01  4.246954e-02  1.401082e+01  4.246954e-02 
   85361794   2.411849e+00   9.771573e-02   2.411849e+00   9.771573e-02 223200609142333360       3538       4664     0 2453993.483727  1.404412e+01  4.398861e-02  1.404412e+01  4.398861e-02 
   85361855   2.344888e+00   9.759244e-02   2.344888e+00   9.759244e-02 223200609142334370       3538       4661     0 2453993.484433  1.407469e+01  4.518767e-02  1.407469e+01  4.518767e-02 
   85361930   2.423453e+00   9.782954e-02   2.423453e+00   9.782954e-02 223200609142335520       3533       4681     0 2453993.485301  1.403891e+01  4.382896e-02  1.403891e+01  4.382896e-02 
   85620634   2.708721e+00   1.103550e-01   2.708721e+00   1.103550e-01 223200609172327440       3506       4673     0 2453996.479560  1.391809e+01  4.423372e-02  1.391809e+01  4.423372e-02 
   85620693   2.475699e+00   1.101985e-01   2.475699e+00   1.101985e-01 223200609172328430       3506       4669     0 2453996.480243  1.401576e+01  4.832855e-02  1.401576e+01  4.832855e-02 
   85620756   2.698072e+00   1.124009e-01   2.698072e+00   1.124009e-01 223200609172329460       3506       4666     0 2453996.480972  1.392237e+01  4.523160e-02  1.392237e+01  4.523160e-02 
   85620810   2.585296e+00   1.123508e-01   2.585296e+00   1.123508e-01 223200609172330410       3506       4663     0 2453996.481597  1.396872e+01  4.718368e-02  1.396872e+01  4.718368e-02 
   85706430   2.457970e+00   1.087147e-01   2.457970e+00   1.087147e-01 223200609182317440       3509       4646     0 2453997.472569  1.402356e+01  4.802169e-02  1.402356e+01  4.802169e-02 
   85706493   2.633696e+00   1.088529e-01   2.633696e+00   1.088529e-01 223200609182318460       3514       4623     0 2453997.473299  1.394859e+01  4.487455e-02  1.394859e+01  4.487455e-02 
   85706548   2.546573e+00   1.075781e-01   2.546573e+00   1.075781e-01 223200609182319410       3515       4621     0 2453997.473935  1.398511e+01  4.586628e-02  1.398511e+01  4.586628e-02 
   85706625   2.581154e+00   1.086920e-01   2.581154e+00   1.086920e-01 223200609182320580       3510       4643     0 2453997.474826  1.397047e+01  4.572033e-02  1.397047e+01  4.572033e-02 
   85878744   2.545376e+00   1.092113e-01   2.545376e+00   1.092113e-01 223200609202309430       3511       4699     0 2453999.466944  1.398562e+01  4.658449e-02  1.398562e+01  4.658449e-02 
   85878801   2.666333e+00   1.096262e-01   2.666333e+00   1.096262e-01 223200609202310400       3513       4696     0 2453999.467604  1.393521e+01  4.464015e-02  1.393521e+01  4.464015e-02 
   85878862   2.636144e+00   1.095015e-01   2.636144e+00   1.095015e-01 223200609202311410       3514       4694     0 2453999.468310  1.394758e+01  4.510003e-02  1.394758e+01  4.510003e-02 
   85878922   2.647606e+00   1.096732e-01   2.647606e+00   1.096732e-01 223200609202312420       3514       4691     0 2453999.469005  1.394287e+01  4.497520e-02  1.394287e+01  4.497520e-02 
   85964866   2.484531e+00   1.005312e-01   2.484531e+00   1.005312e-01 223200609212305090       3525       4694     0 2454000.463727  1.401189e+01  4.393214e-02  1.401189e+01  4.393214e-02 
   85965019   2.380295e+00   9.978979e-02   2.380295e+00   9.978979e-02 223200609212307420       3527       4686     0 2454000.465498  1.405842e+01  4.551779e-02  1.405842e+01  4.551779e-02 
   85965082   2.556871e+00   1.007514e-01   2.556871e+00   1.007514e-01 223200609212308460       3528       4683     0 2454000.466227  1.398073e+01  4.278267e-02  1.398073e+01  4.278267e-02 
   85965138   2.532646e+00   9.998351e-02   2.532646e+00   9.998351e-02 223200609212309410       3528       4681     0 2454000.466875  1.399106e+01  4.286273e-02  1.399106e+01  4.286273e-02 
   86404979   2.634489e+00   1.039822e-01   2.634489e+00   1.039822e-01 223200609270120390       3389       4337     0 2454005.557627  1.394826e+01  4.285371e-02  1.394826e+01  4.285371e-02 
   86405040   2.547771e+00   1.045835e-01   2.547771e+00   1.045835e-01 223200609270121400       3393       4312     0 2454005.558333  1.398460e+01  4.456857e-02  1.398460e+01  4.456857e-02 
   86405108   2.441427e+00   1.037242e-01   2.441427e+00   1.037242e-01 223200609270122490       3391       4309     0 2454005.559120  1.403089e+01  4.612775e-02  1.403089e+01  4.612775e-02 
   86405169   2.409770e+00   1.037005e-01   2.409770e+00   1.037005e-01 223200609270123490       3391       4308     0 2454005.559826  1.404506e+01  4.672304e-02  1.404506e+01  4.672304e-02 
   87688149   2.317327e+00   8.437690e-02   2.317327e+00   8.437690e-02 223200610112147440       3190       4500     0 2454020.409132  1.408753e+01  3.953322e-02  1.408753e+01  3.953322e-02 
   87688223   2.269579e+00   8.440299e-02   2.269579e+00   8.440299e-02 223200610112148580       3195       4473     0 2454020.409988  1.411014e+01  4.037740e-02  1.411014e+01  4.037740e-02 
   87688277   2.412474e+00   8.534982e-02   2.412474e+00   8.534982e-02 223200610112149520       3195       4470     0 2454020.410613  1.404384e+01  3.841190e-02  1.404384e+01  3.841190e-02 
   87860494   2.447863e+00   9.536044e-02   2.447863e+00   9.536044e-02 223200610132140170       3153       4522     0 2454022.403866  1.402803e+01  4.229674e-02  1.402803e+01  4.229674e-02 
   87860561   2.380772e+00   9.490008e-02   2.380772e+00   9.490008e-02 223200610132141240       3154       4518     0 2454022.404641  1.405821e+01  4.327874e-02  1.405821e+01  4.327874e-02 
   87860617   2.448060e+00   9.468299e-02   2.448060e+00   9.468299e-02 223200610132142200       3153       4515     0 2454022.405289  1.402794e+01  4.199289e-02  1.402794e+01  4.199289e-02 
   87860677   2.431866e+00   9.374467e-02   2.431866e+00   9.374467e-02 223200610132143190       3153       4513     0 2454022.405984  1.403515e+01  4.185360e-02  1.403515e+01  4.185360e-02 
   88033106   2.499524e+00   9.115660e-02   2.499524e+00   9.115660e-02 223200610152137170       3149       4552     0 2454024.401690  1.400536e+01  3.959648e-02  1.400536e+01  3.959648e-02 
   88033167   2.395085e+00   8.964832e-02   2.395085e+00   8.964832e-02 223200610152138180       3149       4547     0 2454024.402396  1.405170e+01  4.063937e-02  1.405170e+01  4.063937e-02 
   88033222   2.292194e+00   8.858094e-02   2.292194e+00   8.858094e-02 223200610152139130       3148       4543     0 2454024.403032  1.409937e+01  4.195800e-02  1.409937e+01  4.195800e-02 
   88033281   2.361696e+00   8.963401e-02   2.361696e+00   8.963401e-02 223200610152140120       3148       4539     0 2454024.403715  1.406694e+01  4.120736e-02  1.406694e+01  4.120736e-02 
   88377429   2.382933e+00   9.222673e-02   2.382933e+00   9.222673e-02 223200610192116140       3133       4568     0 2454028.386910  1.405722e+01  4.202143e-02  1.405722e+01  4.202143e-02 
   88377480   2.278601e+00   9.269826e-02   2.278601e+00   9.269826e-02 223200610192117070       3133       4564     0 2454028.387500  1.410583e+01  4.417017e-02  1.410583e+01  4.417017e-02 
   88377565   2.506134e+00   9.421367e-02   2.506134e+00   9.421367e-02 223200610192118310       3127       4584     0 2454028.388484  1.400249e+01  4.081648e-02  1.400249e+01  4.081648e-02 
   88377627   2.484592e+00   9.400095e-02   2.484592e+00   9.400095e-02 223200610192119340       3127       4580     0 2454028.389201  1.401186e+01  4.107740e-02  1.401186e+01  4.107740e-02 
   88463594   2.503451e+00   9.225363e-02   2.503451e+00   9.225363e-02 223200610202112230       3158       4523     0 2454029.384190  1.400365e+01  4.001015e-02  1.400365e+01  4.001015e-02 
   88463666   2.488931e+00   9.200945e-02   2.488931e+00   9.200945e-02 223200610202113350       3155       4518     0 2454029.385023  1.400997e+01  4.013704e-02  1.400997e+01  4.013704e-02 
   88463729   2.456747e+00   9.157487e-02   2.456747e+00   9.157487e-02 223200610202114380       3154       4516     0 2454029.385752  1.402410e+01  4.047079e-02  1.402410e+01  4.047079e-02 
   88463787   2.420438e+00   9.049180e-02   2.420438e+00   9.049180e-02 223200610202115380       3154       4514     0 2454029.386424  1.404027e+01  4.059206e-02  1.404027e+01  4.059206e-02 
   88551541   2.617654e+00   9.855329e-02   2.617654e+00   9.855329e-02 223200610212138150       3151       4462     0 2454030.402095  1.395522e+01  4.087754e-02  1.395522e+01  4.087754e-02 
   88551673   2.403380e+00   9.915149e-02   2.403380e+00   9.915149e-02 223200610212140270       3148       4452     0 2454030.403623  1.404794e+01  4.479222e-02  1.404794e+01  4.479222e-02 
   88551745   2.532404e+00   1.004755e-01   2.532404e+00   1.004755e-01 223200610212141400       3142       4471     0 2454030.404456  1.399117e+01  4.307775e-02  1.399117e+01  4.307775e-02 
   88637603   3.919580e+00   1.118366e+00   3.919580e+00   1.118366e+00 223200610222132420       3148       4504     0 2454031.398183  1.351690e+01  3.097919e-01  1.351690e+01  3.097919e-01 
   88637676   3.100137e+00   1.380393e+00   3.100137e+00   1.380393e+00 223200610222133550       3149       4475     0 2454031.399028  1.377155e+01  4.834456e-01  1.377155e+01  4.834456e-01 
   88637813   2.038142e+00   2.199962e+00   2.038142e+00   2.199962e+00 223200610222136110       3143       4491     0 2454031.400613  1.422691e+01  1.171943e+00  1.422691e+01  1.171943e+00 
   88640064   2.439565e+00   2.138005e+00   2.439565e+00   2.138005e+00 223200610222213430       3142       4369     0 2454031.426667  1.403172e+01  9.515294e-01  1.403172e+01  9.515294e-01 
   88722093   2.511219e+00   9.427438e-02   2.511219e+00   9.427438e-02 223200610232100550       3140       4554     0 2454032.376076  1.400029e+01  4.076007e-02  1.400029e+01  4.076007e-02 
   88722147   2.426265e+00   9.420754e-02   2.426265e+00   9.420754e-02 223200610232101500       3141       4551     0 2454032.376701  1.403765e+01  4.215735e-02  1.403765e+01  4.215735e-02 
   88722209   2.460217e+00   9.461547e-02   2.460217e+00   9.461547e-02 223200610232102520       3141       4548     0 2454032.377419  1.402257e+01  4.175558e-02  1.402257e+01  4.175558e-02 
   88722276   2.559703e+00   9.482075e-02   2.559703e+00   9.482075e-02 223200610232103590       3141       4545     0 2454032.378194  1.397953e+01  4.021978e-02  1.397953e+01  4.021978e-02 
   88980538   2.704347e+00   1.066570e-01   2.704347e+00   1.066570e-01 223200610262048320       3139       4610     0 2454035.367338  1.391984e+01  4.282060e-02  1.391984e+01  4.282060e-02 
   88980592   2.727969e+00   1.062498e-01   2.727969e+00   1.062498e-01 223200610262049260       3139       4606     0 2454035.367963  1.391040e+01  4.228777e-02  1.391040e+01  4.228777e-02 
   88980652   2.793762e+00   1.069843e-01   2.793762e+00   1.069843e-01 223200610262050270       3140       4604     0 2454035.368657  1.388453e+01  4.157731e-02  1.388453e+01  4.157731e-02 
   88980716   2.699387e+00   1.056490e-01   2.699387e+00   1.056490e-01 223200610262051300       3135       4595     0 2454035.369398  1.392184e+01  4.249387e-02  1.392184e+01  4.249387e-02 
   89066654   2.517741e+00   1.182039e-01   2.517741e+00   1.182039e-01 223200610272043520       3160       4581     0 2454036.364051  1.399747e+01  5.097376e-02  1.399747e+01  5.097376e-02 
   89066717   2.779532e+00   1.192052e-01   2.779532e+00   1.192052e-01 223200610272044550       3159       4579     0 2454036.364780  1.389007e+01  4.656391e-02  1.389007e+01  4.656391e-02 
   89066773   2.749453e+00   1.193114e-01   2.749453e+00   1.193114e-01 223200610272045520       3159       4575     0 2454036.365428  1.390188e+01  4.711523e-02  1.390188e+01  4.711523e-02 
   89066838   2.773823e+00   1.199565e-01   2.773823e+00   1.199565e-01 223200610272046560       3158       4572     0 2454036.366181  1.389230e+01  4.695381e-02  1.389230e+01  4.695381e-02 
   89152852   3.368876e+00   1.955703e-01   3.368876e+00   1.955703e-01 223200610282040350       3145       4594     0 2454037.361713  1.368129e+01  6.302949e-02  1.368129e+01  6.302949e-02 
   89152925   2.765893e+00   1.799825e-01   2.765893e+00   1.799825e-01 223200610282041480       3148       4564     0 2454037.362558  1.389541e+01  7.065140e-02  1.389541e+01  7.065140e-02 
   89152986   3.041637e+00   1.528849e-01   3.041637e+00   1.528849e-01 223200610282042490       3148       4562     0 2454037.363264  1.379223e+01  5.457364e-02  1.379223e+01  5.457364e-02 
   89238974   3.225153e+00   1.627396e-01   3.225153e+00   1.627396e-01 223200610292035590       3140       4555     0 2454038.358495  1.372862e+01  5.478588e-02  1.372862e+01  5.478588e-02 
   89239029   2.891759e+00   1.623944e-01   2.891759e+00   1.623944e-01 223200610292036550       3141       4551     0 2454038.359132  1.384709e+01  6.097260e-02  1.384709e+01  6.097260e-02 
   89239076   3.177463e+00   1.612373e-01   3.177463e+00   1.612373e-01 223200610292037410       3140       4544     0 2454038.359676  1.374480e+01  5.509482e-02  1.374480e+01  5.509482e-02 
   89239154   3.220569e+00   1.617355e-01   3.220569e+00   1.617355e-01 223200610292038590       3139       4541     0 2454038.360579  1.373017e+01  5.452538e-02  1.373017e+01  5.452538e-02 
   89411349   3.121901e+00   2.584207e-01   3.121901e+00   2.584207e-01 223200610312029020       3133       4555     0 2454040.353576  1.376395e+01  8.987398e-02  1.376395e+01  8.987398e-02 
   89411422   3.658432e+00   2.574962e-01   3.658432e+00   2.574962e-01 223200610312030160       3129       4573     0 2454040.354421  1.359176e+01  7.641904e-02  1.359176e+01  7.641904e-02 
   89411492   3.705373e+00   2.593031e-01   3.705373e+00   2.593031e-01 223200610312031250       3132       4543     0 2454040.355231  1.357792e+01  7.598042e-02  1.357792e+01  7.598042e-02 
   89411549   3.360480e+00   2.589305e-01   3.360480e+00   2.589305e-01 223200610312032230       3132       4540     0 2454040.355891  1.368400e+01  8.365806e-02  1.368400e+01  8.365806e-02 
   89506208   3.461782e+00   2.645252e-01   3.461782e+00   2.645252e-01 223200611012250050       3060       4174     0 2454041.451481  1.365175e+01  8.296467e-02  1.365175e+01  8.296467e-02 
   89506281   3.209557e+00   2.669121e-01   3.209557e+00   2.669121e-01 223200611012251190       3064       4145     0 2454041.452326  1.373389e+01  9.029194e-02  1.373389e+01  9.029194e-02 
   89506338   2.799840e+00   2.663641e-01   2.799840e+00   2.663641e-01 223200611012252160       3063       4143     0 2454041.452986  1.388217e+01  1.032924e-01  1.388217e+01  1.032924e-01 
   89506400   3.346843e+00   2.695386e-01   3.346843e+00   2.695386e-01 223200611012253170       3062       4141     0 2454041.453704  1.368841e+01  8.744027e-02  1.368841e+01  8.744027e-02 
   89842167   3.682612e+00   3.787431e-01   3.682612e+00   3.787431e-01 223200611052009400       3145       4553     0 2454045.339896  1.358461e+01  1.116643e-01  1.358461e+01  1.116643e-01 
   89842240   3.472869e+00   3.795982e-01   3.472869e+00   3.795982e-01 223200611052010530       3145       4549     0 2454045.340741  1.364828e+01  1.186756e-01  1.364828e+01  1.186756e-01 
   89842299   3.770085e+00   3.804899e-01   3.770085e+00   3.804899e-01 223200611052011520       3145       4547     0 2454045.341424  1.355912e+01  1.095766e-01  1.355912e+01  1.095766e-01 
   89928293   2.768628e+00   2.878753e-01   2.768628e+00   2.878753e-01 223200611062005110       3147       4574     0 2454046.336725  1.389434e+01  1.128927e-01  1.389434e+01  1.128927e-01 
   89928362   3.592866e+00   2.909773e-01   3.592866e+00   2.909773e-01 223200611062006190       3147       4570     0 2454046.337523  1.361140e+01  8.793139e-02  1.361140e+01  8.793139e-02 
   89928416   3.291459e+00   2.916724e-01   3.291459e+00   2.916724e-01 223200611062007140       3148       4568     0 2454046.338148  1.370653e+01  9.621277e-02  1.370653e+01  9.621277e-02 
   89928480   3.495412e+00   2.917588e-01   3.495412e+00   2.917588e-01 223200611062008180       3148       4565     0 2454046.338889  1.364125e+01  9.062572e-02  1.364125e+01  9.062572e-02 
   90014481   2.815601e+00   1.860323e-01   2.815601e+00   1.860323e-01 223200611072001430       3154       4581     0 2454047.334271  1.387607e+01  7.173696e-02  1.387607e+01  7.173696e-02 
   90014535   2.661419e+00   1.713574e-01   2.661419e+00   1.713574e-01 223200611072002370       3155       4578     0 2454047.334896  1.393722e+01  6.990615e-02  1.393722e+01  6.990615e-02 
   90014624   3.012043e+00   1.711858e-01   3.012043e+00   1.711858e-01 223200611072004050       3149       4597     0 2454047.335926  1.380285e+01  6.170671e-02  1.380285e+01  6.170671e-02 
   90014686   2.749572e+00   1.738453e-01   2.749572e+00   1.738453e-01 223200611072005080       3148       4594     0 2454047.336644  1.390184e+01  6.864735e-02  1.390184e+01  6.864735e-02 
   90272970   2.368389e+00   1.029006e-01   2.368389e+00   1.029006e-01 223200611101950030       3151       4566     0 2454050.326042  1.406387e+01  4.717270e-02  1.406387e+01  4.717270e-02 
   90273024   2.291180e+00   1.018513e-01   2.291180e+00   1.018513e-01 223200611101950570       3151       4562     0 2454050.326667  1.409985e+01  4.826510e-02  1.409985e+01  4.826510e-02 
   90273072   2.473302e+00   1.048119e-01   2.473302e+00   1.048119e-01 223200611101951450       3150       4559     0 2454050.327222  1.401681e+01  4.601076e-02  1.401681e+01  4.601076e-02 
   90273137   2.379375e+00   1.017587e-01   2.379375e+00   1.017587e-01 223200611101952500       3150       4556     0 2454050.327975  1.405884e+01  4.643382e-02  1.405884e+01  4.643382e-02 
   90617585   2.544011e+00   9.838005e-02   2.544011e+00   9.838005e-02 223200611141933540       3140       4589     0 2454054.314641  1.398620e+01  4.198692e-02  1.398620e+01  4.198692e-02 
   90617647   2.489512e+00   9.823018e-02   2.489512e+00   9.823018e-02 223200611141934560       3141       4585     0 2454054.315359  1.400971e+01  4.284070e-02  1.400971e+01  4.284070e-02 
   90617707   2.485255e+00   9.805036e-02   2.485255e+00   9.805036e-02 223200611141935570       3146       4559     0 2454054.316053  1.401157e+01  4.283553e-02  1.401157e+01  4.283553e-02 
   90617758   2.449950e+00   9.809431e-02   2.449950e+00   9.809431e-02 223200611141936470       3146       4557     0 2454054.316644  1.402711e+01  4.347228e-02  1.402711e+01  4.347228e-02 
   93120130   2.984856e+00   2.268472e-01   2.984856e+00   2.268472e-01 223200612131844400       3812       4396     0 2454083.279282  1.381269e+01  8.251558e-02  1.381269e+01  8.251558e-02 
   93120189   2.981484e+00   2.122917e-01   2.981484e+00   2.122917e-01 223200612131845380       3813       4394     0 2454083.279965  1.381392e+01  7.730833e-02  1.381392e+01  7.730833e-02 
   93120265   3.128264e+00   1.906738e-01   3.128264e+00   1.906738e-01 223200612131846550       3808       4413     0 2454083.280845  1.376174e+01  6.617799e-02  1.376174e+01  6.617799e-02 
   93120329   3.039071e+00   1.808611e-01   3.039071e+00   1.808611e-01 223200612131847580       3812       4388     0 2454083.281586  1.379315e+01  6.461454e-02  1.379315e+01  6.461454e-02 
   93292965   3.051402e+00   2.730180e-01   3.051402e+00   2.730180e-01 223200612151845190       3786       4367     0 2454085.279688  1.378875e+01  9.714441e-02  1.378875e+01  9.714441e-02 
   93293019   3.431290e+00   2.573406e-01   3.431290e+00   2.573406e-01 223200612151846130       3785       4365     0 2454085.280312  1.366136e+01  8.142858e-02  1.366136e+01  8.142858e-02 
   93293073   3.095947e+00   2.418774e-01   3.095947e+00   2.418774e-01 223200612151847070       3785       4363     0 2454085.280937  1.377302e+01  8.482573e-02  1.377302e+01  8.482573e-02 
   93293127   3.016387e+00   2.271543e-01   3.016387e+00   2.271543e-01 223200612151848010       3784       4361     0 2454085.281563  1.380128e+01  8.176354e-02  1.380128e+01  8.176354e-02 
   93467306   2.591851e+00   1.085163e-01   2.591851e+00   1.085163e-01 223200612171911070       4137       4193     0 2454087.297523  1.396597e+01  4.545803e-02  1.396597e+01  4.545803e-02 
   93467362   2.575927e+00   1.067662e-01   2.575927e+00   1.067662e-01 223200612171912030       4135       4190     0 2454087.298171  1.397267e+01  4.500141e-02  1.397267e+01  4.500141e-02 
   93467422   2.672526e+00   1.063178e-01   2.672526e+00   1.063178e-01 223200612171913020       4134       4188     0 2454087.298866  1.393270e+01  4.319267e-02  1.393270e+01  4.319267e-02 
   93467492   2.750809e+00   1.042622e-01   2.750809e+00   1.042622e-01 223200612171914130       4127       4207     0 2454087.299676  1.390135e+01  4.115213e-02  1.390135e+01  4.115213e-02 
   93556664   2.415942e+00   9.741695e-02   2.415942e+00   9.741695e-02 223200612182000260       3196       4126     0 2454088.331759  1.404228e+01  4.377980e-02  1.404228e+01  4.377980e-02 
   93556722   2.297153e+00   9.686466e-02   2.297153e+00   9.686466e-02 223200612182001250       3196       4124     0 2454088.332431  1.409702e+01  4.578267e-02  1.409702e+01  4.578267e-02 
   93556791   2.482204e+00   9.846452e-02   2.482204e+00   9.846452e-02 223200612182002330       3195       4121     0 2454088.333229  1.401291e+01  4.306933e-02  1.401291e+01  4.306933e-02 
   93556855   2.348034e+00   9.819052e-02   2.348034e+00   9.819052e-02 223200612182003370       3193       4119     0 2454088.333970  1.407324e+01  4.540367e-02  1.407324e+01  4.540367e-02 
   93725364   3.225497e+00   2.270150e-01   3.225497e+00   2.270150e-01 223200612201852110       3255       4282     0 2454090.284306  1.372851e+01  7.641590e-02  1.372851e+01  7.641590e-02 
   93725423   2.906096e+00   2.116568e-01   2.906096e+00   2.116568e-01 223200612201853100       3255       4280     0 2454090.284988  1.384173e+01  7.907661e-02  1.384173e+01  7.907661e-02 
   93725480   2.994421e+00   2.001100e-01   2.994421e+00   2.001100e-01 223200612201854080       3254       4278     0 2454090.285648  1.380922e+01  7.255741e-02  1.380922e+01  7.255741e-02 
   93725542   3.096490e+00   1.881240e-01   3.096490e+00   1.881240e-01 223200612201855100       3253       4275     0 2454090.286366  1.377283e+01  6.596300e-02  1.377283e+01  6.596300e-02 
   94935171   4.114208e+00   4.136108e-01   4.114208e+00   4.136108e-01 223200701031856070       3196       4129     0 2454104.286701  1.346428e+01  1.091520e-01  1.346428e+01  1.091520e-01 
   94935237   3.309613e+00   4.074185e-01   3.309613e+00   4.074185e-01 223200701031857140       3196       4127     0 2454104.287465  1.370056e+01  1.336563e-01  1.370056e+01  1.336563e-01 
   94935295   3.162467e+00   4.024760e-01   3.162467e+00   4.024760e-01 223200701031858120       3195       4126     0 2454104.288137  1.374994e+01  1.381783e-01  1.374994e+01  1.381783e-01 
   94935360   3.953358e+00   4.004386e-01   3.953358e+00   4.004386e-01 223200701031859170       3194       4123     0 2454104.288889  1.350758e+01  1.099754e-01  1.350758e+01  1.099754e-01 
   95021600   3.053149e+00   3.091457e-01   3.053149e+00   3.091457e-01 223200701041856390       3192       4142     0 2454105.287037  1.378813e+01  1.099363e-01  1.378813e+01  1.099363e-01 
   95021672   3.154637e+00   2.922989e-01   3.154637e+00   2.922989e-01 223200701041857500       3197       4117     0 2454105.287870  1.375263e+01  1.006013e-01  1.375263e+01  1.006013e-01 
   95021737   2.982934e+00   2.775561e-01   2.982934e+00   2.775561e-01 223200701041858560       3196       4115     0 2454105.288623  1.381339e+01  1.010259e-01  1.381339e+01  1.010259e-01 
   95021793   3.481312e+00   2.674811e-01   3.481312e+00   2.674811e-01 223200701041859510       3195       4114     0 2454105.289271  1.364564e+01  8.342112e-02  1.364564e+01  8.342112e-02 
   95107902   3.057481e+00   2.668220e-01   3.057481e+00   2.668220e-01 223200701051855020       3170       4111     0 2454106.285903  1.378659e+01  9.475098e-02  1.378659e+01  9.475098e-02 
   95107958   2.757885e+00   2.496950e-01   2.757885e+00   2.496950e-01 223200701051855570       3169       4108     0 2454106.286551  1.389856e+01  9.830134e-02  1.389856e+01  9.830134e-02 
   95108012   3.004113e+00   2.355661e-01   3.004113e+00   2.355661e-01 223200701051856510       3169       4107     0 2454106.287176  1.380571e+01  8.513779e-02  1.380571e+01  8.513779e-02 
   95108066   3.016208e+00   2.224155e-01   3.016208e+00   2.224155e-01 223200701051857460       3168       4105     0 2454106.287801  1.380135e+01  8.006259e-02  1.380135e+01  8.006259e-02 
   95280691   3.216036e+00   2.392405e-01   3.216036e+00   2.392405e-01 223200701071854540       3147       4092     0 2454108.285775  1.373170e+01  8.076808e-02  1.373170e+01  8.076808e-02 
   95280820   2.923278e+00   2.030703e-01   2.923278e+00   2.030703e-01 223200701071857030       3166       4115     0 2454108.287269  1.383532e+01  7.542270e-02  1.383532e+01  7.542270e-02 
   95280876   2.813575e+00   1.894026e-01   2.813575e+00   1.894026e-01 223200701071857590       3164       4112     0 2454108.287917  1.387685e+01  7.308921e-02  1.387685e+01  7.308921e-02 
   95280932   2.972709e+00   1.789105e-01   2.972709e+00   1.789105e-01 223200701071858540       3163       4110     0 2454108.288565  1.381712e+01  6.534452e-02  1.381712e+01  6.534452e-02 
   95367154   2.705543e+00   2.683425e-01   2.705543e+00   2.683425e-01 223200701081855580       3150       4083     0 2454109.286505  1.391936e+01  1.076864e-01  1.391936e+01  1.076864e-01 
   95367210   3.157515e+00   2.506231e-01   3.157515e+00   2.506231e-01 223200701081856530       3150       4081     0 2454109.287153  1.375164e+01  8.617900e-02  1.375164e+01  8.617900e-02 
   95367265   3.114382e+00   2.347001e-01   3.114382e+00   2.347001e-01 223200701081857490       3148       4080     0 2454109.287789  1.376657e+01  8.182146e-02  1.376657e+01  8.182146e-02 
   95367321   2.950404e+00   2.202367e-01   2.950404e+00   2.202367e-01 223200701081858450       3147       4078     0 2454109.288438  1.382530e+01  8.104647e-02  1.382530e+01  8.104647e-02 
   95453539   3.204208e+00   2.582438e-01   3.204208e+00   2.582438e-01 223200701091855450       3153       4079     0 2454110.286331  1.373570e+01  8.750544e-02  1.373570e+01  8.750544e-02 
   95453595   3.257464e+00   2.419260e-01   3.257464e+00   2.419260e-01 223200701091856400       3152       4078     0 2454110.286979  1.371780e+01  8.063595e-02  1.371780e+01  8.063595e-02 
   95453649   2.956106e+00   2.270685e-01   2.956106e+00   2.270685e-01 223200701091857350       3151       4077     0 2454110.287604  1.382320e+01  8.339935e-02  1.382320e+01  8.339935e-02 
   95453705   3.008512e+00   2.148506e-01   3.008512e+00   2.148506e-01 223200701091858300       3150       4075     0 2454110.288252  1.380412e+01  7.753730e-02  1.380412e+01  7.753730e-02 
   95539929   3.213458e+00   2.614923e-01   3.213458e+00   2.614923e-01 223200701101855350       3149       4072     0 2454111.286215  1.373257e+01  8.835112e-02  1.373257e+01  8.835112e-02 
   95539983   3.049455e+00   2.451100e-01   3.049455e+00   2.451100e-01 223200701101856300       3149       4071     0 2454111.286840  1.378944e+01  8.726991e-02  1.378944e+01  8.726991e-02 
   95540037   2.712782e+00   2.296554e-01   2.712782e+00   2.296554e-01 223200701101857240       3148       4070     0 2454111.287465  1.391646e+01  9.191527e-02  1.391646e+01  9.191527e-02 
   95540093   3.205156e+00   2.163694e-01   3.205156e+00   2.163694e-01 223200701101858190       3147       4069     0 2454111.288113  1.373538e+01  7.329468e-02  1.373538e+01  7.329468e-02 
   95626313   3.515254e+00   2.719180e-01   3.515254e+00   2.719180e-01 223200701111855210       3131       4052     0 2454112.286030  1.363511e+01  8.398603e-02  1.363511e+01  8.398603e-02 
   95626369   3.175038e+00   2.536066e-01   3.175038e+00   2.536066e-01 223200701111856160       3131       4051     0 2454112.286678  1.374563e+01  8.672362e-02  1.374563e+01  8.672362e-02 
   95626423   3.003124e+00   2.372430e-01   3.003124e+00   2.372430e-01 223200701111857110       3130       4050     0 2454112.287303  1.380607e+01  8.577211e-02  1.380607e+01  8.577211e-02 
   95626479   3.109965e+00   2.233191e-01   3.109965e+00   2.233191e-01 223200701111858070       3130       4049     0 2454112.287951  1.376811e+01  7.796440e-02  1.376811e+01  7.796440e-02 
   95712696   3.451963e+00   2.511650e-01   3.451963e+00   2.511650e-01 223200701121855050       3160       4046     0 2454113.285833  1.365483e+01  7.899851e-02  1.365483e+01  7.899851e-02 
   95712752   3.283269e+00   2.355849e-01   3.283269e+00   2.355849e-01 223200701121856000       3160       4046     0 2454113.286481  1.370923e+01  7.790525e-02  1.370923e+01  7.790525e-02 
   95712806   3.222507e+00   2.224946e-01   3.222507e+00   2.224946e-01 223200701121856550       3159       4045     0 2454113.287106  1.372952e+01  7.496377e-02  1.372952e+01  7.496377e-02 
   95712860   3.549309e+00   2.108121e-01   3.549309e+00   2.108121e-01 223200701121857490       3158       4043     0 2454113.287731  1.362464e+01  6.448780e-02  1.362464e+01  6.448780e-02 
   95799118   3.001151e+00   2.214929e-01   3.001151e+00   2.214929e-01 223200701131855270       3156       4062     0 2454114.286088  1.380678e+01  8.013049e-02  1.380678e+01  8.013049e-02 
   95799172   3.185690e+00   2.093181e-01   3.185690e+00   2.093181e-01 223200701131856210       3156       4060     0 2454114.286713  1.374199e+01  7.133935e-02  1.374199e+01  7.133935e-02 
   95799296   2.846369e+00   1.830816e-01   2.846369e+00   1.830816e-01 223200701131858250       3157       4064     0 2454114.288148  1.386427e+01  6.983599e-02  1.386427e+01  6.983599e-02 
   95799350   2.876762e+00   1.734975e-01   2.876762e+00   1.734975e-01 223200701131859190       3156       4062     0 2454114.288773  1.385274e+01  6.548100e-02  1.385274e+01  6.548100e-02 
   95885588   3.315680e+00   2.102549e-01   3.315680e+00   2.102549e-01 223200701141856390       3151       4040     0 2454115.286898  1.369857e+01  6.884926e-02  1.369857e+01  6.884926e-02 
   95885644   2.978731e+00   1.971980e-01   2.978731e+00   1.971980e-01 223200701141857340       3151       4039     0 2454115.287546  1.381492e+01  7.187817e-02  1.381492e+01  7.187817e-02 
   95885698   3.036652e+00   1.858091e-01   3.036652e+00   1.858091e-01 223200701141858290       3151       4038     0 2454115.288171  1.379401e+01  6.643515e-02  1.379401e+01  6.643515e-02 
   95885830   2.872942e+00   1.636411e-01   2.872942e+00   1.636411e-01 223200701141900410       3148       4039     0 2454115.289699  1.385418e+01  6.184310e-02  1.385418e+01  6.184310e-02 
  105941763   3.627212e+00   2.817640e-01   3.627212e+00   2.817640e-01 223200705110414520       3129       4885     0 2454231.677812  1.360107e+01  8.434094e-02  1.360107e+01  8.434094e-02 
  105941819   3.616086e+00   2.975468e-01   3.616086e+00   2.975468e-01 223200705110415490       3132       4885     0 2454231.678461  1.360440e+01  8.933925e-02  1.360440e+01  8.933925e-02 
  105941878   3.794223e+00   3.151222e-01   3.794223e+00   3.151222e-01 223200705110416470       3134       4884     0 2454231.679144  1.355219e+01  9.017415e-02  1.355219e+01  9.017415e-02 
  105941933   3.447299e+00   3.362906e-01   3.447299e+00   3.362906e-01 223200705110417430       3136       4883     0 2454231.679780  1.365630e+01  1.059160e-01  1.365630e+01  1.059160e-01 
  106027818   3.067639e+00   1.706961e-01   3.067639e+00   1.706961e-01 223200705120409040       3153       4862     0 2454232.673819  1.378299e+01  6.041505e-02  1.378299e+01  6.041505e-02 
  106027944   3.553293e+00   1.877056e-01   3.553293e+00   1.877056e-01 223200705120411090       3140       4874     0 2454232.675278  1.362342e+01  5.735509e-02  1.362342e+01  5.735509e-02 
  106027998   3.517783e+00   1.967714e-01   3.517783e+00   1.967714e-01 223200705120412040       3143       4873     0 2454232.675903  1.363433e+01  6.073215e-02  1.363433e+01  6.073215e-02 
  106028052   3.350338e+00   2.064877e-01   3.350338e+00   2.064877e-01 223200705120412580       3145       4872     0 2454232.676528  1.368728e+01  6.691621e-02  1.368728e+01  6.691621e-02 
  106114073   2.978917e+00   1.728136e-01   2.978917e+00   1.728136e-01 223200705130406340       3129       4885     0 2454233.672141  1.381485e+01  6.298619e-02  1.381485e+01  6.298619e-02 
  106114127   2.797042e+00   1.758005e-01   2.797042e+00   1.758005e-01 223200705130407290       3133       4884     0 2454233.672766  1.388325e+01  6.824124e-02  1.388325e+01  6.824124e-02 
  106114183   2.693062e+00   1.794582e-01   2.693062e+00   1.794582e-01 223200705130408240       3135       4884     0 2454233.673414  1.392438e+01  7.235070e-02  1.392438e+01  7.235070e-02 
  106114237   3.172171e+00   1.866550e-01   3.172171e+00   1.866550e-01 223200705130409190       3137       4884     0 2454233.674039  1.374661e+01  6.388645e-02  1.374661e+01  6.388645e-02 
  124569520   3.326012e+00   3.051623e-01   3.326012e+00   3.051623e-01 221200712121841060      17029       3587     0 2454447.276852  1.369519e+01  9.961689e-02  1.369519e+01  9.961689e-02 
  124571579   3.897744e+00   1.103213e-01   3.897744e+00   1.103213e-01 222200712121915250       5268      23345     0 2454447.300683  1.352297e+01  3.073066e-02  1.352297e+01  3.073066e-02 
  124571643   3.325023e+00   9.438346e-02   3.325023e+00   9.438346e-02 221200712121916280      16981       3717     0 2454447.301424  1.369551e+01  3.081960e-02  1.369551e+01  3.081960e-02 
  124571703   2.707596e+00   8.874828e-02   2.707596e+00   8.874828e-02 223200712121917280       2461       8425     0 2454447.302118  1.391854e+01  3.558787e-02  1.391854e+01  3.558787e-02 
  124572787   3.937972e+00   1.077140e-01   3.937972e+00   1.077140e-01 222200712121935320       5244      23359     0 2454447.314664  1.351182e+01  2.969788e-02  1.351182e+01  2.969788e-02 
  124572978   3.517976e+00   9.234443e-02   3.517976e+00   9.234443e-02 221200712121938430      17021       3788     0 2454447.316875  1.363427e+01  2.849992e-02  1.363427e+01  2.849992e-02 
  124573037   2.573224e+00   8.584560e-02   2.573224e+00   8.584560e-02 223200712121939430       2446       8351     0 2454447.317558  1.397381e+01  3.622149e-02  1.397381e+01  3.622149e-02 
