\OBJNAME = '1SWASP J001946.68-722432.7'
\OBSSTART = '2006-05-11T04:14:48'
\OBSSTOP = '2007-12-12T19:39:43'
\TSTART = 74405742
\TSTOP = 124573050
\JD_REF = 2453005.5
\RA_OBJ = '4.944531'
\DEC_OBJ = '-72.409092'
\WASP_MAG = 14.64382
\HJD_START = 2453866.677569
\HJD_STOP = 2454447.317708
\fixlen = T
\NUMRECORDS = 399
\
\ This file was produced by the NASA Exoplanet Archive  http://exoplanetarchive.ipac.caltech.edu 
\ Tue Sep 17, 10:32:38 2013
\ Documentation for the SuperWASP dataset can be found at http://exoplanetarchive.ipac.caltech.edu/docs/SuperWASPMission.html
\
|TMID      |FLUX2         |FLUX2_ERR     |TAMFLUX2      |TAMFLUX2_ERR  |IMAGEID           |CCDX      |CCDY      |FLAG |           HJD|         MAG2|     MAG2_ERR|      TAMMAG2|  TAMMAG2_ERR|
|int       |float         |float         |float         |float         |char              |int       |int       |int  |        double|        float|        float|        float|        float|
|sec       |micro Vega    |micro Vega    |micro Vega    |micro Vega    |                  |1/16 pixel|1/16 pixel|     |           day|          mag|          mag|          mag|          mag|
|null      |null          |null          |null          |null          |null              |null      |null      |null |          null|         null|         null|         null|         null|
   74405742   1.495622e+00   2.173713e-01   1.495622e+00   2.173713e-01 223200605110414480      10123       1449     0 2453866.677569  1.456295e+01  1.577996e-01  1.456295e+01  1.577996e-01 
   74405879   1.491634e+00   2.663813e-01   1.491634e+00   2.663813e-01 223200605110417040      10133       1445     0 2453866.679155  1.456584e+01  1.938953e-01  1.456584e+01  1.938953e-01 
   74491855   1.409125e+00   2.306780e-01   1.409125e+00   2.306780e-01 223200605120409570      10143       1377     0 2453867.674248  1.462763e+01  1.777389e-01  1.462763e+01  1.777389e-01 
   74491993   1.740586e+00   2.480804e-01   1.740586e+00   2.480804e-01 223200605120412150      10152       1374     0 2453867.675845  1.439826e+01  1.547472e-01  1.439826e+01  1.547472e-01 
   74492046   1.584791e+00   2.564864e-01   1.584791e+00   2.564864e-01 223200605120413070      10155       1373     0 2453867.676458  1.450007e+01  1.757188e-01  1.450007e+01  1.757188e-01 
   74750378   1.550432e+00   3.334352e-01   1.550432e+00   3.334352e-01 223200605150358270      10139       1381     0 2453870.666412  1.452387e+01  2.334987e-01  1.452387e+01  2.334987e-01 
   74750438   1.562070e+00   3.263101e-01   1.562070e+00   3.263101e-01 223200605150359270      10144       1377     0 2453870.667106  1.451575e+01  2.268067e-01  1.451575e+01  2.268067e-01 
   74750492   1.484047e+00   3.288694e-01   1.484047e+00   3.288694e-01 223200605150400210      10148       1377     0 2453870.667731  1.457138e+01  2.406034e-01  1.457138e+01  2.406034e-01 
   75613827   9.993566e-01   1.219343e-01   9.993566e-01   1.219343e-01 223200605250348400      10229       1386     0 2453880.660035  1.500070e+01  1.324742e-01  1.500070e+01  1.324742e-01 
   75700093   1.318915e+00   1.207375e-01   1.318915e+00   1.207375e-01 223200605260346210      10238       1383     0 2453881.658484  1.469946e+01  9.939191e-02  1.469946e+01  9.939191e-02 
   75700156   1.188663e+00   1.196147e-01   1.188663e+00   1.196147e-01 223200605260347250      10245       1352     0 2453881.659213  1.481235e+01  1.092576e-01  1.481235e+01  1.092576e-01 
   75700223   1.194445e+00   1.175138e-01   1.194445e+00   1.175138e-01 223200605260348310      10244       1376     0 2453881.659988  1.480709e+01  1.068191e-01  1.480709e+01  1.068191e-01 
   75700292   1.074829e+00   1.186220e-01   1.074829e+00   1.186220e-01 223200605260349400      10250       1347     0 2453881.660787  1.492165e+01  1.198263e-01  1.492165e+01  1.198263e-01 
   76132312   1.218162e+00   9.828130e-02   1.218162e+00   9.828130e-02 223200605310349440      10302       1355     0 2453886.661019  1.478574e+01  8.759749e-02  1.478574e+01  8.759749e-02 
   76132379   1.121190e+00   9.862623e-02   1.121190e+00   9.862623e-02 223200605310350510      10309       1325     0 2453886.661794  1.487580e+01  9.550785e-02  1.487580e+01  9.550785e-02 
   76132428   1.167284e+00   9.980790e-02   1.167284e+00   9.980790e-02 223200605310351390      10310       1324     0 2453886.662361  1.483206e+01  9.283555e-02  1.483206e+01  9.283555e-02 
   76132490   1.182548e+00   9.992355e-02   1.182548e+00   9.992355e-02 223200605310352410      10313       1322     0 2453886.663079  1.481795e+01  9.174345e-02  1.481795e+01  9.174345e-02 
   76218783   1.324340e+00   1.020544e-01   1.324340e+00   1.020544e-01 223200606010350510      10320       1317     0 2453887.661840  1.469500e+01  8.366774e-02  1.469500e+01  8.366774e-02 
   76218851   1.381414e+00   1.018401e-01   1.381414e+00   1.018401e-01 223200606010351580      10320       1339     0 2453887.662627  1.464919e+01  8.004252e-02  1.464919e+01  8.004252e-02 
   76218921   1.112737e+00   1.019496e-01   1.112737e+00   1.019496e-01 223200606010353090      10324       1338     0 2453887.663438  1.488402e+01  9.947615e-02  1.488402e+01  9.947615e-02 
   76219007   1.151888e+00   1.013071e-01   1.151888e+00   1.013071e-01 223200606010354350      10331       1310     0 2453887.664433  1.484647e+01  9.548947e-02  1.484647e+01  9.548947e-02 
   76478189   1.135256e+00   1.089697e-01   1.135256e+00   1.089697e-01 223200606040354060      10331       1309     0 2453890.664225  1.486227e+01  1.042168e-01  1.486227e+01  1.042168e-01 
   76478262   1.042927e+00   1.095468e-01   1.042927e+00   1.095468e-01 223200606040355190      10332       1332     0 2453890.665069  1.495436e+01  1.140437e-01  1.495436e+01  1.140437e-01 
   76478338   1.085460e+00   1.106474e-01   1.085460e+00   1.106474e-01 223200606040356360      10339       1301     0 2453890.665949  1.491097e+01  1.106760e-01  1.491097e+01  1.106760e-01 
   76478391   1.026633e+00   1.106296e-01   1.026633e+00   1.106296e-01 223200606040357280      10341       1299     0 2453890.666562  1.497146e+01  1.169989e-01  1.497146e+01  1.169989e-01 
   76564531   1.131759e+00   2.755759e-01   1.131759e+00   2.755759e-01 223200606050353060      10358       1294     0 2453891.663553  1.486561e+01  2.643706e-01  1.486561e+01  2.643706e-01 
   76650903   1.112292e+00   9.852804e-02   1.112292e+00   9.852804e-02 223200606060352330      10347       1290     0 2453892.663229  1.488445e+01  9.617604e-02  1.488445e+01  9.617604e-02 
   76651037   1.159419e+00   1.021449e-01   1.159419e+00   1.021449e-01 223200606060354480      10354       1289     0 2453892.664780  1.483940e+01  9.565374e-02  1.483940e+01  9.565374e-02 
   76651093   1.012599e+00   1.007703e-01   1.012599e+00   1.007703e-01 223200606060355430      10356       1287     0 2453892.665428  1.498641e+01  1.080491e-01  1.498641e+01  1.080491e-01 
   76651169   1.009236e+00   9.901833e-02   1.009236e+00   9.901833e-02 223200606060357000      10355       1309     0 2453892.666308  1.499002e+01  1.065243e-01  1.499002e+01  1.065243e-01 
   76737397   9.848689e-01   1.047821e-01   9.848689e-01   1.047821e-01 223200606070354040      10357       1293     0 2453893.664317  1.501655e+01  1.155139e-01  1.501655e+01  1.155139e-01 
   76737505   1.125128e+00   1.037517e-01   1.125128e+00   1.037517e-01 223200606070355530      10362       1288     0 2453893.665567  1.487199e+01  1.001196e-01  1.487199e+01  1.001196e-01 
   76823991   9.319345e-01   1.022675e-01   9.319345e-01   1.022675e-01 223200606080357160      10389       1310     0 2453894.666562  1.507654e+01  1.191456e-01  1.507654e+01  1.191456e-01 
   76910213   1.176885e+00   9.860120e-02   1.176885e+00   9.860120e-02 223200606090354140      10380       1279     0 2453895.664502  1.482316e+01  9.096495e-02  1.482316e+01  9.096495e-02 
   76910267   1.116129e+00   9.828549e-02   1.116129e+00   9.828549e-02 223200606090355080      10383       1277     0 2453895.665127  1.488071e+01  9.560949e-02  1.488071e+01  9.560949e-02 
   76910351   1.245768e+00   1.000939e-01   1.245768e+00   1.000939e-01 223200606090356320      10382       1299     0 2453895.666100  1.476141e+01  8.723613e-02  1.476141e+01  8.723613e-02 
   76910423   1.162534e+00   9.939995e-02   1.162534e+00   9.939995e-02 223200606090357440      10387       1272     0 2453895.666933  1.483649e+01  9.283384e-02  1.483649e+01  9.283384e-02 
   76996568   1.375133e+00   2.092366e-01   1.375133e+00   2.092366e-01 223200606100353270      10385       1280     0 2453896.663981  1.465414e+01  1.652033e-01  1.465414e+01  1.652033e-01 
   76996633   1.221608e+00   2.091349e-01   1.221608e+00   2.091349e-01 223200606100354320      10389       1276     0 2453896.664734  1.478267e+01  1.858747e-01  1.478267e+01  1.858747e-01 
   76996694   1.550361e+00   2.075914e-01   1.550361e+00   2.075914e-01 223200606100355320      10391       1275     0 2453896.665440  1.452392e+01  1.453792e-01  1.452392e+01  1.453792e-01 
   76996749   1.408477e+00   2.043537e-01   1.408477e+00   2.043537e-01 223200606100356270      10393       1273     0 2453896.666076  1.462813e+01  1.575283e-01  1.462813e+01  1.575283e-01 
   77083146   1.516646e+00   3.552949e-01   1.516646e+00   3.552949e-01 223200606110356210      10404       1263     0 2453897.666042  1.454779e+01  2.543493e-01  1.454779e+01  2.543493e-01 
   77083200   1.458704e+00   3.584644e-01   1.458704e+00   3.584644e-01 223200606110357160      10406       1261     0 2453897.666667  1.459008e+01  2.668117e-01  1.459008e+01  2.668117e-01 
   77169254   8.004588e-01   4.504468e-01   8.004588e-01   4.504468e-01 223200606120351270      10398       1288     0 2453898.662662  1.524165e+01  6.109847e-01  1.524165e+01  6.109847e-01 
   77169316   6.299804e-01   4.489242e-01   6.299804e-01   4.489242e-01 223200606120352290      10405       1260     0 2453898.663380  1.550168e+01  7.736986e-01  1.550168e+01  7.736986e-01 
   77514680   1.454479e+00   2.072795e+00   1.454479e+00   2.072795e+00 223200606160348210      10407       1227     0 2453902.660648  1.459323e+01  1.547301e+00  1.459323e+01  1.547301e+00 
   77514745   2.079308e+00   2.628216e+00   2.079308e+00   2.628216e+00 223200606160349260      10409       1225     0 2453902.661400  1.420520e+01  1.372360e+00  1.420520e+01  1.372360e+00 
   77601435   1.181857e+00   1.805502e-01   1.181857e+00   1.805502e-01 223200606170354120      10420       1234     0 2453903.664757  1.481859e+01  1.658666e-01  1.481859e+01  1.658666e-01 
   77601505   1.112823e+00   1.802335e-01   1.112823e+00   1.802335e-01 223200606170355220      10422       1232     0 2453903.665567  1.488393e+01  1.758470e-01  1.488393e+01  1.758470e-01 
   77687709   1.440915e+00   1.553979e-01   1.440915e+00   1.553979e-01 223200606180352030      10442       1205     0 2453904.663299  1.460340e+01  1.170935e-01  1.460340e+01  1.170935e-01 
   77687752   1.243472e+00   1.535059e-01   1.243472e+00   1.535059e-01 223200606180352470      10444       1204     0 2453904.663796  1.476341e+01  1.340340e-01  1.476341e+01  1.340340e-01 
   77687820   1.310816e+00   1.523194e-01   1.310816e+00   1.523194e-01 223200606180353550      10445       1202     0 2453904.664583  1.470615e+01  1.261652e-01  1.470615e+01  1.261652e-01 
   77687871   1.270114e+00   1.511541e-01   1.270114e+00   1.511541e-01 223200606180354460      10446       1201     0 2453904.665174  1.474039e+01  1.292120e-01  1.474039e+01  1.292120e-01 
   77774345   1.350652e+00   1.297316e-01   1.350652e+00   1.297316e-01 223200606190355570      10487       1186     0 2453905.666030  1.467364e+01  1.042865e-01  1.467364e+01  1.042865e-01 
   77774401   1.288783e+00   1.293478e-01   1.288783e+00   1.293478e-01 223200606190356530      10487       1186     0 2453905.666678  1.472455e+01  1.089695e-01  1.472455e+01  1.089695e-01 
   77774463   1.271236e+00   1.293807e-01   1.271236e+00   1.293807e-01 223200606190357560      10487       1185     0 2453905.667396  1.473944e+01  1.105018e-01  1.473944e+01  1.105018e-01 
   77774528   1.303064e+00   1.285030e-01   1.303064e+00   1.285030e-01 223200606190359000      10482       1211     0 2453905.668148  1.471259e+01  1.070714e-01  1.471259e+01  1.070714e-01 
   77860882   1.031605e+00   1.107963e-01   1.031605e+00   1.107963e-01 223200606200358110      10472       1180     0 2453906.667616  1.496622e+01  1.166105e-01  1.496622e+01  1.166105e-01 
   77947069   1.091580e+00   1.135391e-01   1.091580e+00   1.135391e-01 223200606210354360      10466       1180     0 2453907.665150  1.490486e+01  1.129316e-01  1.490486e+01  1.129316e-01 
   77947123   1.251160e+00   1.131523e-01   1.251160e+00   1.131523e-01 223200606210355300      10467       1181     0 2453907.665775  1.475672e+01  9.819206e-02  1.475672e+01  9.819206e-02 
   77947201   1.293364e+00   1.147617e-01   1.293364e+00   1.147617e-01 223200606210356480      10464       1206     0 2453907.666678  1.472070e+01  9.633897e-02  1.472070e+01  9.633897e-02 
   77947269   1.195874e+00   1.139801e-01   1.195874e+00   1.139801e-01 223200606210357550      10467       1181     0 2453907.667465  1.480579e+01  1.034831e-01  1.480579e+01  1.034831e-01 
   78119980   9.024721e-01   9.895356e-02   9.024721e-01   9.895356e-02 223200606230356210      10458       1160     0 2453909.666435  1.511142e+01  1.190484e-01  1.511142e+01  1.190484e-01 
   78120034   1.043833e+00   9.904781e-02   1.043833e+00   9.904781e-02 223200606230357150      10457       1161     0 2453909.667060  1.495342e+01  1.030243e-01  1.495342e+01  1.030243e-01 
   78120182   1.031568e+00   9.966812e-02   1.031568e+00   9.966812e-02 223200606230359440      10456       1170     0 2453909.668773  1.496626e+01  1.049021e-01  1.496626e+01  1.049021e-01 
   78120244   1.074274e+00   9.985398e-02   1.074274e+00   9.985398e-02 223200606230400460      10457       1148     0 2453909.669491  1.492221e+01  1.009198e-01  1.492221e+01  1.009198e-01 
   78206439   1.120976e+00   1.058392e-01   1.120976e+00   1.058392e-01 223200606240357190      10477       1146     0 2453910.667118  1.487601e+01  1.025123e-01  1.487601e+01  1.025123e-01 
   78206498   1.124614e+00   1.049912e-01   1.124614e+00   1.049912e-01 223200606240358180      10474       1150     0 2453910.667801  1.487249e+01  1.013620e-01  1.487249e+01  1.013620e-01 
   78206573   1.055367e+00   1.030198e-01   1.055367e+00   1.030198e-01 223200606240359320      10465       1180     0 2453910.668669  1.494149e+01  1.059847e-01  1.494149e+01  1.059847e-01 
   78206632   1.043658e+00   1.036560e-01   1.043658e+00   1.036560e-01 223200606240400310      10461       1163     0 2453910.669352  1.495360e+01  1.078355e-01  1.495360e+01  1.078355e-01 
   78292878   9.993594e-01   9.520069e-02   9.993594e-01   9.520069e-02 223200606250357560      10479       1129     0 2453911.667569  1.500070e+01  1.034294e-01  1.500070e+01  1.034294e-01 
   78292932   1.087357e+00   9.494486e-02   1.087357e+00   9.494486e-02 223200606250358490      10473       1136     0 2453911.668194  1.490907e+01  9.480364e-02  1.490907e+01  9.480364e-02 
   78292983   1.126239e+00   9.395654e-02   1.126239e+00   9.395654e-02 223200606250359400      10462       1150     0 2453911.668785  1.487092e+01  9.057789e-02  1.487092e+01  9.057789e-02 
   78293045   1.163648e+00   9.542524e-02   1.163648e+00   9.542524e-02 223200606250400430      10463       1149     0 2453911.669502  1.483545e+01  8.903641e-02  1.483545e+01  8.903641e-02 
   78725024   9.203364e-01   9.488856e-02   9.203364e-01   9.488856e-02 223200606300400090      10493       1105     0 2453916.669259  1.509013e+01  1.119420e-01  1.509013e+01  1.119420e-01 
   78725071   8.577580e-01   9.461875e-02   8.577580e-01   9.461875e-02 223200606300400570      10493       1103     0 2453916.669803  1.516659e+01  1.197673e-01  1.516659e+01  1.197673e-01 
   78811383   1.197277e+00   1.023139e-01   1.197277e+00   1.023139e-01 223200607010359260      10486       1098     0 2453917.668785  1.480451e+01  9.278244e-02  1.480451e+01  9.278244e-02 
   78811462   1.042181e+00   1.002813e-01   1.042181e+00   1.002813e-01 223200607010400450      10484       1120     0 2453917.669699  1.495514e+01  1.044727e-01  1.495514e+01  1.044727e-01 
   78811527   1.111003e+00   1.014694e-01   1.111003e+00   1.014694e-01 223200607010401510      10488       1092     0 2453917.670451  1.488571e+01  9.916213e-02  1.488571e+01  9.916213e-02 
   78811578   9.943497e-01   1.008694e-01   9.943497e-01   1.008694e-01 223200607010402420      10489       1090     0 2453917.671042  1.500615e+01  1.101403e-01  1.500615e+01  1.101403e-01 
   78897853   2.285084e+00   5.208686e-01   2.285084e+00   5.208686e-01 223200607020400340      10498       1086     0 2453918.669595  1.410275e+01  2.474867e-01  1.410275e+01  2.474867e-01 
   78897980   1.036573e+00   1.689703e-01   1.036573e+00   1.689703e-01 223200607020402420      10495       1106     0 2453918.671065  1.496100e+01  1.769850e-01  1.496100e+01  1.769850e-01 
   78984196   1.043435e+00   9.573869e-02   1.043435e+00   9.573869e-02 223200607030359350      10504       1074     0 2453919.668935  1.495384e+01  9.962036e-02  1.495384e+01  9.962036e-02 
   78984250   1.006816e+00   9.390857e-02   1.006816e+00   9.390857e-02 223200607030400290      10507       1071     0 2453919.669560  1.499263e+01  1.012701e-01  1.499263e+01  1.012701e-01 
   78984308   8.550145e-01   9.291053e-02   8.550145e-01   9.291053e-02 223200607030401270      10507       1069     0 2453919.670231  1.517007e+01  1.179824e-01  1.517007e+01  1.179824e-01 
   78984363   1.833854e+00   1.023226e-01   1.833854e+00   1.023226e-01 223200607030402220      10507       1067     0 2453919.670868  1.434159e+01  6.058048e-02  1.434159e+01  6.058048e-02 
   79070519   9.224476e-01   9.467053e-02   9.224476e-01   9.467053e-02 223200607040358180      10501       1053     0 2453920.668044  1.508765e+01  1.114292e-01  1.508765e+01  1.114292e-01 
   79070631   1.047285e+00   9.488759e-02   1.047285e+00   9.488759e-02 223200607040400090      10503       1049     0 2453920.669340  1.494984e+01  9.837177e-02  1.494984e+01  9.837177e-02 
   79416172   9.762378e-01   9.520373e-02   9.762378e-01   9.520373e-02 223200607080359030      10506       1032     0 2453924.668657  1.502611e+01  1.058825e-01  1.502611e+01  1.058825e-01 
   79416230   1.042979e+00   9.540965e-02   1.042979e+00   9.540965e-02 223200607080400010      10507       1029     0 2453924.669329  1.495431e+01  9.932131e-02  1.495431e+01  9.932131e-02 
   79502436   1.302706e+00   1.509168e-01   1.302706e+00   1.509168e-01 223200607090356460      10511       1031     0 2453925.667083  1.471288e+01  1.257816e-01  1.471288e+01  1.257816e-01 
   79502488   1.458062e+00   1.492673e-01   1.458062e+00   1.492673e-01 223200607090357380      10512       1029     0 2453925.667685  1.459056e+01  1.111513e-01  1.459056e+01  1.111513e-01 
   79502557   1.350944e+00   1.441588e-01   1.350944e+00   1.441588e-01 223200607090358470      10512       1026     0 2453925.668484  1.467341e+01  1.158589e-01  1.467341e+01  1.158589e-01 
   79502711   1.230836e+00   1.402349e-01   1.230836e+00   1.402349e-01 223200607090401200      10510       1008     0 2453925.670266  1.477450e+01  1.237034e-01  1.477450e+01  1.237034e-01 
   80278190   1.077204e+00   1.597378e-01   1.077204e+00   1.597378e-01 223200607180325470      10542        988     0 2453934.645718  1.491926e+01  1.610036e-01  1.491926e+01  1.610036e-01 
   80278252   1.301241e+00   1.585304e-01   1.301241e+00   1.585304e-01 223200607180326500      10546        960     0 2453934.646435  1.471411e+01  1.322759e-01  1.471411e+01  1.322759e-01 
   80278405   9.054568e-01   2.387601e-01   9.054568e-01   2.387601e-01 223200607180329220      10546        955     0 2453934.648206  1.510783e+01  2.862990e-01  1.510783e+01  2.862990e-01 
   80364282   1.082380e+00   1.183465e-01   1.082380e+00   1.183465e-01 223200607190320380      10538        970     0 2453935.642153  1.491405e+01  1.187139e-01  1.491405e+01  1.187139e-01 
   80364338   1.111066e+00   1.187497e-01   1.111066e+00   1.187497e-01 223200607190321350      10538        969     0 2453935.642801  1.488565e+01  1.160429e-01  1.488565e+01  1.160429e-01 
   80364398   1.049722e+00   1.183084e-01   1.049722e+00   1.183084e-01 223200607190322340      10538        967     0 2453935.643495  1.494731e+01  1.223678e-01  1.494731e+01  1.223678e-01 
   80364459   1.321315e+00   1.188767e-01   1.321315e+00   1.188767e-01 223200607190323360      10539        966     0 2453935.644201  1.469748e+01  9.768234e-02  1.469748e+01  9.768234e-02 
   80450497   1.138905e+00   1.047363e-01   1.138905e+00   1.047363e-01 223200607200317340      10543        962     0 2453936.640012  1.485878e+01  9.984717e-02  1.485878e+01  9.984717e-02 
   80450558   1.107313e+00   1.044428e-01   1.107313e+00   1.044428e-01 223200607200318350      10542        960     0 2453936.640718  1.488932e+01  1.024080e-01  1.488932e+01  1.024080e-01 
   80450622   1.090005e+00   1.043087e-01   1.090005e+00   1.043087e-01 223200607200319380      10542        958     0 2453936.641458  1.490643e+01  1.039005e-01  1.490643e+01  1.039005e-01 
   80450680   1.161193e+00   1.052843e-01   1.161193e+00   1.052843e-01 223200607200320360      10542        957     0 2453936.642130  1.483774e+01  9.844303e-02  1.483774e+01  9.844303e-02 
   80967430   1.155567e+00   9.385545e-02   1.155567e+00   9.385545e-02 223200607260253020      10501        998     0 2453942.623032  1.484301e+01  8.818407e-02  1.484301e+01  8.818407e-02 
   80967489   1.075487e+00   9.285552e-02   1.075487e+00   9.285552e-02 223200607260254000      10502        996     0 2453942.623715  1.492099e+01  9.374076e-02  1.492099e+01  9.374076e-02 
   80967549   9.557986e-01   9.180257e-02   9.557986e-01   9.180257e-02 223200607260255010      10503        994     0 2453942.624410  1.504908e+01  1.042832e-01  1.504908e+01  1.042832e-01 
   80967605   9.797146e-01   9.213996e-02   9.797146e-01   9.213996e-02 223200607260255560      10504        991     0 2453942.625058  1.502225e+01  1.021114e-01  1.502225e+01  1.021114e-01 
   81053712   9.941008e-01   1.047439e-01   9.941008e-01   1.047439e-01 223200607270251040      10498        991     0 2453943.621667  1.500642e+01  1.143995e-01  1.500642e+01  1.143995e-01 
   81053768   9.739391e-01   1.025656e-01   9.739391e-01   1.025656e-01 223200607270251590      10499        989     0 2453943.622315  1.502867e+01  1.143394e-01  1.502867e+01  1.143394e-01 
   81139827   1.001615e+00   6.983120e-01   1.001615e+00   6.983120e-01 223200607280246190      10515        985     0 2453944.618368  1.499825e+01  7.569628e-01  1.499825e+01  7.569628e-01 
   81139886   1.573343e+00   1.206108e+00   1.573343e+00   1.206108e+00 223200607280247170      10516        983     0 2453944.619051  1.450794e+01  8.323169e-01  1.450794e+01  8.323169e-01 
   81139940   1.028962e+00   7.473529e-01   1.028962e+00   7.473529e-01 223200607280248110      10517        981     0 2453944.619676  1.496900e+01  7.885921e-01  1.496900e+01  7.885921e-01 
   81139994   1.568080e+00   4.882783e-01   1.568080e+00   4.882783e-01 223200607280249060      10517        979     0 2453944.620301  1.451158e+01  3.380843e-01  1.451158e+01  3.380843e-01 
   82346064   1.134121e+00   3.622346e-01   1.134121e+00   3.622346e-01 224200608110150170      21189       1320     0 2453958.579444  1.486335e+01  3.467817e-01  1.486335e+01  3.467817e-01 
   82346064   1.617185e+00   3.710651e-01   1.617185e+00   3.710651e-01 223200608110150170      10513       1028     0 2453958.579444  1.447810e+01  2.491244e-01  1.447810e+01  2.491244e-01 
   82346120   1.128249e+00   3.587927e-01   1.128249e+00   3.587927e-01 224200608110151120      21184       1322     0 2453958.580093  1.486899e+01  3.452745e-01  1.486899e+01  3.452745e-01 
   82346120   1.932656e+00   3.706802e-01   1.932656e+00   3.706802e-01 223200608110151120      10516       1026     0 2453958.580093  1.428461e+01  2.082431e-01  1.428461e+01  2.082431e-01 
   82346175   1.055724e+00   3.717792e-01   1.055724e+00   3.717792e-01 223200608110152070      10516       1022     0 2453958.580729  1.494112e+01  3.823495e-01  1.494112e+01  3.823495e-01 
   82346234   1.346076e+00   3.553406e-01   1.346076e+00   3.553406e-01 224200608110153070      21182       1325     0 2453958.581412  1.467733e+01  2.866165e-01  1.467733e+01  2.866165e-01 
   82346234   1.650083e+00   3.726471e-01   1.650083e+00   3.726471e-01 223200608110153070      10517       1020     0 2453958.581412  1.445624e+01  2.451985e-01  1.445624e+01  2.451985e-01 
   82518419   2.017845e+00   3.659787e-01   2.017845e+00   3.659787e-01 224200608130142530      21148       1405     0 2453960.574294  1.423778e+01  1.969218e-01  1.423778e+01  1.969218e-01 
   82518478   1.195778e+00   2.379249e-01   1.195778e+00   2.379249e-01 223200608130143520      10517        993     0 2453960.574977  1.480587e+01  2.160306e-01  1.480587e+01  2.160306e-01 
   82518618   1.722334e+00   3.676479e-01   1.722334e+00   3.676479e-01 224200608130146120      21145       1385     0 2453960.576597  1.440971e+01  2.317611e-01  1.440971e+01  2.317611e-01 
   82518618   1.096356e+00   2.361595e-01   1.096356e+00   2.361595e-01 223200608130146120      10512       1011     0 2453960.576597  1.490012e+01  2.338728e-01  1.490012e+01  2.338728e-01 
   82604601   1.436118e+00   1.938909e-01   1.436118e+00   1.938909e-01 224200608140139160      21122       1416     0 2453961.571771  1.460703e+01  1.465863e-01  1.460703e+01  1.465863e-01 
   82604601   1.433912e+00   1.919221e-01   1.433912e+00   1.919221e-01 223200608140139160      10516       1017     0 2453961.571771  1.460869e+01  1.453210e-01  1.460869e+01  1.453210e-01 
   82604657   1.545515e+00   1.944236e-01   1.545515e+00   1.944236e-01 224200608140140120      21118       1416     0 2453961.572419  1.452732e+01  1.365845e-01  1.452732e+01  1.365845e-01 
   82604714   1.411241e+00   1.960131e-01   1.411241e+00   1.960131e-01 224200608140141080      21114       1413     0 2453961.573079  1.462600e+01  1.508029e-01  1.462600e+01  1.508029e-01 
   82604768   1.767112e+00   1.969382e-01   1.767112e+00   1.969382e-01 224200608140142030      21114       1415     0 2453961.573704  1.438184e+01  1.210017e-01  1.438184e+01  1.210017e-01 
   82604768   1.541146e+00   1.992444e-01   1.541146e+00   1.992444e-01 223200608140142030      10535       1008     0 2453961.573704  1.453039e+01  1.403680e-01  1.453039e+01  1.403680e-01 
   82863074   1.130691e+00   1.234667e-01   1.130691e+00   1.234667e-01 223200608170127120      10506       1026     0 2453964.563356  1.486664e+01  1.185583e-01  1.486664e+01  1.185583e-01 
   82863142   1.543648e+00   1.292073e-01   1.543648e+00   1.292073e-01 224200608170128190      21124       1415     0 2453964.564144  1.452863e+01  9.087928e-02  1.452863e+01  9.087928e-02 
   82863142   1.185721e+00   1.224520e-01   1.185721e+00   1.224520e-01 223200608170128190      10513        993     0 2453964.564144  1.481504e+01  1.121267e-01  1.481504e+01  1.121267e-01 
   82863198   1.393165e+00   1.289617e-01   1.393165e+00   1.289617e-01 224200608170129150      21122       1415     0 2453964.564792  1.463999e+01  1.005041e-01  1.463999e+01  1.005041e-01 
   82863198   1.333475e+00   1.232830e-01   1.333475e+00   1.232830e-01 223200608170129150      10514        990     0 2453964.564792  1.468754e+01  1.003793e-01  1.468754e+01  1.003793e-01 
   82863258   1.481999e+00   1.290778e-01   1.481999e+00   1.290778e-01 224200608170130160      21121       1416     0 2453964.565486  1.457288e+01  9.456477e-02  1.457288e+01  9.456477e-02 
   82863258   1.203896e+00   1.238767e-01   1.203896e+00   1.238767e-01 223200608170130160      10515        988     0 2453964.565486  1.479853e+01  1.117189e-01  1.479853e+01  1.117189e-01 
   82949247   1.601053e+00   1.028163e-01   1.601053e+00   1.028163e-01 224200608180123250      21193       1363     0 2453965.560729  1.448899e+01  6.972398e-02  1.448899e+01  6.972398e-02 
   82949309   1.616302e+00   1.030156e-01   1.616302e+00   1.030156e-01 224200608180124270      21189       1364     0 2453965.561447  1.447869e+01  6.919999e-02  1.447869e+01  6.919999e-02 
   82949309   9.685078e-01   9.469101e-02   9.685078e-01   9.469101e-02 223200608180124270      10512        971     0 2453965.561447  1.503474e+01  1.061528e-01  1.503474e+01  1.061528e-01 
   82949372   1.586627e+00   1.031309e-01   1.586627e+00   1.031309e-01 224200608180125310      21187       1367     0 2453965.562176  1.449881e+01  7.057320e-02  1.449881e+01  7.057320e-02 
   82949463   1.480440e+00   1.033848e-01   1.480440e+00   1.033848e-01 224200608180127020      21190       1345     0 2453965.563229  1.457402e+01  7.582138e-02  1.457402e+01  7.582138e-02 
   82949463   9.315896e-01   9.528504e-02   9.315896e-01   9.528504e-02 223200608180127020      10508        987     0 2453965.563229  1.507694e+01  1.110519e-01  1.507694e+01  1.110519e-01 
   83724674   1.538566e+00   1.015220e-01   1.538566e+00   1.015220e-01 224200608270047250      21170       1398     0 2453974.535579  1.453221e+01  7.164235e-02  1.453221e+01  7.164235e-02 
   83724674   1.150115e+00   9.387001e-02   1.150115e+00   9.387001e-02 223200608270047250      10490       1024     0 2453974.535579  1.484815e+01  8.861583e-02  1.484815e+01  8.861583e-02 
   83724738   1.549401e+00   1.005103e-01   1.549401e+00   1.005103e-01 224200608270048280      21163       1424     0 2453974.536319  1.452459e+01  7.043244e-02  1.452459e+01  7.043244e-02 
   83724738   1.043056e+00   9.290880e-02   1.043056e+00   9.290880e-02 223200608270048280      10493        989     0 2453974.536319  1.495423e+01  9.671085e-02  1.495423e+01  9.671085e-02 
   83724813   1.564400e+00   1.012300e-01   1.564400e+00   1.012300e-01 224200608270049440      21166       1401     0 2453974.537187  1.451413e+01  7.025661e-02  1.451413e+01  7.025661e-02 
   83724813   1.128789e+00   9.423586e-02   1.128789e+00   9.423586e-02 223200608270049440      10489       1011     0 2453974.537187  1.486847e+01  9.064198e-02  1.486847e+01  9.064198e-02 
   83724875   1.692966e+00   1.012580e-01   1.692966e+00   1.012580e-01 224200608270050460      21161       1426     0 2453974.537905  1.442838e+01  6.493917e-02  1.442838e+01  6.493917e-02 
   83724875   1.106553e+00   9.371825e-02   1.106553e+00   9.371825e-02 223200608270050460      10493        982     0 2453974.537905  1.489007e+01  9.195554e-02  1.489007e+01  9.195554e-02 
   83810841   1.608730e+00   9.542809e-02   1.608730e+00   9.542809e-02 224200608280043330      21166       1403     0 2453975.532882  1.448379e+01  6.440489e-02  1.448379e+01  6.440489e-02 
   83810893   1.697343e+00   9.585456e-02   1.697343e+00   9.585456e-02 224200608280044250      21164       1405     0 2453975.533484  1.442558e+01  6.131533e-02  1.442558e+01  6.131533e-02 
   83810893   1.069235e+00   8.843191e-02   1.069235e+00   8.843191e-02 223200608280044250      10495       1010     0 2453975.533484  1.492732e+01  8.979700e-02  1.492732e+01  8.979700e-02 
   83810964   1.050129e+00   8.759815e-02   1.050129e+00   8.759815e-02 223200608280045350      10495       1006     0 2453975.534306  1.494689e+01  9.056868e-02  1.494689e+01  9.056868e-02 
   83810965   1.594371e+00   9.462638e-02   1.594371e+00   9.462638e-02 224200608280045360      21164       1407     0 2453975.534317  1.449353e+01  6.443897e-02  1.449353e+01  6.443897e-02 
   83811021   1.580306e+00   9.524404e-02   1.580306e+00   9.524404e-02 224200608280046320      21163       1408     0 2453975.534965  1.450315e+01  6.543684e-02  1.450315e+01  6.543684e-02 
   83811021   8.851036e-01   8.830681e-02   8.851036e-01   8.830681e-02 223200608280046320      10495       1003     0 2453975.534965  1.513251e+01  1.083243e-01  1.513251e+01  1.083243e-01 
   84328673   1.411883e+00   2.627144e-01   1.411883e+00   2.627144e-01 224200609030034170      21170       1466     0 2453981.526308  1.462550e+01  2.020278e-01  1.462550e+01  2.020278e-01 
   84328673   1.301589e+00   2.628843e-01   1.301589e+00   2.628843e-01 223200609030034170      10484        941     0 2453981.526308  1.471382e+01  2.192889e-01  1.471382e+01  2.192889e-01 
   84328745   1.461213e+00   2.639776e-01   1.461213e+00   2.639776e-01 224200609030035290      21172       1442     0 2453981.527141  1.458822e+01  1.961459e-01  1.458822e+01  1.961459e-01 
   84328812   1.456019e+00   2.766782e-01   1.456019e+00   2.766782e-01 224200609030036350      21170       1466     0 2453981.527917  1.459208e+01  2.063164e-01  1.459208e+01  2.063164e-01 
   84328812   1.289876e+00   2.792947e-01   1.289876e+00   2.792947e-01 223200609030036350      10481        927     0 2453981.527917  1.472363e+01  2.350935e-01  1.472363e+01  2.350935e-01 
   84328869   2.049114e+00   2.793823e-01   2.049114e+00   2.793823e-01 224200609030037320      21168       1467     0 2453981.528576  1.422108e+01  1.480330e-01  1.422108e+01  1.480330e-01 
   84328869   1.281058e+00   2.708068e-01   1.281058e+00   2.708068e-01 223200609030037320      10482        926     0 2453981.528576  1.473108e+01  2.295179e-01  1.473108e+01  2.295179e-01 
   84500180   1.852077e+00   3.982542e-01   1.852077e+00   3.982542e-01 224200609050012480      21169       1414     0 2453983.511343  1.433085e+01  2.334680e-01  1.433085e+01  2.334680e-01 
   84500180   1.715585e+00   4.176210e-01   1.715585e+00   4.176210e-01 223200609050012480      10492       1007     0 2453983.511343  1.441397e+01  2.642992e-01  1.441397e+01  2.642992e-01 
   84500240   1.869836e+00   4.185018e-01   1.869836e+00   4.185018e-01 223200609050013480      10493       1004     0 2453983.512037  1.432049e+01  2.430075e-01  1.432049e+01  2.430075e-01 
   84500302   1.514238e+00   3.977993e-01   1.514238e+00   3.977993e-01 224200609050014500      21162       1416     0 2453983.512755  1.454951e+01  2.852304e-01  1.454951e+01  2.852304e-01 
   84500302   1.802390e+00   4.222505e-01   1.802390e+00   4.222505e-01 223200609050014500      10493       1000     0 2453983.512755  1.436038e+01  2.543591e-01  1.436038e+01  2.543591e-01 
   84500380   1.527936e+00   3.913520e-01   1.527936e+00   3.913520e-01 224200609050016080      21166       1393     0 2453983.513657  1.453974e+01  2.780918e-01  1.453974e+01  2.780918e-01 
   84844854   1.398647e+00   5.562124e-01   1.398647e+00   5.562124e-01 224200609082357310      21171       1383     0 2453987.500625  1.463573e+01  4.317760e-01  1.463573e+01  4.317760e-01 
   84844854   1.501565e+00   5.884882e-01   1.501565e+00   5.884882e-01 223200609082357310      10502       1016     0 2453987.500625  1.455864e+01  4.255196e-01  1.455864e+01  4.255196e-01 
   84844910   1.276611e+00   5.889498e-01   1.276611e+00   5.889498e-01 223200609082358260      10503       1012     0 2453987.501273  1.473485e+01  5.008938e-01  1.473485e+01  5.008938e-01 
   84844911   2.260073e+00   5.536170e-01   2.260073e+00   5.536170e-01 224200609082358270      21169       1386     0 2453987.501285  1.411469e+01  2.659579e-01  1.411469e+01  2.659579e-01 
   84844967   1.897549e+00   5.496767e-01   1.897549e+00   5.496767e-01 224200609082359230      21168       1387     0 2453987.501933  1.430452e+01  3.145141e-01  1.430452e+01  3.145141e-01 
   84844967   1.245435e+00   5.843453e-01   1.245435e+00   5.843453e-01 223200609082359230      10502       1009     0 2453987.501933  1.476170e+01  5.094182e-01  1.476170e+01  5.094182e-01 
   84845029   2.372648e+00   5.474867e-01   2.372648e+00   5.474867e-01 224200609090000260      21168       1388     0 2453987.502650  1.406192e+01  2.505337e-01  1.406192e+01  2.505337e-01 
   84845029   2.465598e+00   5.861088e-01   2.465598e+00   5.861088e-01 223200609090000260      10502       1006     0 2453987.502650  1.402019e+01  2.580963e-01  1.402019e+01  2.580963e-01 
   85017154   1.866115e+00   3.104791e-01   1.866115e+00   3.104791e-01 223200609102349160      10478        967     0 2453989.494838  1.432265e+01  1.806424e-01  1.432265e+01  1.806424e-01 
   85017221   8.082008e-01   3.873703e-01   8.082008e-01   3.873703e-01 224200609102350220      21178       1430     0 2453989.495613  1.523120e+01  5.203947e-01  1.523120e+01  5.203947e-01 
   85017221   1.447000e+00   4.067323e-01   1.447000e+00   4.067323e-01 223200609102350220      10480        964     0 2453989.495613  1.459883e+01  3.051869e-01  1.459883e+01  3.051869e-01 
   85017280   1.388827e+00   3.516042e-01   1.388827e+00   3.516042e-01 224200609102351210      21176       1431     0 2453989.496296  1.464338e+01  2.748727e-01  1.464338e+01  2.748727e-01 
   85017280   1.676803e+00   3.547993e-01   1.676803e+00   3.547993e-01 223200609102351210      10480        962     0 2453989.496296  1.443880e+01  2.297347e-01  1.443880e+01  2.297347e-01 
   85017338   1.682042e+00   3.413694e-01   1.682042e+00   3.413694e-01 224200609102352200      21176       1433     0 2453989.496968  1.443541e+01  2.203502e-01  1.443541e+01  2.203502e-01 
   85017338   1.323795e+00   3.643446e-01   1.323795e+00   3.643446e-01 223200609102352200      10478        955     0 2453989.496968  1.469545e+01  2.988254e-01  1.469545e+01  2.988254e-01 
   85361747   1.567009e+00   9.976238e-02   1.567009e+00   9.976238e-02 224200609142332380      21154       1412     0 2453993.483183  1.451232e+01  6.912277e-02  1.451232e+01  6.912277e-02 
   85361747   1.151231e+00   9.208259e-02   1.151231e+00   9.208259e-02 223200609142332380      10481        921     0 2453993.483183  1.484709e+01  8.684419e-02  1.484709e+01  8.684419e-02 
   85361800   1.622644e+00   1.000249e-01   1.622644e+00   1.000249e-01 224200609142333310      21149       1413     0 2453993.483796  1.447444e+01  6.692842e-02  1.447444e+01  6.692842e-02 
   85361804   1.146620e+00   9.200368e-02   1.146620e+00   9.200368e-02 223200609142333360      10482        918     0 2453993.483843  1.485145e+01  8.711872e-02  1.485145e+01  8.711872e-02 
   85361865   1.623863e+00   1.006223e-01   1.623863e+00   1.006223e-01 224200609142334370      21147       1414     0 2453993.484549  1.447363e+01  6.727760e-02  1.447363e+01  6.727760e-02 
   85361940   1.780507e+00   9.944908e-02   1.780507e+00   9.944908e-02 224200609142335520      21149       1390     0 2453993.485417  1.437364e+01  6.064332e-02  1.437364e+01  6.064332e-02 
   85361940   1.143531e+00   9.193719e-02   1.143531e+00   9.193719e-02 223200609142335520      10478        937     0 2453993.485417  1.485438e+01  8.729091e-02  1.485438e+01  8.729091e-02 
   85620645   1.438164e+00   1.144149e-01   1.438164e+00   1.144149e-01 224200609172327440      21182       1373     0 2453996.479687  1.460548e+01  8.637740e-02  1.460548e+01  8.637740e-02 
   85620645   9.359643e-01   1.029904e-01   9.359643e-01   1.029904e-01 223200609172327440      10451        928     0 2453996.479687  1.507185e+01  1.194712e-01  1.507185e+01  1.194712e-01 
   85620704   1.464684e+00   1.154685e-01   1.464684e+00   1.154685e-01 224200609172328430      21180       1375     0 2453996.480370  1.458564e+01  8.559437e-02  1.458564e+01  8.559437e-02 
   85620704   8.623538e-01   1.036573e-01   8.623538e-01   1.036573e-01 223200609172328430      10452        925     0 2453996.480370  1.516079e+01  1.305089e-01  1.516079e+01  1.305089e-01 
   85620767   1.582504e+00   1.166431e-01   1.582504e+00   1.166431e-01 224200609172329460      21179       1377     0 2453996.481100  1.450164e+01  8.002762e-02  1.450164e+01  8.002762e-02 
   85620821   1.573828e+00   1.180598e-01   1.573828e+00   1.180598e-01 224200609172330410      21178       1379     0 2453996.481725  1.450761e+01  8.144612e-02  1.450761e+01  8.144612e-02 
   85620821   9.825124e-01   1.057838e-01   9.825124e-01   1.057838e-01 223200609172330410      10452        919     0 2453996.481725  1.501915e+01  1.168980e-01  1.501915e+01  1.168980e-01 
   85706441   1.642485e+00   1.141029e-01   1.642485e+00   1.141029e-01 224200609182317440      21182       1330     0 2453997.472697  1.446125e+01  7.542597e-02  1.446125e+01  7.542597e-02 
   85706441   9.779609e-01   1.015695e-01   9.779609e-01   1.015695e-01 223200609182317440      10455        903     0 2453997.472697  1.502420e+01  1.127633e-01  1.502420e+01  1.127633e-01 
   85706504   1.414449e+00   1.152737e-01   1.414449e+00   1.152737e-01 224200609182318460      21175       1354     0 2453997.473426  1.462353e+01  8.848480e-02  1.462353e+01  8.848480e-02 
   85706504   9.120277e-01   1.011308e-01   9.120277e-01   1.011308e-01 223200609182318460      10458        878     0 2453997.473426  1.509998e+01  1.203930e-01  1.509998e+01  1.203930e-01 
   85706559   1.380157e+00   1.138787e-01   1.380157e+00   1.138787e-01 224200609182319420      21172       1357     0 2453997.474063  1.465018e+01  8.958591e-02  1.465018e+01  8.958591e-02 
   85706559   9.762137e-01   1.007022e-01   9.762137e-01   1.007022e-01 223200609182319410      10459        876     0 2453997.474063  1.502614e+01  1.120005e-01  1.502614e+01  1.120005e-01 
   85706636   1.568039e+00   1.149727e-01   1.568039e+00   1.149727e-01 224200609182320580      21176       1334     0 2453997.474954  1.451161e+01  7.960928e-02  1.451161e+01  7.960928e-02 
   85878755   1.476895e+00   1.092689e-01   1.476895e+00   1.092689e-01 224200609202309430      21157       1375     0 2453999.467072  1.457663e+01  8.032911e-02  1.457663e+01  8.032911e-02 
   85878755   9.548754e-01   1.018046e-01   9.548754e-01   1.018046e-01 223200609202309430      10457        954     0 2453999.467072  1.505013e+01  1.157568e-01  1.505013e+01  1.157568e-01 
   85878812   1.541802e+00   1.082157e-01   1.541802e+00   1.082157e-01 224200609202310410      21151       1377     0 2453999.467731  1.452993e+01  7.620575e-02  1.452993e+01  7.620575e-02 
   85878812   1.131536e+00   1.028785e-01   1.131536e+00   1.028785e-01 223200609202310400      10459        952     0 2453999.467731  1.486583e+01  9.871483e-02  1.486583e+01  9.871483e-02 
   85878873   1.544756e+00   1.102196e-01   1.544756e+00   1.102196e-01 224200609202311410      21148       1379     0 2453999.468437  1.452785e+01  7.746839e-02  1.452785e+01  7.746839e-02 
   85878873   9.965037e-01   1.026555e-01   9.965037e-01   1.026555e-01 223200609202311410      10460        949     0 2453999.468437  1.500380e+01  1.118482e-01  1.500380e+01  1.118482e-01 
   85878933   1.234770e+00   1.104269e-01   1.234770e+00   1.104269e-01 224200609202312420      21146       1382     0 2453999.469132  1.477103e+01  9.709895e-02  1.477103e+01  9.709895e-02 
   85878933   9.764411e-01   1.020037e-01   9.764411e-01   1.020037e-01 223200609202312420      10460        946     0 2453999.469132  1.502588e+01  1.134216e-01  1.502588e+01  1.134216e-01 
   85964878   1.771847e+00   1.055344e-01   1.771847e+00   1.055344e-01 224200609212305090      21151       1396     0 2454000.463866  1.437893e+01  6.466861e-02  1.437893e+01  6.466861e-02 
   85964878   1.171597e+00   9.479259e-02   1.171597e+00   9.479259e-02 223200609212305090      10471        949     0 2454000.463866  1.482805e+01  8.784597e-02  1.482805e+01  8.784597e-02 
   85965031   1.667897e+00   1.053823e-01   1.667897e+00   1.053823e-01 224200609212307420      21146       1399     0 2454000.465637  1.444458e+01  6.860003e-02  1.444458e+01  6.860003e-02 
   85965031   1.115066e+00   9.374483e-02   1.115066e+00   9.374483e-02 223200609212307420      10473        942     0 2454000.465637  1.488175e+01  9.127934e-02  1.488175e+01  9.127934e-02 
   85965094   1.746547e+00   1.051223e-01   1.746547e+00   1.051223e-01 224200609212308460      21144       1400     0 2454000.466366  1.439455e+01  6.534921e-02  1.439455e+01  6.534921e-02 
   85965094   1.132722e+00   9.405967e-02   1.132722e+00   9.405967e-02 223200609212308460      10474        939     0 2454000.466366  1.486469e+01  9.015837e-02  1.486469e+01  9.015837e-02 
   85965150   1.699538e+00   1.055441e-01   1.699538e+00   1.055441e-01 224200609212309410      21142       1402     0 2454000.467014  1.442417e+01  6.742620e-02  1.442417e+01  6.742620e-02 
   86404992   1.842238e+00   1.052400e-01   1.842238e+00   1.052400e-01 224200609270120390      21252       1608     0 2454005.557778  1.433664e+01  6.202416e-02  1.433664e+01  6.202416e-02 
   86404992   1.201774e+00   9.783633e-02   1.201774e+00   9.783633e-02 223200609270120390      10337        599     0 2454005.557778  1.480044e+01  8.839003e-02  1.480044e+01  8.839003e-02 
   86405051   1.794731e+00   1.031623e-01   1.794731e+00   1.031623e-01 224200609270121390      21248       1633     0 2454005.558461  1.436500e+01  6.240907e-02  1.436500e+01  6.240907e-02 
   86405053   1.079706e+00   9.797692e-02   1.079706e+00   9.797692e-02 223200609270121400      10340        571     0 2454005.558484  1.491674e+01  9.852447e-02  1.491674e+01  9.852447e-02 
   86405121   1.576504e+00   1.032120e-01   1.576504e+00   1.032120e-01 224200609270122490      21249       1632     0 2454005.559271  1.450576e+01  7.108223e-02  1.450576e+01  7.108223e-02 
   86405121   1.298602e+00   9.917793e-02   1.298602e+00   9.917793e-02 223200609270122490      10339        568     0 2454005.559271  1.471631e+01  8.292104e-02  1.471631e+01  8.292104e-02 
   86405180   1.510035e+00   1.035814e-01   1.510035e+00   1.035814e-01 224200609270123480      21249       1632     0 2454005.559954  1.455253e+01  7.447678e-02  1.455253e+01  7.447678e-02 
   86405182   1.215160e+00   9.918141e-02   1.215160e+00   9.918141e-02 223200609270123490      10338        567     0 2454005.559977  1.478842e+01  8.861817e-02  1.478842e+01  8.861817e-02 
   87688164   9.919372e-01   7.793090e-02   9.919372e-01   7.793090e-02 223200610112147440      10133        750     0 2454020.409306  1.500879e+01  8.530046e-02  1.500879e+01  8.530046e-02 
   87688238   1.114199e+00   7.894327e-02   1.114199e+00   7.894327e-02 223200610112148580      10136        721     0 2454020.410162  1.488259e+01  7.692688e-02  1.488259e+01  7.692688e-02 
   87688292   1.127256e+00   7.894551e-02   1.127256e+00   7.894551e-02 223200610112149520      10136        718     0 2454020.410787  1.486994e+01  7.603802e-02  1.486994e+01  7.603802e-02 
   87860510   1.251047e+00   8.920395e-02   1.251047e+00   8.920395e-02 223200610132140170      10096        772     0 2454022.404051  1.475682e+01  7.741702e-02  1.475682e+01  7.741702e-02 
   87860577   1.076990e+00   8.727586e-02   1.076990e+00   8.727586e-02 223200610132141240      10096        768     0 2454022.404826  1.491947e+01  8.798491e-02  1.491947e+01  8.798491e-02 
   87860633   1.120646e+00   8.753774e-02   1.120646e+00   8.753774e-02 223200610132142200      10095        765     0 2454022.405475  1.487633e+01  8.481111e-02  1.487633e+01  8.481111e-02 
   88033122   1.172293e+00   8.423413e-02   1.172293e+00   8.423413e-02 223200610152137170      10092        803     0 2454024.401875  1.482741e+01  7.801495e-02  1.482741e+01  7.801495e-02 
   88033183   1.168575e+00   8.380813e-02   1.168575e+00   8.380813e-02 223200610152138180      10091        798     0 2454024.402581  1.483086e+01  7.786738e-02  1.483086e+01  7.786738e-02 
   88033238   1.257436e+00   8.495955e-02   1.257436e+00   8.495955e-02 223200610152139130      10090        793     0 2454024.403218  1.475129e+01  7.335880e-02  1.475129e+01  7.335880e-02 
   88033297   1.216518e+00   8.465718e-02   1.216518e+00   8.465718e-02 223200610152140120      10090        790     0 2454024.403900  1.478720e+01  7.555636e-02  1.478720e+01  7.555636e-02 
   88377445   1.089704e+00   8.666736e-02   1.089704e+00   8.666736e-02 223200610192116140      10076        818     0 2454028.387095  1.490673e+01  8.635209e-02  1.490673e+01  8.635209e-02 
   88377644   1.125423e+00   8.742943e-02   1.125423e+00   8.742943e-02 223200610192119340      10071        833     0 2454028.389398  1.487171e+01  8.434661e-02  1.487171e+01  8.434661e-02 
   88463610   1.356246e+00   8.660663e-02   1.356246e+00   8.660663e-02 223200610202112230      10099        772     0 2454029.384375  1.466915e+01  6.933279e-02  1.466915e+01  6.933279e-02 
   88463682   1.155226e+00   8.407047e-02   1.155226e+00   8.407047e-02 223200610202113350      10096        767     0 2454029.385208  1.484333e+01  7.901370e-02  1.484333e+01  7.901370e-02 
   88463745   1.203154e+00   8.478120e-02   1.203154e+00   8.478120e-02 223200610202114380      10096        765     0 2454029.385937  1.479920e+01  7.650750e-02  1.479920e+01  7.650750e-02 
   88463804   1.176999e+00   8.506761e-02   1.176999e+00   8.506761e-02 223200610202115380      10096        763     0 2454029.386620  1.482306e+01  7.847187e-02  1.482306e+01  7.847187e-02 
   88551558   1.449479e+00   9.510917e-02   1.449479e+00   9.510917e-02 223200610212138150      10095        713     0 2454030.402292  1.459697e+01  7.124202e-02  1.459697e+01  7.124202e-02 
   88551690   1.306930e+00   9.338511e-02   1.306930e+00   9.338511e-02 223200610212140270      10091        703     0 2454030.403819  1.470937e+01  7.758025e-02  1.470937e+01  7.758025e-02 
   88551762   1.270322e+00   9.496871e-02   1.270322e+00   9.496871e-02 223200610212141400      10086        725     0 2454030.404653  1.474022e+01  8.116945e-02  1.474022e+01  8.116945e-02 
   88637620   1.644317e+00   1.086656e+00   1.644317e+00   1.086656e+00 223200610222132420      10092        757     0 2454031.398380  1.446004e+01  7.175171e-01  1.446004e+01  7.175171e-01 
   88637768   1.860825e+00   1.360538e+00   1.860825e+00   1.360538e+00 223200610222135100      10088        747     0 2454031.400093  1.432574e+01  7.938366e-01  1.432574e+01  7.938366e-01 
   88637830   3.663586e-01   2.127953e+00   3.663586e-01   2.127953e+00 223200610222136110      10088        745     0 2454031.400810  1.609023e+01  6.306399e+00  1.609023e+01  6.306399e+00 
   88640081   1.500996e+00   2.081336e+00   1.500996e+00   2.081336e+00 223200610222213430      10085        621     0 2454031.426863  1.455905e+01  1.505526e+00  1.455905e+01  1.505526e+00 
   88722110   1.296550e+00   8.861886e-02   1.296550e+00   8.861886e-02 223200610232100550      10083        803     0 2454032.376273  1.471803e+01  7.421005e-02  1.471803e+01  7.421005e-02 
   88722164   1.280526e+00   8.785799e-02   1.280526e+00   8.785799e-02 223200610232101500      10083        800     0 2454032.376898  1.473153e+01  7.449356e-02  1.473153e+01  7.449356e-02 
   88722226   1.328131e+00   8.808746e-02   1.328131e+00   8.808746e-02 223200610232102520      10083        798     0 2454032.377616  1.469190e+01  7.201100e-02  1.469190e+01  7.201100e-02 
   88722293   1.221276e+00   8.900589e-02   1.221276e+00   8.900589e-02 223200610232103590      10084        795     0 2454032.378391  1.478297e+01  7.912810e-02  1.478297e+01  7.912810e-02 
   88980555   1.142641e+00   1.001182e-01   1.142641e+00   1.001182e-01 223200610262048320      10084        865     0 2454035.367535  1.485523e+01  9.513253e-02  1.485523e+01  9.513253e-02 
   88980609   1.136016e+00   1.003946e-01   1.136016e+00   1.003946e-01 223200610262049260      10085        861     0 2454035.368160  1.486154e+01  9.595150e-02  1.486154e+01  9.595150e-02 
   88980669   1.133285e+00   1.005980e-01   1.133285e+00   1.005980e-01 223200610262050270      10085        859     0 2454035.368854  1.486415e+01  9.637760e-02  1.486415e+01  9.637760e-02 
   88980733   1.257547e+00   9.898221e-02   1.257547e+00   9.898221e-02 223200610262051300      10080        850     0 2454035.369595  1.475119e+01  8.545922e-02  1.475119e+01  8.545922e-02 
   89066671   1.313670e+00   1.131800e-01   1.313670e+00   1.131800e-01 223200610272043520      10105        836     0 2454036.364248  1.470378e+01  9.354252e-02  1.470378e+01  9.354252e-02 
   89066734   1.319172e+00   1.132538e-01   1.319172e+00   1.132538e-01 223200610272044550      10104        833     0 2454036.364977  1.469925e+01  9.321319e-02  1.469925e+01  9.321319e-02 
   89066790   1.260449e+00   1.136518e-01   1.260449e+00   1.136518e-01 223200610272045520      10104        829     0 2454036.365625  1.474869e+01  9.789865e-02  1.474869e+01  9.789865e-02 
   89066855   1.229833e+00   1.137088e-01   1.229833e+00   1.137088e-01 223200610272046560      10103        827     0 2454036.366377  1.477538e+01  1.003861e-01  1.477538e+01  1.003861e-01 
   89152942   1.276341e+00   1.728683e-01   1.276341e+00   1.728683e-01 223200610282041480      10090        814     0 2454037.362755  1.473508e+01  1.470532e-01  1.473508e+01  1.470532e-01 
   89238990   1.320359e+00   1.550526e-01   1.320359e+00   1.550526e-01 223200610292035590      10082        803     0 2454038.358681  1.469827e+01  1.275008e-01  1.469827e+01  1.275008e-01 
   89239045   1.500394e+00   1.546989e-01   1.500394e+00   1.546989e-01 223200610292036550      10083        800     0 2454038.359317  1.455949e+01  1.119458e-01  1.455949e+01  1.119458e-01 
   89239092   1.635135e+00   1.568534e-01   1.635135e+00   1.568534e-01 223200610292037410      10082        793     0 2454038.359861  1.446612e+01  1.041517e-01  1.446612e+01  1.041517e-01 
   89411438   1.611531e+00   2.498316e-01   1.611531e+00   2.498316e-01 223200610312030160      10073        825     0 2454040.354606  1.448190e+01  1.683196e-01  1.448190e+01  1.683196e-01 
   89411508   1.723457e+00   2.544437e-01   1.723457e+00   2.544437e-01 223200610312031250      10075        793     0 2454040.355417  1.440900e+01  1.602939e-01  1.440900e+01  1.602939e-01 
   89411565   1.482323e+00   2.522091e-01   1.482323e+00   2.522091e-01 223200610312032230      10075        789     0 2454040.356076  1.457264e+01  1.847327e-01  1.457264e+01  1.847327e-01 
   89506354   1.448269e+00   2.609138e-01   1.448269e+00   2.609138e-01 223200611012252160      10007        397     0 2454041.453171  1.459788e+01  1.956022e-01  1.459788e+01  1.956022e-01 
   89506416   1.169323e+00   2.618622e-01   1.169323e+00   2.618622e-01 223200611012253170      10006        395     0 2454041.453889  1.483016e+01  2.431443e-01  1.483016e+01  2.431443e-01 
   89842126   1.359178e+00   3.653841e-01   1.359178e+00   3.653841e-01 223200611052008420      10087        806     0 2454045.339421  1.466681e+01  2.918764e-01  1.466681e+01  2.918764e-01 
   89842184   1.677526e+00   3.673099e-01   1.677526e+00   3.673099e-01 223200611052009400      10087        803     0 2454045.340093  1.443833e+01  2.377329e-01  1.443833e+01  2.377329e-01 
   89842257   1.698008e+00   3.673837e-01   1.698008e+00   3.673837e-01 223200611052010530      10087        799     0 2454045.340937  1.442515e+01  2.349124e-01  1.442515e+01  2.349124e-01 
   89842316   1.181870e+00   3.689101e-01   1.181870e+00   3.689101e-01 223200611052011520      10087        796     0 2454045.341620  1.481858e+01  3.389041e-01  1.481858e+01  3.389041e-01 
   89928310   1.371890e+00   2.811117e-01   1.371890e+00   2.811117e-01 223200611062005110      10090        824     0 2454046.336921  1.465670e+01  2.224772e-01  1.465670e+01  2.224772e-01 
   89928433   1.493060e+00   2.793892e-01   1.493060e+00   2.793892e-01 223200611062007140      10091        818     0 2454046.338345  1.456481e+01  2.031694e-01  1.456481e+01  2.031694e-01 
   90014498   1.514157e+00   1.780460e-01   1.514157e+00   1.780460e-01 223200611072001430      10097        832     0 2454047.334468  1.454957e+01  1.276696e-01  1.454957e+01  1.276696e-01 
   90014552   1.399717e+00   1.804645e-01   1.399717e+00   1.804645e-01 223200611072002370      10098        829     0 2454047.335093  1.463490e+01  1.399837e-01  1.463490e+01  1.399837e-01 
   90014703   1.271579e+00   1.657502e-01   1.271579e+00   1.657502e-01 223200611072005080      10092        847     0 2454047.336840  1.473914e+01  1.415261e-01  1.473914e+01  1.415261e-01 
   90272987   1.298027e+00   9.657758e-02   1.298027e+00   9.657758e-02 223200611101950030      10094        815     0 2454050.326238  1.471679e+01  8.078275e-02  1.471679e+01  8.078275e-02 
   90273041   1.224185e+00   9.712171e-02   1.224185e+00   9.712171e-02 223200611101950570      10094        812     0 2454050.326863  1.478038e+01  8.613802e-02  1.478038e+01  8.613802e-02 
   90273089   1.286316e+00   1.012805e-01   1.286316e+00   1.012805e-01 223200611101951450      10093        808     0 2454050.327419  1.472663e+01  8.548773e-02  1.472663e+01  8.548773e-02 
   90617602   1.215866e+00   9.304147e-02   1.215866e+00   9.304147e-02 223200611141933540      10084        841     0 2454054.314838  1.478779e+01  8.308390e-02  1.478779e+01  8.308390e-02 
   90617664   1.256350e+00   9.264489e-02   1.256350e+00   9.264489e-02 223200611141934560      10084        837     0 2454054.315556  1.475222e+01  8.006390e-02  1.475222e+01  8.006390e-02 
   90617724   1.335814e+00   9.298397e-02   1.335814e+00   9.298397e-02 223200611141935570      10088        808     0 2454054.316250  1.468563e+01  7.557667e-02  1.468563e+01  7.557667e-02 
   90617775   1.182848e+00   9.234302e-02   1.182848e+00   9.234302e-02 223200611141936470      10088        806     0 2454054.316840  1.481768e+01  8.476198e-02  1.481768e+01  8.476198e-02 
   93120144   1.599783e+00   2.171800e-01   1.599783e+00   2.171800e-01 223200612131844400      10756        653     0 2454083.279444  1.448985e+01  1.473957e-01  1.448985e+01  1.473957e-01 
   93120203   1.806289e+00   2.038969e-01   1.806289e+00   2.038969e-01 223200612131845380      10757        651     0 2454083.280127  1.435803e+01  1.225601e-01  1.435803e+01  1.225601e-01 
   93120279   1.509609e+00   1.821378e-01   1.509609e+00   1.821378e-01 223200612131846550      10754        673     0 2454083.281007  1.455284e+01  1.309970e-01  1.455284e+01  1.309970e-01 
   93120343   1.668164e+00   1.732654e-01   1.668164e+00   1.732654e-01 223200612131847580      10757        645     0 2454083.281748  1.444440e+01  1.127714e-01  1.444440e+01  1.127714e-01 
   93292978   1.846880e+00   2.618900e-01   1.846880e+00   2.618900e-01 223200612151845190      10730        625     0 2454085.279838  1.433390e+01  1.539593e-01  1.433390e+01  1.539593e-01 
   93293032   1.595217e+00   2.449566e-01   1.595217e+00   2.449566e-01 223200612151846130      10730        623     0 2454085.280463  1.449295e+01  1.667230e-01  1.449295e+01  1.667230e-01 
   93293086   1.558257e+00   2.313699e-01   1.558257e+00   2.313699e-01 223200612151847070      10729        621     0 2454085.281088  1.451840e+01  1.612106e-01  1.451840e+01  1.612106e-01 
   93467319   1.226908e+00   1.026311e-01   1.226908e+00   1.026311e-01 223200612171911070      11080        447     0 2454087.297674  1.477797e+01  9.082238e-02  1.477797e+01  9.082238e-02 
   93467435   1.241319e+00   1.006720e-01   1.241319e+00   1.006720e-01 223200612171913020      11077        441     0 2454087.299016  1.476529e+01  8.805441e-02  1.476529e+01  8.805441e-02 
   93467505   1.141656e+00   9.764790e-02   1.141656e+00   9.764790e-02 223200612171914130      11071        463     0 2454087.299826  1.485616e+01  9.286529e-02  1.485616e+01  9.286529e-02 
   93556676   1.222078e+00   9.150944e-02   1.222078e+00   9.150944e-02 223200612182000260      10141        381     0 2454088.331898  1.478225e+01  8.130044e-02  1.478225e+01  8.130044e-02 
   93556734   1.192818e+00   9.185854e-02   1.192818e+00   9.185854e-02 223200612182001250      10140        380     0 2454088.332569  1.480857e+01  8.361252e-02  1.480857e+01  8.361252e-02 
   93556803   1.250796e+00   9.378991e-02   1.250796e+00   9.378991e-02 223200612182002330      10139        377     0 2454088.333368  1.475703e+01  8.141334e-02  1.475703e+01  8.141334e-02 
   93556867   1.197652e+00   9.402190e-02   1.197652e+00   9.402190e-02 223200612182003370      10138        375     0 2454088.334109  1.480417e+01  8.523622e-02  1.480417e+01  8.523622e-02 
   93725435   1.925421e+00   2.031464e-01   1.925421e+00   2.031464e-01 223200612201853100      10198        534     0 2454090.285127  1.428869e+01  1.145537e-01  1.428869e+01  1.145537e-01 
   93725492   1.615198e+00   1.912767e-01   1.615198e+00   1.912767e-01 223200612201854080      10198        532     0 2454090.285787  1.447943e+01  1.285766e-01  1.447943e+01  1.285766e-01 
   93725554   1.483946e+00   1.783064e-01   1.483946e+00   1.783064e-01 223200612201855100      10197        530     0 2454090.286505  1.457146e+01  1.304592e-01  1.457146e+01  1.304592e-01 
   94935180   1.668096e+00   3.609954e-01   1.668096e+00   3.609954e-01 224200701031856070      20395       1267     0 2454104.286806  1.444445e+01  2.349668e-01  1.444445e+01  2.349668e-01 
   94935180   1.495301e+00   3.987862e-01   1.495301e+00   3.987862e-01 223200701031856070      10140        383     0 2454104.286806  1.456318e+01  2.895592e-01  1.456318e+01  2.895592e-01 
   94935246   1.834521e+00   3.558797e-01   1.834521e+00   3.558797e-01 224200701031857140      20395       1266     0 2454104.287569  1.434119e+01  2.106233e-01  1.434119e+01  2.106233e-01 
   94935246   1.513242e+00   3.945270e-01   1.513242e+00   3.945270e-01 223200701031857140      10139        382     0 2454104.287569  1.455023e+01  2.830702e-01  1.455023e+01  2.830702e-01 
   94935304   1.171337e+00   3.507299e-01   1.171337e+00   3.507299e-01 224200701031858120      20395       1266     0 2454104.288241  1.482829e+01  3.250997e-01  1.482829e+01  3.250997e-01 
   94935304   1.861014e+00   3.906414e-01   1.861014e+00   3.906414e-01 223200701031858120      10139        380     0 2454104.288241  1.432563e+01  2.279053e-01  1.432563e+01  2.279053e-01 
   94935369   1.619359e+00   3.457186e-01   1.619359e+00   3.457186e-01 224200701031859170      20396       1266     0 2454104.288993  1.447664e+01  2.317957e-01  1.447664e+01  2.317957e-01 
   94935369   1.766328e+00   3.866540e-01   1.766328e+00   3.866540e-01 223200701031859170      10138        378     0 2454104.288993  1.438232e+01  2.376715e-01  1.438232e+01  2.376715e-01 
   95021609   1.865250e+00   2.704888e-01   1.865250e+00   2.704888e-01 224200701041856390      20398       1251     0 2454105.287141  1.432316e+01  1.574484e-01  1.432316e+01  1.574484e-01 
   95021681   1.795572e+00   2.589818e-01   1.795572e+00   2.589818e-01 224200701041857500      20393       1276     0 2454105.287975  1.436449e+01  1.566002e-01  1.436449e+01  1.566002e-01 
   95021681   1.625769e+00   2.796173e-01   1.625769e+00   2.796173e-01 223200701041857500      10140        372     0 2454105.287975  1.447235e+01  1.867373e-01  1.447235e+01  1.867373e-01 
   95021802   1.633025e+00   2.403876e-01   1.633025e+00   2.403876e-01 224200701041859510      20395       1275     0 2454105.289375  1.446752e+01  1.598252e-01  1.446752e+01  1.598252e-01 
   95021802   1.440050e+00   2.553771e-01   1.440050e+00   2.553771e-01 223200701041859510      10139        369     0 2454105.289375  1.460406e+01  1.925441e-01  1.460406e+01  1.925441e-01 
   95107910   2.040895e+00   2.360406e-01   2.040895e+00   2.360406e-01 224200701051855020      20417       1288     0 2454106.285995  1.422545e+01  1.255718e-01  1.422545e+01  1.255718e-01 
   95107910   1.485035e+00   2.559806e-01   1.485035e+00   2.559806e-01 223200701051855020      10114        365     0 2454106.285995  1.457066e+01  1.871528e-01  1.457066e+01  1.871528e-01 
   95107966   1.802307e+00   2.230130e-01   1.802307e+00   2.230130e-01 224200701051855570      20417       1288     0 2454106.286644  1.436043e+01  1.343468e-01  1.436043e+01  1.343468e-01 
   95107966   1.211547e+00   2.403914e-01   1.211547e+00   2.403914e-01 223200701051855570      10113        363     0 2454106.286644  1.479165e+01  2.154292e-01  1.479165e+01  2.154292e-01 
   95108020   1.916472e+00   2.114423e-01   1.916472e+00   2.114423e-01 224200701051856510      20417       1288     0 2454106.287269  1.429374e+01  1.197885e-01  1.429374e+01  1.197885e-01 
   95108020   1.866549e+00   2.270700e-01   1.866549e+00   2.270700e-01 223200701051856510      10112        361     0 2454106.287269  1.432240e+01  1.320828e-01  1.432240e+01  1.320828e-01 
   95108074   1.887194e+00   2.005974e-01   1.887194e+00   2.005974e-01 224200701051857460      20418       1288     0 2454106.287894  1.431046e+01  1.154077e-01  1.431046e+01  1.154077e-01 
   95108074   1.962760e+00   2.135410e-01   1.962760e+00   2.135410e-01 223200701051857460      10112        359     0 2454106.287894  1.426783e+01  1.181245e-01  1.426783e+01  1.181245e-01 
   95280698   1.592179e+00   2.131352e-01   1.592179e+00   2.131352e-01 224200701071854530      20438       1275     0 2454108.285856  1.449502e+01  1.453413e-01  1.449502e+01  1.453413e-01 
   95280699   1.450208e+00   2.305298e-01   1.450208e+00   2.305298e-01 223200701071854540      10091        346     0 2454108.285868  1.459642e+01  1.725928e-01  1.459642e+01  1.725928e-01 
   95280828   1.385006e+00   1.871498e-01   1.385006e+00   1.871498e-01 224200701071857030      20426       1219     0 2454108.287361  1.464637e+01  1.467113e-01  1.464637e+01  1.467113e-01 
   95280828   1.467552e+00   1.952048e-01   1.467552e+00   1.952048e-01 223200701071857030      10110        371     0 2454108.287361  1.458352e+01  1.444185e-01  1.458352e+01  1.444185e-01 
   95280884   1.467503e+00   1.774011e-01   1.467503e+00   1.774011e-01 224200701071857590      20427       1219     0 2454108.288009  1.458355e+01  1.312511e-01  1.458355e+01  1.312511e-01 
   95280884   1.334977e+00   1.819240e-01   1.334977e+00   1.819240e-01 223200701071857590      10109        367     0 2454108.288009  1.468632e+01  1.479592e-01  1.468632e+01  1.479592e-01 
   95280940   1.494695e+00   1.687731e-01   1.494695e+00   1.687731e-01 224200701071858540      20427       1220     0 2454108.288657  1.456362e+01  1.225961e-01  1.456362e+01  1.225961e-01 
   95280940   1.379641e+00   1.712860e-01   1.379641e+00   1.712860e-01 223200701071858540      10108        365     0 2454108.288657  1.465059e+01  1.347974e-01  1.465059e+01  1.347974e-01 
   95367161   2.063194e+00   2.300551e-01   2.063194e+00   2.300551e-01 224200701081855580      20435       1297     0 2454109.286586  1.421365e+01  1.210648e-01  1.421365e+01  1.210648e-01 
   95367215   1.609321e+00   2.154593e-01   1.609321e+00   2.154593e-01 224200701081856520      20434       1296     0 2454109.287211  1.448339e+01  1.453611e-01  1.448339e+01  1.453611e-01 
   95367272   1.747364e+00   2.037940e-01   1.747364e+00   2.037940e-01 224200701081857490      20435       1295     0 2454109.287870  1.439404e+01  1.266292e-01  1.439404e+01  1.266292e-01 
   95367272   1.351172e+00   2.245925e-01   1.351172e+00   2.245925e-01 223200701081857490      10092        334     0 2454109.287870  1.467322e+01  1.804722e-01  1.467322e+01  1.804722e-01 
   95367328   1.890930e+00   1.930291e-01   1.890930e+00   1.930291e-01 224200701081858450      20435       1294     0 2454109.288519  1.430831e+01  1.108340e-01  1.430831e+01  1.108340e-01 
   95367328   1.376202e+00   2.116109e-01   1.376202e+00   2.116109e-01 223200701081858450      10091        333     0 2454109.288519  1.465329e+01  1.669482e-01  1.465329e+01  1.669482e-01 
   95453547   1.276109e+00   2.305586e-01   1.276109e+00   2.305586e-01 224200701091855450      20430       1317     0 2454110.286424  1.473528e+01  1.961640e-01  1.473528e+01  1.961640e-01 
   95453547   1.347016e+00   2.479094e-01   1.347016e+00   2.479094e-01 223200701091855450      10097        333     0 2454110.286424  1.467657e+01  1.998232e-01  1.467657e+01  1.998232e-01 
   95453603   2.378004e+00   2.185374e-01   2.378004e+00   2.185374e-01 224200701091856400      20429       1316     0 2454110.287072  1.405947e+01  9.977897e-02  1.405947e+01  9.977897e-02 
   95453603   1.643567e+00   2.326004e-01   1.643567e+00   2.326004e-01 223200701091856400      10096        332     0 2454110.287072  1.446053e+01  1.536557e-01  1.446053e+01  1.536557e-01 
   95453657   1.593564e+00   2.050096e-01   1.593564e+00   2.050096e-01 224200701091857350      20429       1315     0 2454110.287697  1.449408e+01  1.396788e-01  1.449408e+01  1.396788e-01 
   95453713   1.907404e+00   1.943588e-01   1.907404e+00   1.943588e-01 224200701091858300      20430       1315     0 2454110.288345  1.429889e+01  1.106337e-01  1.429889e+01  1.106337e-01 
   95453713   1.464654e+00   2.062503e-01   1.464654e+00   2.062503e-01 223200701091858300      10094        330     0 2454110.288345  1.458566e+01  1.528923e-01  1.458566e+01  1.528923e-01 
   95539936   1.887417e+00   2.277573e-01   1.887417e+00   2.277573e-01 224200701101855350      20435       1324     0 2454111.286296  1.431033e+01  1.310178e-01  1.431033e+01  1.310178e-01 
   95539990   2.221206e+00   2.160139e-01   2.221206e+00   2.160139e-01 224200701101856300      20434       1323     0 2454111.286921  1.413353e+01  1.055890e-01  1.413353e+01  1.055890e-01 
   95539990   1.725089e+00   2.357410e-01   1.725089e+00   2.357410e-01 223200701101856300      10093        326     0 2454111.286921  1.440797e+01  1.483712e-01  1.440797e+01  1.483712e-01 
   95540044   1.848583e+00   2.047736e-01   1.848583e+00   2.047736e-01 224200701101857240      20434       1322     0 2454111.287546  1.433290e+01  1.202710e-01  1.433290e+01  1.202710e-01 
   95540044   1.689204e+00   2.201308e-01   1.689204e+00   2.201308e-01 223200701101857240      10093        325     0 2454111.287546  1.443079e+01  1.414896e-01  1.443079e+01  1.414896e-01 
   95540100   1.925397e+00   1.951153e-01   1.925397e+00   1.951153e-01 224200701101858190      20434       1321     0 2454111.288194  1.428870e+01  1.100264e-01  1.428870e+01  1.100264e-01 
   95626319   1.890985e+00   2.449151e-01   1.890985e+00   2.449151e-01 224200701111855200      20456       1313     0 2454112.286100  1.430828e+01  1.406220e-01  1.430828e+01  1.406220e-01 
   95626376   1.517745e+00   2.306807e-01   1.517745e+00   2.306807e-01 224200701111856160      20455       1312     0 2454112.286759  1.454700e+01  1.650206e-01  1.454700e+01  1.650206e-01 
   95626376   1.250821e+00   2.417934e-01   1.250821e+00   2.417934e-01 223200701111856160      10075        306     0 2454112.286759  1.475701e+01  2.098819e-01  1.475701e+01  2.098819e-01 
   95626430   2.103418e+00   2.191434e-01   2.103418e+00   2.191434e-01 224200701111857110      20455       1311     0 2454112.287384  1.419269e+01  1.131172e-01  1.419269e+01  1.131172e-01 
   95626486   1.334370e+00   2.070652e-01   1.334370e+00   2.070652e-01 224200701111858070      20455       1311     0 2454112.288032  1.468681e+01  1.684833e-01  1.468681e+01  1.684833e-01 
   95626486   1.339182e+00   2.127702e-01   1.339182e+00   2.127702e-01 223200701111858070      10074        304     0 2454112.288032  1.468290e+01  1.725032e-01  1.468290e+01  1.725032e-01 
   95712702   1.231859e+00   2.414389e-01   1.231859e+00   2.414389e-01 223200701121855050      10104        301     0 2454113.285903  1.477360e+01  2.128002e-01  1.477360e+01  2.128002e-01 
   95712704   1.607653e+00   2.265224e-01   1.607653e+00   2.265224e-01 224200701121855060      20428       1313     0 2454113.285926  1.448452e+01  1.529835e-01  1.448452e+01  1.529835e-01 
   95712758   1.784844e+00   2.148209e-01   1.784844e+00   2.148209e-01 224200701121856000      20427       1313     0 2454113.286551  1.437100e+01  1.306779e-01  1.437100e+01  1.306779e-01 
   95712758   1.660305e+00   2.268939e-01   1.660305e+00   2.268939e-01 223200701121856000      10103        301     0 2454113.286551  1.444953e+01  1.483750e-01  1.444953e+01  1.483750e-01 
   95712812   1.748725e+00   2.035720e-01   1.748725e+00   2.035720e-01 224200701121856550      20428       1312     0 2454113.287176  1.439320e+01  1.263928e-01  1.439320e+01  1.263928e-01 
   95712812   1.527587e+00   2.139377e-01   1.527587e+00   2.139377e-01 223200701121856550      10103        299     0 2454113.287176  1.453998e+01  1.520572e-01  1.453998e+01  1.520572e-01 
   95712866   1.736000e+00   2.019864e-01   1.736000e+00   2.019864e-01 223200701121857490      10102        298     0 2454113.287801  1.440113e+01  1.263276e-01  1.440113e+01  1.263276e-01 
   95712868   1.790647e+00   1.936476e-01   1.790647e+00   1.936476e-01 224200701121857500      20428       1312     0 2454113.287824  1.436748e+01  1.174162e-01  1.436748e+01  1.174162e-01 
   95799124   1.694218e+00   1.968899e-01   1.694218e+00   1.968899e-01 224200701131855270      20428       1328     0 2454114.286157  1.442758e+01  1.261769e-01  1.442758e+01  1.261769e-01 
   95799124   1.709641e+00   2.135299e-01   1.709641e+00   2.135299e-01 223200701131855270      10100        317     0 2454114.286157  1.441774e+01  1.356062e-01  1.441774e+01  1.356062e-01 
   95799178   1.737474e+00   1.873241e-01   1.737474e+00   1.873241e-01 224200701131856210      20428       1328     0 2454114.286782  1.440020e+01  1.170580e-01  1.440020e+01  1.170580e-01 
   95799178   1.768145e+00   2.021671e-01   1.768145e+00   2.021671e-01 223200701131856210      10100        315     0 2454114.286782  1.438121e+01  1.241419e-01  1.438121e+01  1.241419e-01 
   95799302   1.828212e+00   1.703694e-01   1.828212e+00   1.703694e-01 224200701131858250      20419       1335     0 2454114.288218  1.434493e+01  1.011791e-01  1.434493e+01  1.011791e-01 
   95799302   1.455170e+00   1.758870e-01   1.455170e+00   1.758870e-01 223200701131858250      10101        319     0 2454114.288218  1.459272e+01  1.312339e-01  1.459272e+01  1.312339e-01 
   95799356   1.804626e+00   1.632615e-01   1.804626e+00   1.632615e-01 224200701131859190      20419       1335     0 2454114.288843  1.435903e+01  9.822509e-02  1.435903e+01  9.822509e-02 
   95799356   1.529643e+00   1.666513e-01   1.529643e+00   1.666513e-01 223200701131859190      10100        317     0 2454114.288843  1.453852e+01  1.182891e-01  1.453852e+01  1.182891e-01 
   95885594   1.673558e+00   1.906252e-01   1.673558e+00   1.906252e-01 224200701141856390      20431       1334     0 2454115.286968  1.444090e+01  1.236703e-01  1.444090e+01  1.236703e-01 
   95885649   1.817052e+00   1.813117e-01   1.817052e+00   1.813117e-01 224200701141857330      20429       1333     0 2454115.287604  1.435158e+01  1.083389e-01  1.435158e+01  1.083389e-01 
   95885704   1.820242e+00   1.725564e-01   1.820242e+00   1.725564e-01 224200701141858280      20430       1332     0 2454115.288241  1.434968e+01  1.029267e-01  1.434968e+01  1.029267e-01 
   95885704   1.521755e+00   1.772341e-01   1.521755e+00   1.772341e-01 223200701141858290      10095        292     0 2454115.288241  1.454414e+01  1.264528e-01  1.454414e+01  1.264528e-01 
   95885835   1.641370e+00   1.533799e-01   1.641370e+00   1.533799e-01 224200701141900400      20432       1328     0 2454115.289757  1.446198e+01  1.014583e-01  1.446198e+01  1.014583e-01 
   95885836   1.558816e+00   1.568771e-01   1.558816e+00   1.568771e-01 223200701141900410      10092        293     0 2454115.289769  1.451801e+01  1.092674e-01  1.451801e+01  1.092674e-01 
  105941746   1.317465e+00   2.764673e-01   1.317465e+00   2.764673e-01 223200705110414520      10064       1120     0 2454231.677616  1.470065e+01  2.278402e-01  1.470065e+01  2.278402e-01 
  105941802   1.419504e+00   2.950696e-01   1.419504e+00   2.950696e-01 223200705110415490      10068       1120     0 2454231.678264  1.461966e+01  2.256908e-01  1.461966e+01  2.256908e-01 
  105941861   1.139806e+00   3.141560e-01   1.139806e+00   3.141560e-01 223200705110416470      10070       1119     0 2454231.678947  1.485792e+01  2.992543e-01  1.485792e+01  2.992543e-01 
  106027801   1.382567e+00   1.710188e-01   1.382567e+00   1.710188e-01 223200705120409040      10089       1097     0 2454232.673623  1.464828e+01  1.343024e-01  1.464828e+01  1.343024e-01 
  106027927   1.159476e+00   1.846421e-01   1.159476e+00   1.846421e-01 223200705120411090      10076       1109     0 2454232.675081  1.483934e+01  1.728999e-01  1.483934e+01  1.728999e-01 
  106028035   1.357301e+00   2.025136e-01   1.357301e+00   2.025136e-01 223200705120412580      10081       1108     0 2454232.676331  1.466831e+01  1.619958e-01  1.466831e+01  1.619958e-01 
  106114110   1.118983e+00   1.731816e-01   1.118983e+00   1.731816e-01 223200705130407290      10069       1120     0 2454233.672569  1.487794e+01  1.680367e-01  1.487794e+01  1.680367e-01 
  106114166   1.359356e+00   1.794131e-01   1.359356e+00   1.794131e-01 223200705130408240      10071       1120     0 2454233.673218  1.466667e+01  1.433003e-01  1.466667e+01  1.433003e-01 
  124569534   1.838433e+00   2.954441e-01   1.838433e+00   2.954441e-01 221200712121841060      10361       7807     0 2454447.277014  1.433888e+01  1.744831e-01  1.433888e+01  1.744831e-01 
  124571592   2.056654e+00   1.008477e-01   2.056654e+00   1.008477e-01 222200712121915250      13039      22020     0 2454447.300833  1.421710e+01  5.323909e-02  1.421710e+01  5.323909e-02 
  124571716   1.183201e+00   8.000539e-02   1.183201e+00   8.000539e-02 223200712121917280       9606       5095     0 2454447.302269  1.481735e+01  7.341527e-02  1.481735e+01  7.341527e-02 
  124572800   1.930874e+00   9.940662e-02   1.930874e+00   9.940662e-02 222200712121935320      13015      22043     0 2454447.314815  1.428561e+01  5.589683e-02  1.428561e+01  5.589683e-02 
  124572991   1.841428e+00   8.905908e-02   1.841428e+00   8.905908e-02 221200712121938430      10348       8001     0 2454447.317025  1.433711e+01  5.251088e-02  1.433711e+01  5.251088e-02 
  124573050   1.207712e+00   7.884766e-02   1.207712e+00   7.884766e-02 223200712121939430       9592       5022     0 2454447.317708  1.479509e+01  7.088450e-02  1.479509e+01  7.088450e-02 
