\OBJNAME = '1SWASP J001905.69-720331.0'
\OBSSTART = '2006-05-11T04:14:48'
\OBSSTOP = '2007-12-12T19:39:43'
\TSTART = 74405740
\TSTOP = 124573051
\JD_REF = 2453005.5
\RA_OBJ = '4.773739'
\DEC_OBJ = '-72.058611'
\WASP_MAG = 13.88618
\HJD_START = 2453866.677546
\HJD_STOP = 2454447.317720
\fixlen = T
\NUMRECORDS = 470
\
\ This file was produced by the NASA Exoplanet Archive  http://exoplanetarchive.ipac.caltech.edu 
\ Wed Sep 11, 21:04:26 2013
\ Documentation for the SuperWASP dataset can be found at http://exoplanetarchive.ipac.caltech.edu/docs/SuperWASPMission.html
\
|TMID      |FLUX2         |FLUX2_ERR     |TAMFLUX2      |TAMFLUX2_ERR  |IMAGEID           |CCDX      |CCDY      |FLAG |           HJD|         MAG2|     MAG2_ERR|      TAMMAG2|  TAMMAG2_ERR|
|int       |float         |float         |float         |float         |char              |int       |int       |int  |        double|        float|        float|        float|        float|
|sec       |micro Vega    |micro Vega    |micro Vega    |micro Vega    |                  |1/16 pixel|1/16 pixel|     |           day|          mag|          mag|          mag|          mag|
|null      |null          |null          |null          |null          |null              |null      |null      |null |          null|         null|         null|         null|         null|
   74405740   3.266414e+00   2.130201e-01   3.266414e+00   2.130201e-01 223200605110414480      11488       1868     0 2453866.677546  1.371482e+01  7.080682e-02  1.371482e+01  7.080682e-02 
   74405793   3.122821e+00   2.349614e-01   3.122821e+00   2.349614e-01 223200605110415410      11493       1865     0 2453866.678160  1.376363e+01  8.169118e-02  1.376363e+01  8.169118e-02 
   74405877   3.276443e+00   2.633204e-01   3.276443e+00   2.633204e-01 223200605110417040      11498       1864     0 2453866.679132  1.371149e+01  8.725852e-02  1.371149e+01  8.725852e-02 
   74405942   3.284554e+00   2.913008e-01   3.284554e+00   2.913008e-01 223200605110418100      11505       1837     0 2453866.679884  1.370881e+01  9.629221e-02  1.370881e+01  9.629221e-02 
   74491853   3.261178e+00   2.321098e-01   3.261178e+00   2.321098e-01 223200605120409570      11508       1795     0 2453867.674225  1.371656e+01  7.727605e-02  1.371656e+01  7.727605e-02 
   74491991   2.848959e+00   2.411914e-01   2.848959e+00   2.411914e-01 223200605120412150      11517       1791     0 2453867.675822  1.386328e+01  9.191818e-02  1.386328e+01  9.191818e-02 
   74492044   3.341710e+00   2.502789e-01   3.341710e+00   2.502789e-01 223200605120413070      11520       1790     0 2453867.676435  1.369008e+01  8.131699e-02  1.369008e+01  8.131699e-02 
   74750376   2.959220e+00   3.268273e-01   2.959220e+00   3.268273e-01 223200605150358270      11504       1799     0 2453870.666389  1.382206e+01  1.199131e-01  1.382206e+01  1.199131e-01 
   74750436   2.778477e+00   3.251687e-01   2.778477e+00   3.251687e-01 223200605150359270      11509       1794     0 2453870.667083  1.389048e+01  1.270656e-01  1.389048e+01  1.270656e-01 
   74750490   3.256089e+00   3.269529e-01   3.256089e+00   3.269529e-01 223200605150400210      11513       1794     0 2453870.667708  1.371826e+01  1.090222e-01  1.371826e+01  1.090222e-01 
   74750549   3.558556e+00   3.241439e-01   3.558556e+00   3.241439e-01 223200605150401200      11516       1793     0 2453870.668391  1.362182e+01  9.889853e-02  1.362182e+01  9.889853e-02 
   75613637   2.571041e+00   1.237585e-01   2.571041e+00   1.237585e-01 223200605250345300      11583       1811     0 2453880.657836  1.397473e+01  5.226271e-02  1.397473e+01  5.226271e-02 
   75613700   2.523389e+00   1.244394e-01   2.523389e+00   1.244394e-01 223200605250346340      11592       1783     0 2453880.658565  1.399504e+01  5.354262e-02  1.399504e+01  5.354262e-02 
   75613758   2.372232e+00   1.240729e-01   2.372232e+00   1.240729e-01 223200605250347310      11595       1781     0 2453880.659236  1.406211e+01  5.678658e-02  1.406211e+01  5.678658e-02 
   75613826   2.255770e+00   1.231201e-01   2.255770e+00   1.231201e-01 223200605250348400      11594       1804     0 2453880.660023  1.411676e+01  5.925976e-02  1.411676e+01  5.925976e-02 
   75700091   2.485517e+00   1.224564e-01   2.485517e+00   1.224564e-01 223200605260346210      11603       1801     0 2453881.658461  1.401146e+01  5.349223e-02  1.401146e+01  5.349223e-02 
   75700154   2.455214e+00   1.209324e-01   2.455214e+00   1.209324e-01 223200605260347250      11610       1770     0 2453881.659190  1.402478e+01  5.347848e-02  1.402478e+01  5.347848e-02 
   75700221   2.412564e+00   1.204755e-01   2.412564e+00   1.204755e-01 223200605260348310      11609       1795     0 2453881.659965  1.404380e+01  5.421828e-02  1.404380e+01  5.421828e-02 
   75700290   2.560035e+00   1.202266e-01   2.560035e+00   1.202266e-01 223200605260349400      11615       1765     0 2453881.660764  1.397939e+01  5.098949e-02  1.397939e+01  5.098949e-02 
   76132311   2.378563e+00   1.008070e-01   2.378563e+00   1.008070e-01 223200605310349440      11667       1774     0 2453886.661007  1.405921e+01  4.601528e-02  1.405921e+01  4.601528e-02 
   76132378   2.427277e+00   1.015513e-01   2.427277e+00   1.015513e-01 223200605310350510      11674       1744     0 2453886.661782  1.403720e+01  4.542470e-02  1.403720e+01  4.542470e-02 
   76132427   2.249850e+00   1.012044e-01   2.249850e+00   1.012044e-01 223200605310351390      11675       1742     0 2453886.662350  1.411962e+01  4.883955e-02  1.411962e+01  4.883955e-02 
   76132489   2.475085e+00   1.013803e-01   2.475085e+00   1.013803e-01 223200605310352410      11677       1741     0 2453886.663067  1.401602e+01  4.447224e-02  1.401602e+01  4.447224e-02 
   76218782   2.436958e+00   1.051853e-01   2.436958e+00   1.051853e-01 223200606010350510      11685       1736     0 2453887.661829  1.403288e+01  4.686330e-02  1.403288e+01  4.686330e-02 
   76218850   2.455883e+00   1.043579e-01   2.455883e+00   1.043579e-01 223200606010351580      11685       1758     0 2453887.662616  1.402448e+01  4.613639e-02  1.402448e+01  4.613639e-02 
   76218920   2.326467e+00   1.044120e-01   2.326467e+00   1.044120e-01 223200606010353090      11688       1757     0 2453887.663426  1.408326e+01  4.872808e-02  1.408326e+01  4.872808e-02 
   76219006   2.387818e+00   1.031958e-01   2.387818e+00   1.031958e-01 223200606010354350      11695       1728     0 2453887.664421  1.405500e+01  4.692311e-02  1.405500e+01  4.692311e-02 
   76478188   2.560836e+00   1.105723e-01   2.560836e+00   1.105723e-01 223200606040354060      11696       1728     0 2453890.664213  1.397905e+01  4.688030e-02  1.397905e+01  4.688030e-02 
   76478261   2.281904e+00   1.119306e-01   2.281904e+00   1.119306e-01 223200606040355190      11696       1751     0 2453890.665058  1.410426e+01  5.325711e-02  1.410426e+01  5.325711e-02 
   76478337   2.463217e+00   1.135139e-01   2.463217e+00   1.135139e-01 223200606040356360      11704       1720     0 2453890.665938  1.402124e+01  5.003478e-02  1.402124e+01  5.003478e-02 
   76478390   2.526424e+00   1.140969e-01   2.526424e+00   1.140969e-01 223200606040357280      11706       1718     0 2453890.666551  1.399373e+01  4.903357e-02  1.399373e+01  4.903357e-02 
   76564530   2.464005e+00   2.767868e-01   2.464005e+00   2.767868e-01 223200606050353060      11723       1712     0 2453891.663542  1.402090e+01  1.219634e-01  1.402090e+01  1.219634e-01 
   76564589   2.158705e+00   2.641149e-01   2.158705e+00   2.641149e-01 223200606050354050      11727       1712     0 2453891.664225  1.416452e+01  1.328390e-01  1.416452e+01  1.328390e-01 
   76564649   2.724903e+00   2.684453e-01   2.724903e+00   2.684453e-01 223200606050355050      11730       1709     0 2453891.664919  1.391162e+01  1.069623e-01  1.391162e+01  1.069623e-01 
   76564707   2.355441e+00   2.474839e-01   2.355441e+00   2.474839e-01 223200606050356020      11732       1708     0 2453891.665590  1.406982e+01  1.140777e-01  1.406982e+01  1.140777e-01 
   76650902   2.336967e+00   1.008680e-01   2.336967e+00   1.008680e-01 223200606060352330      11711       1709     0 2453892.663218  1.407837e+01  4.686262e-02  1.407837e+01  4.686262e-02 
   76651036   2.236823e+00   1.055036e-01   2.236823e+00   1.055036e-01 223200606060354480      11718       1708     0 2453892.664769  1.412592e+01  5.121083e-02  1.412592e+01  5.121083e-02 
   76651092   2.198194e+00   1.040807e-01   2.198194e+00   1.040807e-01 223200606060355430      11721       1706     0 2453892.665417  1.414484e+01  5.140792e-02  1.414484e+01  5.140792e-02 
   76651168   2.307391e+00   1.036584e-01   2.307391e+00   1.036584e-01 223200606060357000      11719       1728     0 2453892.666296  1.409220e+01  4.877634e-02  1.409220e+01  4.877634e-02 
   76737396   2.306526e+00   1.071815e-01   2.306526e+00   1.071815e-01 223200606070354040      11722       1712     0 2453893.664306  1.409260e+01  5.045303e-02  1.409260e+01  5.045303e-02 
   76737449   2.245531e+00   1.048528e-01   2.245531e+00   1.048528e-01 223200606070354570      11725       1710     0 2453893.664919  1.412170e+01  5.069754e-02  1.412170e+01  5.069754e-02 
   76737504   2.215368e+00   1.051974e-01   2.215368e+00   1.051974e-01 223200606070355530      11726       1707     0 2453893.665556  1.413638e+01  5.155669e-02  1.413638e+01  5.155669e-02 
   76737560   2.414872e+00   1.070428e-01   2.414872e+00   1.070428e-01 223200606070356480      11728       1706     0 2453893.666204  1.404276e+01  4.812703e-02  1.404276e+01  4.812703e-02 
   76823786   2.296552e+00   1.048064e-01   2.296552e+00   1.048064e-01 223200606080353510      11748       1711     0 2453894.664190  1.409731e+01  4.954930e-02  1.409731e+01  4.954930e-02 
   76823845   2.427312e+00   1.066639e-01   2.427312e+00   1.066639e-01 223200606080354510      11752       1708     0 2453894.664873  1.403719e+01  4.771093e-02  1.403719e+01  4.771093e-02 
   76823904   2.257177e+00   1.062199e-01   2.257177e+00   1.062199e-01 223200606080355500      11754       1706     0 2453894.665556  1.411609e+01  5.109356e-02  1.411609e+01  5.109356e-02 
   76823990   2.285101e+00   1.057148e-01   2.285101e+00   1.057148e-01 223200606080357160      11753       1729     0 2453894.666551  1.410274e+01  5.022917e-02  1.410274e+01  5.022917e-02 
   76910212   2.256703e+00   1.011859e-01   2.256703e+00   1.011859e-01 223200606090354140      11745       1698     0 2453895.664491  1.411631e+01  4.868233e-02  1.411631e+01  4.868233e-02 
   76910266   2.299711e+00   1.021642e-01   2.299711e+00   1.021642e-01 223200606090355080      11747       1696     0 2453895.665116  1.409582e+01  4.823380e-02  1.409582e+01  4.823380e-02 
   76910350   2.269201e+00   1.037130e-01   2.269201e+00   1.037130e-01 223200606090356320      11746       1719     0 2453895.666088  1.411032e+01  4.962333e-02  1.411032e+01  4.962333e-02 
   76910422   2.410232e+00   1.027915e-01   2.410232e+00   1.027915e-01 223200606090357440      11752       1691     0 2453895.666921  1.404485e+01  4.630459e-02  1.404485e+01  4.630459e-02 
   76996568   3.182746e+00   2.116928e-01   3.182746e+00   2.116928e-01 223200606100353270      11750       1699     0 2453896.663981  1.374300e+01  7.221541e-02  1.374300e+01  7.221541e-02 
   76996633   2.926064e+00   2.070241e-01   2.926064e+00   2.070241e-01 223200606100354320      11754       1695     0 2453896.664734  1.383429e+01  7.681798e-02  1.383429e+01  7.681798e-02 
   76996694   2.970435e+00   2.035616e-01   2.970435e+00   2.035616e-01 223200606100355320      11756       1694     0 2453896.665440  1.381795e+01  7.440493e-02  1.381795e+01  7.440493e-02 
   76996749   3.298884e+00   2.014255e-01   3.298884e+00   2.014255e-01 223200606100356270      11757       1692     0 2453896.666076  1.370408e+01  6.629386e-02  1.370408e+01  6.629386e-02 
   77082988   3.142663e+00   3.549176e-01   3.142663e+00   3.549176e-01 223200606110353440      11763       1688     0 2453897.664213  1.375676e+01  1.226184e-01  1.375676e+01  1.226184e-01 
   77083065   2.972218e+00   3.483376e-01   2.972218e+00   3.483376e-01 223200606110355000      11763       1711     0 2453897.665104  1.381730e+01  1.272464e-01  1.381730e+01  1.272464e-01 
   77083146   3.346946e+00   3.514433e-01   3.346946e+00   3.514433e-01 223200606110356210      11769       1682     0 2453897.666042  1.368838e+01  1.140072e-01  1.368838e+01  1.140072e-01 
   77083200   2.935128e+00   3.491932e-01   2.935128e+00   3.491932e-01 223200606110357160      11770       1680     0 2453897.666667  1.383093e+01  1.291708e-01  1.383093e+01  1.291708e-01 
   77169434   2.669421e+00   4.379563e-01   2.669421e+00   4.379563e-01 223200606120354260      11773       1674     0 2453898.664745  1.393396e+01  1.781310e-01  1.393396e+01  1.781310e-01 
   77514680   5.761594e+00   2.006259e+00   5.761594e+00   2.006259e+00 223200606160348210      11772       1647     0 2453902.660648  1.309864e+01  3.780682e-01  1.309864e+01  3.780682e-01 
   77601364   2.761704e+00   1.809928e-01   2.761704e+00   1.809928e-01 223200606170353030      11786       1631     0 2453903.663935  1.389706e+01  7.115575e-02  1.389706e+01  7.115575e-02 
   77601434   2.829726e+00   1.813869e-01   2.829726e+00   1.813869e-01 223200606170354120      11785       1654     0 2453903.664745  1.387064e+01  6.959651e-02  1.387064e+01  6.959651e-02 
   77601504   3.053163e+00   1.816453e-01   3.053163e+00   1.816453e-01 223200606170355220      11786       1652     0 2453903.665556  1.378813e+01  6.459519e-02  1.378813e+01  6.459519e-02 
   77601561   2.806140e+00   1.810627e-01   2.806140e+00   1.810627e-01 223200606170356190      11791       1624     0 2453903.666215  1.387973e+01  7.005601e-02  1.387973e+01  7.005601e-02 
   77687708   2.752750e+00   1.548709e-01   2.752750e+00   1.548709e-01 223200606180352030      11807       1625     0 2453904.663287  1.390058e+01  6.108422e-02  1.390058e+01  6.108422e-02 
   77687751   2.822053e+00   1.548809e-01   2.822053e+00   1.548809e-01 223200606180352470      11808       1623     0 2453904.663785  1.387359e+01  5.958797e-02  1.387359e+01  5.958797e-02 
   77687819   2.647766e+00   1.543295e-01   2.647766e+00   1.543295e-01 223200606180353550      11810       1622     0 2453904.664572  1.394280e+01  6.328418e-02  1.394280e+01  6.328418e-02 
   77687870   2.721514e+00   1.537785e-01   2.721514e+00   1.537785e-01 223200606180354460      11811       1620     0 2453904.665162  1.391297e+01  6.134947e-02  1.391297e+01  6.134947e-02 
   77774345   2.523734e+00   1.304667e-01   2.523734e+00   1.304667e-01 223200606190355570      11852       1606     0 2453905.666030  1.399489e+01  5.612833e-02  1.399489e+01  5.612833e-02 
   77774401   2.552719e+00   1.305736e-01   2.552719e+00   1.305736e-01 223200606190356530      11852       1606     0 2453905.666678  1.398249e+01  5.553647e-02  1.398249e+01  5.553647e-02 
   77774463   2.633096e+00   1.307181e-01   2.633096e+00   1.307181e-01 223200606190357560      11852       1605     0 2453905.667396  1.394883e+01  5.390075e-02  1.394883e+01  5.390075e-02 
   77774528   2.597247e+00   1.297036e-01   2.597247e+00   1.297036e-01 223200606190359000      11847       1631     0 2453905.668148  1.396372e+01  5.422065e-02  1.396372e+01  5.422065e-02 
   77860759   2.499303e+00   1.125004e-01   2.499303e+00   1.125004e-01 223200606200356080      11836       1600     0 2453906.666192  1.400545e+01  4.887212e-02  1.400545e+01  4.887212e-02 
   77860818   2.399388e+00   1.118462e-01   2.399388e+00   1.118462e-01 223200606200357080      11837       1599     0 2453906.666875  1.404975e+01  5.061118e-02  1.404975e+01  5.061118e-02 
   77860882   2.533361e+00   1.120429e-01   2.533361e+00   1.120429e-01 223200606200358110      11836       1600     0 2453906.667616  1.399076e+01  4.801900e-02  1.399076e+01  4.801900e-02 
   77860947   2.545845e+00   1.140421e-01   2.545845e+00   1.140421e-01 223200606200359170      11831       1627     0 2453906.668368  1.398542e+01  4.863615e-02  1.398542e+01  4.863615e-02 
   77947069   2.554011e+00   1.169433e-01   2.554011e+00   1.169433e-01 223200606210354360      11831       1599     0 2453907.665150  1.398194e+01  4.971397e-02  1.398194e+01  4.971397e-02 
   77947123   2.400376e+00   1.163758e-01   2.400376e+00   1.163758e-01 223200606210355300      11831       1601     0 2453907.665775  1.404930e+01  5.263918e-02  1.404930e+01  5.263918e-02 
   77947201   2.493134e+00   1.176308e-01   2.493134e+00   1.176308e-01 223200606210356480      11828       1626     0 2453907.666678  1.400814e+01  5.122729e-02  1.400814e+01  5.122729e-02 
   77947268   2.346126e+00   1.168056e-01   2.346126e+00   1.168056e-01 223200606210357550      11831       1601     0 2453907.667454  1.407412e+01  5.405530e-02  1.407412e+01  5.405530e-02 
   78119979   2.216533e+00   1.016763e-01   2.216533e+00   1.016763e-01 223200606230356210      11822       1580     0 2453909.666424  1.413581e+01  4.980481e-02  1.413581e+01  4.980481e-02 
   78120033   2.214550e+00   1.013430e-01   2.214550e+00   1.013430e-01 223200606230357150      11821       1581     0 2453909.667049  1.413679e+01  4.968600e-02  1.413679e+01  4.968600e-02 
   78120181   2.267492e+00   1.032881e-01   2.267492e+00   1.032881e-01 223200606230359440      11820       1591     0 2453909.668762  1.411114e+01  4.945728e-02  1.411114e+01  4.945728e-02 
   78120243   2.252901e+00   1.013194e-01   2.252901e+00   1.013194e-01 223200606230400460      11822       1568     0 2453909.669479  1.411814e+01  4.882880e-02  1.411814e+01  4.882880e-02 
   78206439   2.384995e+00   1.069349e-01   2.384995e+00   1.069349e-01 223200606240357190      11841       1566     0 2453910.667118  1.405628e+01  4.868079e-02  1.405628e+01  4.868079e-02 
   78206498   2.348375e+00   1.059982e-01   2.348375e+00   1.059982e-01 223200606240358180      11838       1570     0 2453910.667801  1.407308e+01  4.900686e-02  1.407308e+01  4.900686e-02 
   78206573   2.283802e+00   1.061859e-01   2.283802e+00   1.061859e-01 223200606240359320      11830       1600     0 2453910.668669  1.410335e+01  5.048176e-02  1.410335e+01  5.048176e-02 
   78206632   2.349195e+00   1.060361e-01   2.349195e+00   1.060361e-01 223200606240400310      11825       1583     0 2453910.669352  1.407270e+01  4.900729e-02  1.407270e+01  4.900729e-02 
   78292878   2.200889e+00   9.797736e-02   2.200889e+00   9.797736e-02 223200606250357560      11843       1549     0 2453911.667569  1.414351e+01  4.833408e-02  1.414351e+01  4.833408e-02 
   78292932   2.247750e+00   9.774473e-02   2.247750e+00   9.774473e-02 223200606250358490      11837       1556     0 2453911.668194  1.412063e+01  4.721405e-02  1.412063e+01  4.721405e-02 
   78292983   2.252776e+00   9.772406e-02   2.252776e+00   9.772406e-02 223200606250359400      11827       1570     0 2453911.668785  1.411821e+01  4.709873e-02  1.411821e+01  4.709873e-02 
   78293045   2.407039e+00   9.898396e-02   2.407039e+00   9.898396e-02 223200606250400430      11827       1569     0 2453911.669502  1.404629e+01  4.464857e-02  1.404629e+01  4.464857e-02 
   78724947   2.310961e+00   1.002020e-01   2.310961e+00   1.002020e-01 223200606300358520      11851       1554     0 2453916.668368  1.409052e+01  4.707708e-02  1.409052e+01  4.707708e-02 
   78725024   2.204286e+00   9.960876e-02   2.204286e+00   9.960876e-02 223200606300400090      11857       1525     0 2453916.669259  1.414183e+01  4.906316e-02  1.414183e+01  4.906316e-02 
   78725071   2.239501e+00   9.951011e-02   2.239501e+00   9.951011e-02 223200606300400570      11857       1523     0 2453916.669803  1.412462e+01  4.824383e-02  1.412462e+01  4.824383e-02 
   78725135   2.295915e+00   9.938777e-02   2.295915e+00   9.938777e-02 223200606300402000      11858       1521     0 2453916.670544  1.409761e+01  4.700056e-02  1.409761e+01  4.700056e-02 
   78811383   2.383051e+00   1.048027e-01   2.383051e+00   1.048027e-01 223200607010359260      11850       1518     0 2453917.668785  1.405717e+01  4.774908e-02  1.405717e+01  4.774908e-02 
   78811462   2.197248e+00   1.045256e-01   2.197248e+00   1.045256e-01 223200607010400450      11848       1541     0 2453917.669699  1.414530e+01  5.164992e-02  1.414530e+01  5.164992e-02 
   78811527   2.348567e+00   1.046324e-01   2.348567e+00   1.046324e-01 223200607010401510      11852       1513     0 2453917.670451  1.407299e+01  4.837146e-02  1.407299e+01  4.837146e-02 
   78811578   2.183926e+00   1.038760e-01   2.183926e+00   1.038760e-01 223200607010402420      11853       1510     0 2453917.671042  1.415191e+01  5.164199e-02  1.415191e+01  5.164199e-02 
   78897794   3.371388e+00   2.630244e-01   3.371388e+00   2.630244e-01 223200607020359350      11861       1508     0 2453918.668912  1.368048e+01  8.470581e-02  1.368048e+01  8.470581e-02 
   78897853   3.767600e+00   5.392251e-01   3.767600e+00   5.392251e-01 223200607020400340      11863       1506     0 2453918.669595  1.355984e+01  1.553929e-01  1.355984e+01  1.553929e-01 
   78897907   2.001472e+00   3.035822e-01   2.001472e+00   3.035822e-01 223200607020401280      11862       1504     0 2453918.670220  1.424663e+01  1.646844e-01  1.424663e+01  1.646844e-01 
   78897980   2.331618e+00   1.760438e-01   2.331618e+00   1.760438e-01 223200607020402420      11859       1526     0 2453918.671065  1.408086e+01  8.197647e-02  1.408086e+01  8.197647e-02 
   78984196   2.147944e+00   9.896120e-02   2.147944e+00   9.896120e-02 223200607030359350      11869       1494     0 2453919.668935  1.416994e+01  5.002277e-02  1.416994e+01  5.002277e-02 
   78984250   2.237913e+00   9.736907e-02   2.237913e+00   9.736907e-02 223200607030400290      11871       1491     0 2453919.669560  1.412539e+01  4.723932e-02  1.412539e+01  4.723932e-02 
   78984308   2.150964e+00   9.589054e-02   2.150964e+00   9.589054e-02 223200607030401270      11871       1490     0 2453919.670231  1.416842e+01  4.840256e-02  1.416842e+01  4.840256e-02 
   78984363   2.317243e+00   9.691443e-02   2.317243e+00   9.691443e-02 223200607030402220      11871       1488     0 2453919.670868  1.408757e+01  4.540909e-02  1.408757e+01  4.540909e-02 
   79070520   2.215942e+00   9.827289e-02   2.215942e+00   9.827289e-02 223200607040358180      11865       1473     0 2453920.668056  1.413610e+01  4.815053e-02  1.413610e+01  4.815053e-02 
   79070566   2.256840e+00   9.765474e-02   2.256840e+00   9.765474e-02 223200607040359040      11867       1472     0 2453920.668588  1.411625e+01  4.698059e-02  1.411625e+01  4.698059e-02 
   79070632   2.175676e+00   9.756766e-02   2.175676e+00   9.756766e-02 223200607040400090      11868       1469     0 2453920.669352  1.415601e+01  4.868975e-02  1.415601e+01  4.868975e-02 
   79070684   2.244634e+00   9.807691e-02   2.244634e+00   9.807691e-02 223200607040401020      11868       1467     0 2453920.669954  1.412214e+01  4.744027e-02  1.412214e+01  4.744027e-02 
   79415949   2.205959e+00   9.922203e-02   2.205959e+00   9.922203e-02 223200607080355190      11863       1458     0 2453924.666076  1.414101e+01  4.883559e-02  1.414101e+01  4.883559e-02 
   79416106   2.214402e+00   9.809842e-02   2.214402e+00   9.809842e-02 223200607080357570      11866       1482     0 2453924.667894  1.413686e+01  4.809849e-02  1.413686e+01  4.809849e-02 
   79416173   2.175257e+00   9.702807e-02   2.175257e+00   9.702807e-02 223200607080359030      11871       1453     0 2453924.668669  1.415622e+01  4.842979e-02  1.415622e+01  4.842979e-02 
   79416231   2.024962e+00   9.737664e-02   2.024962e+00   9.737664e-02 223200607080400010      11871       1450     0 2453924.669340  1.423396e+01  5.221120e-02  1.423396e+01  5.221120e-02 
   79502437   2.559556e+00   1.507413e-01   2.559556e+00   1.507413e-01 223200607090356460      11875       1452     0 2453925.667095  1.397959e+01  6.394307e-02  1.397959e+01  6.394307e-02 
   79502489   2.579928e+00   1.504474e-01   2.579928e+00   1.504474e-01 223200607090357380      11876       1449     0 2453925.667697  1.397098e+01  6.331446e-02  1.397098e+01  6.331446e-02 
   79502558   2.696165e+00   1.471733e-01   2.696165e+00   1.471733e-01 223200607090358470      11876       1446     0 2453925.668495  1.392313e+01  5.926637e-02  1.392313e+01  5.926637e-02 
   79502712   2.549710e+00   1.430305e-01   2.549710e+00   1.430305e-01 223200607090401200      11874       1429     0 2453925.670278  1.398377e+01  6.090649e-02  1.398377e+01  6.090649e-02 
   80278191   2.652181e+00   1.632073e-01   2.652181e+00   1.632073e-01 223200607180325470      11907       1409     0 2453934.645729  1.394099e+01  6.681319e-02  1.394099e+01  6.681319e-02 
   80278253   2.287792e+00   1.623921e-01   2.287792e+00   1.623921e-01 223200607180326500      11910       1380     0 2453934.646447  1.410146e+01  7.706802e-02  1.410146e+01  7.706802e-02 
   80278328   2.825905e+00   1.812938e-01   2.825905e+00   1.812938e-01 223200607180328050      11906       1404     0 2453934.647315  1.387211e+01  6.965483e-02  1.387211e+01  6.965483e-02 
   80278406   2.319344e+00   2.359098e-01   2.319344e+00   2.359098e-01 223200607180329220      11911       1376     0 2453934.648218  1.408659e+01  1.104350e-01  1.408659e+01  1.104350e-01 
   80364283   2.372355e+00   1.182820e-01   2.372355e+00   1.182820e-01 223200607190320380      11903       1391     0 2453935.642164  1.406205e+01  5.413334e-02  1.406205e+01  5.413334e-02 
   80364339   2.526203e+00   1.192139e-01   2.526203e+00   1.192139e-01 223200607190321350      11903       1389     0 2453935.642812  1.399383e+01  5.123710e-02  1.399383e+01  5.123710e-02 
   80364399   2.441222e+00   1.195737e-01   2.441222e+00   1.195737e-01 223200607190322340      11903       1388     0 2453935.643507  1.403098e+01  5.318072e-02  1.403098e+01  5.318072e-02 
   80364460   2.417783e+00   1.196890e-01   2.417783e+00   1.196890e-01 223200607190323360      11903       1386     0 2453935.644213  1.404146e+01  5.374809e-02  1.404146e+01  5.374809e-02 
   80450499   2.424710e+00   1.091760e-01   2.424710e+00   1.091760e-01 223200607200317340      11907       1382     0 2453936.640035  1.403835e+01  4.888699e-02  1.403835e+01  4.888699e-02 
   80450560   2.369350e+00   1.089544e-01   2.369350e+00   1.089544e-01 223200607200318350      11907       1381     0 2453936.640741  1.406343e+01  4.992765e-02  1.406343e+01  4.992765e-02 
   80450624   2.320096e+00   1.082235e-01   2.320096e+00   1.082235e-01 223200607200319380      11907       1379     0 2453936.641481  1.408624e+01  5.064556e-02  1.408624e+01  5.064556e-02 
   80450681   2.281817e+00   1.078735e-01   2.281817e+00   1.078735e-01 223200607200320360      11907       1377     0 2453936.642141  1.410430e+01  5.132865e-02  1.410430e+01  5.132865e-02 
   80967431   2.194102e+00   9.679306e-02   2.194102e+00   9.679306e-02 223200607260253020      11865       1418     0 2453942.623044  1.414686e+01  4.789755e-02  1.414686e+01  4.789755e-02 
   80967490   2.160814e+00   9.611830e-02   2.160814e+00   9.611830e-02 223200607260254000      11867       1416     0 2453942.623727  1.416346e+01  4.829637e-02  1.416346e+01  4.829637e-02 
   80967550   2.163946e+00   9.554913e-02   2.163946e+00   9.554913e-02 223200607260255010      11868       1414     0 2453942.624421  1.416188e+01  4.794090e-02  1.416188e+01  4.794090e-02 
   80967606   2.127068e+00   9.498906e-02   2.127068e+00   9.498906e-02 223200607260255560      11868       1412     0 2453942.625069  1.418055e+01  4.848620e-02  1.418055e+01  4.848620e-02 
   81053652   2.252874e+00   1.062889e-01   2.252874e+00   1.062889e-01 223200607270250020      11862       1414     0 2453943.620972  1.411816e+01  5.122438e-02  1.411816e+01  5.122438e-02 
   81053714   2.385407e+00   1.099356e-01   2.385407e+00   1.099356e-01 223200607270251040      11863       1412     0 2453943.621690  1.405609e+01  5.003821e-02  1.405609e+01  5.003821e-02 
   81053770   2.112988e+00   1.065654e-01   2.112988e+00   1.065654e-01 223200607270251590      11864       1410     0 2453943.622338  1.418776e+01  5.475768e-02  1.418776e+01  5.475768e-02 
   81053832   2.180808e+00   1.047220e-01   2.180808e+00   1.047220e-01 223200607270253010      11864       1407     0 2453943.623056  1.415346e+01  5.213703e-02  1.415346e+01  5.213703e-02 
   81139829   1.781934e+00   6.990622e-01   1.781934e+00   6.990622e-01 223200607280246190      11880       1406     0 2453944.618391  1.437277e+01  4.259415e-01  1.437277e+01  4.259415e-01 
   81139888   2.603647e+00   1.200494e+00   2.603647e+00   1.200494e+00 223200607280247170      11880       1403     0 2453944.619074  1.396105e+01  5.006150e-01  1.396105e+01  5.006150e-01 
   81139942   2.424082e+00   7.504303e-01   2.424082e+00   7.504303e-01 223200607280248110      11881       1402     0 2453944.619699  1.403863e+01  3.361158e-01  1.403863e+01  3.361158e-01 
   82346066   3.172898e+00   3.616233e-01   3.172898e+00   3.616233e-01 224200608110150170      19835        863     0 2453958.579468  1.374636e+01  1.237446e-01  1.374636e+01  1.237446e-01 
   82346066   3.079913e+00   3.686608e-01   3.079913e+00   3.686608e-01 223200608110150170      11877       1449     0 2453958.579468  1.377865e+01  1.299614e-01  1.377865e+01  1.299614e-01 
   82346122   2.593850e+00   3.637470e-01   2.593850e+00   3.637470e-01 224200608110151120      19831        865     0 2453958.580116  1.396514e+01  1.522581e-01  1.396514e+01  1.522581e-01 
   82346122   3.335681e+00   3.657816e-01   3.335681e+00   3.657816e-01 223200608110151120      11880       1447     0 2453958.580116  1.369204e+01  1.190593e-01  1.369204e+01  1.190593e-01 
   82346177   3.362147e+00   3.651238e-01   3.362147e+00   3.651238e-01 224200608110152070      19829        866     0 2453958.580752  1.368346e+01  1.179096e-01  1.368346e+01  1.179096e-01 
   82346177   2.987738e+00   3.687802e-01   2.987738e+00   3.687802e-01 223200608110152070      11880       1443     0 2453958.580752  1.381164e+01  1.340142e-01  1.381164e+01  1.340142e-01 
   82346236   2.445559e+00   3.633911e-01   2.445559e+00   3.633911e-01 224200608110153070      19828        868     0 2453958.581435  1.402905e+01  1.613326e-01  1.402905e+01  1.613326e-01 
   82346236   3.311009e+00   3.670717e-01   3.311009e+00   3.670717e-01 223200608110153070      11881       1442     0 2453958.581435  1.370010e+01  1.203695e-01  1.370010e+01  1.203695e-01 
   82518422   4.988844e+00   3.731287e-01   4.988844e+00   3.731287e-01 224200608130142530      19794        949     0 2453960.574329  1.325500e+01  8.120532e-02  1.325500e+01  8.120532e-02 
   82518422   3.028718e+00   2.373976e-01   3.028718e+00   2.373976e-01 223200608130142530      11880       1417     0 2453960.574329  1.379685e+01  8.510270e-02  1.379685e+01  8.510270e-02 
   82518481   4.630895e+00   3.729881e-01   4.630895e+00   3.729881e-01 224200608130143530      19790        950     0 2453960.575012  1.333584e+01  8.744921e-02  1.333584e+01  8.744921e-02 
   82518481   2.916798e+00   2.368273e-01   2.916798e+00   2.368273e-01 223200608130143520      11881       1414     0 2453960.575012  1.383773e+01  8.815586e-02  1.383773e+01  8.815586e-02 
   82518543   4.592126e+00   3.735791e-01   4.592126e+00   3.735791e-01 224200608130144550      19789        951     0 2453960.575729  1.334497e+01  8.832724e-02  1.334497e+01  8.832724e-02 
   82518543   3.065779e+00   2.370643e-01   3.065779e+00   2.370643e-01 223200608130144550      11880       1409     0 2453960.575729  1.378365e+01  8.395589e-02  1.378365e+01  8.395589e-02 
   82518621   4.250182e+00   3.665073e-01   4.250182e+00   3.665073e-01 224200608130146120      19791        928     0 2453960.576632  1.342898e+01  9.362697e-02  1.342898e+01  9.362697e-02 
   82518621   3.045541e+00   2.383589e-01   3.045541e+00   2.383589e-01 223200608130146120      11876       1432     0 2453960.576632  1.379084e+01  8.497532e-02  1.379084e+01  8.497532e-02 
   82604603   3.462901e+00   1.972421e-01   3.462901e+00   1.972421e-01 224200608140139160      19768        960     0 2453961.571794  1.365140e+01  6.184228e-02  1.365140e+01  6.184228e-02 
   82604603   2.764383e+00   1.905468e-01   2.764383e+00   1.905468e-01 223200608140139160      11880       1438     0 2453961.571794  1.389600e+01  7.483923e-02  1.389600e+01  7.483923e-02 
   82604659   3.343633e+00   1.967309e-01   3.343633e+00   1.967309e-01 224200608140140120      19764        959     0 2453961.572442  1.368945e+01  6.388220e-02  1.368945e+01  6.388220e-02 
   82604659   2.698686e+00   1.909258e-01   2.698686e+00   1.909258e-01 223200608140140120      11887       1435     0 2453961.572442  1.392212e+01  7.681359e-02  1.392212e+01  7.681359e-02 
   82604716   3.114645e+00   1.965534e-01   3.114645e+00   1.965534e-01 224200608140141080      19760        957     0 2453961.573102  1.376648e+01  6.851691e-02  1.376648e+01  6.851691e-02 
   82604716   2.873390e+00   1.954521e-01   2.873390e+00   1.954521e-01 223200608140141080      11900       1432     0 2453961.573102  1.385401e+01  7.385357e-02  1.385401e+01  7.385357e-02 
   82604770   2.960735e+00   1.960220e-01   2.960735e+00   1.960220e-01 224200608140142030      19760        958     0 2453961.573727  1.382150e+01  7.188382e-02  1.382150e+01  7.188382e-02 
   82604770   2.919487e+00   1.988109e-01   2.919487e+00   1.988109e-01 223200608140142030      11899       1430     0 2453961.573727  1.383673e+01  7.393661e-02  1.383673e+01  7.393661e-02 
   82863076   2.999749e+00   1.326669e-01   2.999749e+00   1.326669e-01 224200608170127120      19779        932     0 2453964.563380  1.380729e+01  4.801794e-02  1.380729e+01  4.801794e-02 
   82863076   2.641624e+00   1.265363e-01   2.641624e+00   1.265363e-01 223200608170127120      11870       1447     0 2453964.563380  1.394532e+01  5.200797e-02  1.394532e+01  5.200797e-02 
   82863144   2.574084e+00   1.265911e-01   2.574084e+00   1.265911e-01 223200608170128190      11878       1413     0 2453964.564167  1.397344e+01  5.339571e-02  1.397344e+01  5.339571e-02 
   82863200   2.945943e+00   1.327040e-01   2.945943e+00   1.327040e-01 224200608170129150      19768        959     0 2453964.564815  1.382694e+01  4.890865e-02  1.382694e+01  4.890865e-02 
   82863200   2.425053e+00   1.265148e-01   2.425053e+00   1.265148e-01 223200608170129150      11878       1411     0 2453964.564815  1.403820e+01  5.664294e-02  1.403820e+01  5.664294e-02 
   82863260   2.506130e+00   1.266704e-01   2.506130e+00   1.266704e-01 223200608170130160      11879       1409     0 2453964.565509  1.400249e+01  5.487790e-02  1.400249e+01  5.487790e-02 
   82949249   3.125453e+00   1.067758e-01   3.125453e+00   1.067758e-01 224200608180123250      19840        907     0 2453965.560752  1.376272e+01  3.709247e-02  1.376272e+01  3.709247e-02 
   82949249   2.075713e+00   9.636497e-02   2.075713e+00   9.636497e-02 223200608180123250      11874       1392     0 2453965.560752  1.420708e+01  5.040548e-02  1.420708e+01  5.040548e-02 
   82949311   3.100042e+00   1.076425e-01   3.100042e+00   1.076425e-01 224200608180124270      19835        908     0 2453965.561470  1.377158e+01  3.770005e-02  1.377158e+01  3.770005e-02 
   82949311   2.252414e+00   9.837255e-02   2.252414e+00   9.837255e-02 223200608180124270      11876       1391     0 2453965.561470  1.411838e+01  4.741890e-02  1.411838e+01  4.741890e-02 
   82949374   2.282120e+00   9.859557e-02   2.282120e+00   9.859557e-02 223200608180125310      11876       1388     0 2453965.562199  1.410415e+01  4.690777e-02  1.410415e+01  4.690777e-02 
   82949465   2.234251e+00   9.774589e-02   2.234251e+00   9.774589e-02 223200608180127020      11873       1408     0 2453965.563252  1.412717e+01  4.749985e-02  1.412717e+01  4.749985e-02 
   83724677   3.186637e+00   1.066419e-01   3.186637e+00   1.066419e-01 224200608270047250      19816        942     0 2453974.535613  1.374167e+01  3.633465e-02  1.374167e+01  3.633465e-02 
   83724677   2.194870e+00   9.690581e-02   2.194870e+00   9.690581e-02 223200608270047250      11854       1445     0 2453974.535613  1.414648e+01  4.793656e-02  1.414648e+01  4.793656e-02 
   83724741   3.125579e+00   1.064204e-01   3.125579e+00   1.064204e-01 224200608270048280      19810        967     0 2453974.536354  1.376267e+01  3.696751e-02  1.376267e+01  3.696751e-02 
   83724741   2.149082e+00   9.556608e-02   2.149082e+00   9.556608e-02 223200608270048280      11857       1410     0 2453974.536354  1.416937e+01  4.828104e-02  1.416937e+01  4.828104e-02 
   83724816   2.953097e+00   1.052267e-01   2.953097e+00   1.052267e-01 224200608270049440      19812        944     0 2453974.537222  1.382431e+01  3.868782e-02  1.382431e+01  3.868782e-02 
   83724816   2.235784e+00   9.714782e-02   2.235784e+00   9.714782e-02 223200608270049440      11853       1432     0 2453974.537222  1.412642e+01  4.717686e-02  1.412642e+01  4.717686e-02 
   83724878   3.228288e+00   1.057320e-01   3.228288e+00   1.057320e-01 224200608270050460      19808        970     0 2453974.537940  1.372757e+01  3.555986e-02  1.372757e+01  3.555986e-02 
   83724878   2.237723e+00   9.640330e-02   2.237723e+00   9.640330e-02 223200608270050460      11857       1403     0 2453974.537940  1.412548e+01  4.677474e-02  1.412548e+01  4.677474e-02 
   83810843   3.148715e+00   1.012027e-01   3.148715e+00   1.012027e-01 224200608280043330      19813        947     0 2453975.532905  1.375467e+01  3.489672e-02  1.375467e+01  3.489672e-02 
   83810843   2.236291e+00   9.330523e-02   2.236291e+00   9.330523e-02 223200608280043330      11859       1433     0 2453975.532905  1.412618e+01  4.530055e-02  1.412618e+01  4.530055e-02 
   83810895   3.336497e+00   1.016397e-01   3.336497e+00   1.016397e-01 224200608280044250      19810        949     0 2453975.533507  1.369177e+01  3.307490e-02  1.369177e+01  3.307490e-02 
   83810895   2.137295e+00   9.314701e-02   2.137295e+00   9.314701e-02 223200608280044250      11860       1431     0 2453975.533507  1.417534e+01  4.731843e-02  1.417534e+01  4.731843e-02 
   83810966   2.125866e+00   9.171558e-02   2.125866e+00   9.171558e-02 223200608280045350      11859       1427     0 2453975.534329  1.418116e+01  4.684174e-02  1.418116e+01  4.684174e-02 
   83810967   3.214937e+00   1.013665e-01   3.214937e+00   1.013665e-01 224200608280045360      19810        951     0 2453975.534340  1.373207e+01  3.423321e-02  1.373207e+01  3.423321e-02 
   83811023   3.308453e+00   1.017501e-01   3.308453e+00   1.017501e-01 224200608280046320      19810        951     0 2453975.534988  1.370094e+01  3.339150e-02  1.370094e+01  3.339150e-02 
   83811023   2.123428e+00   9.197230e-02   2.123428e+00   9.197230e-02 223200608280046320      11859       1424     0 2453975.534988  1.418241e+01  4.702678e-02  1.418241e+01  4.702678e-02 
   84328676   3.398598e+00   2.680274e-01   3.398598e+00   2.680274e-01 224200609030034170      19816       1010     0 2453981.526343  1.367175e+01  8.562592e-02  1.367175e+01  8.562592e-02 
   84328676   2.972609e+00   2.611324e-01   2.972609e+00   2.611324e-01 223200609030034170      11849       1362     0 2453981.526343  1.381716e+01  9.537814e-02  1.381716e+01  9.537814e-02 
   84328748   3.072570e+00   2.694575e-01   3.072570e+00   2.694575e-01 224200609030035290      19818        985     0 2453981.527176  1.378125e+01  9.521694e-02  1.378125e+01  9.521694e-02 
   84328748   2.794091e+00   2.652495e-01   2.794091e+00   2.652495e-01 223200609030035280      11845       1384     0 2453981.527176  1.388440e+01  1.030718e-01  1.388440e+01  1.030718e-01 
   84328815   3.285226e+00   2.818718e-01   3.285226e+00   2.818718e-01 224200609030036350      19816       1010     0 2453981.527951  1.370859e+01  9.315631e-02  1.370859e+01  9.315631e-02 
   84328815   3.077374e+00   2.820478e-01   3.077374e+00   2.820478e-01 223200609030036350      11845       1348     0 2453981.527951  1.377955e+01  9.951036e-02  1.377955e+01  9.951036e-02 
   84328872   2.699350e+00   2.847473e-01   2.699350e+00   2.847473e-01 224200609030037320      19814       1011     0 2453981.528611  1.392185e+01  1.145318e-01  1.392185e+01  1.145318e-01 
   84328872   2.699141e+00   2.719127e-01   2.699141e+00   2.719127e-01 223200609030037320      11847       1347     0 2453981.528611  1.392194e+01  1.093779e-01  1.392194e+01  1.093779e-01 
   84500183   2.991185e+00   4.017242e-01   2.991185e+00   4.017242e-01 224200609050012480      19815        958     0 2453983.511377  1.381039e+01  1.458178e-01  1.381039e+01  1.458178e-01 
   84500183   3.263055e+00   4.122427e-01   3.263055e+00   4.122427e-01 223200609050012480      11856       1428     0 2453983.511377  1.371594e+01  1.371685e-01  1.371594e+01  1.371685e-01 
   84500243   3.670726e+00   3.983605e-01   3.670726e+00   3.983605e-01 224200609050013480      19811        957     0 2453983.512072  1.358812e+01  1.178284e-01  1.358812e+01  1.178284e-01 
   84500243   2.814272e+00   4.082389e-01   2.814272e+00   4.082389e-01 223200609050013480      11858       1425     0 2453983.512072  1.387659e+01  1.574977e-01  1.387659e+01  1.574977e-01 
   84500305   3.150598e+00   3.940118e-01   3.150598e+00   3.940118e-01 224200609050014500      19809        960     0 2453983.512789  1.375402e+01  1.357820e-01  1.375402e+01  1.357820e-01 
   84500305   2.754271e+00   4.076878e-01   2.754271e+00   4.076878e-01 223200609050014500      11858       1422     0 2453983.512789  1.389998e+01  1.607114e-01  1.389998e+01  1.607114e-01 
   84500383   3.971045e+00   4.019459e-01   3.971045e+00   4.019459e-01 224200609050016080      19813        936     0 2453983.513692  1.350274e+01  1.098977e-01  1.350274e+01  1.098977e-01 
   84500383   2.541422e+00   4.107371e-01   2.541422e+00   4.107371e-01 223200609050016080      11854       1444     0 2453983.513692  1.398731e+01  1.754740e-01  1.398731e+01  1.754740e-01 
   84844857   2.403552e+00   5.568856e-01   2.403552e+00   5.568856e-01 224200609082357310      19818        927     0 2453987.500660  1.404787e+01  2.515581e-01  1.404787e+01  2.515581e-01 
   84844857   3.068456e+00   5.751801e-01   3.068456e+00   5.751801e-01 223200609082357310      11866       1438     0 2453987.500660  1.378270e+01  2.035213e-01  1.378270e+01  2.035213e-01 
   84844913   3.320133e+00   5.785090e-01   3.320133e+00   5.785090e-01 223200609082358260      11867       1433     0 2453987.501308  1.369711e+01  1.891823e-01  1.369711e+01  1.891823e-01 
   84844914   3.835269e+00   5.613409e-01   3.835269e+00   5.613409e-01 224200609082358270      19815        930     0 2453987.501319  1.354051e+01  1.589120e-01  1.354051e+01  1.589120e-01 
   84844970   3.924967e+00   5.603517e-01   3.924967e+00   5.603517e-01 224200609082359230      19815        931     0 2453987.501968  1.351541e+01  1.550067e-01  1.351541e+01  1.550067e-01 
   84844970   3.685334e+00   5.756384e-01   3.685334e+00   5.756384e-01 223200609082359230      11866       1430     0 2453987.501968  1.358381e+01  1.695894e-01  1.358381e+01  1.695894e-01 
   84845032   3.264641e+00   5.601178e-01   3.264641e+00   5.601178e-01 224200609090000260      19814        932     0 2453987.502685  1.371541e+01  1.862815e-01  1.371541e+01  1.862815e-01 
   84845032   2.891097e+00   5.739948e-01   2.891097e+00   5.739948e-01 223200609090000260      11867       1428     0 2453987.502685  1.384734e+01  2.155614e-01  1.384734e+01  2.155614e-01 
   85017157   2.971769e+00   2.916787e-01   2.971769e+00   2.916787e-01 224200609102349160      19827        975     0 2453989.494873  1.381746e+01  1.065652e-01  1.381746e+01  1.065652e-01 
   85017157   3.172606e+00   3.037895e-01   3.172606e+00   3.037895e-01 223200609102349160      11843       1388     0 2453989.494873  1.374646e+01  1.039639e-01  1.374646e+01  1.039639e-01 
   85017224   3.055327e+00   3.861486e-01   3.055327e+00   3.861486e-01 224200609102350220      19824        974     0 2453989.495648  1.378736e+01  1.372216e-01  1.378736e+01  1.372216e-01 
   85017224   3.657020e+00   4.063774e-01   3.657020e+00   4.063774e-01 223200609102350220      11844       1385     0 2453989.495648  1.359218e+01  1.206502e-01  1.359218e+01  1.206502e-01 
   85017283   3.140319e+00   3.488948e-01   3.140319e+00   3.488948e-01 224200609102351210      19822        975     0 2453989.496331  1.375757e+01  1.206276e-01  1.375757e+01  1.206276e-01 
   85017283   2.440068e+00   3.534467e-01   2.440068e+00   3.534467e-01 223200609102351210      11845       1383     0 2453989.496331  1.403150e+01  1.572707e-01  1.403150e+01  1.572707e-01 
   85017341   3.270755e+00   3.569503e-01   3.270755e+00   3.569503e-01 223200609102352200      11842       1376     0 2453989.497002  1.371338e+01  1.184911e-01  1.371338e+01  1.184911e-01 
   85361750   3.201936e+00   1.056719e-01   3.201936e+00   1.056719e-01 224200609142332380      19800        956     0 2453993.483218  1.373647e+01  3.583213e-02  1.373647e+01  3.583213e-02 
   85361750   2.347179e+00   9.529997e-02   2.347179e+00   9.529997e-02 223200609142332380      11845       1342     0 2453993.483218  1.407363e+01  4.408313e-02  1.407363e+01  4.408313e-02 
   85361803   3.146929e+00   1.045492e-01   3.146929e+00   1.045492e-01 224200609142333310      19795        956     0 2453993.483831  1.375528e+01  3.607113e-02  1.375528e+01  3.607113e-02 
   85361807   2.192270e+00   9.506822e-02   2.192270e+00   9.506822e-02 223200609142333360      11846       1339     0 2453993.483877  1.414777e+01  4.708334e-02  1.414777e+01  4.708334e-02 
   85361868   3.281788e+00   1.042381e-01   3.281788e+00   1.042381e-01 224200609142334370      19793        958     0 2453993.484583  1.370972e+01  3.448593e-02  1.370972e+01  3.448593e-02 
   85361868   2.240290e+00   9.516271e-02   2.240290e+00   9.516271e-02 223200609142334370      11847       1336     0 2453993.484583  1.412424e+01  4.611989e-02  1.412424e+01  4.611989e-02 
   85361943   3.160333e+00   1.056629e-01   3.160333e+00   1.056629e-01 224200609142335520      19796        933     0 2453993.485451  1.375067e+01  3.630074e-02  1.375067e+01  3.630074e-02 
   85361943   2.208432e+00   9.394547e-02   2.208432e+00   9.394547e-02 223200609142335520      11843       1359     0 2453993.485451  1.413979e+01  4.618677e-02  1.413979e+01  4.618677e-02 
   85620648   3.136358e+00   1.214815e-01   3.136358e+00   1.214815e-01 224200609172327440      19828        917     0 2453996.479722  1.375894e+01  4.205430e-02  1.375894e+01  4.205430e-02 
   85620648   2.232127e+00   1.072852e-01   2.232127e+00   1.072852e-01 223200609172327440      11816       1350     0 2453996.479722  1.412820e+01  5.218511e-02  1.412820e+01  5.218511e-02 
   85620707   3.053676e+00   1.220557e-01   3.053676e+00   1.220557e-01 224200609172328430      19826        919     0 2453996.480405  1.378794e+01  4.339714e-02  1.378794e+01  4.339714e-02 
   85620707   2.231490e+00   1.080759e-01   2.231490e+00   1.080759e-01 223200609172328430      11816       1346     0 2453996.480405  1.412851e+01  5.258474e-02  1.412851e+01  5.258474e-02 
   85620770   3.163464e+00   1.223067e-01   3.163464e+00   1.223067e-01 224200609172329460      19825        920     0 2453996.481134  1.374959e+01  4.197717e-02  1.374959e+01  4.197717e-02 
   85620770   2.468223e+00   1.088145e-01   2.468223e+00   1.088145e-01 223200609172329460      11816       1343     0 2453996.481134  1.401904e+01  4.786614e-02  1.401904e+01  4.786614e-02 
   85620824   2.960238e+00   1.217582e-01   2.960238e+00   1.217582e-01 224200609172330410      19824        922     0 2453996.481759  1.382168e+01  4.465779e-02  1.382168e+01  4.465779e-02 
   85620824   2.227188e+00   1.086779e-01   2.227188e+00   1.086779e-01 223200609172330410      11816       1340     0 2453996.481759  1.413061e+01  5.297978e-02  1.413061e+01  5.297978e-02 
   85706444   2.767189e+00   1.199938e-01   2.767189e+00   1.199938e-01 224200609182317440      19828        873     0 2453997.472731  1.389490e+01  4.708101e-02  1.389490e+01  4.708101e-02 
   85706444   2.173229e+00   1.044995e-01   2.173229e+00   1.044995e-01 223200609182317440      11819       1324     0 2453997.472731  1.415724e+01  5.220768e-02  1.415724e+01  5.220768e-02 
   85706507   3.031839e+00   1.185308e-01   3.031839e+00   1.185308e-01 224200609182318460      19821        898     0 2453997.473461  1.379573e+01  4.244739e-02  1.379573e+01  4.244739e-02 
   85706507   2.289706e+00   1.047048e-01   2.289706e+00   1.047048e-01 223200609182318460      11823       1299     0 2453997.473461  1.410055e+01  4.964925e-02  1.410055e+01  4.964925e-02 
   85706562   3.050232e+00   1.198021e-01   3.050232e+00   1.198021e-01 224200609182319420      19818        901     0 2453997.474097  1.378917e+01  4.264395e-02  1.378917e+01  4.264395e-02 
   85706562   2.221029e+00   1.027624e-01   2.221029e+00   1.027624e-01 223200609182319410      11824       1297     0 2453997.474097  1.413361e+01  5.023496e-02  1.413361e+01  5.023496e-02 
   85706639   2.969763e+00   1.179056e-01   2.969763e+00   1.179056e-01 224200609182320580      19822        877     0 2453997.474988  1.381820e+01  4.310608e-02  1.381820e+01  4.310608e-02 
   85706639   2.146030e+00   1.041710e-01   2.146030e+00   1.041710e-01 223200609182320580      11820       1322     0 2453997.474988  1.417091e+01  5.270319e-02  1.417091e+01  5.270319e-02 
   85878758   3.157711e+00   1.151663e-01   3.157711e+00   1.151663e-01 224200609202309430      19803        918     0 2453999.467106  1.375157e+01  3.959851e-02  1.375157e+01  3.959851e-02 
   85878758   2.229384e+00   1.032774e-01   2.229384e+00   1.032774e-01 223200609202309430      11821       1376     0 2453999.467106  1.412954e+01  5.029746e-02  1.412954e+01  5.029746e-02 
   85878815   2.940721e+00   1.147105e-01   2.940721e+00   1.147105e-01 224200609202310410      19797        920     0 2453999.467766  1.382887e+01  4.235213e-02  1.382887e+01  4.235213e-02 
   85878815   2.369428e+00   1.040723e-01   2.369428e+00   1.040723e-01 223200609202310400      11823       1373     0 2453999.467766  1.406339e+01  4.768892e-02  1.406339e+01  4.768892e-02 
   85878876   2.996375e+00   1.145672e-01   2.996375e+00   1.145672e-01 224200609202311410      19794        923     0 2453999.468472  1.380851e+01  4.151355e-02  1.380851e+01  4.151355e-02 
   85878876   2.368376e+00   1.054911e-01   2.368376e+00   1.054911e-01 223200609202311410      11824       1371     0 2453999.468472  1.406387e+01  4.836050e-02  1.406387e+01  4.836050e-02 
   85878936   3.058673e+00   1.137209e-01   3.058673e+00   1.137209e-01 224200609202312420      19792        925     0 2453999.469167  1.378617e+01  4.036761e-02  1.378617e+01  4.036761e-02 
   85878936   2.274487e+00   1.059585e-01   2.274487e+00   1.059585e-01 223200609202312420      11824       1367     0 2453999.469167  1.410779e+01  5.057993e-02  1.410779e+01  5.057993e-02 
   85964881   3.412834e+00   1.112072e-01   3.412834e+00   1.112072e-01 224200609212305090      19797        940     0 2454000.463900  1.366721e+01  3.537884e-02  1.366721e+01  3.537884e-02 
   85964881   2.329806e+00   9.770662e-02   2.329806e+00   9.770662e-02 223200609212305090      11835       1371     0 2454000.463900  1.408170e+01  4.553340e-02  1.408170e+01  4.553340e-02 
   85965034   3.144346e+00   1.084206e-01   3.144346e+00   1.084206e-01 224200609212307420      19792        942     0 2454000.465671  1.375617e+01  3.743754e-02  1.375617e+01  3.743754e-02 
   85965034   2.313840e+00   9.664153e-02   2.313840e+00   9.664153e-02 223200609212307420      11837       1363     0 2454000.465671  1.408917e+01  4.534781e-02  1.408917e+01  4.534781e-02 
   85965097   3.288123e+00   1.087677e-01   3.288123e+00   1.087677e-01 224200609212308460      19790        944     0 2454000.466400  1.370763e+01  3.591516e-02  1.370763e+01  3.591516e-02 
   85965097   2.314137e+00   9.588111e-02   2.314137e+00   9.588111e-02 223200609212308460      11838       1361     0 2454000.466400  1.408903e+01  4.498522e-02  1.408903e+01  4.498522e-02 
   85965153   3.514773e+00   1.099320e-01   3.514773e+00   1.099320e-01 224200609212309410      19789        946     0 2454000.467049  1.363526e+01  3.395883e-02  1.363526e+01  3.395883e-02 
   85965153   2.222317e+00   9.542079e-02   2.222317e+00   9.542079e-02 223200609212309410      11839       1359     0 2454000.467049  1.413299e+01  4.661898e-02  1.413299e+01  4.661898e-02 
   86404995   3.296829e+00   1.090876e-01   3.296829e+00   1.090876e-01 224200609270120390      19899       1150     0 2454005.557812  1.370476e+01  3.592566e-02  1.370476e+01  3.592566e-02 
   86404995   2.454468e+00   1.013968e-01   2.454468e+00   1.013968e-01 223200609270120390      11701       1021     0 2454005.557812  1.402511e+01  4.485312e-02  1.402511e+01  4.485312e-02 
   86405054   3.297302e+00   1.096000e-01   3.297302e+00   1.096000e-01 224200609270121390      19895       1175     0 2454005.558495  1.370460e+01  3.608922e-02  1.370460e+01  3.608922e-02 
   86405056   2.222519e+00   1.007720e-01   2.222519e+00   1.007720e-01 223200609270121400      11705        993     0 2454005.558519  1.413289e+01  4.922893e-02  1.413289e+01  4.922893e-02 
   86405124   3.308232e+00   1.104686e-01   3.308232e+00   1.104686e-01 224200609270122490      19895       1175     0 2454005.559306  1.370101e+01  3.625507e-02  1.370101e+01  3.625507e-02 
   86405124   2.233354e+00   1.012372e-01   2.233354e+00   1.012372e-01 223200609270122490      11703        991     0 2454005.559306  1.412761e+01  4.921625e-02  1.412761e+01  4.921625e-02 
   86405183   3.137887e+00   1.103839e-01   3.137887e+00   1.103839e-01 224200609270123480      19895       1175     0 2454005.559988  1.375841e+01  3.819392e-02  1.375841e+01  3.819392e-02 
   86405185   2.434014e+00   1.026432e-01   2.434014e+00   1.026432e-01 223200609270123490      11702        989     0 2454005.560012  1.403419e+01  4.578603e-02  1.403419e+01  4.578603e-02 
   87688167   2.173920e+00   8.243357e-02   2.173920e+00   8.243357e-02 223200610112147440      11497       1170     0 2454020.409340  1.415689e+01  4.117053e-02  1.415689e+01  4.117053e-02 
   87688241   2.291916e+00   8.285724e-02   2.291916e+00   8.285724e-02 223200610112148580      11501       1141     0 2454020.410197  1.409950e+01  3.925163e-02  1.409950e+01  3.925163e-02 
   87688295   2.159984e+00   8.200336e-02   2.159984e+00   8.200336e-02 223200610112149520      11500       1138     0 2454020.410822  1.416387e+01  4.121991e-02  1.416387e+01  4.121991e-02 
   87860512   2.134204e+00   9.233847e-02   2.134204e+00   9.233847e-02 223200610132140170      11460       1192     0 2454022.404074  1.417691e+01  4.697562e-02  1.417691e+01  4.697562e-02 
   87860579   2.278372e+00   9.244227e-02   2.278372e+00   9.244227e-02 223200610132141240      11460       1188     0 2454022.404850  1.410594e+01  4.405263e-02  1.410594e+01  4.405263e-02 
   87860635   2.385512e+00   9.227648e-02   2.385512e+00   9.227648e-02 223200610132142200      11460       1185     0 2454022.405498  1.405605e+01  4.199864e-02  1.405605e+01  4.199864e-02 
   87860695   2.259063e+00   9.081670e-02   2.259063e+00   9.081670e-02 223200610132143190      11460       1183     0 2454022.406192  1.411518e+01  4.364790e-02  1.411518e+01  4.364790e-02 
   88033125   2.186843e+00   8.777294e-02   2.186843e+00   8.777294e-02 223200610152137170      11456       1223     0 2454024.401910  1.415046e+01  4.357815e-02  1.415046e+01  4.357815e-02 
   88033186   2.384504e+00   8.755404e-02   2.384504e+00   8.755404e-02 223200610152138180      11456       1218     0 2454024.402616  1.405651e+01  3.986612e-02  1.405651e+01  3.986612e-02 
   88033241   2.323533e+00   8.670758e-02   2.323533e+00   8.670758e-02 223200610152139130      11455       1214     0 2454024.403252  1.408463e+01  4.051670e-02  1.408463e+01  4.051670e-02 
   88033300   2.310252e+00   8.762980e-02   2.310252e+00   8.762980e-02 223200610152140120      11455       1210     0 2454024.403935  1.409085e+01  4.118303e-02  1.409085e+01  4.118303e-02 
   88377447   2.269077e+00   9.112009e-02   2.269077e+00   9.112009e-02 223200610192116140      11441       1238     0 2454028.387118  1.411038e+01  4.360042e-02  1.411038e+01  4.360042e-02 
   88377499   2.221932e+00   9.039692e-02   2.221932e+00   9.039692e-02 223200610192117070      11440       1235     0 2454028.387720  1.413317e+01  4.417217e-02  1.413317e+01  4.417217e-02 
   88377584   2.303134e+00   9.148916e-02   2.303134e+00   9.148916e-02 223200610192118310      11436       1258     0 2454028.388704  1.409420e+01  4.312967e-02  1.409420e+01  4.312967e-02 
   88377646   2.190301e+00   9.100329e-02   2.190301e+00   9.100329e-02 223200610192119340      11436       1254     0 2454028.389421  1.414874e+01  4.511065e-02  1.414874e+01  4.511065e-02 
   88463612   2.336394e+00   8.940993e-02   2.336394e+00   8.940993e-02 223200610202112230      11464       1192     0 2454029.384398  1.407864e+01  4.154948e-02  1.407864e+01  4.154948e-02 
   88463684   2.238344e+00   8.882841e-02   2.238344e+00   8.882841e-02 223200610202113350      11461       1187     0 2454029.385231  1.412518e+01  4.308746e-02  1.412518e+01  4.308746e-02 
   88463747   2.454773e+00   8.967352e-02   2.454773e+00   8.967352e-02 223200610202114380      11461       1185     0 2454029.385961  1.402497e+01  3.966237e-02  1.402497e+01  3.966237e-02 
   88463806   2.275894e+00   8.842690e-02   2.275894e+00   8.842690e-02 223200610202115380      11460       1183     0 2454029.386644  1.410712e+01  4.218502e-02  1.410712e+01  4.218502e-02 
   88551560   2.252049e+00   9.606821e-02   2.252049e+00   9.606821e-02 223200610212138150      11459       1134     0 2454030.402315  1.411856e+01  4.631565e-02  1.411856e+01  4.631565e-02 
   88551692   2.435877e+00   9.656638e-02   2.435877e+00   9.656638e-02 223200610212140270      11456       1124     0 2454030.403843  1.403336e+01  4.304239e-02  1.403336e+01  4.304239e-02 
   88551764   2.197742e+00   9.670076e-02   2.197742e+00   9.670076e-02 223200610212141400      11451       1146     0 2454030.404676  1.414506e+01  4.777262e-02  1.414506e+01  4.777262e-02 
   88637770   1.537036e+00   1.307117e+00   1.537036e+00   1.307117e+00 223200610222135100      11452       1168     0 2454031.400116  1.453329e+01  9.233289e-01  1.453329e+01  9.233289e-01 
   88637832   3.222156e+00   2.077654e+00   3.222156e+00   2.077654e+00 223200610222136110      11452       1166     0 2454031.400833  1.372963e+01  7.000880e-01  1.372963e+01  7.000880e-01 
   88722113   2.406401e+00   9.190204e-02   2.406401e+00   9.190204e-02 223200610232100550      11447       1224     0 2454032.376308  1.404658e+01  4.146513e-02  1.404658e+01  4.146513e-02 
   88722166   2.345380e+00   9.192497e-02   2.345380e+00   9.192497e-02 223200610232101500      11448       1221     0 2454032.376921  1.407447e+01  4.255455e-02  1.407447e+01  4.255455e-02 
   88722228   2.421267e+00   9.202442e-02   2.421267e+00   9.202442e-02 223200610232102520      11448       1218     0 2454032.377639  1.403989e+01  4.126543e-02  1.403989e+01  4.126543e-02 
   88722295   2.435256e+00   9.204322e-02   2.435256e+00   9.204322e-02 223200610232103590      11448       1215     0 2454032.378414  1.403364e+01  4.103675e-02  1.403364e+01  4.103675e-02 
   88980558   2.357191e+00   1.036427e-01   2.357191e+00   1.036427e-01 223200610262048320      11449       1286     0 2454035.367569  1.406901e+01  4.773860e-02  1.406901e+01  4.773860e-02 
   88980612   2.452901e+00   1.042409e-01   2.452901e+00   1.042409e-01 223200610262049260      11449       1283     0 2454035.368194  1.402580e+01  4.614068e-02  1.402580e+01  4.614068e-02 
   88980672   2.232949e+00   1.027030e-01   2.232949e+00   1.027030e-01 223200610262050270      11449       1280     0 2454035.368889  1.412780e+01  4.993788e-02  1.412780e+01  4.993788e-02 
   88980735   2.299767e+00   1.030229e-01   2.299767e+00   1.030229e-01 223200610262051300      11445       1271     0 2454035.369618  1.409579e+01  4.863799e-02  1.409579e+01  4.863799e-02 
   89066673   2.531453e+00   1.148678e-01   2.531453e+00   1.148678e-01 223200610272043520      11469       1257     0 2454036.364271  1.399158e+01  4.926677e-02  1.399158e+01  4.926677e-02 
   89066736   2.568832e+00   1.154535e-01   2.568832e+00   1.154535e-01 223200610272044550      11469       1254     0 2454036.365000  1.397566e+01  4.879745e-02  1.397566e+01  4.879745e-02 
   89066792   2.552761e+00   1.146551e-01   2.552761e+00   1.146551e-01 223200610272045520      11468       1250     0 2454036.365648  1.398247e+01  4.876510e-02  1.398247e+01  4.876510e-02 
   89066857   2.690953e+00   1.150102e-01   2.690953e+00   1.150102e-01 223200610272046560      11468       1248     0 2454036.366400  1.392523e+01  4.640408e-02  1.392523e+01  4.640408e-02 
   89152871   3.134241e+00   1.844106e-01   3.134241e+00   1.844106e-01 223200610282040350      11453       1267     0 2454037.361933  1.375967e+01  6.388213e-02  1.375967e+01  6.388213e-02 
   89152944   2.534381e+00   1.711736e-01   2.534381e+00   1.711736e-01 223200610282041480      11455       1234     0 2454037.362778  1.399032e+01  7.333155e-02  1.399032e+01  7.333155e-02 
   89238992   2.851756e+00   1.562934e-01   2.851756e+00   1.562934e-01 223200610292035590      11447       1223     0 2454038.358704  1.386222e+01  5.950508e-02  1.386222e+01  5.950508e-02 
   89239047   2.723927e+00   1.566459e-01   2.723927e+00   1.566459e-01 223200610292036550      11448       1220     0 2454038.359340  1.391201e+01  6.243805e-02  1.391201e+01  6.243805e-02 
   89239094   2.636841e+00   1.560318e-01   2.636841e+00   1.560318e-01 223200610292037410      11446       1213     0 2454038.359884  1.394729e+01  6.424732e-02  1.394729e+01  6.424732e-02 
   89239172   2.707274e+00   1.566020e-01   2.707274e+00   1.566020e-01 223200610292038590      11446       1211     0 2454038.360787  1.391867e+01  6.280453e-02  1.391867e+01  6.280453e-02 
   89411367   3.438921e+00   2.480017e-01   3.438921e+00   2.480017e-01 223200610312029020      11440       1225     0 2454040.353785  1.365894e+01  7.829937e-02  1.365894e+01  7.829937e-02 
   89411440   3.234038e+00   2.439239e-01   3.234038e+00   2.439239e-01 223200610312030160      11437       1246     0 2454040.354630  1.372564e+01  8.189080e-02  1.372564e+01  8.189080e-02 
   89411510   3.421627e+00   2.474484e-01   3.421627e+00   2.474484e-01 223200610312031250      11440       1213     0 2454040.355440  1.366442e+01  7.851954e-02  1.366442e+01  7.851954e-02 
   89411567   3.157861e+00   2.486181e-01   3.157861e+00   2.486181e-01 223200610312032230      11439       1210     0 2454040.356100  1.375152e+01  8.548023e-02  1.375152e+01  8.548023e-02 
   89506226   3.040500e+00   2.551943e-01   3.040500e+00   2.551943e-01 223200611012250050      11370        851     0 2454041.451690  1.379264e+01  9.112801e-02  1.379264e+01  9.112801e-02 
   89506299   3.174778e+00   2.561266e-01   3.174778e+00   2.561266e-01 223200611012251190      11372        820     0 2454041.452535  1.374572e+01  8.759254e-02  1.374572e+01  8.759254e-02 
   89506356   3.480851e+00   2.556502e-01   3.480851e+00   2.556502e-01 223200611012252160      11372        818     0 2454041.453194  1.364579e+01  7.974188e-02  1.364579e+01  7.974188e-02 
   89506418   3.059790e+00   2.568289e-01   3.059790e+00   2.568289e-01 223200611012253170      11371        816     0 2454041.453912  1.378577e+01  9.113352e-02  1.378577e+01  9.113352e-02 
   89842128   3.492368e+00   3.593013e-01   3.492368e+00   3.593013e-01 223200611052008420      11451       1227     0 2454045.339444  1.364220e+01  1.117030e-01  1.364220e+01  1.117030e-01 
   89842186   3.173585e+00   3.608100e-01   3.173585e+00   3.608100e-01 223200611052009400      11452       1223     0 2454045.340116  1.374613e+01  1.234395e-01  1.374613e+01  1.234395e-01 
   89842259   2.920717e+00   3.594328e-01   2.920717e+00   3.594328e-01 223200611052010530      11451       1219     0 2454045.340961  1.383628e+01  1.336147e-01  1.383628e+01  1.336147e-01 
   89842318   3.097491e+00   3.575377e-01   3.097491e+00   3.575377e-01 223200611052011520      11451       1217     0 2454045.341644  1.377248e+01  1.253250e-01  1.377248e+01  1.253250e-01 
   89928312   3.148690e+00   2.727162e-01   3.148690e+00   2.727162e-01 223200611062005110      11454       1245     0 2454046.336944  1.375468e+01  9.403877e-02  1.375468e+01  9.403877e-02 
   89928381   3.211597e+00   2.759148e-01   3.211597e+00   2.759148e-01 223200611062006190      11455       1241     0 2454046.337743  1.373320e+01  9.327812e-02  1.373320e+01  9.327812e-02 
   89928435   3.079071e+00   2.761839e-01   3.079071e+00   2.761839e-01 223200611062007140      11455       1238     0 2454046.338368  1.377895e+01  9.738781e-02  1.377895e+01  9.738781e-02 
   89928499   3.177628e+00   2.753553e-01   3.177628e+00   2.753553e-01 223200611062008180      11455       1236     0 2454046.339109  1.374474e+01  9.408409e-02  1.374474e+01  9.408409e-02 
   90014500   2.682669e+00   1.716183e-01   2.682669e+00   1.716183e-01 223200611072001430      11462       1253     0 2454047.334491  1.392858e+01  6.945804e-02  1.392858e+01  6.945804e-02 
   90014554   2.757078e+00   1.837278e-01   2.757078e+00   1.837278e-01 223200611072002370      11462       1250     0 2454047.335116  1.389888e+01  7.235217e-02  1.389888e+01  7.235217e-02 
   90014643   2.823842e+00   1.651080e-01   2.823842e+00   1.651080e-01 223200611072004050      11458       1272     0 2454047.336146  1.387290e+01  6.348243e-02  1.387290e+01  6.348243e-02 
   90014705   2.807189e+00   1.675988e-01   2.807189e+00   1.675988e-01 223200611072005080      11457       1268     0 2454047.336863  1.387932e+01  6.482242e-02  1.387932e+01  6.482242e-02 
   90272989   2.408838e+00   1.008586e-01   2.408838e+00   1.008586e-01 223200611101950030      11458       1235     0 2454050.326262  1.404548e+01  4.546020e-02  1.404548e+01  4.546020e-02 
   90273043   2.287334e+00   1.000355e-01   2.287334e+00   1.000355e-01 223200611101950570      11458       1232     0 2454050.326887  1.410168e+01  4.748433e-02  1.410168e+01  4.748433e-02 
   90273091   2.391975e+00   1.036872e-01   2.391975e+00   1.036872e-01 223200611101951450      11457       1228     0 2454050.327442  1.405311e+01  4.706458e-02  1.405311e+01  4.706458e-02 
   90273156   2.362715e+00   1.009368e-01   2.362715e+00   1.009368e-01 223200611101952500      11457       1226     0 2454050.328194  1.406647e+01  4.638357e-02  1.406647e+01  4.638357e-02 
   90617604   2.325409e+00   9.580879e-02   2.325409e+00   9.580879e-02 223200611141933540      11448       1262     0 2454054.314861  1.408375e+01  4.473339e-02  1.408375e+01  4.473339e-02 
   90617666   2.195612e+00   9.497394e-02   2.195612e+00   9.497394e-02 223200611141934560      11449       1258     0 2454054.315579  1.414611e+01  4.696503e-02  1.414611e+01  4.696503e-02 
   90617726   2.104582e+00   9.420798e-02   2.104582e+00   9.420798e-02 223200611141935570      11453       1229     0 2454054.316273  1.419209e+01  4.860127e-02  1.419209e+01  4.860127e-02 
   90617777   2.396174e+00   9.541176e-02   2.396174e+00   9.541176e-02 223200611141936470      11453       1227     0 2454054.316863  1.405120e+01  4.323240e-02  1.405120e+01  4.323240e-02 
   93120144   3.033254e+00   2.159898e-01   3.033254e+00   2.159898e-01 223200612131844400      12120       1074     0 2454083.279444  1.379523e+01  7.731260e-02  1.379523e+01  7.731260e-02 
   93120203   3.271233e+00   2.018923e-01   3.271233e+00   2.018923e-01 223200612131845380      12121       1073     0 2454083.280127  1.371322e+01  6.700914e-02  1.371322e+01  6.700914e-02 
   93120279   2.851247e+00   1.838313e-01   2.851247e+00   1.838313e-01 223200612131846550      12118       1095     0 2454083.281007  1.386241e+01  7.000201e-02  1.386241e+01  7.000201e-02 
   93120343   2.871628e+00   1.726506e-01   2.871628e+00   1.726506e-01 223200612131847580      12121       1066     0 2454083.281748  1.385468e+01  6.527785e-02  1.385468e+01  6.527785e-02 
   93292978   3.812561e+00   2.601508e-01   3.812561e+00   2.601508e-01 223200612151845190      12094       1046     0 2454085.279838  1.354696e+01  7.408567e-02  1.354696e+01  7.408567e-02 
   93293032   3.326580e+00   2.424931e-01   3.326580e+00   2.424931e-01 223200612151846130      12094       1045     0 2454085.280463  1.369501e+01  7.914568e-02  1.369501e+01  7.914568e-02 
   93293086   3.420477e+00   2.266717e-01   3.420477e+00   2.266717e-01 223200612151847070      12093       1042     0 2454085.281088  1.366478e+01  7.195094e-02  1.366478e+01  7.195094e-02 
   93293140   3.194555e+00   2.125527e-01   3.194555e+00   2.125527e-01 223200612151848010      12093       1040     0 2454085.281713  1.373897e+01  7.224074e-02  1.373897e+01  7.224074e-02 
   93467319   2.492054e+00   1.053696e-01   2.492054e+00   1.053696e-01 223200612171911070      12445        868     0 2454087.297674  1.400861e+01  4.590748e-02  1.400861e+01  4.590748e-02 
   93467375   2.396154e+00   1.039161e-01   2.396154e+00   1.039161e-01 223200612171912030      12443        865     0 2454087.298322  1.405121e+01  4.708623e-02  1.405121e+01  4.708623e-02 
   93467435   2.464720e+00   1.033515e-01   2.464720e+00   1.033515e-01 223200612171913020      12442        862     0 2454087.299016  1.402058e+01  4.552762e-02  1.402058e+01  4.552762e-02 
   93467505   2.454624e+00   1.031760e-01   2.454624e+00   1.031760e-01 223200612171914130      12436        884     0 2454087.299826  1.402504e+01  4.563726e-02  1.402504e+01  4.563726e-02 
   93556676   2.276992e+00   9.452404e-02   2.276992e+00   9.452404e-02 223200612182000260      11506        803     0 2454088.331898  1.410660e+01  4.507199e-02  1.410660e+01  4.507199e-02 
   93556734   2.177769e+00   9.361742e-02   2.177769e+00   9.361742e-02 223200612182001250      11505        801     0 2454088.332569  1.415497e+01  4.667354e-02  1.415497e+01  4.667354e-02 
   93556803   2.271328e+00   9.453270e-02   2.271328e+00   9.453270e-02 223200612182002330      11504        799     0 2454088.333368  1.410930e+01  4.518851e-02  1.410930e+01  4.518851e-02 
   93556867   2.340221e+00   9.581108e-02   2.340221e+00   9.581108e-02 223200612182003370      11503        797     0 2454088.334109  1.407686e+01  4.445133e-02  1.407686e+01  4.445133e-02 
   93725376   2.926789e+00   2.118133e-01   2.926789e+00   2.118133e-01 223200612201852110      11564        958     0 2454090.284444  1.383402e+01  7.857560e-02  1.383402e+01  7.857560e-02 
   93725435   3.033763e+00   2.010702e-01   3.033763e+00   2.010702e-01 223200612201853100      11563        955     0 2454090.285127  1.379505e+01  7.196011e-02  1.379505e+01  7.196011e-02 
   93725492   2.981111e+00   1.897721e-01   2.981111e+00   1.897721e-01 223200612201854080      11562        953     0 2454090.285787  1.381405e+01  6.911622e-02  1.381405e+01  6.911622e-02 
   93725554   2.918406e+00   1.780093e-01   2.918406e+00   1.780093e-01 223200612201855100      11562        951     0 2454090.286505  1.383714e+01  6.622513e-02  1.383714e+01  6.622513e-02 
   94935179   3.911898e+00   3.930872e-01   3.911898e+00   3.930872e-01 223200701031856070      11504        804     0 2454104.286794  1.351903e+01  1.091006e-01  1.351903e+01  1.091006e-01 
   94935245   3.262491e+00   3.612951e-01   3.262491e+00   3.612951e-01 224200701031857140      19042        807     0 2454104.287558  1.371613e+01  1.202371e-01  1.371613e+01  1.202371e-01 
   94935245   2.873933e+00   3.849779e-01   2.873933e+00   3.849779e-01 223200701031857140      11504        803     0 2454104.287558  1.385381e+01  1.454404e-01  1.385381e+01  1.454404e-01 
   94935303   3.138821e+00   3.568845e-01   3.138821e+00   3.568845e-01 224200701031858120      19042        807     0 2454104.288229  1.375808e+01  1.234488e-01  1.375808e+01  1.234488e-01 
   94935303   3.064386e+00   3.774668e-01   3.064386e+00   3.774668e-01 223200701031858120      11503        801     0 2454104.288229  1.378414e+01  1.337399e-01  1.378414e+01  1.337399e-01 
   94935368   3.198846e+00   3.519881e-01   3.198846e+00   3.519881e-01 224200701031859170      19043        807     0 2454104.288981  1.373752e+01  1.194705e-01  1.373752e+01  1.194705e-01 
   94935368   3.668222e+00   3.724892e-01   3.668222e+00   3.724892e-01 223200701031859170      11502        799     0 2454104.288981  1.358886e+01  1.102514e-01  1.358886e+01  1.102514e-01 
   95021608   3.831193e+00   2.772934e-01   3.831193e+00   2.772934e-01 224200701041856390      19045        791     0 2454105.287130  1.354167e+01  7.858350e-02  1.354167e+01  7.858350e-02 
   95021608   3.506129e+00   2.929678e-01   3.506129e+00   2.929678e-01 223200701041856390      11502        821     0 2454105.287130  1.363793e+01  9.072308e-02  1.363793e+01  9.072308e-02 
   95021680   3.037823e+00   2.570153e-01   3.037823e+00   2.570153e-01 224200701041857500      19040        816     0 2454105.287963  1.379359e+01  9.185914e-02  1.379359e+01  9.185914e-02 
   95021680   3.557514e+00   2.774764e-01   3.557514e+00   2.774764e-01 223200701041857500      11505        793     0 2454105.287963  1.362213e+01  8.468477e-02  1.362213e+01  8.468477e-02 
   95021745   3.500515e+00   2.476167e-01   3.500515e+00   2.476167e-01 224200701041858560      19041        816     0 2454105.288715  1.363967e+01  7.680223e-02  1.363967e+01  7.680223e-02 
   95021745   3.294198e+00   2.639524e-01   3.294198e+00   2.639524e-01 223200701041858560      11504        791     0 2454105.288715  1.370563e+01  8.699651e-02  1.370563e+01  8.699651e-02 
   95021801   3.178019e+00   2.399632e-01   3.178019e+00   2.399632e-01 224200701041859510      19041        816     0 2454105.289363  1.374461e+01  8.198113e-02  1.374461e+01  8.198113e-02 
   95021801   2.835853e+00   2.533563e-01   2.835853e+00   2.533563e-01 223200701041859510      11504        790     0 2454105.289363  1.386829e+01  9.700048e-02  1.386829e+01  9.700048e-02 
   95107909   3.581175e+00   2.396039e-01   3.581175e+00   2.396039e-01 224200701051855020      19064        829     0 2454106.285984  1.361494e+01  7.264307e-02  1.361494e+01  7.264307e-02 
   95107909   2.790710e+00   2.558172e-01   2.790710e+00   2.558172e-01 223200701051855020      11479        786     0 2454106.285984  1.388571e+01  9.952698e-02  1.388571e+01  9.952698e-02 
   95107965   3.479964e+00   2.266774e-01   3.479964e+00   2.266774e-01 224200701051855570      19064        829     0 2454106.286632  1.364606e+01  7.072278e-02  1.364606e+01  7.072278e-02 
   95107965   2.916443e+00   2.387649e-01   2.916443e+00   2.387649e-01 223200701051855570      11478        784     0 2454106.286632  1.383787e+01  8.888794e-02  1.383787e+01  8.888794e-02 
   95108019   2.973017e+00   2.141702e-01   2.973017e+00   2.141702e-01 224200701051856510      19064        829     0 2454106.287257  1.381701e+01  7.821457e-02  1.381701e+01  7.821457e-02 
   95108019   3.218136e+00   2.243703e-01   3.218136e+00   2.243703e-01 223200701051856510      11477        782     0 2454106.287257  1.373099e+01  7.569842e-02  1.373099e+01  7.569842e-02 
   95108073   3.468426e+00   2.038332e-01   3.468426e+00   2.038332e-01 224200701051857460      19065        829     0 2454106.287882  1.364967e+01  6.380699e-02  1.364967e+01  6.380699e-02 
   95108073   3.138596e+00   2.112984e-01   3.138596e+00   2.112984e-01 223200701051857460      11476        780     0 2454106.287882  1.375816e+01  7.309482e-02  1.375816e+01  7.309482e-02 
   95280697   3.397830e+00   2.126590e-01   3.397830e+00   2.126590e-01 224200701071854530      19085        816     0 2454108.285845  1.367200e+01  6.795289e-02  1.367200e+01  6.795289e-02 
   95280698   2.982929e+00   2.239883e-01   2.982929e+00   2.239883e-01 223200701071854540      11456        767     0 2454108.285856  1.381339e+01  8.152829e-02  1.381339e+01  8.152829e-02 
   95280827   2.989363e+00   1.908590e-01   2.989363e+00   1.908590e-01 224200701071857030      19073        759     0 2454108.287350  1.381105e+01  6.932019e-02  1.381105e+01  6.932019e-02 
   95280827   3.106701e+00   1.974496e-01   3.106701e+00   1.974496e-01 223200701071857030      11475        792     0 2454108.287350  1.376925e+01  6.900533e-02  1.376925e+01  6.900533e-02 
   95280883   3.042579e+00   1.812959e-01   3.042579e+00   1.812959e-01 224200701071857590      19074        760     0 2454108.287998  1.379189e+01  6.469520e-02  1.379189e+01  6.469520e-02 
   95280883   2.582330e+00   1.824732e-01   2.582330e+00   1.824732e-01 223200701071857590      11474        789     0 2454108.287998  1.396997e+01  7.672079e-02  1.396997e+01  7.672079e-02 
   95280939   3.069671e+00   1.728365e-01   3.069671e+00   1.728365e-01 224200701071858540      19074        760     0 2454108.288646  1.378227e+01  6.113214e-02  1.378227e+01  6.113214e-02 
   95280939   2.832881e+00   1.702463e-01   2.832881e+00   1.702463e-01 223200701071858540      11473        786     0 2454108.288646  1.386943e+01  6.524921e-02  1.386943e+01  6.524921e-02 
   95367160   3.354275e+00   2.351829e-01   3.354275e+00   2.351829e-01 224200701081855580      19082        837     0 2454109.286574  1.368600e+01  7.612599e-02  1.368600e+01  7.612599e-02 
   95367160   3.459608e+00   2.582078e-01   3.459608e+00   2.582078e-01 223200701081855580      11459        758     0 2454109.286574  1.365243e+01  8.103418e-02  1.365243e+01  8.103418e-02 
   95367216   3.172249e+00   2.404154e-01   3.172249e+00   2.404154e-01 223200701081856530      11458        757     0 2454109.287222  1.374658e+01  8.228503e-02  1.374658e+01  8.228503e-02 
   95367271   3.401452e+00   2.094406e-01   3.401452e+00   2.094406e-01 224200701081857490      19082        836     0 2454109.287859  1.367084e+01  6.685323e-02  1.367084e+01  6.685323e-02 
   95367271   2.836943e+00   2.226708e-01   2.836943e+00   2.226708e-01 223200701081857490      11457        755     0 2454109.287859  1.386787e+01  8.521940e-02  1.386787e+01  8.521940e-02 
   95367327   3.498942e+00   1.985251e-01   3.498942e+00   1.985251e-01 224200701081858450      19082        835     0 2454109.288507  1.364016e+01  6.160337e-02  1.364016e+01  6.160337e-02 
   95367327   2.886818e+00   2.077558e-01   2.886818e+00   2.077558e-01 223200701081858450      11456        754     0 2454109.288507  1.384895e+01  7.813753e-02  1.384895e+01  7.813753e-02 
   95453546   3.146759e+00   2.346767e-01   3.146759e+00   2.346767e-01 224200701091855450      19077        857     0 2454110.286412  1.375534e+01  8.097155e-02  1.375534e+01  8.097155e-02 
   95453546   2.949638e+00   2.490311e-01   2.949638e+00   2.490311e-01 223200701091855450      11461        755     0 2454110.286412  1.382558e+01  9.166652e-02  1.382558e+01  9.166652e-02 
   95453602   3.366292e+00   2.226476e-01   3.366292e+00   2.226476e-01 224200701091856400      19076        856     0 2454110.287060  1.368212e+01  7.181118e-02  1.368212e+01  7.181118e-02 
   95453602   3.387198e+00   2.329715e-01   3.387198e+00   2.329715e-01 223200701091856400      11461        754     0 2454110.287060  1.367540e+01  7.467719e-02  1.367540e+01  7.467719e-02 
   95453656   3.373848e+00   2.106175e-01   3.373848e+00   2.106175e-01 224200701091857350      19076        855     0 2454110.287685  1.367969e+01  6.777896e-02  1.367969e+01  6.777896e-02 
   95453656   3.256024e+00   2.174398e-01   3.256024e+00   2.174398e-01 223200701091857350      11460        753     0 2454110.287685  1.371828e+01  7.250655e-02  1.371828e+01  7.250655e-02 
   95453712   3.510383e+00   2.000257e-01   3.510383e+00   2.000257e-01 224200701091858300      19077        855     0 2454110.288333  1.363661e+01  6.186672e-02  1.363661e+01  6.186672e-02 
   95453712   3.189789e+00   2.031496e-01   3.189789e+00   2.031496e-01 223200701091858300      11458        751     0 2454110.288333  1.374059e+01  6.914806e-02  1.374059e+01  6.914806e-02 
   95539935   3.224025e+00   2.311343e-01   3.224025e+00   2.311343e-01 224200701101855350      19082        864     0 2454111.286285  1.372900e+01  7.783806e-02  1.372900e+01  7.783806e-02 
   95539935   3.115642e+00   2.460610e-01   3.115642e+00   2.460610e-01 223200701101855350      11458        748     0 2454111.286285  1.376613e+01  8.574741e-02  1.376613e+01  8.574741e-02 
   95539989   3.304853e+00   2.191100e-01   3.304853e+00   2.191100e-01 224200701101856300      19081        863     0 2454111.286910  1.370212e+01  7.198399e-02  1.370212e+01  7.198399e-02 
   95539989   3.359656e+00   2.315820e-01   3.359656e+00   2.315820e-01 223200701101856300      11458        747     0 2454111.286910  1.368426e+01  7.484035e-02  1.368426e+01  7.484035e-02 
   95540043   3.323991e+00   2.081776e-01   3.323991e+00   2.081776e-01 224200701101857240      19081        862     0 2454111.287535  1.369585e+01  6.799863e-02  1.369585e+01  6.799863e-02 
   95540043   3.069905e+00   2.180724e-01   3.069905e+00   2.180724e-01 223200701101857240      11457        746     0 2454111.287535  1.378219e+01  7.712613e-02  1.378219e+01  7.712613e-02 
   95540099   3.387034e+00   1.980354e-01   3.387034e+00   1.980354e-01 224200701101858190      19082        862     0 2454111.288183  1.367545e+01  6.348179e-02  1.367545e+01  6.348179e-02 
   95540099   2.976588e+00   2.054289e-01   2.976588e+00   2.054289e-01 223200701101858190      11456        745     0 2454111.288183  1.381570e+01  7.493224e-02  1.381570e+01  7.493224e-02 
   95626318   3.372373e+00   2.470685e-01   3.372373e+00   2.470685e-01 224200701111855200      19103        853     0 2454112.286088  1.368016e+01  7.954404e-02  1.368016e+01  7.954404e-02 
   95626319   3.260553e+00   2.571609e-01   3.260553e+00   2.571609e-01 223200701111855210      11440        728     0 2454112.286100  1.371677e+01  8.563268e-02  1.371677e+01  8.563268e-02 
   95626375   3.291077e+00   2.328115e-01   3.291077e+00   2.328115e-01 224200701111856160      19103        852     0 2454112.286748  1.370665e+01  7.680548e-02  1.370665e+01  7.680548e-02 
   95626375   2.903152e+00   2.403153e-01   2.903152e+00   2.403153e-01 223200701111856160      11440        727     0 2454112.286748  1.384283e+01  8.987471e-02  1.384283e+01  8.987471e-02 
   95626429   3.442553e+00   2.206534e-01   3.442553e+00   2.206534e-01 224200701111857110      19103        852     0 2454112.287373  1.365780e+01  6.959144e-02  1.365780e+01  6.959144e-02 
   95626429   2.705210e+00   2.246804e-01   2.705210e+00   2.246804e-01 223200701111857110      11439        726     0 2454112.287373  1.391950e+01  9.017581e-02  1.391950e+01  9.017581e-02 
   95626485   3.721782e+00   2.093413e-01   3.721782e+00   2.093413e-01 224200701111858070      19103        851     0 2454112.288021  1.357312e+01  6.107028e-02  1.357312e+01  6.107028e-02 
   95626485   3.051896e+00   2.113673e-01   3.051896e+00   2.113673e-01 223200701111858070      11438        725     0 2454112.288021  1.378858e+01  7.519588e-02  1.378858e+01  7.519588e-02 
   95712701   3.217861e+00   2.361119e-01   3.217861e+00   2.361119e-01 223200701121855050      11469        722     0 2454113.285891  1.373108e+01  7.966662e-02  1.373108e+01  7.966662e-02 
   95712757   3.579837e+00   2.198758e-01   3.579837e+00   2.198758e-01 224200701121856000      19074        853     0 2454113.286539  1.361534e+01  6.668681e-02  1.361534e+01  6.668681e-02 
   95712757   2.851367e+00   2.215735e-01   2.851367e+00   2.215735e-01 223200701121856000      11468        722     0 2454113.286539  1.386237e+01  8.437047e-02  1.386237e+01  8.437047e-02 
   95712811   3.328248e+00   2.083074e-01   3.328248e+00   2.083074e-01 224200701121856550      19075        852     0 2454113.287164  1.369446e+01  6.795398e-02  1.369446e+01  6.795398e-02 
   95712811   2.530420e+00   2.088592e-01   2.530420e+00   2.088592e-01 223200701121856550      11467        721     0 2454113.287164  1.399202e+01  8.961628e-02  1.399202e+01  8.961628e-02 
   95712865   2.775912e+00   1.980230e-01   2.775912e+00   1.980230e-01 223200701121857490      11467        719     0 2454113.287789  1.389149e+01  7.745257e-02  1.389149e+01  7.745257e-02 
   95712867   3.423036e+00   1.982188e-01   3.423036e+00   1.982188e-01 224200701121857500      19075        852     0 2454113.287812  1.366397e+01  6.287228e-02  1.366397e+01  6.287228e-02 
   95799123   3.631234e+00   2.024418e-01   3.631234e+00   2.024418e-01 224200701131855270      19075        868     0 2454114.286146  1.359986e+01  6.053015e-02  1.359986e+01  6.053015e-02 
   95799123   3.059802e+00   2.130476e-01   3.059802e+00   2.130476e-01 223200701131855270      11465        738     0 2454114.286146  1.378577e+01  7.559779e-02  1.378577e+01  7.559779e-02 
   95799177   3.508285e+00   1.927056e-01   3.508285e+00   1.927056e-01 224200701131856210      19075        868     0 2454114.286771  1.363726e+01  5.963831e-02  1.363726e+01  5.963831e-02 
   95799177   2.938576e+00   2.003498e-01   2.938576e+00   2.003498e-01 223200701131856210      11464        736     0 2454114.286771  1.382966e+01  7.402489e-02  1.382966e+01  7.402489e-02 
   95799301   3.544428e+00   1.738909e-01   3.544428e+00   1.738909e-01 224200701131858250      19066        875     0 2454114.288206  1.362613e+01  5.326679e-02  1.362613e+01  5.326679e-02 
   95799301   2.870308e+00   1.766668e-01   2.870308e+00   1.766668e-01 223200701131858250      11466        740     0 2454114.288206  1.385518e+01  6.682704e-02  1.385518e+01  6.682704e-02 
   95799355   3.509337e+00   1.664800e-01   3.509337e+00   1.664800e-01 224200701131859190      19066        875     0 2454114.288831  1.363694e+01  5.150660e-02  1.363694e+01  5.150660e-02 
   95799355   2.709490e+00   1.674481e-01   2.709490e+00   1.674481e-01 223200701131859190      11465        738     0 2454114.288831  1.391778e+01  6.709937e-02  1.391778e+01  6.709937e-02 
   95885593   3.582988e+00   1.949495e-01   3.582988e+00   1.949495e-01 224200701141856390      19078        874     0 2454115.286956  1.361439e+01  5.907485e-02  1.361439e+01  5.907485e-02 
   95885593   3.040173e+00   2.003208e-01   3.040173e+00   2.003208e-01 223200701141856390      11460        716     0 2454115.286956  1.379275e+01  7.154077e-02  1.379275e+01  7.154077e-02 
   95885648   3.644518e+00   1.861216e-01   3.644518e+00   1.861216e-01 224200701141857330      19077        873     0 2454115.287593  1.359590e+01  5.544756e-02  1.359590e+01  5.544756e-02 
   95885649   2.957971e+00   1.889307e-01   2.957971e+00   1.889307e-01 223200701141857340      11460        714     0 2454115.287604  1.382252e+01  6.934807e-02  1.382252e+01  6.934807e-02 
   95885703   3.658350e+00   1.778899e-01   3.658350e+00   1.778899e-01 224200701141858280      19077        872     0 2454115.288229  1.359179e+01  5.279489e-02  1.359179e+01  5.279489e-02 
   95885703   2.684014e+00   1.780894e-01   2.684014e+00   1.780894e-01 223200701141858290      11460        713     0 2454115.288229  1.392804e+01  7.204088e-02  1.392804e+01  7.204088e-02 
   95885834   3.650779e+00   1.607356e-01   3.650779e+00   1.607356e-01 224200701141900400      19080        869     0 2454115.289745  1.359404e+01  4.780268e-02  1.359404e+01  4.780268e-02 
   95885835   2.697223e+00   1.558037e-01   2.697223e+00   1.558037e-01 223200701141900410      11457        714     0 2454115.289757  1.392271e+01  6.271720e-02  1.392271e+01  6.271720e-02 
  105941744   3.080677e+00   2.783563e-01   3.080677e+00   2.783563e-01 223200705110414520      11430       1538     0 2454231.677593  1.377838e+01  9.810264e-02  1.377838e+01  9.810264e-02 
  105941800   3.070400e+00   2.936862e-01   3.070400e+00   2.936862e-01 223200705110415490      11433       1537     0 2454231.678241  1.378201e+01  1.038519e-01  1.378201e+01  1.038519e-01 
  105941859   2.723026e+00   3.078721e-01   2.723026e+00   3.078721e-01 223200705110416470      11436       1536     0 2454231.678924  1.391237e+01  1.227565e-01  1.391237e+01  1.227565e-01 
  105941914   3.082120e+00   3.295410e-01   3.082120e+00   3.295410e-01 223200705110417430      11438       1536     0 2454231.679560  1.377788e+01  1.160876e-01  1.377788e+01  1.160876e-01 
  106027799   2.088872e+00   1.688781e-01   2.088872e+00   1.688781e-01 223200705120409040      11455       1514     0 2454232.673600  1.420022e+01  8.777837e-02  1.420022e+01  8.777837e-02 
  106027925   2.769102e+00   1.846248e-01   2.769102e+00   1.846248e-01 223200705120411090      11442       1526     0 2454232.675058  1.389415e+01  7.238973e-02  1.389415e+01  7.238973e-02 
  106028033   3.016810e+00   2.038236e-01   3.016810e+00   2.038236e-01 223200705120412580      11447       1525     0 2454232.676308  1.380113e+01  7.335546e-02  1.380113e+01  7.335546e-02 
  106114054   2.806420e+00   1.707949e-01   2.806420e+00   1.707949e-01 223200705130406340      11431       1538     0 2454233.671921  1.387962e+01  6.607666e-02  1.387962e+01  6.607666e-02 
  106114108   2.812986e+00   1.747281e-01   2.812986e+00   1.747281e-01 223200705130407290      11434       1537     0 2454233.672546  1.387708e+01  6.744052e-02  1.387708e+01  6.744052e-02 
  106114164   2.797850e+00   1.778990e-01   2.797850e+00   1.778990e-01 223200705130408240      11437       1537     0 2454233.673194  1.388294e+01  6.903590e-02  1.388294e+01  6.903590e-02 
  106114218   2.758316e+00   1.822623e-01   2.758316e+00   1.822623e-01 223200705130409190      11439       1537     0 2454233.673819  1.389839e+01  7.174286e-02  1.389839e+01  7.174286e-02 
  124569534   2.994697e+00   3.008835e-01   2.994697e+00   3.008835e-01 221200712121841060       8970       7484     0 2454447.277014  1.380912e+01  1.090866e-01  1.380912e+01  1.090866e-01 
  124569727   3.332236e+00   2.485338e-01   3.332236e+00   2.485338e-01 223200712121844190      10927       5631     0 2454447.279248  1.369316e+01  8.097958e-02  1.369316e+01  8.097958e-02 
  124570461   4.007858e+00   1.428998e-01   4.007858e+00   1.428998e-01 222200712121856320      14177      22899     0 2454447.287743  1.349272e+01  3.871195e-02  1.349272e+01  3.871195e-02 
  124571593   4.038507e+00   1.073345e-01   4.038507e+00   1.073345e-01 222200712121915250      14197      22854     0 2454447.300845  1.348445e+01  2.885654e-02  1.348445e+01  2.885654e-02 
  124571657   3.356881e+00   9.666401e-02   3.356881e+00   9.666401e-02 221200712121916280       8919       7608     0 2454447.301586  1.368516e+01  3.126473e-02  1.368516e+01  3.126473e-02 
  124571717   2.594903e+00   8.275866e-02   2.594903e+00   8.275866e-02 223200712121917280      10942       5595     0 2454447.302280  1.396470e+01  3.462726e-02  1.396470e+01  3.462726e-02 
  124572801   4.195633e+00   1.047933e-01   4.195633e+00   1.047933e-01 222200712121935320      14171      22878     0 2454447.314826  1.344301e+01  2.711827e-02  1.344301e+01  2.711827e-02 
  124572992   3.363258e+00   9.479933e-02   3.363258e+00   9.479933e-02 221200712121938430       8957       7676     0 2454447.317037  1.368310e+01  3.060349e-02  1.368310e+01  3.060349e-02 
  124573051   2.479319e+00   8.055512e-02   2.479319e+00   8.055512e-02 223200712121939430      10928       5522     0 2454447.317720  1.401417e+01  3.527660e-02  1.401417e+01  3.527660e-02 
