\OBJNAME = '1SWASP J000336.37-720318.2'
\OBSSTART = '2006-05-11T04:14:48'
\OBSSTOP = '2007-12-12T19:39:43'
\TSTART = 74405747
\TSTOP = 124573042
\JD_REF = 2453005.5
\RA_OBJ = '0.901567'
\DEC_OBJ = '-72.055061'
\WASP_MAG = 13.37097
\HJD_START = 2453866.677627
\HJD_STOP = 2454447.317616
\fixlen = T
\NUMRECORDS = 372
\
\ This file was produced by the NASA Exoplanet Archive  http://exoplanetarchive.ipac.caltech.edu 
\ Wed Sep 18, 10:47:34 2013
\ Documentation for the SuperWASP dataset can be found at http://exoplanetarchive.ipac.caltech.edu/docs/SuperWASPMission.html
\
|TMID      |FLUX2         |FLUX2_ERR     |TAMFLUX2      |TAMFLUX2_ERR  |IMAGEID           |CCDX      |CCDY      |FLAG |           HJD|         MAG2|     MAG2_ERR|      TAMMAG2|  TAMMAG2_ERR|
|int       |float         |float         |float         |float         |char              |int       |int       |int  |        double|        float|        float|        float|        float|
|sec       |micro Vega    |micro Vega    |micro Vega    |micro Vega    |                  |1/16 pixel|1/16 pixel|     |           day|          mag|          mag|          mag|          mag|
|null      |null          |null          |null          |null          |null              |null      |null      |null |          null|         null|         null|         null|         null|
   74405747   4.943235e+00   1.997211e-01   4.943235e+00   1.997211e-01 223200605110414480      10626       6595     0 2453866.677627  1.326497e+01  4.386706e-02  1.326497e+01  4.386706e-02 
   74405800   4.842791e+00   2.188902e-01   4.842791e+00   2.188902e-01 223200605110415410      10630       6592     0 2453866.678241  1.328726e+01  4.907457e-02  1.328726e+01  4.907457e-02 
   74405884   4.997805e+00   2.441614e-01   4.997805e+00   2.441614e-01 223200605110417040      10635       6590     0 2453866.679213  1.325305e+01  5.304245e-02  1.325305e+01  5.304245e-02 
   74405949   5.580113e+00   2.756301e-01   5.580113e+00   2.756301e-01 223200605110418100      10644       6564     0 2453866.679965  1.313339e+01  5.363021e-02  1.313339e+01  5.363021e-02 
   74491860   5.201732e+00   2.186088e-01   5.201732e+00   2.186088e-01 223200605120409570      10651       6522     0 2453867.674306  1.320963e+01  4.562948e-02  1.320963e+01  4.562948e-02 
   74491998   5.125828e+00   2.308641e-01   5.125828e+00   2.308641e-01 223200605120412150      10660       6519     0 2453867.675903  1.322559e+01  4.890105e-02  1.322559e+01  4.890105e-02 
   74492051   5.212270e+00   2.385819e-01   5.212270e+00   2.385819e-01 223200605120413070      10663       6518     0 2453867.676516  1.320743e+01  4.969771e-02  1.320743e+01  4.969771e-02 
   74750383   4.978151e+00   3.077168e-01   4.978151e+00   3.077168e-01 223200605150358270      10647       6525     0 2453870.666470  1.325733e+01  6.711335e-02  1.325733e+01  6.711335e-02 
   74750443   5.373980e+00   3.077241e-01   5.373980e+00   3.077241e-01 223200605150359270      10651       6521     0 2453870.667164  1.317426e+01  6.217150e-02  1.317426e+01  6.217150e-02 
   74750497   5.259957e+00   3.063360e-01   5.259957e+00   3.063360e-01 223200605150400210      10656       6521     0 2453870.667789  1.319754e+01  6.323270e-02  1.319754e+01  6.323270e-02 
   74750556   5.018234e+00   3.077644e-01   5.018234e+00   3.077644e-01 223200605150401200      10658       6519     0 2453870.668472  1.324862e+01  6.658758e-02  1.324862e+01  6.658758e-02 
   75613645   4.269676e+00   1.205501e-01   4.269676e+00   1.205501e-01 223200605250345300      10723       6537     0 2453880.657928  1.342401e+01  3.065480e-02  1.342401e+01  3.065480e-02 
   75613708   4.363724e+00   1.192560e-01   4.363724e+00   1.192560e-01 223200605250346340      10733       6509     0 2453880.658657  1.340036e+01  2.967213e-02  1.340036e+01  2.967213e-02 
   75613766   4.330127e+00   1.184873e-01   4.330127e+00   1.184873e-01 223200605250347310      10737       6507     0 2453880.659329  1.340875e+01  2.970962e-02  1.340875e+01  2.970962e-02 
   75613834   4.395245e+00   1.183057e-01   4.395245e+00   1.183057e-01 223200605250348400      10733       6530     0 2453880.660116  1.339254e+01  2.922458e-02  1.339254e+01  2.922458e-02 
   75700100   4.237884e+00   1.173329e-01   4.237884e+00   1.173329e-01 223200605260346210      10742       6527     0 2453881.658565  1.343213e+01  3.006054e-02  1.343213e+01  3.006054e-02 
   75700163   4.128923e+00   1.149559e-01   4.128923e+00   1.149559e-01 223200605260347250      10751       6497     0 2453881.659294  1.346041e+01  3.022877e-02  1.346041e+01  3.022877e-02 
   75700230   4.215442e+00   1.170618e-01   4.215442e+00   1.170618e-01 223200605260348310      10748       6521     0 2453881.660069  1.343789e+01  3.015075e-02  1.343789e+01  3.015075e-02 
   75700299   4.115118e+00   1.153708e-01   4.115118e+00   1.153708e-01 223200605260349400      10755       6491     0 2453881.660868  1.346404e+01  3.043964e-02  1.346404e+01  3.043964e-02 
   76132320   3.939306e+00   9.806100e-02   3.939306e+00   9.806100e-02 223200605310349440      10805       6500     0 2453886.661111  1.351145e+01  2.702729e-02  1.351145e+01  2.702729e-02 
   76132387   4.078540e+00   9.857517e-02   4.078540e+00   9.857517e-02 223200605310350510      10813       6470     0 2453886.661887  1.347374e+01  2.624150e-02  1.347374e+01  2.624150e-02 
   76132436   4.080234e+00   9.851929e-02   4.080234e+00   9.851929e-02 223200605310351390      10815       6469     0 2453886.662454  1.347329e+01  2.621574e-02  1.347329e+01  2.621574e-02 
   76132498   4.243451e+00   9.883145e-02   4.243451e+00   9.883145e-02 223200605310352410      10817       6467     0 2453886.663171  1.343070e+01  2.528726e-02  1.343070e+01  2.528726e-02 
   76218791   4.140129e+00   1.013701e-01   4.140129e+00   1.013701e-01 223200606010350510      10824       6462     0 2453887.661933  1.345747e+01  2.658410e-02  1.345747e+01  2.658410e-02 
   76218859   4.136629e+00   1.016952e-01   4.136629e+00   1.016952e-01 223200606010351580      10822       6484     0 2453887.662720  1.345838e+01  2.669192e-02  1.345838e+01  2.669192e-02 
   76218929   4.237746e+00   1.016525e-01   4.237746e+00   1.016525e-01 223200606010353090      10825       6483     0 2453887.663530  1.343216e+01  2.604409e-02  1.343216e+01  2.604409e-02 
   76219015   4.156945e+00   1.016352e-01   4.156945e+00   1.016352e-01 223200606010354350      10834       6455     0 2453887.664525  1.345306e+01  2.654579e-02  1.345306e+01  2.654579e-02 
   76478197   4.124795e+00   1.080979e-01   4.124795e+00   1.080979e-01 223200606040354060      10835       6454     0 2453890.664317  1.346149e+01  2.845384e-02  1.346149e+01  2.845384e-02 
   76478270   4.048751e+00   1.088184e-01   4.048751e+00   1.088184e-01 223200606040355190      10834       6477     0 2453890.665162  1.348170e+01  2.918145e-02  1.348170e+01  2.918145e-02 
   76478346   4.269271e+00   1.110179e-01   4.269271e+00   1.110179e-01 223200606040356360      10842       6446     0 2453890.666042  1.342412e+01  2.823352e-02  1.342412e+01  2.823352e-02 
   76478399   4.120166e+00   1.091150e-01   4.120166e+00   1.091150e-01 223200606040357280      10844       6444     0 2453890.666655  1.346271e+01  2.875384e-02  1.346271e+01  2.875384e-02 
   76564539   4.291203e+00   2.568927e-01   4.291203e+00   2.568927e-01 223200606050353060      10861       6439     0 2453891.663646  1.341855e+01  6.499778e-02  1.341855e+01  6.499778e-02 
   76564598   4.512867e+00   2.488459e-01   4.512867e+00   2.488459e-01 223200606050354050      10865       6438     0 2453891.664329  1.336387e+01  5.986923e-02  1.336387e+01  5.986923e-02 
   76564659   4.688429e+00   2.503522e-01   4.688429e+00   2.503522e-01 223200606050355050      10868       6435     0 2453891.665035  1.332243e+01  5.797621e-02  1.332243e+01  5.797621e-02 
   76564717   4.564925e+00   2.300511e-01   4.564925e+00   2.300511e-01 223200606050356020      10870       6435     0 2453891.665706  1.335142e+01  5.471627e-02  1.335142e+01  5.471627e-02 
   76650911   3.926872e+00   9.806881e-02   3.926872e+00   9.806881e-02 223200606060352330      10850       6435     0 2453892.663322  1.351488e+01  2.711503e-02  1.351488e+01  2.711503e-02 
   76651045   3.849339e+00   1.011265e-01   3.849339e+00   1.011265e-01 223200606060354480      10856       6434     0 2453892.664873  1.353653e+01  2.852362e-02  1.353653e+01  2.852362e-02 
   76651101   3.919315e+00   9.958929e-02   3.919315e+00   9.958929e-02 223200606060355430      10859       6432     0 2453892.665521  1.351697e+01  2.758851e-02  1.351697e+01  2.758851e-02 
   76651177   3.892608e+00   9.947420e-02   3.892608e+00   9.947420e-02 223200606060357000      10855       6455     0 2453892.666400  1.352440e+01  2.774569e-02  1.352440e+01  2.774569e-02 
   76737405   4.060022e+00   1.045886e-01   4.060022e+00   1.045886e-01 223200606070354040      10860       6438     0 2453893.664410  1.347868e+01  2.796931e-02  1.347868e+01  2.796931e-02 
   76737458   4.103383e+00   1.025516e-01   4.103383e+00   1.025516e-01 223200606070354570      10863       6436     0 2453893.665023  1.346714e+01  2.713477e-02  1.346714e+01  2.713477e-02 
   76737513   4.065832e+00   1.016057e-01   4.065832e+00   1.016057e-01 223200606070355530      10864       6434     0 2453893.665660  1.347713e+01  2.713280e-02  1.347713e+01  2.713280e-02 
   76737569   3.966293e+00   1.022424e-01   3.966293e+00   1.022424e-01 223200606070356480      10866       6432     0 2453893.666308  1.350404e+01  2.798801e-02  1.350404e+01  2.798801e-02 
   76823795   4.075985e+00   1.024555e-01   4.075985e+00   1.024555e-01 223200606080353510      10886       6438     0 2453894.664294  1.347442e+01  2.729158e-02  1.347442e+01  2.729158e-02 
   76823854   3.984860e+00   1.023648e-01   3.984860e+00   1.023648e-01 223200606080354510      10889       6435     0 2453894.664977  1.349897e+01  2.789095e-02  1.349897e+01  2.789095e-02 
   76823913   4.031496e+00   1.021863e-01   4.031496e+00   1.021863e-01 223200606080355500      10891       6433     0 2453894.665660  1.348633e+01  2.752026e-02  1.348633e+01  2.752026e-02 
   76823999   4.035394e+00   1.023677e-01   4.035394e+00   1.023677e-01 223200606080357160      10888       6455     0 2453894.666655  1.348528e+01  2.754247e-02  1.348528e+01  2.754247e-02 
   76910222   3.907544e+00   9.964877e-02   3.907544e+00   9.964877e-02 223200606090354140      10882       6425     0 2453895.664606  1.352024e+01  2.768815e-02  1.352024e+01  2.768815e-02 
   76910276   4.010917e+00   1.005142e-01   4.010917e+00   1.005142e-01 223200606090355080      10884       6423     0 2453895.665231  1.349189e+01  2.720880e-02  1.349189e+01  2.720880e-02 
   76910360   3.907684e+00   9.917981e-02   3.907684e+00   9.917981e-02 223200606090356320      10882       6445     0 2453895.666204  1.352020e+01  2.755685e-02  1.352020e+01  2.755685e-02 
   76910432   4.098977e+00   9.963217e-02   4.098977e+00   9.963217e-02 223200606090357440      10889       6418     0 2453895.667037  1.346831e+01  2.639065e-02  1.346831e+01  2.639065e-02 
   76996577   4.982792e+00   2.009310e-01   4.982792e+00   2.009310e-01 223200606100353270      10887       6425     0 2453896.664086  1.325632e+01  4.378244e-02  1.325632e+01  4.378244e-02 
   76996642   4.855983e+00   1.976315e-01   4.855983e+00   1.976315e-01 223200606100354320      10891       6422     0 2453896.664838  1.328431e+01  4.418804e-02  1.328431e+01  4.418804e-02 
   76996703   4.822217e+00   1.939814e-01   4.822217e+00   1.939814e-01 223200606100355320      10893       6420     0 2453896.665544  1.329188e+01  4.367563e-02  1.329188e+01  4.367563e-02 
   76996758   4.571083e+00   1.900859e-01   4.571083e+00   1.900859e-01 223200606100356270      10895       6418     0 2453896.666181  1.334995e+01  4.514989e-02  1.334995e+01  4.514989e-02 
   77082997   5.521181e+00   3.318161e-01   5.521181e+00   3.318161e-01 223200606110353440      10900       6414     0 2453897.664317  1.314492e+01  6.525162e-02  1.314492e+01  6.525162e-02 
   77083074   5.553321e+00   3.330232e-01   5.553321e+00   3.330232e-01 223200606110355000      10898       6437     0 2453897.665208  1.313862e+01  6.510998e-02  1.313862e+01  6.510998e-02 
   77083155   5.728865e+00   3.329555e-01   5.728865e+00   3.329555e-01 223200606110356210      10906       6408     0 2453897.666146  1.310483e+01  6.310206e-02  1.310483e+01  6.310206e-02 
   77083209   5.528708e+00   3.335952e-01   5.528708e+00   3.335952e-01 223200606110357160      10907       6406     0 2453897.666771  1.314344e+01  6.551217e-02  1.314344e+01  6.551217e-02 
   77169263   5.272322e+00   4.115693e-01   5.272322e+00   4.115693e-01 223200606120351270      10897       6434     0 2453898.662766  1.319499e+01  8.475531e-02  1.319499e+01  8.475531e-02 
   77169325   5.466491e+00   4.172637e-01   5.466491e+00   4.172637e-01 223200606120352290      10906       6406     0 2453898.663484  1.315573e+01  8.287580e-02  1.315573e+01  8.287580e-02 
   77169383   6.420859e+00   4.147594e-01   6.420859e+00   4.147594e-01 223200606120353260      10908       6404     0 2453898.664155  1.298102e+01  7.013405e-02  1.298102e+01  7.013405e-02 
   77169443   5.179460e+00   4.085164e-01   5.179460e+00   4.085164e-01 223200606120354260      10909       6401     0 2453898.664850  1.321429e+01  8.563492e-02  1.321429e+01  8.563492e-02 
   77514689   3.057946e+00   1.891877e+00   3.057946e+00   1.891877e+00 223200606160348210      10908       6373     0 2453902.660752  1.378643e+01  6.717212e-01  1.378643e+01  6.717212e-01 
   77601374   4.831223e+00   1.742902e-01   4.831223e+00   1.742902e-01 223200606170353030      10922       6357     0 2453903.664051  1.328986e+01  3.916894e-02  1.328986e+01  3.916894e-02 
   77601444   4.519832e+00   1.734053e-01   4.519832e+00   1.734053e-01 223200606170354120      10919       6381     0 2453903.664861  1.336219e+01  4.165489e-02  1.336219e+01  4.165489e-02 
   77601514   4.619445e+00   1.734245e-01   4.619445e+00   1.734245e-01 223200606170355220      10920       6378     0 2453903.665671  1.333853e+01  4.076116e-02  1.333853e+01  4.076116e-02 
   77601571   4.732238e+00   1.705411e-01   4.732238e+00   1.705411e-01 223200606170356190      10927       6351     0 2453903.666331  1.331233e+01  3.912807e-02  1.331233e+01  3.912807e-02 
   77687718   4.699996e+00   1.464005e-01   4.699996e+00   1.464005e-01 223200606180352030      10942       6352     0 2453904.663403  1.331976e+01  3.381979e-02  1.331976e+01  3.381979e-02 
   77687761   4.889692e+00   1.465111e-01   4.889692e+00   1.465111e-01 223200606180352470      10944       6350     0 2453904.663900  1.327680e+01  3.253231e-02  1.327680e+01  3.253231e-02 
   77687829   4.432029e+00   1.461733e-01   4.432029e+00   1.461733e-01 223200606180353550      10945       6349     0 2453904.664687  1.338349e+01  3.580892e-02  1.338349e+01  3.580892e-02 
   77687880   4.649168e+00   1.471540e-01   4.649168e+00   1.471540e-01 223200606180354460      10946       6347     0 2453904.665278  1.333156e+01  3.436550e-02  1.333156e+01  3.436550e-02 
   77774355   4.361320e+00   1.253841e-01   4.361320e+00   1.253841e-01 223200606190355570      10987       6332     0 2453905.666146  1.340096e+01  3.121407e-02  1.340096e+01  3.121407e-02 
   77774411   4.421411e+00   1.252254e-01   4.421411e+00   1.252254e-01 223200606190356530      10987       6332     0 2453905.666794  1.338610e+01  3.075087e-02  1.338610e+01  3.075087e-02 
   77774473   4.428468e+00   1.254299e-01   4.428468e+00   1.254299e-01 223200606190357560      10987       6331     0 2453905.667512  1.338437e+01  3.075201e-02  1.338437e+01  3.075201e-02 
   77774538   4.688231e+00   1.260076e-01   4.688231e+00   1.260076e-01 223200606190359000      10981       6357     0 2453905.668264  1.332248e+01  2.918191e-02  1.332248e+01  2.918191e-02 
   77860768   4.239980e+00   1.098610e-01   4.239980e+00   1.098610e-01 223200606200356080      10971       6327     0 2453906.666296  1.343159e+01  2.813231e-02  1.343159e+01  2.813231e-02 
   77860827   4.228221e+00   1.096632e-01   4.228221e+00   1.096632e-01 223200606200357080      10972       6326     0 2453906.666979  1.343461e+01  2.815977e-02  1.343461e+01  2.815977e-02 
   77860891   4.198723e+00   1.096023e-01   4.198723e+00   1.096023e-01 223200606200358110      10971       6327     0 2453906.667720  1.344221e+01  2.834186e-02  1.344221e+01  2.834186e-02 
   77860956   4.288678e+00   1.096929e-01   4.288678e+00   1.096929e-01 223200606200359170      10965       6353     0 2453906.668472  1.341919e+01  2.777032e-02  1.341919e+01  2.777032e-02 
   77947079   4.138572e+00   1.130450e-01   4.138572e+00   1.130450e-01 223200606210354360      10966       6326     0 2453907.665266  1.345787e+01  2.965697e-02  1.345787e+01  2.965697e-02 
   77947133   4.148332e+00   1.131397e-01   4.148332e+00   1.131397e-01 223200606210355300      10966       6327     0 2453907.665891  1.345532e+01  2.961197e-02  1.345532e+01  2.961197e-02 
   77947211   4.207042e+00   1.124555e-01   4.207042e+00   1.124555e-01 223200606210356480      10961       6352     0 2453907.666794  1.344006e+01  2.902214e-02  1.344006e+01  2.902214e-02 
   77947278   4.132902e+00   1.130765e-01   4.132902e+00   1.130765e-01 223200606210357550      10966       6327     0 2453907.667569  1.345936e+01  2.970593e-02  1.345936e+01  2.970593e-02 
   78119989   3.767085e+00   9.846260e-02   3.767085e+00   9.846260e-02 223200606230356210      10957       6307     0 2453909.666539  1.355999e+01  2.837865e-02  1.355999e+01  2.837865e-02 
   78120043   3.740332e+00   9.877206e-02   3.740332e+00   9.877206e-02 223200606230357150      10957       6308     0 2453909.667164  1.356772e+01  2.867146e-02  1.356772e+01  2.867146e-02 
   78120191   3.931804e+00   9.997490e-02   3.931804e+00   9.997490e-02 223200606230359440      10953       6317     0 2453909.668877  1.351352e+01  2.760736e-02  1.351352e+01  2.760736e-02 
   78120253   3.817191e+00   9.961776e-02   3.817191e+00   9.961776e-02 223200606230400460      10956       6294     0 2453909.669595  1.354564e+01  2.833471e-02  1.354564e+01  2.833471e-02 
   78206449   4.136703e+00   1.046680e-01   4.136703e+00   1.046680e-01 223200606240357190      10976       6293     0 2453910.667234  1.345836e+01  2.747170e-02  1.345836e+01  2.747170e-02 
   78206508   4.080971e+00   1.041009e-01   4.080971e+00   1.041009e-01 223200606240358180      10973       6296     0 2453910.667917  1.347309e+01  2.769597e-02  1.347309e+01  2.769597e-02 
   78206583   4.183249e+00   1.039657e-01   4.183249e+00   1.039657e-01 223200606240359320      10962       6327     0 2453910.668785  1.344622e+01  2.698375e-02  1.344622e+01  2.698375e-02 
   78206642   3.987168e+00   1.038467e-01   3.987168e+00   1.038467e-01 223200606240400310      10960       6310     0 2453910.669468  1.349834e+01  2.827833e-02  1.349834e+01  2.827833e-02 
   78292888   3.953224e+00   9.625295e-02   3.953224e+00   9.625295e-02 223200606250357560      10978       6276     0 2453911.667685  1.350762e+01  2.643556e-02  1.350762e+01  2.643556e-02 
   78292942   3.957991e+00   9.570795e-02   3.957991e+00   9.570795e-02 223200606250358490      10972       6283     0 2453911.668310  1.350631e+01  2.625422e-02  1.350631e+01  2.625422e-02 
   78292993   3.953650e+00   9.602708e-02   3.953650e+00   9.602708e-02 223200606250359400      10961       6296     0 2453911.668900  1.350750e+01  2.637068e-02  1.350750e+01  2.637068e-02 
   78293055   3.911464e+00   9.703555e-02   3.911464e+00   9.703555e-02 223200606250400430      10962       6295     0 2453911.669618  1.351915e+01  2.693502e-02  1.351915e+01  2.693502e-02 
   78724956   3.838892e+00   9.741765e-02   3.838892e+00   9.741765e-02 223200606300358520      10983       6280     0 2453916.668472  1.353948e+01  2.755229e-02  1.353948e+01  2.755229e-02 
   78725033   3.900932e+00   9.686709e-02   3.900932e+00   9.686709e-02 223200606300400090      10991       6252     0 2453916.669363  1.352208e+01  2.696086e-02  1.352208e+01  2.696086e-02 
   78725080   3.787818e+00   9.710701e-02   3.787818e+00   9.710701e-02 223200606300400570      10991       6250     0 2453916.669907  1.355403e+01  2.783475e-02  1.355403e+01  2.783475e-02 
   78725144   3.862500e+00   9.756956e-02   3.862500e+00   9.756956e-02 223200606300402000      10992       6248     0 2453916.670648  1.353283e+01  2.742658e-02  1.353283e+01  2.742658e-02 
   78811393   3.909943e+00   1.020492e-01   3.909943e+00   1.020492e-01 223200607010359260      10984       6244     0 2453917.668900  1.351957e+01  2.833774e-02  1.351957e+01  2.833774e-02 
   78811472   3.876115e+00   1.016534e-01   3.876115e+00   1.016534e-01 223200607010400450      10980       6267     0 2453917.669815  1.352901e+01  2.847417e-02  1.352901e+01  2.847417e-02 
   78811537   3.758475e+00   1.005500e-01   3.758475e+00   1.005500e-01 223200607010401510      10986       6239     0 2453917.670567  1.356247e+01  2.904667e-02  1.356247e+01  2.904667e-02 
   78811588   3.872433e+00   1.011422e-01   3.872433e+00   1.011422e-01 223200607010402420      10987       6237     0 2453917.671157  1.353004e+01  2.835793e-02  1.353004e+01  2.835793e-02 
   78897804   5.548503e+00   2.466449e-01   5.548503e+00   2.466449e-01 223200607020359350      10994       6234     0 2453918.669028  1.313956e+01  4.826388e-02  1.313956e+01  4.826388e-02 
   78897863   5.327417e+00   4.937479e-01   5.327417e+00   4.937479e-01 223200607020400340      10996       6233     0 2453918.669711  1.318371e+01  1.006270e-01  1.318371e+01  1.006270e-01 
   78897917   3.609327e+00   2.798008e-01   3.609327e+00   2.798008e-01 223200607020401280      10996       6231     0 2453918.670336  1.360643e+01  8.416829e-02  1.360643e+01  8.416829e-02 
   78897990   4.041990e+00   1.636221e-01   4.041990e+00   1.636221e-01 223200607020402420      10991       6253     0 2453918.671181  1.348351e+01  4.395139e-02  1.348351e+01  4.395139e-02 
   78984206   3.771045e+00   9.643258e-02   3.771045e+00   9.643258e-02 223200607030359350      11002       6220     0 2453919.669051  1.355885e+01  2.776438e-02  1.355885e+01  2.776438e-02 
   78984260   3.764598e+00   9.532367e-02   3.764598e+00   9.532367e-02 223200607030400290      11005       6218     0 2453919.669676  1.356070e+01  2.749210e-02  1.356070e+01  2.749210e-02 
   78984318   3.932706e+00   9.600341e-02   3.932706e+00   9.600341e-02 223200607030401270      11005       6216     0 2453919.670347  1.351327e+01  2.650458e-02  1.351327e+01  2.650458e-02 
   78984373   3.771384e+00   9.594100e-02   3.771384e+00   9.594100e-02 223200607030402220      11005       6214     0 2453919.670984  1.355875e+01  2.762036e-02  1.355875e+01  2.762036e-02 
   79070530   3.986562e+00   9.576019e-02   3.986562e+00   9.576019e-02 223200607040358180      10999       6200     0 2453920.668171  1.349850e+01  2.608028e-02  1.349850e+01  2.608028e-02 
   79070576   3.906918e+00   9.573662e-02   3.906918e+00   9.573662e-02 223200607040359040      11000       6198     0 2453920.668704  1.352041e+01  2.660539e-02  1.352041e+01  2.660539e-02 
   79070642   3.898638e+00   9.649404e-02   3.898638e+00   9.649404e-02 223200607040400090      11001       6196     0 2453920.669468  1.352272e+01  2.687283e-02  1.352272e+01  2.687283e-02 
   79070694   3.890887e+00   9.602508e-02   3.890887e+00   9.602508e-02 223200607040401020      11002       6194     0 2453920.670069  1.352488e+01  2.679550e-02  1.352488e+01  2.679550e-02 
   79415959   3.793484e+00   9.693543e-02   3.793484e+00   9.693543e-02 223200607080355190      10997       6185     0 2453924.666192  1.355240e+01  2.774407e-02  1.355240e+01  2.774407e-02 
   79416116   3.765854e+00   9.549969e-02   3.765854e+00   9.549969e-02 223200607080357570      10998       6208     0 2453924.668009  1.356034e+01  2.753368e-02  1.356034e+01  2.753368e-02 
   79416183   3.667408e+00   9.503160e-02   3.667408e+00   9.503160e-02 223200607080359030      11004       6179     0 2453924.668785  1.358910e+01  2.813421e-02  1.358910e+01  2.813421e-02 
   79416241   3.951297e+00   9.573156e-02   3.951297e+00   9.573156e-02 223200607080400010      11004       6176     0 2453924.669456  1.350815e+01  2.630518e-02  1.350815e+01  2.630518e-02 
   79502446   4.460747e+00   1.447876e-01   4.460747e+00   1.447876e-01 223200607090356460      11008       6178     0 2453925.667199  1.337648e+01  3.524111e-02  1.337648e+01  3.524111e-02 
   79502498   4.635578e+00   1.434329e-01   4.635578e+00   1.434329e-01 223200607090357380      11009       6176     0 2453925.667801  1.333474e+01  3.359470e-02  1.333474e+01  3.359470e-02 
   79502567   4.472333e+00   1.407610e-01   4.472333e+00   1.407610e-01 223200607090358470      11009       6173     0 2453925.668600  1.337366e+01  3.417228e-02  1.337366e+01  3.417228e-02 
   79502721   4.482495e+00   1.380039e-01   4.482495e+00   1.380039e-01 223200607090401200      11007       6156     0 2453925.670382  1.337120e+01  3.342699e-02  1.337120e+01  3.342699e-02 
   80278200   4.775225e+00   1.548485e-01   4.775225e+00   1.548485e-01 223200607180325470      11039       6135     0 2453934.645833  1.330252e+01  3.520781e-02  1.330252e+01  3.520781e-02 
   80278262   4.449748e+00   1.550550e-01   4.449748e+00   1.550550e-01 223200607180326500      11044       6107     0 2453934.646551  1.337916e+01  3.783348e-02  1.337916e+01  3.783348e-02 
   80278337   5.077022e+00   1.777966e-01   5.077022e+00   1.777966e-01 223200607180328050      11038       6131     0 2453934.647419  1.323598e+01  3.802246e-02  1.323598e+01  3.802246e-02 
   80278415   4.115390e+00   2.250767e-01   4.115390e+00   2.250767e-01 223200607180329220      11044       6102     0 2453934.648322  1.346397e+01  5.938072e-02  1.346397e+01  5.938072e-02 
   80364292   4.171311e+00   1.172791e-01   4.171311e+00   1.172791e-01 223200607190320380      11036       6118     0 2453935.642269  1.344932e+01  3.052627e-02  1.344932e+01  3.052627e-02 
   80364348   3.982640e+00   1.163905e-01   3.982640e+00   1.163905e-01 223200607190321350      11036       6117     0 2453935.642917  1.349957e+01  3.173016e-02  1.349957e+01  3.173016e-02 
   80364408   4.081812e+00   1.161136e-01   4.081812e+00   1.161136e-01 223200607190322340      11036       6115     0 2453935.643611  1.347287e+01  3.088560e-02  1.347287e+01  3.088560e-02 
   80364469   4.151924e+00   1.155927e-01   4.151924e+00   1.155927e-01 223200607190323360      11037       6113     0 2453935.644317  1.345438e+01  3.022781e-02  1.345438e+01  3.022781e-02 
   80450508   4.054718e+00   1.053217e-01   4.054718e+00   1.053217e-01 223200607200317340      11041       6109     0 2453936.640139  1.348010e+01  2.820220e-02  1.348010e+01  2.820220e-02 
   80450569   4.282277e+00   1.063057e-01   4.282277e+00   1.063057e-01 223200607200318350      11040       6108     0 2453936.640845  1.342081e+01  2.695303e-02  1.342081e+01  2.695303e-02 
   80450633   4.066307e+00   1.059322e-01   4.066307e+00   1.059322e-01 223200607200319380      11040       6106     0 2453936.641586  1.347700e+01  2.828484e-02  1.347700e+01  2.828484e-02 
   80450690   4.047196e+00   1.062959e-01   4.047196e+00   1.062959e-01 223200607200320360      11040       6104     0 2453936.642245  1.348211e+01  2.851596e-02  1.348211e+01  2.851596e-02 
   80967439   3.885093e+00   9.524526e-02   3.885093e+00   9.524526e-02 223200607260253020      10999       6145     0 2453942.623137  1.352650e+01  2.661753e-02  1.352650e+01  2.661753e-02 
   80967498   3.946309e+00   9.439562e-02   3.946309e+00   9.439562e-02 223200607260254000      11000       6143     0 2453942.623819  1.350952e+01  2.597088e-02  1.350952e+01  2.597088e-02 
   80967558   3.751871e+00   9.371136e-02   3.751871e+00   9.371136e-02 223200607260255010      11001       6141     0 2453942.624514  1.356438e+01  2.711878e-02  1.356438e+01  2.711878e-02 
   80967614   3.781386e+00   9.382214e-02   3.781386e+00   9.382214e-02 223200607260255560      11002       6138     0 2453942.625162  1.355587e+01  2.693892e-02  1.355587e+01  2.693892e-02 
   81053660   3.997899e+00   1.037814e-01   3.997899e+00   1.037814e-01 223200607270250020      10996       6141     0 2453943.621065  1.349542e+01  2.818471e-02  1.349542e+01  2.818471e-02 
   81053722   3.937878e+00   1.071620e-01   3.937878e+00   1.071620e-01 223200607270251040      10996       6138     0 2453943.621782  1.351184e+01  2.954639e-02  1.351184e+01  2.954639e-02 
   81053778   3.941836e+00   1.046821e-01   3.941836e+00   1.046821e-01 223200607270251590      10997       6136     0 2453943.622431  1.351075e+01  2.883367e-02  1.351075e+01  2.883367e-02 
   81053840   3.937073e+00   1.025308e-01   3.937073e+00   1.025308e-01 223200607270253010      10998       6134     0 2453943.623148  1.351207e+01  2.827526e-02  1.351207e+01  2.827526e-02 
   81139837   3.787396e+00   6.410867e-01   3.787396e+00   6.410867e-01 223200607280246190      11013       6133     0 2453944.618484  1.355415e+01  1.837815e-01  1.355415e+01  1.837815e-01 
   81139896   5.196644e+00   1.106168e+00   5.196644e+00   1.106168e+00 223200607280247170      11013       6130     0 2453944.619167  1.321069e+01  2.311127e-01  1.321069e+01  2.311127e-01 
   82346073   5.309889e+00   3.429983e-01   5.309889e+00   3.429983e-01 223200608110150170      11007       6175     0 2453958.579549  1.318729e+01  7.013460e-02  1.318729e+01  7.013460e-02 
   82346129   4.773720e+00   3.438583e-01   4.773720e+00   3.438583e-01 223200608110151120      11010       6173     0 2453958.580197  1.330286e+01  7.820749e-02  1.330286e+01  7.820749e-02 
   82346184   5.097051e+00   3.498627e-01   5.097051e+00   3.498627e-01 223200608110152070      11010       6169     0 2453958.580833  1.323170e+01  7.452544e-02  1.323170e+01  7.452544e-02 
   82346243   4.913646e+00   3.488382e-01   4.913646e+00   3.488382e-01 223200608110153070      11011       6168     0 2453958.581516  1.327149e+01  7.708077e-02  1.327149e+01  7.708077e-02 
   82518428   4.770735e+00   2.251125e-01   4.770735e+00   2.251125e-01 223200608130142530      11013       6144     0 2453960.574398  1.330354e+01  5.123187e-02  1.330354e+01  5.123187e-02 
   82518487   4.928090e+00   2.265109e-01   4.928090e+00   2.265109e-01 223200608130143520      11014       6141     0 2453960.575081  1.326830e+01  4.990411e-02  1.326830e+01  4.990411e-02 
   82518549   4.915676e+00   2.267058e-01   4.915676e+00   2.267058e-01 223200608130144550      11013       6136     0 2453960.575799  1.327104e+01  5.007319e-02  1.327104e+01  5.007319e-02 
   82518627   4.848555e+00   2.226899e-01   4.848555e+00   2.226899e-01 223200608130146120      11007       6158     0 2453960.576701  1.328597e+01  4.986710e-02  1.328597e+01  4.986710e-02 
   82604609   4.734263e+00   1.822782e-01   4.734263e+00   1.822782e-01 223200608140139160      11010       6164     0 2453961.571863  1.331187e+01  4.180306e-02  1.331187e+01  4.180306e-02 
   82604665   4.623142e+00   1.839831e-01   4.623142e+00   1.839831e-01 223200608140140120      11017       6161     0 2453961.572512  1.333766e+01  4.320824e-02  1.333766e+01  4.320824e-02 
   82604722   4.526093e+00   1.864448e-01   4.526093e+00   1.864448e-01 223200608140141080      11030       6158     0 2453961.573171  1.336069e+01  4.472524e-02  1.336069e+01  4.472524e-02 
   82604776   4.590296e+00   1.900084e-01   4.590296e+00   1.900084e-01 223200608140142030      11030       6156     0 2453961.573796  1.334540e+01  4.494257e-02  1.334540e+01  4.494257e-02 
   82863083   4.255137e+00   1.225369e-01   4.255137e+00   1.225369e-01 223200608170127120      11001       6173     0 2453964.563461  1.342772e+01  3.126648e-02  1.342772e+01  3.126648e-02 
   82863151   4.160533e+00   1.214281e-01   4.160533e+00   1.214281e-01 223200608170128190      11010       6140     0 2453964.564248  1.345213e+01  3.168808e-02  1.345213e+01  3.168808e-02 
   82863207   4.340406e+00   1.229392e-01   4.340406e+00   1.229392e-01 223200608170129150      11011       6138     0 2453964.564896  1.340617e+01  3.075288e-02  1.340617e+01  3.075288e-02 
   82863267   4.392059e+00   1.236069e-01   4.392059e+00   1.236069e-01 223200608170130160      11011       6136     0 2453964.565590  1.339333e+01  3.055628e-02  1.339333e+01  3.055628e-02 
   82949255   3.986775e+00   9.681895e-02   3.986775e+00   9.681895e-02 223200608180123250      11007       6119     0 2453965.560822  1.349845e+01  2.636722e-02  1.349845e+01  2.636722e-02 
   82949317   3.828849e+00   9.676429e-02   3.828849e+00   9.676429e-02 223200608180124270      11009       6118     0 2453965.561539  1.354233e+01  2.743928e-02  1.354233e+01  2.743928e-02 
   82949380   3.964753e+00   9.600347e-02   3.964753e+00   9.600347e-02 223200608180125310      11009       6115     0 2453965.562269  1.350446e+01  2.629037e-02  1.350446e+01  2.629037e-02 
   82949471   3.789982e+00   9.720074e-02   3.789982e+00   9.720074e-02 223200608180127020      11004       6135     0 2453965.563322  1.355341e+01  2.784571e-02  1.355341e+01  2.784571e-02 
   83724682   3.844920e+00   9.537895e-02   3.844920e+00   9.537895e-02 223200608270047250      10985       6171     0 2453974.535671  1.353778e+01  2.693339e-02  1.353778e+01  2.693339e-02 
   83724746   3.882681e+00   9.551491e-02   3.882681e+00   9.551491e-02 223200608270048280      10989       6137     0 2453974.536412  1.352717e+01  2.670947e-02  1.352717e+01  2.670947e-02 
   83724821   3.807807e+00   9.489072e-02   3.807807e+00   9.489072e-02 223200608270049440      10984       6159     0 2453974.537280  1.354831e+01  2.705669e-02  1.354831e+01  2.705669e-02 
   83724883   3.759571e+00   9.364754e-02   3.759571e+00   9.364754e-02 223200608270050460      10990       6129     0 2453974.537998  1.356215e+01  2.704481e-02  1.356215e+01  2.704481e-02 
   83810848   3.703982e+00   8.993592e-02   3.703982e+00   8.993592e-02 223200608280043330      10990       6160     0 2453975.532963  1.357833e+01  2.636272e-02  1.357833e+01  2.636272e-02 
   83810900   3.682317e+00   8.992073e-02   3.682317e+00   8.992073e-02 223200608280044250      10991       6157     0 2453975.533565  1.358470e+01  2.651334e-02  1.358470e+01  2.651334e-02 
   83810971   3.733998e+00   9.012505e-02   3.733998e+00   9.012505e-02 223200608280045350      10991       6153     0 2453975.534387  1.356956e+01  2.620579e-02  1.356956e+01  2.620579e-02 
   83811028   3.924968e+00   9.163141e-02   3.924968e+00   9.163141e-02 223200608280046320      10991       6151     0 2453975.535046  1.351541e+01  2.534743e-02  1.351541e+01  2.534743e-02 
   84328680   4.718836e+00   2.525741e-01   4.718836e+00   2.525741e-01 223200609030034170      10981       6089     0 2453981.526389  1.331541e+01  5.811387e-02  1.331541e+01  5.811387e-02 
   84328752   5.084713e+00   2.522529e-01   5.084713e+00   2.522529e-01 223200609030035280      10976       6111     0 2453981.527222  1.323433e+01  5.386363e-02  1.323433e+01  5.386363e-02 
   84328819   5.201879e+00   2.705247e-01   5.201879e+00   2.705247e-01 223200609030036350      10978       6075     0 2453981.527998  1.320960e+01  5.646412e-02  1.320960e+01  5.646412e-02 
   84328876   4.581925e+00   2.613915e-01   4.581925e+00   2.613915e-01 223200609030037320      10979       6074     0 2453981.528657  1.334738e+01  6.193973e-02  1.334738e+01  6.193973e-02 
   84500187   5.078866e+00   3.964288e-01   5.078866e+00   3.964288e-01 223200609050012480      10988       6155     0 2453983.511424  1.323558e+01  8.474699e-02  1.323558e+01  8.474699e-02 
   84500247   4.661550e+00   3.968112e-01   4.661550e+00   3.968112e-01 223200609050013480      10989       6152     0 2453983.512118  1.332867e+01  9.242288e-02  1.332867e+01  9.242288e-02 
   84500309   5.092678e+00   3.943794e-01   5.092678e+00   3.943794e-01 223200609050014500      10989       6148     0 2453983.512836  1.323263e+01  8.408023e-02  1.323263e+01  8.408023e-02 
   84500387   4.815627e+00   3.963239e-01   4.815627e+00   3.963239e-01 223200609050016080      10984       6171     0 2453983.513738  1.329337e+01  8.935591e-02  1.329337e+01  8.935591e-02 
   84844860   5.217707e+00   5.456166e-01   5.217707e+00   5.456166e-01 223200609082357310      10997       6164     0 2453987.500694  1.320630e+01  1.135361e-01  1.320630e+01  1.135361e-01 
   84844916   5.333012e+00   5.442424e-01   5.333012e+00   5.442424e-01 223200609082358260      10998       6159     0 2453987.501343  1.318257e+01  1.108015e-01  1.318257e+01  1.108015e-01 
   84844973   4.724952e+00   5.422096e-01   4.724952e+00   5.422096e-01 223200609082359230      10997       6156     0 2453987.502002  1.331401e+01  1.245936e-01  1.331401e+01  1.245936e-01 
   84845035   5.613560e+00   5.436783e-01   5.613560e+00   5.436783e-01 223200609090000260      10997       6154     0 2453987.502720  1.312690e+01  1.051549e-01  1.312690e+01  1.051549e-01 
   85017160   5.083491e+00   2.905004e-01   5.083491e+00   2.905004e-01 223200609102349160      10975       6115     0 2453989.494907  1.323460e+01  6.204553e-02  1.323460e+01  6.204553e-02 
   85017227   4.278501e+00   3.810069e-01   4.278501e+00   3.810069e-01 223200609102350220      10977       6113     0 2453989.495683  1.342177e+01  9.668677e-02  1.342177e+01  9.668677e-02 
   85017286   5.381520e+00   3.286463e-01   5.381520e+00   3.286463e-01 223200609102351210      10977       6110     0 2453989.496366  1.317274e+01  6.630551e-02  1.317274e+01  6.630551e-02 
   85017344   4.744897e+00   3.428070e-01   4.744897e+00   3.428070e-01 223200609102352200      10975       6104     0 2453989.497037  1.330943e+01  7.844200e-02  1.330943e+01  7.844200e-02 
   85361752   3.806520e+00   9.328350e-02   3.806520e+00   9.328350e-02 223200609142332380      10977       6069     0 2453993.483241  1.354868e+01  2.660740e-02  1.354868e+01  2.660740e-02 
   85361809   4.017827e+00   9.298914e-02   4.017827e+00   9.298914e-02 223200609142333360      10978       6066     0 2453993.483900  1.349002e+01  2.512852e-02  1.349002e+01  2.512852e-02 
   85361870   3.811121e+00   9.240773e-02   3.811121e+00   9.240773e-02 223200609142334370      10979       6063     0 2453993.484606  1.354737e+01  2.632579e-02  1.354737e+01  2.632579e-02 
   85361945   3.908351e+00   9.323401e-02   3.908351e+00   9.323401e-02 223200609142335520      10973       6085     0 2453993.485475  1.352002e+01  2.590041e-02  1.352002e+01  2.590041e-02 
   85620649   3.936671e+00   1.042783e-01   3.936671e+00   1.042783e-01 223200609172327440      10946       6077     0 2453996.479734  1.351218e+01  2.876011e-02  1.351218e+01  2.876011e-02 
   85620708   3.849374e+00   1.051531e-01   3.849374e+00   1.051531e-01 223200609172328430      10947       6073     0 2453996.480417  1.353652e+01  2.965908e-02  1.353652e+01  2.965908e-02 
   85620771   3.801146e+00   1.053867e-01   3.801146e+00   1.053867e-01 223200609172329460      10947       6070     0 2453996.481146  1.355021e+01  3.010212e-02  1.355021e+01  3.010212e-02 
   85620825   3.832472e+00   1.047566e-01   3.832472e+00   1.047566e-01 223200609172330410      10947       6067     0 2453996.481771  1.354130e+01  2.967757e-02  1.354130e+01  2.967757e-02 
   85706445   3.904953e+00   1.024580e-01   3.904953e+00   1.024580e-01 223200609182317440      10949       6051     0 2453997.472743  1.352096e+01  2.848759e-02  1.352096e+01  2.848759e-02 
   85706508   3.752925e+00   1.024799e-01   3.752925e+00   1.024799e-01 223200609182318460      10954       6026     0 2453997.473472  1.356408e+01  2.964796e-02  1.356408e+01  2.964796e-02 
   85706563   3.824027e+00   1.019596e-01   3.824027e+00   1.019596e-01 223200609182319410      10955       6024     0 2453997.474109  1.354370e+01  2.894896e-02  1.354370e+01  2.894896e-02 
   85706640   3.948059e+00   1.019939e-01   3.948059e+00   1.019939e-01 223200609182320580      10949       6048     0 2453997.475000  1.350904e+01  2.804895e-02  1.350904e+01  2.804895e-02 
   85878759   4.059540e+00   1.024965e-01   4.059540e+00   1.024965e-01 223200609202309430      10952       6103     0 2453999.467118  1.347881e+01  2.741310e-02  1.347881e+01  2.741310e-02 
   85878816   3.889985e+00   1.027644e-01   3.889985e+00   1.027644e-01 223200609202310400      10954       6100     0 2453999.467778  1.352513e+01  2.868274e-02  1.352513e+01  2.868274e-02 
   85878877   4.057920e+00   1.034148e-01   4.057920e+00   1.034148e-01 223200609202311410      10955       6098     0 2453999.468484  1.347924e+01  2.766973e-02  1.347924e+01  2.766973e-02 
   85878937   3.985688e+00   1.030169e-01   3.985688e+00   1.030169e-01 223200609202312420      10955       6095     0 2453999.469178  1.349874e+01  2.806280e-02  1.349874e+01  2.806280e-02 
   85964882   4.107165e+00   9.630159e-02   4.107165e+00   9.630159e-02 223200609212305090      10965       6098     0 2454000.463912  1.346614e+01  2.545758e-02  1.346614e+01  2.545758e-02 
   85965035   4.091700e+00   9.585751e-02   4.091700e+00   9.585751e-02 223200609212307420      10967       6090     0 2454000.465683  1.347024e+01  2.543597e-02  1.347024e+01  2.543597e-02 
   85965098   4.009617e+00   9.533840e-02   4.009617e+00   9.533840e-02 223200609212308460      10969       6088     0 2454000.466412  1.349224e+01  2.581611e-02  1.349224e+01  2.581611e-02 
   85965154   3.978398e+00   9.509842e-02   3.978398e+00   9.509842e-02 223200609212309410      10969       6086     0 2454000.467060  1.350073e+01  2.595320e-02  1.350073e+01  2.595320e-02 
   86404995   3.926349e+00   9.869824e-02   3.926349e+00   9.869824e-02 223200609270120390      10829       5747     0 2454005.557812  1.351503e+01  2.729269e-02  1.351503e+01  2.729269e-02 
   86405056   4.057375e+00   9.965706e-02   4.057375e+00   9.965706e-02 223200609270121400      10834       5719     0 2454005.558519  1.347939e+01  2.666790e-02  1.347939e+01  2.666790e-02 
   86405124   4.127306e+00   9.954923e-02   4.127306e+00   9.954923e-02 223200609270122490      10832       5717     0 2454005.559306  1.346083e+01  2.618769e-02  1.346083e+01  2.618769e-02 
   86405185   4.005056e+00   9.953856e-02   4.005056e+00   9.953856e-02 223200609270123490      10832       5715     0 2454005.560012  1.349348e+01  2.698414e-02  1.349348e+01  2.698414e-02 
   87688165   3.965924e+00   8.228730e-02   3.965924e+00   8.228730e-02 223200610112147440      10631       5898     0 2454020.409317  1.350414e+01  2.252757e-02  1.350414e+01  2.252757e-02 
   87688239   3.856870e+00   8.159027e-02   3.856870e+00   8.159027e-02 223200610112148580      10636       5868     0 2454020.410174  1.353441e+01  2.296832e-02  1.353441e+01  2.296832e-02 
   87688293   3.812499e+00   8.199295e-02   3.812499e+00   8.199295e-02 223200610112149520      10636       5866     0 2454020.410799  1.354698e+01  2.335031e-02  1.354698e+01  2.335031e-02 
   87860510   3.992928e+00   9.064504e-02   3.992928e+00   9.064504e-02 223200610132140170      10595       5920     0 2454022.404051  1.349677e+01  2.464782e-02  1.349677e+01  2.464782e-02 
   87860577   4.098224e+00   9.098465e-02   4.098224e+00   9.098465e-02 223200610132141240      10595       5916     0 2454022.404826  1.346851e+01  2.410451e-02  1.346851e+01  2.410451e-02 
   87860633   3.971750e+00   9.101620e-02   3.971750e+00   9.101620e-02 223200610132142200      10594       5913     0 2454022.405475  1.350255e+01  2.488070e-02  1.350255e+01  2.488070e-02 
   87860693   3.990416e+00   9.090693e-02   3.990416e+00   9.090693e-02 223200610132143190      10594       5911     0 2454022.406169  1.349745e+01  2.473459e-02  1.349745e+01  2.473459e-02 
   88033122   4.018930e+00   8.625442e-02   4.018930e+00   8.625442e-02 223200610152137170      10590       5951     0 2454024.401875  1.348972e+01  2.330219e-02  1.348972e+01  2.330219e-02 
   88033183   3.952130e+00   8.690947e-02   3.952130e+00   8.690947e-02 223200610152138180      10590       5946     0 2454024.402581  1.350792e+01  2.387601e-02  1.350792e+01  2.387601e-02 
   88033238   3.936203e+00   8.701653e-02   3.936203e+00   8.701653e-02 223200610152139130      10589       5941     0 2454024.403218  1.351231e+01  2.400215e-02  1.351231e+01  2.400215e-02 
   88033297   4.015302e+00   8.616888e-02   4.015302e+00   8.616888e-02 223200610152140120      10589       5937     0 2454024.403900  1.349070e+01  2.330012e-02  1.349070e+01  2.330012e-02 
   88377444   3.925145e+00   8.827840e-02   3.925145e+00   8.827840e-02 223200610192116140      10575       5966     0 2454028.387083  1.351536e+01  2.441881e-02  1.351536e+01  2.441881e-02 
   88377496   3.899508e+00   8.941150e-02   3.899508e+00   8.941150e-02 223200610192117070      10574       5963     0 2454028.387685  1.352248e+01  2.489484e-02  1.352248e+01  2.489484e-02 
   88377581   4.031060e+00   9.057276e-02   4.031060e+00   9.057276e-02 223200610192118310      10568       5985     0 2454028.388669  1.348645e+01  2.439519e-02  1.348645e+01  2.439519e-02 
   88377643   4.081321e+00   9.037928e-02   4.081321e+00   9.037928e-02 223200610192119340      10568       5982     0 2454028.389387  1.347300e+01  2.404329e-02  1.347300e+01  2.404329e-02 
   88463609   4.018845e+00   8.817599e-02   4.018845e+00   8.817599e-02 223200610202112230      10598       5920     0 2454029.384363  1.348975e+01  2.382182e-02  1.348975e+01  2.382182e-02 
   88463681   3.969916e+00   8.766294e-02   3.969916e+00   8.766294e-02 223200610202113350      10596       5915     0 2454029.385197  1.350305e+01  2.397511e-02  1.350305e+01  2.397511e-02 
   88463744   4.005430e+00   8.827974e-02   4.005430e+00   8.827974e-02 223200610202114380      10595       5913     0 2454029.385926  1.349338e+01  2.392973e-02  1.349338e+01  2.392973e-02 
   88463803   3.915475e+00   8.789679e-02   3.915475e+00   8.789679e-02 223200610202115380      10595       5911     0 2454029.386609  1.351804e+01  2.437330e-02  1.351804e+01  2.437330e-02 
   88551556   4.033081e+00   9.498218e-02   4.033081e+00   9.498218e-02 223200610212138150      10593       5862     0 2454030.402269  1.348591e+01  2.557002e-02  1.348591e+01  2.557002e-02 
   88551688   4.316640e+00   9.557578e-02   4.316640e+00   9.557578e-02 223200610212140270      10589       5851     0 2454030.403796  1.341214e+01  2.403964e-02  1.341214e+01  2.403964e-02 
   88551760   4.117177e+00   9.598896e-02   4.117177e+00   9.598896e-02 223200610212141400      10583       5873     0 2454030.404630  1.346350e+01  2.531323e-02  1.346350e+01  2.531323e-02 
   88637618   3.806643e+00   9.982281e-01   3.806643e+00   9.982281e-01 223200610222132420      10589       5906     0 2454031.398356  1.354865e+01  2.847171e-01  1.354865e+01  2.847171e-01 
   88637766   2.412539e+00   1.245970e+00   2.412539e+00   1.245970e+00 223200610222135100      10584       5896     0 2454031.400069  1.404381e+01  5.607370e-01  1.404381e+01  5.607370e-01 
   88637828   4.777431e+00   2.006198e+00   4.777431e+00   2.006198e+00 223200610222136110      10584       5894     0 2454031.400787  1.330201e+01  4.559374e-01  1.330201e+01  4.559374e-01 
   88640079   6.381648e+00   1.923052e+00   6.381648e+00   1.923052e+00 223200610222213430      10583       5769     0 2454031.426840  1.298767e+01  3.271780e-01  1.298767e+01  3.271780e-01 
   88722108   4.064229e+00   9.026133e-02   4.064229e+00   9.026133e-02 223200610232100550      10582       5952     0 2454032.376250  1.347755e+01  2.411290e-02  1.347755e+01  2.411290e-02 
   88722162   4.051139e+00   9.046002e-02   4.051139e+00   9.046002e-02 223200610232101500      10582       5949     0 2454032.376875  1.348106e+01  2.424406e-02  1.348106e+01  2.424406e-02 
   88722224   4.107914e+00   9.054033e-02   4.107914e+00   9.054033e-02 223200610232102520      10582       5946     0 2454032.377593  1.346595e+01  2.393022e-02  1.346595e+01  2.393022e-02 
   88722291   4.030403e+00   9.063228e-02   4.030403e+00   9.063228e-02 223200610232103590      10583       5943     0 2454032.378368  1.348663e+01  2.441520e-02  1.348663e+01  2.441520e-02 
   88980553   4.257192e+00   1.012771e-01   4.257192e+00   1.012771e-01 223200610262048320      10579       6013     0 2454035.367512  1.342719e+01  2.582938e-02  1.342719e+01  2.582938e-02 
   88980607   4.236548e+00   1.017888e-01   4.236548e+00   1.017888e-01 223200610262049260      10579       6010     0 2454035.368137  1.343247e+01  2.608637e-02  1.343247e+01  2.608637e-02 
   88980667   4.022635e+00   1.012084e-01   4.022635e+00   1.012084e-01 223200610262050270      10580       6007     0 2454035.368831  1.348872e+01  2.731692e-02  1.348872e+01  2.731692e-02 
   88980731   4.114237e+00   9.961629e-02   4.114237e+00   9.961629e-02 223200610262051300      10575       5998     0 2454035.369572  1.346428e+01  2.628857e-02  1.346428e+01  2.628857e-02 
   89066669   4.326756e+00   1.121243e-01   4.326756e+00   1.121243e-01 223200610272043520      10600       5984     0 2454036.364225  1.340959e+01  2.813605e-02  1.340959e+01  2.813605e-02 
   89066732   4.194899e+00   1.123170e-01   4.194899e+00   1.123170e-01 223200610272044550      10600       5982     0 2454036.364954  1.344320e+01  2.907033e-02  1.344320e+01  2.907033e-02 
   89066788   4.545576e+00   1.133256e-01   4.545576e+00   1.133256e-01 223200610272045520      10599       5978     0 2454036.365602  1.335603e+01  2.706855e-02  1.335603e+01  2.706855e-02 
   89066853   4.350097e+00   1.124618e-01   4.350097e+00   1.124618e-01 223200610272046560      10599       5975     0 2454036.366354  1.340375e+01  2.806932e-02  1.340375e+01  2.806932e-02 
   89152866   5.079525e+00   1.861119e-01   5.079525e+00   1.861119e-01 223200610282040350      10586       5995     0 2454037.361875  1.323544e+01  3.978111e-02  1.323544e+01  3.978111e-02 
   89152939   4.576596e+00   1.622210e-01   4.576596e+00   1.622210e-01 223200610282041480      10589       5962     0 2454037.362720  1.334864e+01  3.848491e-02  1.334864e+01  3.848491e-02 
   89153000   4.885036e+00   1.451723e-01   4.885036e+00   1.451723e-01 223200610282042490      10589       5960     0 2454037.363426  1.327783e+01  3.226575e-02  1.327783e+01  3.226575e-02 
   89238987   4.844715e+00   1.513274e-01   4.844715e+00   1.513274e-01 223200610292035590      10582       5951     0 2454038.358646  1.328683e+01  3.391369e-02  1.328683e+01  3.391369e-02 
   89239042   4.769736e+00   1.519052e-01   4.769736e+00   1.519052e-01 223200610292036550      10583       5948     0 2454038.359282  1.330376e+01  3.457833e-02  1.330376e+01  3.457833e-02 
   89239089   4.591169e+00   1.513329e-01   4.591169e+00   1.513329e-01 223200610292037410      10581       5941     0 2454038.359826  1.334519e+01  3.578787e-02  1.334519e+01  3.578787e-02 
   89239167   4.798361e+00   1.512288e-01   4.798361e+00   1.512288e-01 223200610292038590      10581       5938     0 2454038.360729  1.329727e+01  3.421902e-02  1.329727e+01  3.421902e-02 
   89411362   5.617965e+00   2.344943e-01   5.617965e+00   2.344943e-01 223200610312029020      10575       5953     0 2454040.353727  1.312605e+01  4.531887e-02  1.312605e+01  4.531887e-02 
   89411435   5.424982e+00   2.368736e-01   5.424982e+00   2.368736e-01 223200610312030160      10570       5974     0 2454040.354572  1.316400e+01  4.740719e-02  1.316400e+01  4.740719e-02 
   89411505   5.613153e+00   2.406349e-01   5.613153e+00   2.406349e-01 223200610312031250      10574       5941     0 2454040.355382  1.312698e+01  4.654548e-02  1.312698e+01  4.654548e-02 
   89411562   5.675894e+00   2.363277e-01   5.675894e+00   2.363277e-01 223200610312032230      10574       5938     0 2454040.356042  1.311491e+01  4.520706e-02  1.311491e+01  4.520706e-02 
   89506220   5.035336e+00   2.467839e-01   5.035336e+00   2.467839e-01 223200611012250050      10501       5578     0 2454041.451620  1.324493e+01  5.321255e-02  1.324493e+01  5.321255e-02 
   89506293   5.041396e+00   2.486150e-01   5.041396e+00   2.486150e-01 223200611012251190      10505       5547     0 2454041.452465  1.324362e+01  5.354295e-02  1.324362e+01  5.354295e-02 
   89506350   5.080170e+00   2.484100e-01   5.080170e+00   2.484100e-01 223200611012252160      10505       5545     0 2454041.453125  1.323530e+01  5.309048e-02  1.323530e+01  5.309048e-02 
   89506412   5.132193e+00   2.490429e-01   5.132193e+00   2.490429e-01 223200611012253170      10503       5543     0 2454041.453843  1.322424e+01  5.268621e-02  1.322424e+01  5.268621e-02 
   89842122   5.384439e+00   3.399551e-01   5.384439e+00   3.399551e-01 223200611052008420      10586       5954     0 2454045.339375  1.317215e+01  6.854992e-02  1.317215e+01  6.854992e-02 
   89842180   5.421377e+00   3.393205e-01   5.421377e+00   3.393205e-01 223200611052009400      10586       5951     0 2454045.340046  1.316473e+01  6.795578e-02  1.316473e+01  6.795578e-02 
   89842253   5.351547e+00   3.423547e-01   5.351547e+00   3.423547e-01 223200611052010530      10586       5947     0 2454045.340891  1.317880e+01  6.945810e-02  1.317880e+01  6.945810e-02 
   89842312   4.861166e+00   3.424334e-01   4.861166e+00   3.424334e-01 223200611052011520      10586       5944     0 2454045.341574  1.328315e+01  7.648241e-02  1.328315e+01  7.648241e-02 
   89928306   5.302515e+00   2.629060e-01   5.302515e+00   2.629060e-01 223200611062005110      10588       5973     0 2454046.336875  1.318880e+01  5.383249e-02  1.318880e+01  5.383249e-02 
   89928375   5.130258e+00   2.597435e-01   5.130258e+00   2.597435e-01 223200611062006190      10589       5969     0 2454046.337674  1.322465e+01  5.497070e-02  1.322465e+01  5.497070e-02 
   89928429   5.293144e+00   2.600460e-01   5.293144e+00   2.600460e-01 223200611062007140      10589       5966     0 2454046.338299  1.319072e+01  5.334114e-02  1.319072e+01  5.334114e-02 
   89928493   5.014602e+00   2.620019e-01   5.014602e+00   2.620019e-01 223200611062008180      10589       5964     0 2454046.339039  1.324941e+01  5.672752e-02  1.324941e+01  5.672752e-02 
   90014494   4.182586e+00   1.864145e-01   4.182586e+00   1.864145e-01 223200611072001430      10595       5981     0 2454047.334421  1.344639e+01  4.839057e-02  1.344639e+01  4.839057e-02 
   90014548   4.634944e+00   1.713424e-01   4.634944e+00   1.713424e-01 223200611072002370      10596       5978     0 2454047.335046  1.333489e+01  4.013712e-02  1.333489e+01  4.013712e-02 
   90014637   4.782638e+00   1.564502e-01   4.782638e+00   1.564502e-01 223200611072004050      10590       5999     0 2454047.336076  1.330083e+01  3.551685e-02  1.330083e+01  3.551685e-02 
   90014699   4.848629e+00   1.621253e-01   4.848629e+00   1.621253e-01 223200611072005080      10589       5996     0 2454047.336794  1.328595e+01  3.630427e-02  1.328595e+01  3.630427e-02 
   90272982   4.189425e+00   9.874627e-02   4.189425e+00   9.874627e-02 223200611101950030      10593       5963     0 2454050.326181  1.344461e+01  2.559129e-02  1.344461e+01  2.559129e-02 
   90273036   4.138809e+00   9.929211e-02   4.138809e+00   9.929211e-02 223200611101950570      10593       5960     0 2454050.326806  1.345781e+01  2.604745e-02  1.345781e+01  2.604745e-02 
   90273084   4.132504e+00   1.012405e-01   4.132504e+00   1.012405e-01 223200611101951450      10592       5956     0 2454050.327361  1.345947e+01  2.659909e-02  1.345947e+01  2.659909e-02 
   90273149   4.094512e+00   9.782318e-02   4.094512e+00   9.782318e-02 223200611101952500      10591       5954     0 2454050.328113  1.346949e+01  2.593973e-02  1.346949e+01  2.593973e-02 
   90617597   4.088096e+00   9.426905e-02   4.088096e+00   9.426905e-02 223200611141933540      10581       5989     0 2454054.314780  1.347120e+01  2.503652e-02  1.347120e+01  2.503652e-02 
   90617659   4.127371e+00   9.410446e-02   4.127371e+00   9.410446e-02 223200611141934560      10581       5985     0 2454054.315498  1.346082e+01  2.475498e-02  1.346082e+01  2.475498e-02 
   90617719   4.094541e+00   9.412887e-02   4.094541e+00   9.412887e-02 223200611141935570      10587       5956     0 2454054.316192  1.346949e+01  2.495993e-02  1.346949e+01  2.495993e-02 
   90617770   4.207473e+00   9.423550e-02   4.207473e+00   9.423550e-02 223200611141936470      10587       5954     0 2454054.316782  1.343995e+01  2.431751e-02  1.343995e+01  2.431751e-02 
   93120135   5.018187e+00   2.088052e-01   5.018187e+00   2.088052e-01 223200612131844400      11251       5801     0 2454083.279340  1.324863e+01  4.517731e-02  1.324863e+01  4.517731e-02 
   93120194   4.888007e+00   1.956094e-01   4.888007e+00   1.956094e-01 223200612131845380      11251       5799     0 2454083.280023  1.327717e+01  4.344939e-02  1.327717e+01  4.344939e-02 
   93120270   4.981369e+00   1.763661e-01   4.981369e+00   1.763661e-01 223200612131846550      11246       5821     0 2454083.280903  1.325663e+01  3.844077e-02  1.325663e+01  3.844077e-02 
   93120334   4.731592e+00   1.656094e-01   4.731592e+00   1.656094e-01 223200612131847580      11251       5793     0 2454083.281644  1.331248e+01  3.800175e-02  1.331248e+01  3.800175e-02 
   93292969   4.608785e+00   2.505034e-01   4.608785e+00   2.505034e-01 223200612151845190      11224       5773     0 2454085.279734  1.334103e+01  5.901371e-02  1.334103e+01  5.901371e-02 
   93293023   4.970317e+00   2.352145e-01   4.970317e+00   2.352145e-01 223200612151846130      11223       5771     0 2454085.280359  1.325904e+01  5.138138e-02  1.325904e+01  5.138138e-02 
   93293077   5.120787e+00   2.207971e-01   5.120787e+00   2.207971e-01 223200612151847070      11223       5769     0 2454085.280984  1.322666e+01  4.681473e-02  1.322666e+01  4.681473e-02 
   93293131   4.646383e+00   2.077960e-01   4.646383e+00   2.077960e-01 223200612151848010      11223       5766     0 2454085.281609  1.333221e+01  4.855657e-02  1.333221e+01  4.855657e-02 
   93467310   4.142148e+00   1.039517e-01   4.142148e+00   1.039517e-01 223200612171911070      11577       5595     0 2454087.297569  1.345694e+01  2.724783e-02  1.345694e+01  2.724783e-02 
   93467366   4.203842e+00   1.025718e-01   4.203842e+00   1.025718e-01 223200612171912030      11575       5592     0 2454087.298218  1.344088e+01  2.649156e-02  1.344088e+01  2.649156e-02 
   93467426   4.097619e+00   1.016169e-01   4.097619e+00   1.016169e-01 223200612171913020      11574       5590     0 2454087.298912  1.346867e+01  2.692528e-02  1.346867e+01  2.692528e-02 
   93467496   4.201320e+00   1.005648e-01   4.201320e+00   1.005648e-01 223200612171914130      11566       5611     0 2454087.299722  1.344154e+01  2.598878e-02  1.344154e+01  2.598878e-02 
   93556667   4.158293e+00   9.510096e-02   4.158293e+00   9.510096e-02 223200612182000260      10637       5530     0 2454088.331794  1.345271e+01  2.483108e-02  1.345271e+01  2.483108e-02 
   93556725   4.003584e+00   9.453519e-02   4.003584e+00   9.453519e-02 223200612182001250      10636       5528     0 2454088.332465  1.349388e+01  2.563719e-02  1.349388e+01  2.563719e-02 
   93556794   4.149231e+00   9.537719e-02   4.149231e+00   9.537719e-02 223200612182002330      10636       5525     0 2454088.333264  1.345508e+01  2.495760e-02  1.345508e+01  2.495760e-02 
   93556858   4.121327e+00   9.575851e-02   4.121327e+00   9.575851e-02 223200612182003370      10634       5524     0 2454088.334005  1.346241e+01  2.522703e-02  1.346241e+01  2.522703e-02 
   93725367   5.049956e+00   2.078772e-01   5.049956e+00   2.078772e-01 223200612201852110      10696       5685     0 2454090.284340  1.324178e+01  4.469357e-02  1.324178e+01  4.469357e-02 
   93725426   4.709893e+00   1.951136e-01   4.709893e+00   1.951136e-01 223200612201853100      10695       5682     0 2454090.285023  1.331747e+01  4.497822e-02  1.331747e+01  4.497822e-02 
   93725483   4.619304e+00   1.837937e-01   4.619304e+00   1.837937e-01 223200612201854080      10694       5680     0 2454090.285683  1.333856e+01  4.319961e-02  1.333856e+01  4.319961e-02 
   93725545   5.136588e+00   1.740590e-01   5.136588e+00   1.740590e-01 223200612201855100      10694       5678     0 2454090.286400  1.322331e+01  3.679152e-02  1.322331e+01  3.679152e-02 
   94935170   5.132009e+00   3.781241e-01   5.132009e+00   3.781241e-01 223200701031856070      10637       5531     0 2454104.286690  1.322428e+01  7.999683e-02  1.322428e+01  7.999683e-02 
   94935236   5.635864e+00   3.752277e-01   5.635864e+00   3.752277e-01 223200701031857140      10637       5530     0 2454104.287454  1.312260e+01  7.228702e-02  1.312260e+01  7.228702e-02 
   94935294   5.041705e+00   3.697121e-01   5.041705e+00   3.697121e-01 223200701031858120      10636       5528     0 2454104.288125  1.324356e+01  7.961815e-02  1.324356e+01  7.961815e-02 
   94935359   5.045406e+00   3.642712e-01   5.045406e+00   3.642712e-01 223200701031859170      10635       5526     0 2454104.288877  1.324276e+01  7.838891e-02  1.324276e+01  7.838891e-02 
   95021599   5.115985e+00   2.851962e-01   5.115985e+00   2.851962e-01 223200701041856390      10633       5548     0 2454105.287025  1.322768e+01  6.052576e-02  1.322768e+01  6.052576e-02 
   95021671   5.008329e+00   2.647437e-01   5.008329e+00   2.647437e-01 223200701041857500      10637       5519     0 2454105.287859  1.325077e+01  5.739296e-02  1.325077e+01  5.739296e-02 
   95021736   4.888456e+00   2.533554e-01   4.888456e+00   2.533554e-01 223200701041858560      10637       5518     0 2454105.288611  1.327707e+01  5.627097e-02  1.327707e+01  5.627097e-02 
   95021792   4.943177e+00   2.457207e-01   4.943177e+00   2.457207e-01 223200701041859510      10636       5516     0 2454105.289259  1.326499e+01  5.397113e-02  1.326499e+01  5.397113e-02 
   95107900   5.020270e+00   2.493881e-01   5.020270e+00   2.493881e-01 223200701051855020      10611       5513     0 2454106.285880  1.324818e+01  5.393548e-02  1.324818e+01  5.393548e-02 
   95107956   4.731555e+00   2.330638e-01   4.731555e+00   2.330638e-01 223200701051855570      10610       5510     0 2454106.286528  1.331249e+01  5.348065e-02  1.331249e+01  5.348065e-02 
   95108010   5.340273e+00   2.192332e-01   5.340273e+00   2.192332e-01 223200701051856510      10610       5509     0 2454106.287153  1.318109e+01  4.457267e-02  1.318109e+01  4.457267e-02 
   95108064   5.149385e+00   2.050419e-01   5.149385e+00   2.050419e-01 223200701051857460      10609       5507     0 2454106.287778  1.322061e+01  4.323278e-02  1.322061e+01  4.323278e-02 
   95280689   5.008460e+00   2.232029e-01   5.008460e+00   2.232029e-01 223200701071854540      10589       5494     0 2454108.285752  1.325074e+01  4.838620e-02  1.325074e+01  4.838620e-02 
   95280818   5.141838e+00   1.883400e-01   5.141838e+00   1.883400e-01 223200701071857030      10607       5519     0 2454108.287245  1.322220e+01  3.976950e-02  1.322220e+01  3.976950e-02 
   95280874   5.063071e+00   1.783878e-01   5.063071e+00   1.783878e-01 223200701071857590      10606       5515     0 2454108.287894  1.323897e+01  3.825402e-02  1.323897e+01  3.825402e-02 
   95280930   4.692053e+00   1.690950e-01   4.692053e+00   1.690950e-01 223200701071858540      10605       5513     0 2454108.288542  1.332159e+01  3.912853e-02  1.332159e+01  3.912853e-02 
   95367151   5.174426e+00   2.473482e-01   5.174426e+00   2.473482e-01 223200701081855580      10591       5485     0 2454109.286470  1.321534e+01  5.190061e-02  1.321534e+01  5.190061e-02 
   95367207   4.747901e+00   2.319919e-01   4.747901e+00   2.319919e-01 223200701081856530      10591       5484     0 2454109.287118  1.330875e+01  5.305142e-02  1.330875e+01  5.305142e-02 
   95367262   5.225095e+00   2.192599e-01   5.225095e+00   2.192599e-01 223200701081857490      10589       5482     0 2454109.287755  1.320476e+01  4.556075e-02  1.320476e+01  4.556075e-02 
   95367318   4.912544e+00   2.062947e-01   4.912544e+00   2.062947e-01 223200701081858450      10589       5481     0 2454109.288403  1.327173e+01  4.559397e-02  1.327173e+01  4.559397e-02 
   95453537   5.163476e+00   2.431647e-01   5.163476e+00   2.431647e-01 223200701091855450      10594       5481     0 2454110.286308  1.321764e+01  5.113101e-02  1.321764e+01  5.113101e-02 
   95453593   4.958981e+00   2.277394e-01   4.958981e+00   2.277394e-01 223200701091856400      10593       5480     0 2454110.286956  1.326152e+01  4.986222e-02  1.326152e+01  4.986222e-02 
   95453647   4.979093e+00   2.135931e-01   4.979093e+00   2.135931e-01 223200701091857350      10592       5479     0 2454110.287581  1.325712e+01  4.657606e-02  1.325712e+01  4.657606e-02 
   95453703   5.190335e+00   2.011595e-01   5.190335e+00   2.011595e-01 223200701091858300      10591       5478     0 2454110.288229  1.321201e+01  4.207955e-02  1.321201e+01  4.207955e-02 
   95539926   4.636819e+00   2.380465e-01   4.636819e+00   2.380465e-01 223200701101855350      10590       5475     0 2454111.286181  1.333445e+01  5.574007e-02  1.333445e+01  5.574007e-02 
   95539980   4.966822e+00   2.238933e-01   4.966822e+00   2.238933e-01 223200701101856300      10590       5474     0 2454111.286806  1.325980e+01  4.894274e-02  1.325980e+01  4.894274e-02 
   95540034   4.793899e+00   2.099975e-01   4.793899e+00   2.099975e-01 223200701101857240      10589       5472     0 2454111.287431  1.329828e+01  4.756102e-02  1.329828e+01  4.756102e-02 
   95540090   5.013083e+00   1.988361e-01   5.013083e+00   1.988361e-01 223200701101858190      10588       5471     0 2454111.288079  1.324974e+01  4.306418e-02  1.324974e+01  4.306418e-02 
   95626310   5.304173e+00   2.480660e-01   5.304173e+00   2.480660e-01 223200701111855210      10573       5454     0 2454112.285995  1.318846e+01  5.077798e-02  1.318846e+01  5.077798e-02 
   95626366   4.651709e+00   2.320566e-01   4.651709e+00   2.320566e-01 223200701111856160      10572       5454     0 2454112.286644  1.333097e+01  5.416355e-02  1.333097e+01  5.416355e-02 
   95626420   5.279571e+00   2.197156e-01   5.279571e+00   2.197156e-01 223200701111857110      10571       5452     0 2454112.287269  1.319350e+01  4.518436e-02  1.319350e+01  4.518436e-02 
   95626476   5.071951e+00   2.073172e-01   5.071951e+00   2.073172e-01 223200701111858070      10571       5452     0 2454112.287917  1.323706e+01  4.437987e-02  1.323706e+01  4.437987e-02 
   95712693   5.021713e+00   2.324967e-01   5.021713e+00   2.324967e-01 223200701121855050      10601       5449     0 2454113.285799  1.324787e+01  5.026790e-02  1.324787e+01  5.026790e-02 
   95712749   5.151067e+00   2.184570e-01   5.151067e+00   2.184570e-01 223200701121856000      10601       5448     0 2454113.286447  1.322026e+01  4.604628e-02  1.322026e+01  4.604628e-02 
   95712803   5.056215e+00   2.057344e-01   5.056215e+00   2.057344e-01 223200701121856550      10600       5447     0 2454113.287072  1.324044e+01  4.417811e-02  1.324044e+01  4.417811e-02 
   95712857   4.768972e+00   1.949510e-01   4.768972e+00   1.949510e-01 223200701121857490      10599       5445     0 2454113.287697  1.330394e+01  4.438401e-02  1.330394e+01  4.438401e-02 
   95799114   5.026089e+00   2.079837e-01   5.026089e+00   2.079837e-01 223200701131855270      10597       5464     0 2454114.286042  1.324692e+01  4.492882e-02  1.324692e+01  4.492882e-02 
   95799168   5.033076e+00   1.964948e-01   5.033076e+00   1.964948e-01 223200701131856210      10597       5463     0 2454114.286667  1.324542e+01  4.238804e-02  1.324542e+01  4.238804e-02 
   95799292   4.564474e+00   1.728450e-01   4.564474e+00   1.728450e-01 223200701131858250      10598       5466     0 2454114.288102  1.335152e+01  4.111422e-02  1.335152e+01  4.111422e-02 
   95799346   4.709709e+00   1.640932e-01   4.709709e+00   1.640932e-01 223200701131859190      10598       5464     0 2454114.288727  1.331751e+01  3.782878e-02  1.331751e+01  3.782878e-02 
   95885584   4.619090e+00   1.931491e-01   4.619090e+00   1.931491e-01 223200701141856390      10593       5442     0 2454115.286852  1.333861e+01  4.540066e-02  1.333861e+01  4.540066e-02 
   95885640   5.060195e+00   1.824134e-01   5.060195e+00   1.824134e-01 223200701141857340      10593       5441     0 2454115.287500  1.323958e+01  3.913951e-02  1.323958e+01  3.913951e-02 
   95885694   4.833470e+00   1.713592e-01   4.833470e+00   1.713592e-01 223200701141858290      10592       5440     0 2454115.288125  1.328935e+01  3.849233e-02  1.328935e+01  3.849233e-02 
   95885826   4.591875e+00   1.516963e-01   4.591875e+00   1.516963e-01 223200701141900410      10590       5441     0 2454115.289653  1.334503e+01  3.586831e-02  1.334503e+01  3.586831e-02 
  105941751   5.253102e+00   2.573344e-01   5.253102e+00   2.573344e-01 223200705110414520      10574       6267     0 2454231.677674  1.319896e+01  5.318729e-02  1.319896e+01  5.318729e-02 
  105941807   4.965693e+00   2.752720e-01   4.965693e+00   2.752720e-01 223200705110415490      10577       6266     0 2454231.678322  1.326005e+01  6.018773e-02  1.326005e+01  6.018773e-02 
  105941866   5.180078e+00   2.912725e-01   5.180078e+00   2.912725e-01 223200705110416470      10580       6265     0 2454231.679005  1.321416e+01  6.105047e-02  1.321416e+01  6.105047e-02 
  105941921   5.096477e+00   3.106562e-01   5.096477e+00   3.106562e-01 223200705110417430      10582       6265     0 2454231.679641  1.323182e+01  6.618138e-02  1.323182e+01  6.618138e-02 
  106027806   4.501376e+00   1.619246e-01   4.501376e+00   1.619246e-01 223200705120409040      10599       6243     0 2454232.673681  1.336664e+01  3.905651e-02  1.336664e+01  3.905651e-02 
  106027932   4.691450e+00   1.737306e-01   4.691450e+00   1.737306e-01 223200705120411090      10586       6255     0 2454232.675139  1.332173e+01  4.020640e-02  1.332173e+01  4.020640e-02 
  106027986   5.203154e+00   1.811534e-01   5.203154e+00   1.811534e-01 223200705120412040      10588       6254     0 2454232.675764  1.320933e+01  3.780120e-02  1.320933e+01  3.780120e-02 
  106028040   4.833064e+00   1.886937e-01   4.833064e+00   1.886937e-01 223200705120412580      10591       6254     0 2454232.676389  1.328944e+01  4.238975e-02  1.328944e+01  4.238975e-02 
  106114061   4.487648e+00   1.603739e-01   4.487648e+00   1.603739e-01 223200705130406340      10575       6267     0 2454233.672002  1.336995e+01  3.880082e-02  1.336995e+01  3.880082e-02 
  106114115   4.792043e+00   1.663242e-01   4.792043e+00   1.663242e-01 223200705130407290      10578       6266     0 2454233.672627  1.329870e+01  3.768432e-02  1.329870e+01  3.768432e-02 
  106114171   4.900424e+00   1.712757e-01   4.900424e+00   1.712757e-01 223200705130408240      10581       6266     0 2454233.673275  1.327442e+01  3.794791e-02  1.327442e+01  3.794791e-02 
  106114225   4.702204e+00   1.762395e-01   4.702204e+00   1.762395e-01 223200705130409190      10582       6266     0 2454233.673900  1.331925e+01  4.069373e-02  1.331925e+01  4.069373e-02 
  124569525   5.449192e+00   3.188029e-01   5.449192e+00   3.188029e-01 221200712121841060       9505       2703     0 2454447.276910  1.315917e+01  6.352081e-02  1.315917e+01  6.352081e-02 
  124569718   5.034893e+00   2.479336e-01   5.034893e+00   2.479336e-01 223200712121844190       9790      10294     0 2454447.279144  1.324502e+01  5.346516e-02  1.324502e+01  5.346516e-02 
  124570452   6.142716e+00   1.584015e-01   6.142716e+00   1.584015e-01 222200712121856320      11847      27103     0 2454447.287639  1.302910e+01  2.799786e-02  1.302910e+01  2.799786e-02 
  124571584   5.983424e+00   1.184066e-01   5.983424e+00   1.184066e-01 222200712121915250      11864      27057     0 2454447.300741  1.305763e+01  2.148582e-02  1.305763e+01  2.148582e-02 
  124571648   5.212504e+00   1.048501e-01   5.212504e+00   1.048501e-01 221200712121916280       9457       2828     0 2454447.301481  1.320738e+01  2.183978e-02  1.320738e+01  2.183978e-02 
  124571708   4.183263e+00   8.296689e-02   4.183263e+00   8.296689e-02 223200712121917280       9802      10257     0 2454447.302176  1.344621e+01  2.153354e-02  1.344621e+01  2.153354e-02 
  124572792   6.264589e+00   1.169788e-01   6.264589e+00   1.169788e-01 222200712121935320      11835      27079     0 2454447.314722  1.300777e+01  2.027405e-02  1.300777e+01  2.027405e-02 
  124572983   5.100716e+00   1.040120e-01   5.100716e+00   1.040120e-01 221200712121938430       9496       2896     0 2454447.316933  1.323092e+01  2.214003e-02  1.323092e+01  2.214003e-02 
  124573042   4.197528e+00   8.241086e-02   4.197528e+00   8.241086e-02 223200712121939430       9787      10185     0 2454447.317616  1.344252e+01  2.131654e-02  1.344252e+01  2.131654e-02 
