\OBJNAME = '1SWASP J001740.95-722902.9'
\OBSSTART = '2006-05-11T04:14:48'
\OBSSTOP = '2007-12-12T19:39:43'
\TSTART = 74405744
\TSTOP = 124573049
\JD_REF = 2453005.5
\RA_OBJ = '4.420653'
\DEC_OBJ = '-72.484156'
\WASP_MAG = 14.13983
\HJD_START = 2453866.677593
\HJD_STOP = 2454447.317697
\fixlen = T
\NUMRECORDS = 476
\
\ This file was produced by the NASA Exoplanet Archive  http://exoplanetarchive.ipac.caltech.edu 
\ Wed Sep 11, 19:13:08 2013
\ Documentation for the SuperWASP dataset can be found at http://exoplanetarchive.ipac.caltech.edu/docs/SuperWASPMission.html
\
|TMID      |FLUX2         |FLUX2_ERR     |TAMFLUX2      |TAMFLUX2_ERR  |IMAGEID           |CCDX      |CCDY      |FLAG |           HJD|         MAG2|     MAG2_ERR|      TAMMAG2|  TAMMAG2_ERR|
|int       |float         |float         |float         |float         |char              |int       |int       |int  |        double|        float|        float|        float|        float|
|sec       |micro Vega    |micro Vega    |micro Vega    |micro Vega    |                  |1/16 pixel|1/16 pixel|     |           day|          mag|          mag|          mag|          mag|
|null      |null          |null          |null          |null          |null              |null      |null      |null |          null|         null|         null|         null|         null|
   74405744   2.265383e+00   2.131207e-01   2.265383e+00   2.131207e-01 223200605110414480       9727       2032     0 2453866.677593  1.411215e+01  1.021433e-01  1.411215e+01  1.021433e-01 
   74405797   2.383631e+00   2.353949e-01   2.383631e+00   2.353949e-01 223200605110415410       9732       2029     0 2453866.678206  1.405690e+01  1.072220e-01  1.405690e+01  1.072220e-01 
   74405881   2.581015e+00   2.671181e-01   2.581015e+00   2.671181e-01 223200605110417040       9737       2028     0 2453866.679178  1.397052e+01  1.123670e-01  1.397052e+01  1.123670e-01 
   74405946   2.604534e+00   2.952653e-01   2.604534e+00   2.952653e-01 223200605110418100       9745       2002     0 2453866.679931  1.396068e+01  1.230859e-01  1.396068e+01  1.230859e-01 
   74491856   2.477980e+00   2.352490e-01   2.477980e+00   2.352490e-01 223200605120409570       9748       1961     0 2453867.674259  1.401476e+01  1.030756e-01  1.401476e+01  1.030756e-01 
   74491994   2.484325e+00   2.480572e-01   2.484325e+00   2.480572e-01 223200605120412150       9757       1958     0 2453867.675856  1.401198e+01  1.084100e-01  1.401198e+01  1.084100e-01 
   74492047   2.791169e+00   2.565030e-01   2.791169e+00   2.565030e-01 223200605120413070       9759       1956     0 2453867.676470  1.388554e+01  9.977740e-02  1.388554e+01  9.977740e-02 
   74750379   2.494976e+00   3.280535e-01   2.494976e+00   3.280535e-01 223200605150358270       9744       1965     0 2453870.666424  1.400733e+01  1.427592e-01  1.400733e+01  1.427592e-01 
   74750439   2.262993e+00   3.321684e-01   2.262993e+00   3.321684e-01 223200605150359270       9748       1960     0 2453870.667118  1.411329e+01  1.593679e-01  1.411329e+01  1.593679e-01 
   74750493   2.585239e+00   3.309164e-01   2.585239e+00   3.309164e-01 223200605150400210       9753       1960     0 2453870.667743  1.396875e+01  1.389772e-01  1.396875e+01  1.389772e-01 
   74750552   2.398676e+00   3.328888e-01   2.398676e+00   3.328888e-01 223200605150401200       9755       1959     0 2453870.668426  1.405007e+01  1.506792e-01  1.405007e+01  1.506792e-01 
   75613640   1.980700e+00   1.241857e-01   1.980700e+00   1.241857e-01 223200605250345300       9823       1976     0 2453880.657870  1.425795e+01  6.807363e-02  1.425795e+01  6.807363e-02 
   75613703   1.928954e+00   1.239881e-01   1.928954e+00   1.239881e-01 223200605250346340       9832       1948     0 2453880.658600  1.428670e+01  6.978851e-02  1.428670e+01  6.978851e-02 
   75613761   2.027872e+00   1.240904e-01   2.027872e+00   1.240904e-01 223200605250347310       9835       1947     0 2453880.659271  1.423240e+01  6.643909e-02  1.423240e+01  6.643909e-02 
   75613829   1.985713e+00   1.234717e-01   1.985713e+00   1.234717e-01 223200605250348400       9833       1969     0 2453880.660058  1.425521e+01  6.751136e-02  1.425521e+01  6.751136e-02 
   75700094   1.825836e+00   1.203458e-01   1.825836e+00   1.203458e-01 223200605260346210       9842       1966     0 2453881.658495  1.434635e+01  7.156412e-02  1.434635e+01  7.156412e-02 
   75700157   2.016072e+00   1.208942e-01   2.016072e+00   1.208942e-01 223200605260347250       9850       1936     0 2453881.659225  1.423874e+01  6.510667e-02  1.423874e+01  6.510667e-02 
   75700224   1.902495e+00   1.196235e-01   1.902495e+00   1.196235e-01 223200605260348310       9848       1960     0 2453881.660000  1.430169e+01  6.826826e-02  1.430169e+01  6.826826e-02 
   75700293   2.003890e+00   1.202979e-01   2.003890e+00   1.202979e-01 223200605260349400       9854       1930     0 2453881.660799  1.424532e+01  6.517932e-02  1.424532e+01  6.517932e-02 
   76132314   1.681299e+00   9.945253e-02   1.681299e+00   9.945253e-02 223200605310349440       9906       1939     0 2453886.661042  1.443589e+01  6.422390e-02  1.443589e+01  6.422390e-02 
   76132381   1.834938e+00   1.008294e-01   1.834938e+00   1.008294e-01 223200605310350510       9913       1909     0 2453886.661817  1.434095e+01  5.966113e-02  1.434095e+01  5.966113e-02 
   76132430   1.819397e+00   1.010391e-01   1.819397e+00   1.010391e-01 223200605310351390       9915       1907     0 2453886.662384  1.435018e+01  6.029591e-02  1.435018e+01  6.029591e-02 
   76132492   1.951737e+00   1.003188e-01   1.951737e+00   1.003188e-01 223200605310352410       9917       1906     0 2453886.663102  1.427395e+01  5.580679e-02  1.427395e+01  5.580679e-02 
   76218784   1.965434e+00   1.034243e-01   1.965434e+00   1.034243e-01 223200606010350510       9924       1901     0 2453887.661852  1.426635e+01  5.713338e-02  1.426635e+01  5.713338e-02 
   76218852   1.911622e+00   1.037052e-01   1.911622e+00   1.037052e-01 223200606010351580       9924       1923     0 2453887.662639  1.429650e+01  5.890123e-02  1.429650e+01  5.890123e-02 
   76218922   1.956975e+00   1.038554e-01   1.956975e+00   1.038554e-01 223200606010353090       9928       1921     0 2453887.663449  1.427104e+01  5.761953e-02  1.427104e+01  5.761953e-02 
   76219008   1.972856e+00   1.035684e-01   1.972856e+00   1.035684e-01 223200606010354350       9935       1893     0 2453887.664444  1.426226e+01  5.699777e-02  1.426226e+01  5.699777e-02 
   76478191   1.930037e+00   1.108459e-01   1.930037e+00   1.108459e-01 223200606040354060       9936       1893     0 2453890.664248  1.428609e+01  6.235622e-02  1.428609e+01  6.235622e-02 
   76478264   1.893578e+00   1.112066e-01   1.893578e+00   1.112066e-01 223200606040355190       9936       1915     0 2453890.665093  1.430679e+01  6.376364e-02  1.430679e+01  6.376364e-02 
   76478340   1.883276e+00   1.123918e-01   1.883276e+00   1.123918e-01 223200606040356360       9944       1885     0 2453890.665972  1.431272e+01  6.479574e-02  1.431272e+01  6.479574e-02 
   76478393   1.973575e+00   1.129636e-01   1.973575e+00   1.129636e-01 223200606040357280       9945       1883     0 2453890.666586  1.426187e+01  6.214567e-02  1.426187e+01  6.214567e-02 
   76564533   1.927692e+00   2.735335e-01   1.927692e+00   2.735335e-01 223200606050353060       9962       1877     0 2453891.663576  1.428741e+01  1.540632e-01  1.428741e+01  1.540632e-01 
   76564592   1.773279e+00   2.624680e-01   1.773279e+00   2.624680e-01 223200606050354050       9967       1876     0 2453891.664259  1.437806e+01  1.607034e-01  1.437806e+01  1.607034e-01 
   76564652   1.913178e+00   2.615327e-01   1.913178e+00   2.615327e-01 223200606050355050       9969       1873     0 2453891.664954  1.429561e+01  1.484213e-01  1.429561e+01  1.484213e-01 
   76564710   2.112859e+00   2.408137e-01   2.112859e+00   2.408137e-01 223200606050356020       9971       1873     0 2453891.665625  1.418782e+01  1.237475e-01  1.418782e+01  1.237475e-01 
   76650904   1.677354e+00   9.818181e-02   1.677354e+00   9.818181e-02 223200606060352330       9951       1873     0 2453892.663241  1.443844e+01  6.355243e-02  1.443844e+01  6.355243e-02 
   76651038   1.678176e+00   1.025559e-01   1.678176e+00   1.025559e-01 223200606060354480       9958       1872     0 2453892.664792  1.443791e+01  6.635124e-02  1.443791e+01  6.635124e-02 
   76651094   1.820641e+00   1.021171e-01   1.820641e+00   1.021171e-01 223200606060355430       9961       1870     0 2453892.665440  1.434944e+01  6.089758e-02  1.434944e+01  6.089758e-02 
   76651170   1.639853e+00   1.012256e-01   1.639853e+00   1.012256e-01 223200606060357000       9959       1892     0 2453892.666319  1.446299e+01  6.702107e-02  1.446299e+01  6.702107e-02 
   76737398   1.699007e+00   1.064916e-01   1.699007e+00   1.064916e-01 223200606070354040       9962       1876     0 2453893.664329  1.442451e+01  6.805281e-02  1.442451e+01  6.805281e-02 
   76737451   1.739076e+00   1.042162e-01   1.739076e+00   1.042162e-01 223200606070354570       9964       1874     0 2453893.664942  1.439920e+01  6.506429e-02  1.439920e+01  6.506429e-02 
   76737506   1.769323e+00   1.032684e-01   1.769323e+00   1.032684e-01 223200606070355530       9966       1872     0 2453893.665579  1.438048e+01  6.337038e-02  1.438048e+01  6.337038e-02 
   76737562   1.946639e+00   1.045324e-01   1.946639e+00   1.045324e-01 223200606070356480       9968       1870     0 2453893.666227  1.427679e+01  5.830306e-02  1.427679e+01  5.830306e-02 
   76823789   1.909204e+00   1.046547e-01   1.909204e+00   1.046547e-01 223200606080353510       9988       1876     0 2453894.664225  1.429787e+01  5.951581e-02  1.429787e+01  5.951581e-02 
   76823848   1.862796e+00   1.051733e-01   1.862796e+00   1.051733e-01 223200606080354510       9992       1873     0 2453894.664907  1.432459e+01  6.130078e-02  1.432459e+01  6.130078e-02 
   76823907   1.847490e+00   1.052611e-01   1.847490e+00   1.052611e-01 223200606080355500       9994       1871     0 2453894.665590  1.433354e+01  6.186027e-02  1.433354e+01  6.186027e-02 
   76823993   1.940929e+00   1.055609e-01   1.940929e+00   1.055609e-01 223200606080357160       9993       1893     0 2453894.666586  1.427998e+01  5.904994e-02  1.427998e+01  5.904994e-02 
   76910215   1.724798e+00   1.010450e-01   1.724798e+00   1.010450e-01 223200606090354140       9984       1862     0 2453895.664525  1.440815e+01  6.360665e-02  1.440815e+01  6.360665e-02 
   76910269   1.802232e+00   1.013437e-01   1.802232e+00   1.013437e-01 223200606090355080       9987       1861     0 2453895.665150  1.436047e+01  6.105369e-02  1.436047e+01  6.105369e-02 
   76910353   1.916267e+00   1.022036e-01   1.916267e+00   1.022036e-01 223200606090356320       9986       1882     0 2453895.666123  1.429386e+01  5.790767e-02  1.429386e+01  5.790767e-02 
   76910425   1.748008e+00   1.004619e-01   1.748008e+00   1.004619e-01 223200606090357440       9991       1855     0 2453895.666956  1.439364e+01  6.239990e-02  1.439364e+01  6.239990e-02 
   76996570   2.336745e+00   2.132064e-01   2.336745e+00   2.132064e-01 223200606100353270       9990       1863     0 2453896.664005  1.407847e+01  9.906375e-02  1.407847e+01  9.906375e-02 
   76996635   2.196362e+00   2.105457e-01   2.196362e+00   2.105457e-01 223200606100354320       9993       1859     0 2453896.664757  1.414574e+01  1.040802e-01  1.414574e+01  1.040802e-01 
   76996696   2.454443e+00   2.068617e-01   2.454443e+00   2.068617e-01 223200606100355320       9995       1858     0 2453896.665463  1.402512e+01  9.150672e-02  1.402512e+01  9.150672e-02 
   76996751   2.286651e+00   2.024605e-01   2.286651e+00   2.024605e-01 223200606100356270       9997       1856     0 2453896.666100  1.410200e+01  9.613159e-02  1.410200e+01  9.613159e-02 
   77082990   2.400998e+00   3.578174e-01   2.400998e+00   3.578174e-01 223200606110353440      10002       1852     0 2453897.664236  1.404902e+01  1.618064e-01  1.404902e+01  1.618064e-01 
   77083067   2.211101e+00   3.557597e-01   2.211101e+00   3.557597e-01 223200606110355000      10002       1874     0 2453897.665127  1.413848e+01  1.746923e-01  1.413848e+01  1.746923e-01 
   77083148   2.503915e+00   3.575819e-01   2.503915e+00   3.575819e-01 223200606110356210      10009       1846     0 2453897.666065  1.400345e+01  1.550536e-01  1.400345e+01  1.550536e-01 
   77083202   2.805245e+00   3.590822e-01   2.805245e+00   3.590822e-01 223200606110357160      10010       1844     0 2453897.666690  1.388007e+01  1.389789e-01  1.388007e+01  1.389789e-01 
   77169256   2.823455e+00   4.438690e-01   2.823455e+00   4.438690e-01 223200606120351270      10002       1871     0 2453898.662685  1.387305e+01  1.706867e-01  1.387305e+01  1.706867e-01 
   77169318   3.178269e+00   4.516299e-01   3.178269e+00   4.516299e-01 223200606120352290      10009       1844     0 2453898.663403  1.374452e+01  1.542829e-01  1.374452e+01  1.542829e-01 
   77169376   2.340023e+00   4.463755e-01   2.340023e+00   4.463755e-01 223200606120353260      10010       1841     0 2453898.664074  1.407695e+01  2.071124e-01  1.407695e+01  2.071124e-01 
   77169436   2.680798e+00   4.431284e-01   2.680798e+00   4.431284e-01 223200606120354260      10012       1838     0 2453898.664769  1.392934e+01  1.794698e-01  1.392934e+01  1.794698e-01 
   77514681   5.890297e-01   2.055614e+00   5.890297e-01   2.055614e+00 223200606160348210      10012       1811     0 2453902.660660  1.557466e+01  3.789050e+00  1.557466e+01  3.789050e+00 
   77514746  -7.748047e-01   2.575383e+00  -7.748047e-01   2.575383e+00 223200606160349260      10013       1808     0 2453902.661412          null          null          null          null 
   77601366   2.422033e+00   1.837761e-01   2.422033e+00   1.837761e-01 223200606170353030      10026       1794     0 2453903.663958  1.403955e+01  8.238247e-02  1.403955e+01  8.238247e-02 
   77601436   2.583732e+00   1.834256e-01   2.583732e+00   1.834256e-01 223200606170354120      10024       1817     0 2453903.664769  1.396938e+01  7.707939e-02  1.396938e+01  7.707939e-02 
   77601506   2.171296e+00   1.823234e-01   2.171296e+00   1.823234e-01 223200606170355220      10025       1815     0 2453903.665579  1.415820e+01  9.116944e-02  1.415820e+01  9.116944e-02 
   77601563   2.141164e+00   1.805260e-01   2.141164e+00   1.805260e-01 223200606170356190      10031       1788     0 2453903.666238  1.417338e+01  9.154099e-02  1.417338e+01  9.154099e-02 
   77687710   2.166683e+00   1.540368e-01   2.166683e+00   1.540368e-01 223200606180352030      10046       1788     0 2453904.663310  1.416051e+01  7.718891e-02  1.416051e+01  7.718891e-02 
   77687753   2.198725e+00   1.543277e-01   2.198725e+00   1.543277e-01 223200606180352470      10048       1787     0 2453904.663808  1.414457e+01  7.620770e-02  1.414457e+01  7.620770e-02 
   77687821   2.150581e+00   1.548355e-01   2.150581e+00   1.548355e-01 223200606180353550      10049       1785     0 2453904.664595  1.416861e+01  7.817008e-02  1.416861e+01  7.817008e-02 
   77687872   2.145077e+00   1.548225e-01   2.145077e+00   1.548225e-01 223200606180354460      10050       1784     0 2453904.665185  1.417139e+01  7.836410e-02  1.417139e+01  7.836410e-02 
   77774347   2.290858e+00   1.315646e-01   2.290858e+00   1.315646e-01 223200606190355570      10091       1769     0 2453905.666053  1.410001e+01  6.235437e-02  1.410001e+01  6.235437e-02 
   77774403   1.423090e+00   1.309951e-01   1.423090e+00   1.309951e-01 223200606190356530      10091       1769     0 2453905.666701  1.461692e+01  9.994210e-02  1.461692e+01  9.994210e-02 
   77774465   2.124015e+00   1.309927e-01   2.124015e+00   1.309927e-01 223200606190357560      10091       1768     0 2453905.667419  1.418211e+01  6.695999e-02  1.418211e+01  6.695999e-02 
   77774530   1.943072e+00   1.296376e-01   1.943072e+00   1.296376e-01 223200606190359000      10086       1794     0 2453905.668171  1.427878e+01  7.243825e-02  1.427878e+01  7.243825e-02 
   77860760   1.817715e+00   1.121905e-01   1.817715e+00   1.121905e-01 223200606200356080      10075       1764     0 2453906.666204  1.435119e+01  6.701256e-02  1.435119e+01  6.701256e-02 
   77860819   1.875128e+00   1.118677e-01   1.875128e+00   1.118677e-01 223200606200357080      10076       1763     0 2453906.666887  1.431742e+01  6.477381e-02  1.431742e+01  6.477381e-02 
   77860883   1.877546e+00   1.119760e-01   1.877546e+00   1.119760e-01 223200606200358110      10076       1763     0 2453906.667627  1.431602e+01  6.475303e-02  1.431602e+01  6.475303e-02 
   77860948   1.849785e+00   1.126708e-01   1.849785e+00   1.126708e-01 223200606200359170      10071       1790     0 2453906.668380  1.433220e+01  6.613266e-02  1.433220e+01  6.613266e-02 
   77947071   1.882417e+00   1.160285e-01   1.882417e+00   1.160285e-01 223200606210354360      10070       1763     0 2453907.665174  1.431321e+01  6.692291e-02  1.431321e+01  6.692291e-02 
   77947125   1.885774e+00   1.159821e-01   1.885774e+00   1.159821e-01 223200606210355300      10070       1764     0 2453907.665799  1.431128e+01  6.677706e-02  1.431128e+01  6.677706e-02 
   77947203   1.919082e+00   1.158949e-01   1.919082e+00   1.158949e-01 223200606210356480      10067       1789     0 2453907.666701  1.429227e+01  6.556872e-02  1.429227e+01  6.556872e-02 
   77947270   1.838678e+00   1.166177e-01   1.838678e+00   1.166177e-01 223200606210357550      10071       1764     0 2453907.667477  1.433874e+01  6.886280e-02  1.433874e+01  6.886280e-02 
   78119981   1.766194e+00   9.984154e-02   1.766194e+00   9.984154e-02 223200606230356210      10062       1743     0 2453909.666447  1.438240e+01  6.137601e-02  1.438240e+01  6.137601e-02 
   78120035   1.686550e+00   9.944007e-02   1.686550e+00   9.944007e-02 223200606230357150      10061       1744     0 2453909.667072  1.443250e+01  6.401591e-02  1.443250e+01  6.401591e-02 
   78120183   1.626871e+00   1.007899e-01   1.626871e+00   1.007899e-01 223200606230359440      10059       1753     0 2453909.668785  1.447162e+01  6.726506e-02  1.447162e+01  6.726506e-02 
   78120245   1.576285e+00   9.985350e-02   1.576285e+00   9.985350e-02 223200606230400460      10061       1731     0 2453909.669502  1.450591e+01  6.877878e-02  1.450591e+01  6.877878e-02 
   78206440   1.847705e+00   1.061849e-01   1.847705e+00   1.061849e-01 223200606240357190      10081       1729     0 2453910.667130  1.433342e+01  6.239589e-02  1.433342e+01  6.239589e-02 
   78206499   1.795407e+00   1.061371e-01   1.795407e+00   1.061371e-01 223200606240358180      10078       1733     0 2453910.667813  1.436459e+01  6.418449e-02  1.436459e+01  6.418449e-02 
   78206574   1.829061e+00   1.056681e-01   1.829061e+00   1.056681e-01 223200606240359320      10069       1763     0 2453910.668681  1.434443e+01  6.272510e-02  1.434443e+01  6.272510e-02 
   78206633   1.828574e+00   1.050624e-01   1.828574e+00   1.050624e-01 223200606240400310      10065       1746     0 2453910.669363  1.434472e+01  6.238220e-02  1.434472e+01  6.238220e-02 
   78292880   1.721759e+00   9.621625e-02   1.721759e+00   9.621625e-02 223200606250357560      10083       1712     0 2453911.667593  1.441007e+01  6.067389e-02  1.441007e+01  6.067389e-02 
   78292934   1.819453e+00   9.707994e-02   1.819453e+00   9.707994e-02 223200606250358490      10077       1719     0 2453911.668218  1.435015e+01  5.793147e-02  1.435015e+01  5.793147e-02 
   78292985   1.735395e+00   9.686535e-02   1.735395e+00   9.686535e-02 223200606250359400      10066       1733     0 2453911.668808  1.440150e+01  6.060326e-02  1.440150e+01  6.060326e-02 
   78293047   1.909341e+00   9.824663e-02   1.909341e+00   9.824663e-02 223200606250400430      10067       1732     0 2453911.669525  1.429779e+01  5.586759e-02  1.429779e+01  5.586759e-02 
   78724948   1.779096e+00   9.883469e-02   1.779096e+00   9.883469e-02 223200606300358520      10090       1716     0 2453916.668380  1.437450e+01  6.031648e-02  1.437450e+01  6.031648e-02 
   78725025   1.703421e+00   9.861908e-02   1.703421e+00   9.861908e-02 223200606300400090      10096       1688     0 2453916.669271  1.442169e+01  6.285860e-02  1.442169e+01  6.285860e-02 
   78725072   1.706081e+00   9.851235e-02   1.706081e+00   9.851235e-02 223200606300400570      10097       1686     0 2453916.669815  1.442000e+01  6.269269e-02  1.442000e+01  6.269269e-02 
   78725136   1.647737e+00   9.793030e-02   1.647737e+00   9.793030e-02 223200606300402000      10098       1684     0 2453916.670556  1.445778e+01  6.452902e-02  1.445778e+01  6.452902e-02 
   78811384   1.788813e+00   1.032271e-01   1.788813e+00   1.032271e-01 223200607010359260      10090       1681     0 2453917.668796  1.436859e+01  6.265486e-02  1.436859e+01  6.265486e-02 
   78811463   1.659760e+00   1.022585e-01   1.659760e+00   1.022585e-01 223200607010400450      10087       1703     0 2453917.669711  1.444989e+01  6.689291e-02  1.444989e+01  6.689291e-02 
   78811528   1.605020e+00   1.017661e-01   1.605020e+00   1.017661e-01 223200607010401510      10092       1675     0 2453917.670463  1.448630e+01  6.884123e-02  1.448630e+01  6.884123e-02 
   78811579   1.762895e+00   1.028688e-01   1.762895e+00   1.028688e-01 223200607010402420      10093       1673     0 2453917.671053  1.438443e+01  6.335528e-02  1.438443e+01  6.335528e-02 
   78897854   3.448536e+00   5.236511e-01   3.448536e+00   5.236511e-01 223200607020400340      10102       1669     0 2453918.669606  1.365591e+01  1.648668e-01  1.365591e+01  1.648668e-01 
   78897908   1.662688e+00   2.997071e-01   1.662688e+00   2.997071e-01 223200607020401280      10102       1667     0 2453918.670231  1.444797e+01  1.957095e-01  1.444797e+01  1.957095e-01 
   78984197   1.745281e+00   9.776744e-02   1.745281e+00   9.776744e-02 223200607030359350      10108       1657     0 2453919.668947  1.439534e+01  6.082118e-02  1.439534e+01  6.082118e-02 
   78984251   1.614686e+00   9.599264e-02   1.614686e+00   9.599264e-02 223200607030400290      10110       1654     0 2453919.669572  1.447978e+01  6.454695e-02  1.447978e+01  6.454695e-02 
   78984309   1.576457e+00   9.471174e-02   1.576457e+00   9.471174e-02 223200607030401270      10111       1652     0 2453919.670243  1.450579e+01  6.523003e-02  1.450579e+01  6.523003e-02 
   78984364   1.758907e+00   9.557372e-02   1.758907e+00   9.557372e-02 223200607030402220      10111       1650     0 2453919.670880  1.438689e+01  5.899584e-02  1.438689e+01  5.899584e-02 
   79070521   1.690732e+00   9.675197e-02   1.690732e+00   9.675197e-02 223200607040358180      10105       1636     0 2453920.668067  1.442981e+01  6.213137e-02  1.442981e+01  6.213137e-02 
   79070567   1.779698e+00   9.667858e-02   1.779698e+00   9.667858e-02 223200607040359040      10106       1634     0 2453920.668600  1.437413e+01  5.898067e-02  1.437413e+01  5.898067e-02 
   79070633   1.667931e+00   9.555725e-02   1.667931e+00   9.555725e-02 223200607040400090      10107       1632     0 2453920.669363  1.444456e+01  6.220302e-02  1.444456e+01  6.220302e-02 
   79070685   1.657275e+00   9.563910e-02   1.657275e+00   9.563910e-02 223200607040401020      10107       1630     0 2453920.669965  1.445151e+01  6.265660e-02  1.445151e+01  6.265660e-02 
   79415950   1.766966e+00   9.810473e-02   1.766966e+00   9.810473e-02 223200607080355190      10103       1621     0 2453924.666088  1.438193e+01  6.028198e-02  1.438193e+01  6.028198e-02 
   79416107   1.576297e+00   9.627682e-02   1.576297e+00   9.627682e-02 223200607080357570      10106       1643     0 2453924.667905  1.450591e+01  6.631467e-02  1.450591e+01  6.631467e-02 
   79416174   1.621718e+00   9.506228e-02   1.621718e+00   9.506228e-02 223200607080359030      10110       1615     0 2453924.668681  1.447506e+01  6.364418e-02  1.447506e+01  6.364418e-02 
   79416232   1.810463e+00   9.623712e-02   1.810463e+00   9.623712e-02 223200607080400010      10111       1612     0 2453924.669352  1.435553e+01  5.771368e-02  1.435553e+01  5.771368e-02 
   79502437   1.937575e+00   1.503747e-01   1.937575e+00   1.503747e-01 223200607090356460      10115       1614     0 2453925.667095  1.428185e+01  8.426403e-02  1.428185e+01  8.426403e-02 
   79502489   2.237357e+00   1.506623e-01   2.237357e+00   1.506623e-01 223200607090357380      10115       1612     0 2453925.667697  1.412566e+01  7.311307e-02  1.412566e+01  7.311307e-02 
   79502558   1.827644e+00   1.470680e-01   1.827644e+00   1.470680e-01 223200607090358470      10116       1609     0 2453925.668495  1.434527e+01  8.736805e-02  1.434527e+01  8.736805e-02 
   79502712   2.015710e+00   1.438533e-01   2.015710e+00   1.438533e-01 223200607090401200      10113       1591     0 2453925.670278  1.423893e+01  7.748498e-02  1.423893e+01  7.748498e-02 
   80278191   2.159435e+00   1.609828e-01   2.159435e+00   1.609828e-01 223200607180325470      10146       1571     0 2453934.645729  1.416415e+01  8.094040e-02  1.416415e+01  8.094040e-02 
   80278253   2.190877e+00   1.620502e-01   2.190877e+00   1.620502e-01 223200607180326500      10149       1543     0 2453934.646447  1.414845e+01  8.030773e-02  1.414845e+01  8.030773e-02 
   80278328   2.441737e+00   1.793924e-01   2.441737e+00   1.793924e-01 223200607180328050      10145       1566     0 2453934.647315  1.403075e+01  7.976845e-02  1.403075e+01  7.976845e-02 
   80278406   1.692506e+00   2.422532e-01   1.692506e+00   2.422532e-01 223200607180329220      10150       1538     0 2453934.648218  1.442867e+01  1.554050e-01  1.442867e+01  1.554050e-01 
   80364283   1.929649e+00   1.180259e-01   1.929649e+00   1.180259e-01 223200607190320380      10142       1553     0 2453935.642164  1.428630e+01  6.640872e-02  1.428630e+01  6.640872e-02 
   80364339   1.976399e+00   1.181913e-01   1.976399e+00   1.181913e-01 223200607190321350      10142       1552     0 2453935.642812  1.426031e+01  6.492869e-02  1.426031e+01  6.492869e-02 
   80364399   1.959518e+00   1.181556e-01   1.959518e+00   1.181556e-01 223200607190322340      10142       1550     0 2453935.643507  1.426963e+01  6.546829e-02  1.426963e+01  6.546829e-02 
   80364460   2.065605e+00   1.184021e-01   2.065605e+00   1.184021e-01 223200607190323360      10142       1549     0 2453935.644213  1.421238e+01  6.223548e-02  1.421238e+01  6.223548e-02 
   80450499   1.889005e+00   1.081504e-01   1.889005e+00   1.081504e-01 223200607200317340      10146       1545     0 2453936.640035  1.430942e+01  6.216142e-02  1.430942e+01  6.216142e-02 
   80450560   1.728875e+00   1.078011e-01   1.728875e+00   1.078011e-01 223200607200318350      10146       1544     0 2453936.640741  1.440559e+01  6.769954e-02  1.440559e+01  6.769954e-02 
   80450624   1.846255e+00   1.079832e-01   1.846255e+00   1.079832e-01 223200607200319380      10146       1542     0 2453936.641481  1.433427e+01  6.350242e-02  1.433427e+01  6.350242e-02 
   80450681   1.932384e+00   1.078443e-01   1.932384e+00   1.078443e-01 223200607200320360      10146       1540     0 2453936.642141  1.428477e+01  6.059400e-02  1.428477e+01  6.059400e-02 
   80967430   1.623714e+00   9.485938e-02   1.623714e+00   9.485938e-02 223200607260253020      10105       1581     0 2453942.623032  1.447373e+01  6.343029e-02  1.447373e+01  6.343029e-02 
   80967489   1.721302e+00   9.445918e-02   1.721302e+00   9.445918e-02 223200607260254000      10106       1579     0 2453942.623715  1.441036e+01  5.958171e-02  1.441036e+01  5.958171e-02 
   80967549   1.804014e+00   9.435090e-02   1.804014e+00   9.435090e-02 223200607260255010      10107       1577     0 2453942.624410  1.435940e+01  5.678479e-02  1.435940e+01  5.678479e-02 
   80967605   1.727624e+00   9.435434e-02   1.727624e+00   9.435434e-02 223200607260255560      10108       1574     0 2453942.625058  1.440638e+01  5.929779e-02  1.440638e+01  5.929779e-02 
   81053651   1.758211e+00   1.051599e-01   1.758211e+00   1.051599e-01 223200607270250020      10101       1577     0 2453943.620961  1.438732e+01  6.493893e-02  1.438732e+01  6.493893e-02 
   81053713   1.878875e+00   1.085113e-01   1.878875e+00   1.085113e-01 223200607270251040      10102       1574     0 2453943.621678  1.431526e+01  6.270513e-02  1.431526e+01  6.270513e-02 
   81053769   1.739371e+00   1.058881e-01   1.739371e+00   1.058881e-01 223200607270251590      10103       1572     0 2453943.622326  1.439902e+01  6.609684e-02  1.439902e+01  6.609684e-02 
   81053831   1.741589e+00   1.037620e-01   1.741589e+00   1.037620e-01 223200607270253010      10103       1570     0 2453943.623044  1.439764e+01  6.468721e-02  1.439764e+01  6.468721e-02 
   81139941   2.311314e+00   7.431656e-01   2.311314e+00   7.431656e-01 223200607280248110      10120       1564     0 2453944.619687  1.409035e+01  3.491021e-01  1.409035e+01  3.491021e-01 
   81139995   1.709947e+00   4.830475e-01   1.709947e+00   4.830475e-01 223200607280249060      10121       1562     0 2453944.620312  1.441754e+01  3.067136e-01  1.441754e+01  3.067136e-01 
   82346064   2.344395e+00   3.645290e-01   2.344395e+00   3.645290e-01 224200608110150170      21601        748     0 2453958.579444  1.407492e+01  1.688213e-01  1.407492e+01  1.688213e-01 
   82346064   2.314687e+00   3.739600e-01   2.314687e+00   3.739600e-01 223200608110150170      10116       1610     0 2453958.579444  1.408877e+01  1.754117e-01  1.408877e+01  1.754117e-01 
   82346120   2.648633e+00   3.711961e-01   2.648633e+00   3.711961e-01 223200608110151120      10119       1608     0 2453958.580093  1.394245e+01  1.521624e-01  1.394245e+01  1.521624e-01 
   82346175   2.280593e+00   3.649848e-01   2.280593e+00   3.649848e-01 224200608110152070      21595        751     0 2453958.580729  1.410488e+01  1.737612e-01  1.410488e+01  1.737612e-01 
   82346175   2.333917e+00   3.745272e-01   2.333917e+00   3.745272e-01 223200608110152070      10120       1605     0 2453958.580729  1.407979e+01  1.742303e-01  1.407979e+01  1.742303e-01 
   82346234   2.603923e+00   3.646977e-01   2.603923e+00   3.646977e-01 224200608110153070      21594        753     0 2453958.581412  1.396093e+01  1.520655e-01  1.396093e+01  1.520655e-01 
   82346234   1.978146e+00   3.728040e-01   1.978146e+00   3.728040e-01 223200608110153070      10120       1603     0 2453958.581412  1.425935e+01  2.046200e-01  1.425935e+01  2.046200e-01 
   82518420   3.166379e+00   3.741642e-01   3.166379e+00   3.741642e-01 224200608130142530      21560        832     0 2453960.574306  1.374859e+01  1.282995e-01  1.374859e+01  1.282995e-01 
   82518420   1.967607e+00   2.404510e-01   1.967607e+00   2.404510e-01 223200608130142530      10119       1579     0 2453960.574306  1.426515e+01  1.326826e-01  1.426515e+01  1.326826e-01 
   82518479   2.155213e+00   2.390169e-01   2.155213e+00   2.390169e-01 223200608130143520      10120       1576     0 2453960.574988  1.416628e+01  1.204105e-01  1.416628e+01  1.204105e-01 
   82518541   2.305497e+00   2.402044e-01   2.305497e+00   2.402044e-01 223200608130144550      10119       1572     0 2453960.575706  1.409309e+01  1.131207e-01  1.409309e+01  1.131207e-01 
   82518619   3.207809e+00   3.746725e-01   3.207809e+00   3.746725e-01 224200608130146120      21557        812     0 2453960.576609  1.373448e+01  1.268146e-01  1.373448e+01  1.268146e-01 
   82518619   2.201145e+00   2.400690e-01   2.201145e+00   2.400690e-01 223200608130146120      10116       1593     0 2453960.576609  1.414338e+01  1.184168e-01  1.414338e+01  1.184168e-01 
   82604601   2.453054e+00   1.961334e-01   2.453054e+00   1.961334e-01 224200608140139160      21534        843     0 2453961.571771  1.402573e+01  8.681010e-02  1.402573e+01  8.681010e-02 
   82604601   2.173173e+00   1.922433e-01   2.173173e+00   1.922433e-01 223200608140139160      10119       1599     0 2453961.571771  1.415726e+01  9.604679e-02  1.415726e+01  9.604679e-02 
   82604657   3.159777e+00   1.992650e-01   3.159777e+00   1.992650e-01 224200608140140120      21530        843     0 2453961.572419  1.375086e+01  6.847001e-02  1.375086e+01  6.847001e-02 
   82604657   2.077424e+00   1.920557e-01   2.077424e+00   1.920557e-01 223200608140140120      10126       1596     0 2453961.572419  1.420619e+01  1.003755e-01  1.420619e+01  1.003755e-01 
   82604714   2.505113e+00   1.996655e-01   2.505113e+00   1.996655e-01 224200608140141080      21526        840     0 2453961.573079  1.400293e+01  8.653691e-02  1.400293e+01  8.653691e-02 
   82604714   2.130414e+00   1.964553e-01   2.130414e+00   1.964553e-01 223200608140141080      10139       1594     0 2453961.573079  1.417884e+01  1.001211e-01  1.417884e+01  1.001211e-01 
   82604768   2.578834e+00   2.006967e-01   2.578834e+00   2.006967e-01 224200608140142030      21526        842     0 2453961.573704  1.397144e+01  8.449730e-02  1.397144e+01  8.449730e-02 
   82604768   2.060214e+00   2.002173e-01   2.060214e+00   2.002173e-01 223200608140142030      10138       1591     0 2453961.573704  1.421522e+01  1.055152e-01  1.421522e+01  1.055152e-01 
   82863075   2.450854e+00   1.317449e-01   2.450854e+00   1.317449e-01 224200608170127120      21545        816     0 2453964.563368  1.402671e+01  5.836361e-02  1.402671e+01  5.836361e-02 
   82863075   2.086490e+00   1.261535e-01   2.086490e+00   1.261535e-01 223200608170127120      10109       1609     0 2453964.563368  1.420146e+01  6.564606e-02  1.420146e+01  6.564606e-02 
   82863143   2.536385e+00   1.319792e-01   2.536385e+00   1.319792e-01 224200608170128190      21536        842     0 2453964.564155  1.398946e+01  5.649579e-02  1.398946e+01  5.649579e-02 
   82863143   1.892207e+00   1.260759e-01   1.892207e+00   1.260759e-01 223200608170128190      10117       1576     0 2453964.564155  1.430758e+01  7.234181e-02  1.430758e+01  7.234181e-02 
   82863199   2.391044e+00   1.318130e-01   2.391044e+00   1.318130e-01 224200608170129150      21534        842     0 2453964.564803  1.405353e+01  5.985444e-02  1.405353e+01  5.985444e-02 
   82863199   1.886389e+00   1.259623e-01   1.886389e+00   1.259623e-01 223200608170129150      10118       1573     0 2453964.564803  1.431092e+01  7.249954e-02  1.431092e+01  7.249954e-02 
   82863259   2.339513e+00   1.318754e-01   2.339513e+00   1.318754e-01 224200608170130160      21533        843     0 2453964.565498  1.407719e+01  6.120179e-02  1.407719e+01  6.120179e-02 
   82863259   1.837223e+00   1.265652e-01   1.837223e+00   1.265652e-01 223200608170130160      10118       1571     0 2453964.565498  1.433959e+01  7.479595e-02  1.433959e+01  7.479595e-02 
   82949248   2.487051e+00   1.059817e-01   2.487051e+00   1.059817e-01 224200608180123250      21605        790     0 2453965.560741  1.401079e+01  4.626707e-02  1.401079e+01  4.626707e-02 
   82949248   1.554586e+00   9.518962e-02   1.554586e+00   9.518962e-02 223200608180123250      10113       1554     0 2453965.560741  1.452096e+01  6.648146e-02  1.452096e+01  6.648146e-02 
   82949310   2.699746e+00   1.064628e-01   2.699746e+00   1.064628e-01 224200608180124270      21601        791     0 2453965.561458  1.392169e+01  4.281546e-02  1.392169e+01  4.281546e-02 
   82949310   1.560799e+00   9.602568e-02   1.560799e+00   9.602568e-02 223200608180124270      10115       1554     0 2453965.561458  1.451663e+01  6.679845e-02  1.451663e+01  6.679845e-02 
   82949373   2.570150e+00   1.058853e-01   2.570150e+00   1.058853e-01 224200608180125310      21599        794     0 2453965.562187  1.397510e+01  4.473042e-02  1.397510e+01  4.473042e-02 
   82949373   1.793435e+00   9.670663e-02   1.793435e+00   9.670663e-02 223200608180125310      10115       1550     0 2453965.562187  1.436579e+01  5.854591e-02  1.436579e+01  5.854591e-02 
   82949464   2.461698e+00   1.066051e-01   2.461698e+00   1.066051e-01 224200608180127020      21603        772     0 2453965.563241  1.402191e+01  4.701852e-02  1.402191e+01  4.701852e-02 
   82949464   1.740294e+00   9.665944e-02   1.740294e+00   9.665944e-02 223200608180127020      10112       1570     0 2453965.563241  1.439844e+01  6.030419e-02  1.439844e+01  6.030419e-02 
   83724674   2.615535e+00   1.050289e-01   2.615535e+00   1.050289e-01 224200608270047250      21582        825     0 2453974.535579  1.395610e+01  4.359876e-02  1.395610e+01  4.359876e-02 
   83724674   1.771488e+00   9.621182e-02   1.771488e+00   9.621182e-02 223200608270047250      10093       1607     0 2453974.535579  1.437915e+01  5.896795e-02  1.437915e+01  5.896795e-02 
   83724738   2.371339e+00   1.045944e-01   2.371339e+00   1.045944e-01 224200608270048280      21575        851     0 2453974.536319  1.406252e+01  4.788953e-02  1.406252e+01  4.788953e-02 
   83724738   1.748209e+00   9.522002e-02   1.748209e+00   9.522002e-02 223200608270048280      10096       1572     0 2453974.536319  1.439352e+01  5.913720e-02  1.439352e+01  5.913720e-02 
   83724813   2.470238e+00   1.043821e-01   2.470238e+00   1.043821e-01 224200608270049440      21578        828     0 2453974.537187  1.401815e+01  4.587888e-02  1.401815e+01  4.587888e-02 
   83724813   1.680657e+00   9.539037e-02   1.680657e+00   9.539037e-02 223200608270049440      10093       1594     0 2453974.537187  1.443630e+01  6.162421e-02  1.443630e+01  6.162421e-02 
   83724875   2.483773e+00   1.042592e-01   2.483773e+00   1.042592e-01 224200608270050460      21574        853     0 2453974.537905  1.401222e+01  4.557515e-02  1.401222e+01  4.557515e-02 
   83724875   1.812869e+00   9.439821e-02   1.812869e+00   9.439821e-02 223200608270050460      10097       1565     0 2453974.537905  1.435408e+01  5.653575e-02  1.435408e+01  5.653575e-02 
   83810841   2.574330e+00   9.919957e-02   2.574330e+00   9.919957e-02 224200608280043330      21578        830     0 2453975.532882  1.397334e+01  4.183805e-02  1.397334e+01  4.183805e-02 
   83810841   1.688632e+00   9.084822e-02   1.688632e+00   9.084822e-02 223200608280043330      10098       1595     0 2453975.532882  1.443116e+01  5.841269e-02  1.443116e+01  5.841269e-02 
   83810893   2.636039e+00   9.983961e-02   2.636039e+00   9.983961e-02 224200608280044250      21576        832     0 2453975.533484  1.394762e+01  4.112226e-02  1.394762e+01  4.112226e-02 
   83810893   1.767273e+00   9.215158e-02   1.767273e+00   9.215158e-02 223200608280044250      10099       1593     0 2453975.533484  1.438174e+01  5.661416e-02  1.438174e+01  5.661416e-02 
   83810964   1.657837e+00   9.051204e-02   1.657837e+00   9.051204e-02 223200608280045350      10098       1589     0 2453975.534306  1.445115e+01  5.927759e-02  1.445115e+01  5.927759e-02 
   83810965   2.549433e+00   9.918663e-02   2.549433e+00   9.918663e-02 224200608280045360      21576        834     0 2453975.534317  1.398389e+01  4.224110e-02  1.398389e+01  4.224110e-02 
   83811021   2.406928e+00   9.915423e-02   2.406928e+00   9.915423e-02 224200608280046320      21575        835     0 2453975.534965  1.404634e+01  4.472744e-02  1.404634e+01  4.472744e-02 
   83811021   1.612968e+00   9.019256e-02   1.612968e+00   9.019256e-02 223200608280046320      10098       1586     0 2453975.534965  1.448094e+01  6.071147e-02  1.448094e+01  6.071147e-02 
   84328673   2.578789e+00   2.661875e-01   2.578789e+00   2.661875e-01 224200609030034170      21582        893     0 2453981.526308  1.397146e+01  1.120721e-01  1.397146e+01  1.120721e-01 
   84328673   2.401653e+00   2.658926e-01   2.401653e+00   2.658926e-01 223200609030034170      10088       1524     0 2453981.526308  1.404872e+01  1.202048e-01  1.404872e+01  1.202048e-01 
   84328745   2.504914e+00   2.695494e-01   2.504914e+00   2.695494e-01 224200609030035290      21584        869     0 2453981.527141  1.400302e+01  1.168346e-01  1.400302e+01  1.168346e-01 
   84328745   2.657683e+00   2.702200e-01   2.657683e+00   2.702200e-01 223200609030035280      10084       1545     0 2453981.527141  1.393874e+01  1.103927e-01  1.393874e+01  1.103927e-01 
   84328812   2.116031e+00   2.785432e-01   2.116031e+00   2.785432e-01 224200609030036350      21582        893     0 2453981.527917  1.418620e+01  1.429211e-01  1.418620e+01  1.429211e-01 
   84328812   2.803301e+00   2.866580e-01   2.803301e+00   2.866580e-01 223200609030036350      10084       1510     0 2453981.527917  1.388083e+01  1.110248e-01  1.388083e+01  1.110248e-01 
   84328869   2.684760e+00   2.837598e-01   2.684760e+00   2.837598e-01 224200609030037320      21580        894     0 2453981.528576  1.392774e+01  1.147549e-01  1.392774e+01  1.147549e-01 
   84328869   2.345866e+00   2.766439e-01   2.345866e+00   2.766439e-01 223200609030037320      10086       1509     0 2453981.528576  1.407424e+01  1.280394e-01  1.407424e+01  1.280394e-01 
   84500180   2.353351e+00   4.053517e-01   2.353351e+00   4.053517e-01 224200609050012480      21581        841     0 2453983.511343  1.407078e+01  1.870127e-01  1.407078e+01  1.870127e-01 
   84500180   2.560251e+00   4.219772e-01   2.560251e+00   4.219772e-01 223200609050012480      10095       1590     0 2453983.511343  1.397929e+01  1.789502e-01  1.397929e+01  1.789502e-01 
   84500240   2.132027e+00   4.048096e-01   2.132027e+00   4.048096e-01 224200609050013480      21577        841     0 2453983.512037  1.417802e+01  2.061503e-01  1.417802e+01  2.061503e-01 
   84500240   3.002164e+00   4.177627e-01   3.002164e+00   4.177627e-01 223200609050013480      10097       1587     0 2453983.512037  1.380641e+01  1.510849e-01  1.380641e+01  1.510849e-01 
   84500302   2.794724e+00   4.047963e-01   2.794724e+00   4.047963e-01 224200609050014500      21575        843     0 2453983.512755  1.388415e+01  1.572619e-01  1.388415e+01  1.572619e-01 
   84500302   2.112552e+00   4.138618e-01   2.112552e+00   4.138618e-01 223200609050014500      10097       1583     0 2453983.512755  1.418798e+01  2.127030e-01  1.418798e+01  2.127030e-01 
   84500380   2.772243e+00   4.046760e-01   2.772243e+00   4.046760e-01 224200609050016080      21578        820     0 2453983.513657  1.389292e+01  1.584900e-01  1.389292e+01  1.584900e-01 
   84500380   2.897071e+00   4.214461e-01   2.897071e+00   4.214461e-01 223200609050016080      10093       1605     0 2453983.513657  1.384510e+01  1.579460e-01  1.384510e+01  1.579460e-01 
   84844854   2.584779e+00   5.603618e-01   2.584779e+00   5.603618e-01 224200609082357310      21583        811     0 2453987.500625  1.396894e+01  2.353807e-01  1.396894e+01  2.353807e-01 
   84844854   2.383856e+00   5.855922e-01   2.383856e+00   5.855922e-01 223200609082357310      10106       1599     0 2453987.500625  1.405680e+01  2.667112e-01  1.405680e+01  2.667112e-01 
   84844910   2.088737e+00   5.860606e-01   2.088737e+00   5.860606e-01 223200609082358260      10107       1594     0 2453987.501273  1.420029e+01  3.046384e-01  1.420029e+01  3.046384e-01 
   84844911   2.248430e+00   5.579631e-01   2.248430e+00   5.579631e-01 224200609082358270      21581        813     0 2453987.501285  1.412030e+01  2.694337e-01  1.412030e+01  2.694337e-01 
   84844967   3.101477e+00   5.560162e-01   3.101477e+00   5.560162e-01 224200609082359230      21581        814     0 2453987.501933  1.377108e+01  1.946457e-01  1.377108e+01  1.946457e-01 
   84844967   2.271624e+00   5.833738e-01   2.271624e+00   5.833738e-01 223200609082359230      10106       1592     0 2453987.501933  1.410916e+01  2.788279e-01  1.410916e+01  2.788279e-01 
   84845029   2.572878e+00   5.561417e-01   2.572878e+00   5.561417e-01 224200609090000260      21580        815     0 2453987.502650  1.397395e+01  2.346886e-01  1.397395e+01  2.346886e-01 
   84845029   2.670524e+00   5.851130e-01   2.670524e+00   5.851130e-01 223200609090000260      10106       1589     0 2453987.502650  1.393351e+01  2.378861e-01  1.393351e+01  2.378861e-01 
   85017154   2.738374e+00   3.059362e-01   2.738374e+00   3.059362e-01 223200609102349160      10082       1550     0 2453989.494838  1.390627e+01  1.213009e-01  1.390627e+01  1.213009e-01 
   85017221   2.783073e+00   3.942003e-01   2.783073e+00   3.942003e-01 224200609102350220      21590        857     0 2453989.495613  1.388869e+01  1.537865e-01  1.388869e+01  1.537865e-01 
   85017221   2.371720e+00   4.074173e-01   2.371720e+00   4.074173e-01 223200609102350220      10083       1547     0 2453989.495613  1.406234e+01  1.865099e-01  1.406234e+01  1.865099e-01 
   85017280   2.464064e+00   3.592221e-01   2.464064e+00   3.592221e-01 223200609102351210      10084       1545     0 2453989.496296  1.402087e+01  1.582840e-01  1.402087e+01  1.582840e-01 
   85017338   2.365011e+00   3.469334e-01   2.365011e+00   3.469334e-01 224200609102352200      21588        859     0 2453989.496968  1.406542e+01  1.592718e-01  1.406542e+01  1.592718e-01 
   85017338   1.923587e+00   3.628144e-01   1.923587e+00   3.628144e-01 223200609102352200      10081       1538     0 2453989.496968  1.428972e+01  2.047852e-01  1.428972e+01  2.047852e-01 
   85361747   2.540303e+00   1.038452e-01   2.540303e+00   1.038452e-01 224200609142332380      21566        839     0 2453993.483183  1.398779e+01  4.438403e-02  1.398779e+01  4.438403e-02 
   85361747   1.675357e+00   9.319383e-02   1.675357e+00   9.319383e-02 223200609142332380      10084       1504     0 2453993.483183  1.443973e+01  6.039563e-02  1.443973e+01  6.039563e-02 
   85361800   2.560383e+00   1.038422e-01   2.560383e+00   1.038422e-01 224200609142333310      21562        839     0 2453993.483796  1.397924e+01  4.403466e-02  1.397924e+01  4.403466e-02 
   85361804   1.701274e+00   9.347442e-02   1.701274e+00   9.347442e-02 223200609142333360      10085       1501     0 2453993.483843  1.442306e+01  5.965466e-02  1.442306e+01  5.965466e-02 
   85361865   2.462878e+00   1.035303e-01   2.462878e+00   1.035303e-01 224200609142334370      21559        841     0 2453993.484549  1.402139e+01  4.564049e-02  1.402139e+01  4.564049e-02 
   85361865   1.777525e+00   9.415808e-02   1.777525e+00   9.415808e-02 223200609142334370      10086       1498     0 2453993.484549  1.437546e+01  5.751321e-02  1.437546e+01  5.751321e-02 
   85361940   2.579848e+00   1.035201e-01   2.579848e+00   1.035201e-01 224200609142335520      21562        817     0 2453993.485417  1.397101e+01  4.356687e-02  1.397101e+01  4.356687e-02 
   85361940   1.817300e+00   9.308781e-02   1.817300e+00   9.308781e-02 223200609142335520      10082       1520     0 2453993.485417  1.435143e+01  5.561502e-02  1.435143e+01  5.561502e-02 
   85620645   2.513334e+00   1.189209e-01   2.513334e+00   1.189209e-01 224200609172327440      21595        800     0 2453996.479687  1.399937e+01  5.137286e-02  1.399937e+01  5.137286e-02 
   85620645   1.725043e+00   1.060801e-01   1.725043e+00   1.060801e-01 223200609172327440      10055       1511     0 2453996.479687  1.440800e+01  6.676669e-02  1.440800e+01  6.676669e-02 
   85620704   2.495597e+00   1.205929e-01   2.495597e+00   1.205929e-01 224200609172328430      21592        802     0 2453996.480370  1.400706e+01  5.246542e-02  1.400706e+01  5.246542e-02 
   85620704   1.888144e+00   1.073956e-01   1.888144e+00   1.073956e-01 223200609172328430      10055       1508     0 2453996.480370  1.430991e+01  6.175569e-02  1.430991e+01  6.175569e-02 
   85620767   2.598153e+00   1.212690e-01   2.598153e+00   1.212690e-01 224200609172329460      21591        804     0 2453996.481100  1.396334e+01  5.067698e-02  1.396334e+01  5.067698e-02 
   85620767   1.743408e+00   1.069847e-01   1.743408e+00   1.069847e-01 223200609172329460      10055       1505     0 2453996.481100  1.439650e+01  6.662674e-02  1.439650e+01  6.662674e-02 
   85620821   2.412788e+00   1.213768e-01   2.412788e+00   1.213768e-01 224200609172330410      21590        806     0 2453996.481725  1.404370e+01  5.461882e-02  1.404370e+01  5.461882e-02 
   85620821   1.672736e+00   1.074111e-01   1.672736e+00   1.074111e-01 223200609172330410      10055       1502     0 2453996.481725  1.444143e+01  6.971841e-02  1.444143e+01  6.971841e-02 
   85706441   2.339494e+00   1.187005e-01   2.339494e+00   1.187005e-01 224200609182317440      21595        757     0 2453997.472697  1.407720e+01  5.508794e-02  1.407720e+01  5.508794e-02 
   85706441   1.805953e+00   1.036335e-01   1.805953e+00   1.036335e-01 223200609182317440      10058       1485     0 2453997.472697  1.435823e+01  6.230452e-02  1.435823e+01  6.230452e-02 
   85706504   2.351661e+00   1.174971e-01   2.351661e+00   1.174971e-01 224200609182318460      21587        781     0 2453997.473426  1.407156e+01  5.424732e-02  1.407156e+01  5.424732e-02 
   85706504   1.571092e+00   1.032218e-01   1.571092e+00   1.032218e-01 223200609182318460      10062       1461     0 2453997.473426  1.450950e+01  7.133383e-02  1.450950e+01  7.133383e-02 
   85706559   2.402090e+00   1.159760e-01   2.402090e+00   1.159760e-01 224200609182319420      21584        784     0 2453997.474063  1.404853e+01  5.242092e-02  1.404853e+01  5.242092e-02 
   85706559   1.760904e+00   1.021513e-01   1.760904e+00   1.021513e-01 223200609182319410      10063       1459     0 2453997.474063  1.438566e+01  6.298457e-02  1.438566e+01  6.298457e-02 
   85706636   2.335415e+00   1.182994e-01   2.335415e+00   1.182994e-01 224200609182320580      21588        761     0 2453997.474954  1.407909e+01  5.499767e-02  1.407909e+01  5.499767e-02 
   85706636   1.590540e+00   1.025974e-01   1.590540e+00   1.025974e-01 223200609182320580      10059       1483     0 2453997.474954  1.449614e+01  7.003538e-02  1.449614e+01  7.003538e-02 
   85878755   2.491412e+00   1.122509e-01   2.491412e+00   1.122509e-01 224200609202309430      21569        802     0 2453999.467072  1.400889e+01  4.891817e-02  1.400889e+01  4.891817e-02 
   85878755   1.735898e+00   1.030502e-01   1.735898e+00   1.030502e-01 223200609202309430      10060       1537     0 2453999.467072  1.440119e+01  6.445410e-02  1.440119e+01  6.445410e-02 
   85878812   2.347334e+00   1.131323e-01   2.347334e+00   1.131323e-01 224200609202310410      21563        804     0 2453999.467731  1.407356e+01  5.232843e-02  1.407356e+01  5.232843e-02 
   85878812   1.546358e+00   1.019751e-01   1.546358e+00   1.019751e-01 223200609202310400      10062       1535     0 2453999.467731  1.452672e+01  7.159954e-02  1.452672e+01  7.159954e-02 
   85878873   2.501468e+00   1.137859e-01   2.501468e+00   1.137859e-01 224200609202311410      21560        806     0 2453999.468437  1.400451e+01  4.938775e-02  1.400451e+01  4.938775e-02 
   85878873   1.708733e+00   1.033180e-01   1.708733e+00   1.033180e-01 223200609202311410      10063       1532     0 2453999.468437  1.441831e+01  6.564890e-02  1.441831e+01  6.564890e-02 
   85878933   2.448139e+00   1.140373e-01   2.448139e+00   1.140373e-01 224200609202312420      21559        809     0 2453999.469132  1.402791e+01  5.057511e-02  1.402791e+01  5.057511e-02 
   85878933   1.677790e+00   1.044017e-01   1.677790e+00   1.044017e-01 223200609202312420      10063       1529     0 2453999.469132  1.443816e+01  6.756096e-02  1.443816e+01  6.756096e-02 
   85964878   2.713877e+00   1.094195e-01   2.713877e+00   1.094195e-01 224200609212305090      21563        823     0 2454000.463866  1.391602e+01  4.377541e-02  1.391602e+01  4.377541e-02 
   85964878   1.681846e+00   9.594622e-02   1.681846e+00   9.594622e-02 223200609212305090      10074       1532     0 2454000.463866  1.443553e+01  6.193946e-02  1.443553e+01  6.193946e-02 
   85965031   2.722085e+00   1.091945e-01   2.722085e+00   1.091945e-01 224200609212307420      21558        826     0 2454000.465637  1.391275e+01  4.355371e-02  1.391275e+01  4.355371e-02 
   85965031   1.896591e+00   9.615002e-02   1.896591e+00   9.615002e-02 223200609212307420      10076       1525     0 2454000.465637  1.430507e+01  5.504294e-02  1.430507e+01  5.504294e-02 
   85965094   2.598802e+00   1.085038e-01   2.598802e+00   1.085038e-01 224200609212308460      21556        827     0 2454000.466366  1.396307e+01  4.533126e-02  1.396307e+01  4.533126e-02 
   85965094   1.854201e+00   9.523950e-02   1.854201e+00   9.523950e-02 223200609212308460      10077       1522     0 2454000.466366  1.432961e+01  5.576814e-02  1.432961e+01  5.576814e-02 
   85965150   2.673640e+00   1.079154e-01   2.673640e+00   1.079154e-01 224200609212309410      21555        829     0 2454000.467014  1.393224e+01  4.382344e-02  1.393224e+01  4.382344e-02 
   85965150   1.742649e+00   9.419877e-02   1.742649e+00   9.419877e-02 223200609212309410      10078       1520     0 2454000.467014  1.439698e+01  5.868961e-02  1.439698e+01  5.868961e-02 
   86404992   2.652141e+00   1.071735e-01   2.652141e+00   1.071735e-01 224200609270120390      21665       1036     0 2454005.557778  1.394101e+01  4.387496e-02  1.394101e+01  4.387496e-02 
   86404992   1.765959e+00   9.894404e-02   1.765959e+00   9.894404e-02 223200609270120390       9940       1181     0 2454005.557778  1.438255e+01  6.083239e-02  1.438255e+01  6.083239e-02 
   86405051   2.393968e+00   1.077179e-01   2.393968e+00   1.077179e-01 224200609270121390      21661       1061     0 2454005.558461  1.405220e+01  4.885345e-02  1.405220e+01  4.885345e-02 
   86405053   1.661453e+00   9.950554e-02   1.661453e+00   9.950554e-02 223200609270121400       9943       1153     0 2454005.558484  1.444878e+01  6.502570e-02  1.444878e+01  6.502570e-02 
   86405121   2.622110e+00   1.083294e-01   2.622110e+00   1.083294e-01 224200609270122490      21662       1060     0 2454005.559271  1.395337e+01  4.485608e-02  1.395337e+01  4.485608e-02 
   86405121   1.616262e+00   9.896486e-02   1.616262e+00   9.896486e-02 223200609270122490       9942       1151     0 2454005.559271  1.447872e+01  6.648062e-02  1.447872e+01  6.648062e-02 
   86405180   2.584334e+00   1.086440e-01   2.584334e+00   1.086440e-01 224200609270123480      21661       1060     0 2454005.559954  1.396913e+01  4.564394e-02  1.396913e+01  4.564394e-02 
   86405182   1.855143e+00   1.007104e-01   1.855143e+00   1.007104e-01 223200609270123490       9941       1149     0 2454005.559977  1.432906e+01  5.894171e-02  1.432906e+01  5.894171e-02 
   87688163   1.802345e+00   8.121648e-02   1.802345e+00   8.121648e-02 223200610112147440       9736       1333     0 2454020.409294  1.436040e+01  4.892515e-02  1.436040e+01  4.892515e-02 
   87688237   1.871897e+00   8.168682e-02   1.871897e+00   8.168682e-02 223200610112148580       9740       1304     0 2454020.410150  1.431929e+01  4.738008e-02  1.431929e+01  4.738008e-02 
   87688291   1.874709e+00   8.184918e-02   1.874709e+00   8.184918e-02 223200610112149520       9740       1302     0 2454020.410775  1.431767e+01  4.740305e-02  1.431767e+01  4.740305e-02 
   87860509   1.910676e+00   9.191148e-02   1.910676e+00   9.191148e-02 223200610132140170       9699       1355     0 2454022.404039  1.429703e+01  5.222862e-02  1.429703e+01  5.222862e-02 
   87860576   1.912580e+00   9.171610e-02   1.912580e+00   9.171610e-02 223200610132141240       9699       1351     0 2454022.404815  1.429595e+01  5.206571e-02  1.429595e+01  5.206571e-02 
   87860632   1.913901e+00   9.131256e-02   1.913901e+00   9.131256e-02 223200610132142200       9699       1348     0 2454022.405463  1.429520e+01  5.180085e-02  1.429520e+01  5.180085e-02 
   87860692   1.918262e+00   9.059989e-02   1.918262e+00   9.059989e-02 223200610132143190       9699       1346     0 2454022.406157  1.429273e+01  5.127971e-02  1.429273e+01  5.127971e-02 
   88033121   1.863270e+00   8.690063e-02   1.863270e+00   8.690063e-02 223200610152137170       9695       1386     0 2454024.401863  1.432431e+01  5.063760e-02  1.432431e+01  5.063760e-02 
   88033182   1.785687e+00   8.624876e-02   1.785687e+00   8.624876e-02 223200610152138180       9695       1381     0 2454024.402569  1.437049e+01  5.244130e-02  1.437049e+01  5.244130e-02 
   88033237   1.866857e+00   8.548425e-02   1.866857e+00   8.548425e-02 223200610152139130       9694       1377     0 2454024.403206  1.432222e+01  4.971655e-02  1.432222e+01  4.971655e-02 
   88033296   1.855707e+00   8.548204e-02   1.855707e+00   8.548204e-02 223200610152140120       9694       1373     0 2454024.403889  1.432873e+01  5.001396e-02  1.432873e+01  5.001396e-02 
   88377444   1.821800e+00   8.970395e-02   1.821800e+00   8.970395e-02 223200610192116140       9680       1401     0 2454028.387083  1.434875e+01  5.346096e-02  1.434875e+01  5.346096e-02 
   88377496   1.875634e+00   9.029659e-02   1.875634e+00   9.029659e-02 223200610192117070       9679       1398     0 2454028.387685  1.431713e+01  5.226960e-02  1.431713e+01  5.226960e-02 
   88377581   2.039332e+00   9.099042e-02   2.039332e+00   9.099042e-02 223200610192118310       9675       1420     0 2454028.388669  1.422628e+01  4.844328e-02  1.422628e+01  4.844328e-02 
   88377643   1.871585e+00   9.033064e-02   1.871585e+00   9.033064e-02 223200610192119340       9675       1416     0 2454028.389387  1.431948e+01  5.240243e-02  1.431948e+01  5.240243e-02 
   88463609   1.805780e+00   8.827789e-02   1.805780e+00   8.827789e-02 223200610202112230       9703       1356     0 2454029.384363  1.435834e+01  5.307782e-02  1.435834e+01  5.307782e-02 
   88463681   1.741450e+00   8.788388e-02   1.741450e+00   8.788388e-02 223200610202113350       9700       1351     0 2454029.385197  1.439772e+01  5.479286e-02  1.439772e+01  5.479286e-02 
   88463744   1.940786e+00   8.871493e-02   1.940786e+00   8.871493e-02 223200610202114380       9700       1349     0 2454029.385926  1.428006e+01  4.963007e-02  1.428006e+01  4.963007e-02 
   88463803   1.837518e+00   8.723597e-02   1.837518e+00   8.723597e-02 223200610202115380       9699       1346     0 2454029.386609  1.433942e+01  5.154539e-02  1.433942e+01  5.154539e-02 
   88551557   1.863244e+00   9.516361e-02   1.863244e+00   9.516361e-02 223200610212138150       9698       1296     0 2454030.402280  1.432433e+01  5.545326e-02  1.432433e+01  5.545326e-02 
   88551689   1.803378e+00   9.536861e-02   1.803378e+00   9.536861e-02 223200610212140270       9695       1286     0 2454030.403808  1.435978e+01  5.741752e-02  1.435978e+01  5.741752e-02 
   88551761   2.098424e+00   9.712636e-02   2.098424e+00   9.712636e-02 223200610212141400       9690       1308     0 2454030.404641  1.419527e+01  5.025388e-02  1.419527e+01  5.025388e-02 
   88637619   1.612381e+00   1.069509e+00   1.612381e+00   1.069509e+00 223200610222132420       9696       1340     0 2454031.398368  1.448133e+01  7.201824e-01  1.448133e+01  7.201824e-01 
   88637767   2.446495e+00   1.344386e+00   2.446495e+00   1.344386e+00 223200610222135100       9691       1330     0 2454031.400081  1.402864e+01  5.966305e-01  1.402864e+01  5.966305e-01 
   88637829   1.287353e+00   2.111799e+00   1.287353e+00   2.111799e+00 223200610222136110       9691       1328     0 2454031.400799  1.472576e+01  1.781069e+00  1.472576e+01  1.781069e+00 
   88640080   1.838828e+00   2.074655e+00   1.838828e+00   2.074655e+00 223200610222213430       9689       1204     0 2454031.426852  1.433865e+01  1.224984e+00  1.433865e+01  1.224984e+00 
   88722109   1.960114e+00   9.097946e-02   1.960114e+00   9.097946e-02 223200610232100550       9686       1387     0 2454032.376262  1.426930e+01  5.039505e-02  1.426930e+01  5.039505e-02 
   88722163   2.002048e+00   9.069612e-02   2.002048e+00   9.069612e-02 223200610232101500       9687       1384     0 2454032.376887  1.424631e+01  4.918582e-02  1.424631e+01  4.918582e-02 
   88722225   1.887240e+00   9.082828e-02   1.887240e+00   9.082828e-02 223200610232102520       9687       1381     0 2454032.377604  1.431043e+01  5.225402e-02  1.431043e+01  5.225402e-02 
   88722292   1.939797e+00   9.127854e-02   1.939797e+00   9.127854e-02 223200610232103590       9687       1378     0 2454032.378380  1.428061e+01  5.109027e-02  1.428061e+01  5.109027e-02 
   88980554   1.927698e+00   1.026544e-01   1.927698e+00   1.026544e-01 223200610262048320       9687       1448     0 2454035.367523  1.428740e+01  5.781820e-02  1.428740e+01  5.781820e-02 
   88980608   2.160103e+00   1.039630e-01   2.160103e+00   1.039630e-01 223200610262049260       9688       1444     0 2454035.368148  1.416381e+01  5.225528e-02  1.416381e+01  5.225528e-02 
   88980668   1.809818e+00   1.024566e-01   1.809818e+00   1.024566e-01 223200610262050270       9688       1442     0 2454035.368843  1.435591e+01  6.146546e-02  1.435591e+01  6.146546e-02 
   88980732   1.981385e+00   1.025344e-01   1.981385e+00   1.025344e-01 223200610262051300       9684       1433     0 2454035.369583  1.425758e+01  5.618576e-02  1.425758e+01  5.618576e-02 
   89066670   2.025229e+00   1.142750e-01   2.025229e+00   1.142750e-01 223200610272043520       9708       1419     0 2454036.364236  1.423381e+01  6.126363e-02  1.423381e+01  6.126363e-02 
   89066733   2.258406e+00   1.160740e-01   2.258406e+00   1.160740e-01 223200610272044550       9708       1416     0 2454036.364965  1.411549e+01  5.580317e-02  1.411549e+01  5.580317e-02 
   89066789   2.074266e+00   1.152885e-01   2.074266e+00   1.152885e-01 223200610272045520       9707       1412     0 2454036.365613  1.420784e+01  6.034584e-02  1.420784e+01  6.034584e-02 
   89066854   2.093488e+00   1.151804e-01   2.093488e+00   1.151804e-01 223200610272046560       9707       1410     0 2454036.366366  1.419782e+01  5.973571e-02  1.419782e+01  5.973571e-02 
   89152868   2.808335e+00   1.870314e-01   2.808335e+00   1.870314e-01 223200610282040350       9692       1430     0 2454037.361898  1.387888e+01  7.230885e-02  1.387888e+01  7.230885e-02 
   89152941   2.365953e+00   1.740351e-01   2.365953e+00   1.740351e-01 223200610282041480       9694       1397     0 2454037.362743  1.406498e+01  7.986502e-02  1.406498e+01  7.986502e-02 
   89153002   2.320607e+00   1.476656e-01   2.320607e+00   1.476656e-01 223200610282042490       9694       1395     0 2454037.363449  1.408600e+01  6.908815e-02  1.408600e+01  6.908815e-02 
   89238989   2.342274e+00   1.581465e-01   2.342274e+00   1.581465e-01 223200610292035590       9686       1387     0 2454038.358669  1.407591e+01  7.330739e-02  1.407591e+01  7.330739e-02 
   89239044   2.320195e+00   1.573436e-01   2.320195e+00   1.573436e-01 223200610292036550       9687       1384     0 2454038.359306  1.408619e+01  7.362923e-02  1.408619e+01  7.362923e-02 
   89239091   2.369038e+00   1.574823e-01   2.369038e+00   1.574823e-01 223200610292037410       9685       1376     0 2454038.359850  1.406357e+01  7.217478e-02  1.406357e+01  7.217478e-02 
   89239169   2.247904e+00   1.572517e-01   2.247904e+00   1.572517e-01 223200610292038590       9685       1374     0 2454038.360752  1.412056e+01  7.595275e-02  1.412056e+01  7.595275e-02 
   89411364   2.260829e+00   2.480935e-01   2.260829e+00   2.480935e-01 223200610312029020       9679       1388     0 2454040.353750  1.411433e+01  1.191444e-01  1.411433e+01  1.191444e-01 
   89411437   2.980924e+00   2.478663e-01   2.980924e+00   2.478663e-01 223200610312030160       9676       1408     0 2454040.354595  1.381412e+01  9.028018e-02  1.381412e+01  9.028018e-02 
   89411507   2.932861e+00   2.504052e-01   2.932861e+00   2.504052e-01 223200610312031250       9679       1376     0 2454040.355405  1.383177e+01  9.269956e-02  1.383177e+01  9.269956e-02 
   89411564   2.740692e+00   2.502389e-01   2.740692e+00   2.502389e-01 223200610312032230       9678       1373     0 2454040.356065  1.390535e+01  9.913349e-02  1.390535e+01  9.913349e-02 
   89506222   2.479280e+00   2.599681e-01   2.479280e+00   2.599681e-01 223200611012250050       9609       1012     0 2454041.451644  1.401419e+01  1.138467e-01  1.401419e+01  1.138467e-01 
   89506295   2.340229e+00   2.613207e-01   2.340229e+00   2.613207e-01 223200611012251190       9611        982     0 2454041.452488  1.407685e+01  1.212387e-01  1.407685e+01  1.212387e-01 
   89506352   3.026501e+00   2.616881e-01   3.026501e+00   2.616881e-01 223200611012252160       9611        980     0 2454041.453148  1.379765e+01  9.387911e-02  1.379765e+01  9.387911e-02 
   89506414   2.266133e+00   2.620828e-01   2.266133e+00   2.620828e-01 223200611012253170       9610        978     0 2454041.453866  1.411179e+01  1.255680e-01  1.411179e+01  1.255680e-01 
   89842125   2.293948e+00   3.645678e-01   2.293948e+00   3.645678e-01 223200611052008420       9690       1390     0 2454045.339410  1.409854e+01  1.725522e-01  1.409854e+01  1.725522e-01 
   89842183   2.821659e+00   3.675654e-01   2.821659e+00   3.675654e-01 223200611052009400       9691       1386     0 2454045.340081  1.387374e+01  1.414347e-01  1.387374e+01  1.414347e-01 
   89842256   2.134178e+00   3.680977e-01   2.134178e+00   3.680977e-01 223200611052010530       9690       1382     0 2454045.340926  1.417692e+01  1.872658e-01  1.417692e+01  1.872658e-01 
   89842315   2.523788e+00   3.676678e-01   2.523788e+00   3.676678e-01 223200611052011520       9691       1380     0 2454045.341609  1.399487e+01  1.581716e-01  1.399487e+01  1.581716e-01 
   89928378   2.297325e+00   2.785584e-01   2.297325e+00   2.785584e-01 223200611062006190       9694       1404     0 2454046.337708  1.409694e+01  1.316496e-01  1.409694e+01  1.316496e-01 
   89928432   2.450356e+00   2.811165e-01   2.450356e+00   2.811165e-01 223200611062007140       9694       1401     0 2454046.338333  1.402693e+01  1.245613e-01  1.402693e+01  1.245613e-01 
   89928496   2.617032e+00   2.822614e-01   2.617032e+00   2.822614e-01 223200611062008180       9694       1399     0 2454046.339074  1.395548e+01  1.171031e-01  1.395548e+01  1.171031e-01 
   90014497   2.246157e+00   1.847439e-01   2.246157e+00   1.847439e-01 223200611072001430       9701       1416     0 2454047.334456  1.412140e+01  8.930089e-02  1.412140e+01  8.930089e-02 
   90014551   2.239146e+00   1.804364e-01   2.239146e+00   1.804364e-01 223200611072002370       9701       1412     0 2454047.335081  1.412479e+01  8.749186e-02  1.412479e+01  8.749186e-02 
   90014640   2.314219e+00   1.651848e-01   2.314219e+00   1.651848e-01 223200611072004050       9697       1434     0 2454047.336111  1.408899e+01  7.749820e-02  1.408899e+01  7.749820e-02 
   90014702   2.351127e+00   1.699813e-01   2.351127e+00   1.699813e-01 223200611072005080       9696       1430     0 2454047.336829  1.407181e+01  7.849663e-02  1.407181e+01  7.849663e-02 
   90272986   1.916360e+00   1.000205e-01   1.916360e+00   1.000205e-01 223200611101950030       9697       1398     0 2454050.326227  1.429381e+01  5.666795e-02  1.429381e+01  5.666795e-02 
   90273040   1.894682e+00   9.937425e-02   1.894682e+00   9.937425e-02 223200611101950570       9697       1395     0 2454050.326852  1.430616e+01  5.694603e-02  1.430616e+01  5.694603e-02 
   90273088   1.994975e+00   1.013151e-01   1.994975e+00   1.013151e-01 223200611101951450       9696       1391     0 2454050.327407  1.425016e+01  5.513946e-02  1.425016e+01  5.513946e-02 
   90273153   1.811732e+00   9.804000e-02   1.811732e+00   9.804000e-02 223200611101952500       9696       1389     0 2454050.328160  1.435476e+01  5.875370e-02  1.435476e+01  5.875370e-02 
   90617601   1.901446e+00   9.473569e-02   1.901446e+00   9.473569e-02 223200611141933540       9687       1424     0 2454054.314826  1.430229e+01  5.409481e-02  1.430229e+01  5.409481e-02 
   90617663   1.936594e+00   9.483686e-02   1.936594e+00   9.483686e-02 223200611141934560       9688       1420     0 2454054.315544  1.428240e+01  5.316973e-02  1.428240e+01  5.316973e-02 
   90617723   2.019240e+00   9.429005e-02   2.019240e+00   9.429005e-02 223200611141935570       9692       1392     0 2454054.316238  1.423703e+01  5.069951e-02  1.423703e+01  5.069951e-02 
   90617774   2.055309e+00   9.460080e-02   2.055309e+00   9.460080e-02 223200611141936470       9692       1390     0 2454054.316829  1.421781e+01  4.997393e-02  1.421781e+01  4.997393e-02 
   93120142   2.503119e+00   2.196487e-01   2.503119e+00   2.196487e-01 223200612131844400      10360       1236     0 2454083.279421  1.400380e+01  9.527371e-02  1.400380e+01  9.527371e-02 
   93120201   2.367573e+00   2.050088e-01   2.367573e+00   2.050088e-01 223200612131845380      10360       1234     0 2454083.280104  1.406424e+01  9.401456e-02  1.406424e+01  9.401456e-02 
   93120277   2.294102e+00   1.863651e-01   2.294102e+00   1.863651e-01 223200612131846550      10357       1255     0 2454083.280984  1.409847e+01  8.820185e-02  1.409847e+01  8.820185e-02 
   93120341   2.144040e+00   1.744046e-01   2.144040e+00   1.744046e-01 223200612131847580      10360       1228     0 2454083.281725  1.417192e+01  8.831833e-02  1.417192e+01  8.831833e-02 
   93292976   2.850545e+00   2.647392e-01   2.850545e+00   2.647392e-01 223200612151845190      10333       1208     0 2454085.279815  1.386268e+01  1.008362e-01  1.386268e+01  1.008362e-01 
   93293030   2.398274e+00   2.481567e-01   2.398274e+00   2.481567e-01 223200612151846130      10333       1206     0 2454085.280440  1.405025e+01  1.123448e-01  1.405025e+01  1.123448e-01 
   93293084   2.332536e+00   2.316062e-01   2.332536e+00   2.316062e-01 223200612151847070      10332       1204     0 2454085.281065  1.408043e+01  1.078072e-01  1.408043e+01  1.078072e-01 
   93293138   2.345248e+00   2.166627e-01   2.345248e+00   2.166627e-01 223200612151848010      10332       1201     0 2454085.281690  1.407453e+01  1.003047e-01  1.407453e+01  1.003047e-01 
   93467317   2.104198e+00   1.054625e-01   2.104198e+00   1.054625e-01 223200612171911070      10684       1030     0 2454087.297650  1.419228e+01  5.441735e-02  1.419228e+01  5.441735e-02 
   93467373   2.019411e+00   1.036260e-01   2.019411e+00   1.036260e-01 223200612171912030      10682       1027     0 2454087.298299  1.423694e+01  5.571473e-02  1.423694e+01  5.571473e-02 
   93467433   1.852571e+00   1.019512e-01   1.852571e+00   1.019512e-01 223200612171913020      10681       1025     0 2454087.298993  1.433056e+01  5.975072e-02  1.433056e+01  5.975072e-02 
   93467503   2.019321e+00   1.020283e-01   2.019321e+00   1.020283e-01 223200612171914130      10675       1046     0 2454087.299803  1.423699e+01  5.485814e-02  1.423699e+01  5.485814e-02 
   93556675   1.943880e+00   9.428578e-02   1.943880e+00   9.428578e-02 223200612182000260       9744        964     0 2454088.331887  1.427833e+01  5.266264e-02  1.427833e+01  5.266264e-02 
   93556733   1.880119e+00   9.326880e-02   1.880119e+00   9.326880e-02 223200612182001250       9744        963     0 2454088.332558  1.431454e+01  5.386132e-02  1.431454e+01  5.386132e-02 
   93556802   1.880979e+00   9.371071e-02   1.880979e+00   9.371071e-02 223200612182002330       9743        960     0 2454088.333356  1.431404e+01  5.409176e-02  1.431404e+01  5.409176e-02 
   93556866   1.817330e+00   9.417199e-02   1.817330e+00   9.417199e-02 223200612182003370       9742        958     0 2454088.334097  1.435142e+01  5.626183e-02  1.435142e+01  5.626183e-02 
   93725374   2.402968e+00   2.156837e-01   2.402968e+00   2.156837e-01 223200612201852110       9803       1120     0 2454090.284421  1.404813e+01  9.745298e-02  1.404813e+01  9.745298e-02 
   93725433   2.644444e+00   2.039403e-01   2.644444e+00   2.039403e-01 223200612201853100       9802       1117     0 2454090.285104  1.394416e+01  8.373257e-02  1.394416e+01  8.373257e-02 
   93725490   2.411358e+00   1.926793e-01   2.411358e+00   1.926793e-01 223200612201854080       9801       1115     0 2454090.285764  1.404435e+01  8.675596e-02  1.404435e+01  8.675596e-02 
   93725552   2.559825e+00   1.802004e-01   2.559825e+00   1.802004e-01 223200612201855100       9801       1113     0 2454090.286481  1.397947e+01  7.643134e-02  1.397947e+01  7.643134e-02 
   94935178   2.722823e+00   3.679265e-01   2.722823e+00   3.679265e-01 224200701031856070      20809        695     0 2454104.286782  1.391245e+01  1.467126e-01  1.391245e+01  1.467126e-01 
   94935178   2.291101e+00   4.026142e-01   2.291101e+00   4.026142e-01 223200701031856070       9743        966     0 2454104.286782  1.409989e+01  1.907967e-01  1.409989e+01  1.907967e-01 
   94935244   2.795875e+00   3.633760e-01   2.795875e+00   3.633760e-01 224200701031857140      20808        694     0 2454104.287546  1.388371e+01  1.411121e-01  1.388371e+01  1.411121e-01 
   94935244   2.447701e+00   3.959000e-01   2.447701e+00   3.959000e-01 223200701031857140       9743        965     0 2454104.287546  1.402810e+01  1.756115e-01  1.402810e+01  1.756115e-01 
   94935302   2.443697e+00   3.587542e-01   2.443697e+00   3.587542e-01 224200701031858120      20809        694     0 2454104.288218  1.402988e+01  1.593953e-01  1.402988e+01  1.593953e-01 
   94935302   3.261101e+00   3.884913e-01   3.261101e+00   3.884913e-01 223200701031858120       9742        963     0 2454104.288218  1.371659e+01  1.293430e-01  1.371659e+01  1.293430e-01 
   94935367   2.593149e+00   3.542576e-01   2.593149e+00   3.542576e-01 224200701031859170      20809        694     0 2454104.288970  1.396543e+01  1.483261e-01  1.396543e+01  1.483261e-01 
   94935367   3.042565e+00   3.813825e-01   3.042565e+00   3.813825e-01 223200701031859170       9741        961     0 2454104.288970  1.379190e+01  1.360964e-01  1.379190e+01  1.360964e-01 
   95021608   2.247419e+00   2.783501e-01   2.247419e+00   2.783501e-01 224200701041856390      20811        679     0 2454105.287130  1.412079e+01  1.344724e-01  1.412079e+01  1.344724e-01 
   95021608   2.558033e+00   2.993347e-01   2.558033e+00   2.993347e-01 223200701041856390       9741        982     0 2454105.287130  1.398024e+01  1.270506e-01  1.398024e+01  1.270506e-01 
   95021680   2.784608e+00   2.631333e-01   2.784608e+00   2.631333e-01 224200701041857500      20807        704     0 2454105.287963  1.388809e+01  1.025977e-01  1.388809e+01  1.025977e-01 
   95021680   2.502998e+00   2.801677e-01   2.502998e+00   2.801677e-01 223200701041857500       9744        955     0 2454105.287963  1.400385e+01  1.215300e-01  1.400385e+01  1.215300e-01 
   95021745   3.054998e+00   2.528623e-01   3.054998e+00   2.528623e-01 224200701041858560      20808        703     0 2454105.288715  1.378747e+01  8.986674e-02  1.378747e+01  8.986674e-02 
   95021745   2.292798e+00   2.677433e-01   2.292798e+00   2.677433e-01 223200701041858560       9743        953     0 2454105.288715  1.409909e+01  1.267882e-01  1.409909e+01  1.267882e-01 
   95021801   2.625798e+00   2.449018e-01   2.625798e+00   2.449018e-01 224200701041859510      20808        703     0 2454105.289363  1.395185e+01  1.012643e-01  1.395185e+01  1.012643e-01 
   95021801   2.710500e+00   2.587538e-01   2.710500e+00   2.587538e-01 223200701041859510       9742        952     0 2454105.289363  1.391738e+01  1.036486e-01  1.391738e+01  1.036486e-01 
   95107909   2.194018e+00   2.376890e-01   2.194018e+00   2.376890e-01 224200701051855020      20830        716     0 2454106.285984  1.414690e+01  1.176237e-01  1.414690e+01  1.176237e-01 
   95107909   2.192619e+00   2.603295e-01   2.192619e+00   2.603295e-01 223200701051855020       9717        948     0 2454106.285984  1.414759e+01  1.289098e-01  1.414759e+01  1.289098e-01 
   95107965   2.606397e+00   2.254376e-01   2.606397e+00   2.254376e-01 224200701051855570      20830        716     0 2454106.286632  1.395990e+01  9.390993e-02  1.395990e+01  9.390993e-02 
   95107965   2.353785e+00   2.423812e-01   2.353785e+00   2.423812e-01 223200701051855570       9717        946     0 2454106.286632  1.407058e+01  1.118042e-01  1.407058e+01  1.118042e-01 
   95108019   2.597810e+00   2.131403e-01   2.597810e+00   2.131403e-01 224200701051856510      20831        716     0 2454106.287257  1.396348e+01  8.908078e-02  1.396348e+01  8.908078e-02 
   95108019   2.536404e+00   2.268767e-01   2.536404e+00   2.268767e-01 223200701051856510       9716        944     0 2454106.287257  1.398945e+01  9.711745e-02  1.398945e+01  9.711745e-02 
   95108073   2.871448e+00   2.022486e-01   2.871448e+00   2.022486e-01 224200701051857460      20831        716     0 2454106.287882  1.385475e+01  7.647341e-02  1.385475e+01  7.647341e-02 
   95108073   2.366134e+00   2.127773e-01   2.366134e+00   2.127773e-01 223200701051857460       9715        942     0 2454106.287882  1.406490e+01  9.763641e-02  1.406490e+01  9.763641e-02 
   95280696   2.088158e+00   2.143381e-01   2.088158e+00   2.143381e-01 224200701071854530      20852        703     0 2454108.285833  1.420059e+01  1.114453e-01  1.420059e+01  1.114453e-01 
   95280697   2.469522e+00   2.281730e-01   2.469522e+00   2.281730e-01 223200701071854540       9695        929     0 2454108.285845  1.401847e+01  1.003176e-01  1.401847e+01  1.003176e-01 
   95280826   2.600102e+00   1.912206e-01   2.600102e+00   1.912206e-01 224200701071857030      20840        647     0 2454108.287338  1.396252e+01  7.984913e-02  1.396252e+01  7.984913e-02 
   95280826   2.429958e+00   1.991583e-01   2.429958e+00   1.991583e-01 223200701071857030       9714        953     0 2454108.287338  1.403600e+01  8.898678e-02  1.403600e+01  8.898678e-02 
   95280882   2.669059e+00   1.812810e-01   2.669059e+00   1.812810e-01 224200701071857590      20841        647     0 2454108.287986  1.393410e+01  7.374283e-02  1.393410e+01  7.374283e-02 
   95280882   2.320679e+00   1.857427e-01   2.320679e+00   1.857427e-01 223200701071857590       9712        950     0 2454108.287986  1.408596e+01  8.690056e-02  1.408596e+01  8.690056e-02 
   95280938   2.344516e+00   1.722316e-01   2.344516e+00   1.722316e-01 224200701071858540      20841        647     0 2454108.288634  1.407487e+01  7.976004e-02  1.407487e+01  7.976004e-02 
   95280938   2.178198e+00   1.730117e-01   2.178198e+00   1.730117e-01 223200701071858540       9711        948     0 2454108.288634  1.415476e+01  8.623904e-02  1.415476e+01  8.623904e-02 
   95367160   2.238183e+00   2.350237e-01   2.238183e+00   2.350237e-01 224200701081855580      20849        725     0 2454109.286574  1.412526e+01  1.140097e-01  1.412526e+01  1.140097e-01 
   95367160   2.620261e+00   2.617816e-01   2.620261e+00   2.617816e-01 223200701081855580       9697        920     0 2454109.286574  1.395414e+01  1.084727e-01  1.395414e+01  1.084727e-01 
   95367214   2.602026e+00   2.209611e-01   2.602026e+00   2.209611e-01 224200701081856520      20848        724     0 2454109.287199  1.396172e+01  9.219980e-02  1.396172e+01  9.219980e-02 
   95367216   2.515846e+00   2.445916e-01   2.515846e+00   2.445916e-01 223200701081856530       9697        919     0 2454109.287222  1.399829e+01  1.055561e-01  1.399829e+01  1.055561e-01 
   95367271   2.657597e+00   2.085873e-01   2.657597e+00   2.085873e-01 224200701081857490      20849        723     0 2454109.287859  1.393878e+01  8.521667e-02  1.393878e+01  8.521667e-02 
   95367271   2.562613e+00   2.276019e-01   2.562613e+00   2.276019e-01 223200701081857490       9695        917     0 2454109.287859  1.397829e+01  9.643149e-02  1.397829e+01  9.643149e-02 
   95367327   2.712149e+00   1.968251e-01   2.712149e+00   1.968251e-01 224200701081858450      20849        722     0 2454109.288507  1.391672e+01  7.879392e-02  1.391672e+01  7.879392e-02 
   95367327   2.336144e+00   2.123047e-01   2.336144e+00   2.123047e-01 223200701081858450       9695        916     0 2454109.288507  1.407875e+01  9.867012e-02  1.407875e+01  9.867012e-02 
   95453545   2.977562e+00   2.369360e-01   2.977562e+00   2.369360e-01 224200701091855450      20843        745     0 2454110.286400  1.381535e+01  8.639649e-02  1.381535e+01  8.639649e-02 
   95453545   2.452929e+00   2.528140e-01   2.452929e+00   2.528140e-01 223200701091855450       9700        916     0 2454110.286400  1.402579e+01  1.119031e-01  1.402579e+01  1.119031e-01 
   95453601   2.765863e+00   2.238069e-01   2.765863e+00   2.238069e-01 224200701091856400      20842        744     0 2454110.287049  1.389542e+01  8.785542e-02  1.389542e+01  8.785542e-02 
   95453601   2.280913e+00   2.361071e-01   2.280913e+00   2.361071e-01 223200701091856400       9700        915     0 2454110.287049  1.410473e+01  1.123896e-01  1.410473e+01  1.123896e-01 
   95453655   2.475045e+00   2.110438e-01   2.475045e+00   2.110438e-01 224200701091857350      20842        743     0 2454110.287674  1.401604e+01  9.257957e-02  1.401604e+01  9.257957e-02 
   95453655   2.460630e+00   2.202642e-01   2.460630e+00   2.202642e-01 223200701091857350       9699        914     0 2454110.287674  1.402238e+01  9.719040e-02  1.402238e+01  9.719040e-02 
   95453711   2.833600e+00   2.008933e-01   2.833600e+00   2.008933e-01 224200701091858300      20843        743     0 2454110.288322  1.386915e+01  7.697553e-02  1.386915e+01  7.697553e-02 
   95453711   2.337467e+00   2.050492e-01   2.337467e+00   2.050492e-01 223200701091858300       9697        913     0 2454110.288322  1.407814e+01  9.524418e-02  1.407814e+01  9.524418e-02 
   95539935   2.846901e+00   2.296769e-01   2.846901e+00   2.296769e-01 224200701101855350      20848        751     0 2454111.286285  1.386407e+01  8.759328e-02  1.386407e+01  8.759328e-02 
   95539935   3.076251e+00   2.488583e-01   3.076251e+00   2.488583e-01 223200701101855350       9697        910     0 2454111.286285  1.377995e+01  8.783273e-02  1.377995e+01  8.783273e-02 
   95539989   2.752192e+00   2.168039e-01   2.752192e+00   2.168039e-01 224200701101856300      20848        751     0 2454111.286910  1.390080e+01  8.552913e-02  1.390080e+01  8.552913e-02 
   95539989   2.486124e+00   2.328607e-01   2.486124e+00   2.328607e-01 223200701101856300       9696        909     0 2454111.286910  1.401119e+01  1.016949e-01  1.401119e+01  1.016949e-01 
   95540043   2.664320e+00   2.063154e-01   2.664320e+00   2.063154e-01 224200701101857240      20847        750     0 2454111.287535  1.393603e+01  8.407582e-02  1.393603e+01  8.407582e-02 
   95540043   2.267858e+00   2.190523e-01   2.267858e+00   2.190523e-01 223200701101857240       9696        908     0 2454111.287535  1.411096e+01  1.048716e-01  1.411096e+01  1.048716e-01 
   95540099   2.314579e+00   1.955713e-01   2.314579e+00   1.955713e-01 224200701101858190      20848        749     0 2454111.288183  1.408882e+01  9.174004e-02  1.408882e+01  9.174004e-02 
   95540099   2.196077e+00   2.068345e-01   2.196077e+00   2.068345e-01 223200701101858190       9695        907     0 2454111.288183  1.414588e+01  1.022589e-01  1.414588e+01  1.022589e-01 
   95626318   2.367732e+00   2.499428e-01   2.367732e+00   2.499428e-01 224200701111855200      20870        741     0 2454112.286088  1.406417e+01  1.146130e-01  1.406417e+01  1.146130e-01 
   95626319   2.691236e+00   2.611241e-01   2.691236e+00   2.611241e-01 223200701111855210       9679        890     0 2454112.286100  1.392512e+01  1.053467e-01  1.392512e+01  1.053467e-01 
   95626375   2.707173e+00   2.360104e-01   2.707173e+00   2.360104e-01 224200701111856160      20869        740     0 2454112.286748  1.391871e+01  9.465443e-02  1.391871e+01  9.465443e-02 
   95626375   2.405362e+00   2.440435e-01   2.405362e+00   2.440435e-01 223200701111856160       9678        889     0 2454112.286748  1.404705e+01  1.101571e-01  1.404705e+01  1.101571e-01 
   95626429   2.400781e+00   2.235632e-01   2.400781e+00   2.235632e-01 224200701111857110      20869        739     0 2454112.287373  1.404912e+01  1.011052e-01  1.404912e+01  1.011052e-01 
   95626429   2.579460e+00   2.293188e-01   2.579460e+00   2.293188e-01 223200701111857110       9678        888     0 2454112.287373  1.397118e+01  9.652428e-02  1.397118e+01  9.652428e-02 
   95626485   2.734782e+00   2.120671e-01   2.734782e+00   2.120671e-01 224200701111858070      20869        739     0 2454112.288021  1.390769e+01  8.419308e-02  1.390769e+01  8.419308e-02 
   95626485   2.575625e+00   2.156515e-01   2.575625e+00   2.156515e-01 223200701111858070       9677        887     0 2454112.288021  1.397279e+01  9.090663e-02  1.397279e+01  9.090663e-02 
   95712701   2.892874e+00   2.422978e-01   2.892874e+00   2.422978e-01 223200701121855050       9708        884     0 2454113.285891  1.384668e+01  9.093806e-02  1.384668e+01  9.093806e-02 
   95712703   2.925834e+00   2.337458e-01   2.925834e+00   2.337458e-01 224200701121855060      20841        741     0 2454113.285914  1.383438e+01  8.674011e-02  1.383438e+01  8.674011e-02 
   95712757   2.703333e+00   2.214157e-01   2.703333e+00   2.214157e-01 224200701121856000      20841        741     0 2454113.286539  1.392025e+01  8.892721e-02  1.392025e+01  8.892721e-02 
   95712757   2.375754e+00   2.268759e-01   2.375754e+00   2.268759e-01 223200701121856000       9707        884     0 2454113.286539  1.406050e+01  1.036843e-01  1.406050e+01  1.036843e-01 
   95712811   2.700060e+00   2.102104e-01   2.700060e+00   2.102104e-01 224200701121856550      20841        740     0 2454113.287164  1.392157e+01  8.452918e-02  1.392157e+01  8.452918e-02 
   95712811   2.548638e+00   2.140402e-01   2.548638e+00   2.140402e-01 223200701121856550       9706        882     0 2454113.287164  1.398423e+01  9.118283e-02  1.398423e+01  9.118283e-02 
   95712865   2.341406e+00   2.017214e-01   2.341406e+00   2.017214e-01 223200701121857490       9706        881     0 2454113.287789  1.407631e+01  9.354077e-02  1.407631e+01  9.354077e-02 
   95712867   2.782403e+00   2.000803e-01   2.782403e+00   2.000803e-01 224200701121857500      20841        740     0 2454113.287812  1.388895e+01  7.807469e-02  1.388895e+01  7.807469e-02 
   95799123   2.731857e+00   2.035333e-01   2.731857e+00   2.035333e-01 224200701131855270      20842        756     0 2454114.286146  1.390886e+01  8.089157e-02  1.390886e+01  8.089157e-02 
   95799123   2.551855e+00   2.161684e-01   2.551855e+00   2.161684e-01 223200701131855270       9703        900     0 2454114.286146  1.398286e+01  9.197338e-02  1.398286e+01  9.197338e-02 
   95799177   2.729187e+00   1.939326e-01   2.729187e+00   1.939326e-01 224200701131856210      20842        756     0 2454114.286771  1.390992e+01  7.715131e-02  1.390992e+01  7.715131e-02 
   95799177   2.385642e+00   2.033561e-01   2.385642e+00   2.033561e-01 223200701131856210       9703        898     0 2454114.286771  1.405599e+01  9.255031e-02  1.405599e+01  9.255031e-02 
   95799301   2.689691e+00   1.723697e-01   2.689691e+00   1.723697e-01 224200701131858250      20832        763     0 2454114.288206  1.392574e+01  6.957999e-02  1.392574e+01  6.957999e-02 
   95799301   2.360803e+00   1.779983e-01   2.360803e+00   1.779983e-01 223200701131858250       9705        902     0 2454114.288206  1.406735e+01  8.186191e-02  1.406735e+01  8.186191e-02 
   95799355   2.558038e+00   1.651179e-01   2.558038e+00   1.651179e-01 224200701131859190      20833        763     0 2454114.288831  1.398023e+01  7.008304e-02  1.398023e+01  7.008304e-02 
   95799355   2.417961e+00   1.691355e-01   2.417961e+00   1.691355e-01 223200701131859190       9704        900     0 2454114.288831  1.404138e+01  7.594714e-02  1.404138e+01  7.594714e-02 
   95885593   2.490366e+00   1.949202e-01   2.490366e+00   1.949202e-01 224200701141856390      20844        762     0 2454115.286956  1.400934e+01  8.498055e-02  1.400934e+01  8.498055e-02 
   95885593   2.267922e+00   2.008274e-01   2.267922e+00   2.008274e-01 223200701141856390       9699        878     0 2454115.286956  1.411093e+01  9.614367e-02  1.411093e+01  9.614367e-02 
   95885648   2.557025e+00   1.860597e-01   2.557025e+00   1.860597e-01 224200701141857330      20843        761     0 2454115.287593  1.398066e+01  7.900294e-02  1.398066e+01  7.900294e-02 
   95885649   2.639524e+00   1.902423e-01   2.639524e+00   1.902423e-01 223200701141857340       9699        876     0 2454115.287604  1.394619e+01  7.825411e-02  1.394619e+01  7.825411e-02 
   95885703   2.838246e+00   1.779930e-01   2.838246e+00   1.779930e-01 224200701141858280      20843        760     0 2454115.288229  1.386738e+01  6.808929e-02  1.386738e+01  6.808929e-02 
   95885703   2.431360e+00   1.787959e-01   2.431360e+00   1.787959e-01 223200701141858290       9699        875     0 2454115.288229  1.403538e+01  7.984253e-02  1.403538e+01  7.984253e-02 
   95885834   2.489503e+00   1.589791e-01   2.489503e+00   1.589791e-01 224200701141900400      20846        757     0 2454115.289745  1.400972e+01  6.933510e-02  1.400972e+01  6.933510e-02 
   95885835   2.245394e+00   1.560413e-01   2.245394e+00   1.560413e-01 223200701141900410       9696        876     0 2454115.289757  1.412177e+01  7.545237e-02  1.412177e+01  7.545237e-02 
  105941748   2.272032e+00   2.811164e-01   2.272032e+00   2.811164e-01 223200705110414520       9669       1705     0 2454231.677639  1.410896e+01  1.343376e-01  1.410896e+01  1.343376e-01 
  105941804   2.294194e+00   2.975554e-01   2.294194e+00   2.975554e-01 223200705110415490       9673       1704     0 2454231.678287  1.409842e+01  1.408197e-01  1.409842e+01  1.408197e-01 
  105941863   2.234297e+00   3.152134e-01   2.234297e+00   3.152134e-01 223200705110416470       9675       1703     0 2454231.678970  1.412715e+01  1.531756e-01  1.412715e+01  1.531756e-01 
  105941918   1.967625e+00   3.401888e-01   1.967625e+00   3.401888e-01 223200705110417430       9677       1703     0 2454231.679606  1.426514e+01  1.877170e-01  1.426514e+01  1.877170e-01 
  106027802   2.002277e+00   1.691989e-01   2.002277e+00   1.691989e-01 223200705120409040       9694       1681     0 2454232.673634  1.424619e+01  9.174853e-02  1.424619e+01  9.174853e-02 
  106027928   2.330881e+00   1.840339e-01   2.330881e+00   1.840339e-01 223200705120411090       9681       1693     0 2454232.675093  1.408120e+01  8.572420e-02  1.408120e+01  8.572420e-02 
  106027982   2.383573e+00   1.941124e-01   2.383573e+00   1.941124e-01 223200705120412040       9684       1692     0 2454232.675718  1.405693e+01  8.842004e-02  1.405693e+01  8.842004e-02 
  106028036   2.230548e+00   2.054228e-01   2.230548e+00   2.054228e-01 223200705120412580       9686       1692     0 2454232.676343  1.412897e+01  9.999147e-02  1.412897e+01  9.999147e-02 
  106114057   2.046318e+00   1.708542e-01   2.046318e+00   1.708542e-01 223200705130406340       9670       1705     0 2454233.671956  1.422257e+01  9.065221e-02  1.422257e+01  9.065221e-02 
  106114111   1.989539e+00   1.758887e-01   1.989539e+00   1.758887e-01 223200705130407290       9674       1704     0 2454233.672581  1.425312e+01  9.598679e-02  1.425312e+01  9.598679e-02 
  106114167   2.250903e+00   1.814844e-01   2.250903e+00   1.814844e-01 223200705130408240       9676       1704     0 2454233.673229  1.411911e+01  8.754034e-02  1.411911e+01  8.754034e-02 
  106114221   2.018278e+00   1.860888e-01   2.018278e+00   1.860888e-01 223200705130409190       9678       1704     0 2454233.673854  1.423755e+01  1.001071e-01  1.423755e+01  1.001071e-01 
  124569532   2.966267e+00   2.955912e-01   2.966267e+00   2.955912e-01 221200712121841060      10716       7198     0 2454447.276991  1.381947e+01  1.081950e-01  1.381947e+01  1.081950e-01 
  124569725   2.751932e+00   2.600038e-01   2.751932e+00   2.600038e-01 223200712121844190       9162       5691     0 2454447.279225  1.390091e+01  1.025812e-01  1.390091e+01  1.025812e-01 
  124571591   3.115637e+00   1.030083e-01   3.115637e+00   1.030083e-01 222200712121915250      12478      22445     0 2454447.300822  1.376613e+01  3.589643e-02  1.376613e+01  3.589643e-02 
  124571655   2.832452e+00   9.339020e-02   2.832452e+00   9.339020e-02 221200712121916280      10665       7323     0 2454447.301563  1.386959e+01  3.579849e-02  1.386959e+01  3.579849e-02 
  124571715   2.073690e+00   8.274478e-02   2.073690e+00   8.274478e-02 223200712121917280       9177       5653     0 2454447.302257  1.420814e+01  4.332341e-02  1.420814e+01  4.332341e-02 
  124572799   3.095256e+00   1.022545e-01   3.095256e+00   1.022545e-01 222200712121935320      12453      22467     0 2454447.314803  1.377326e+01  3.586836e-02  1.377326e+01  3.586836e-02 
  124572990   2.814168e+00   9.033127e-02   2.814168e+00   9.033127e-02 221200712121938430      10703       7392     0 2454447.317014  1.387663e+01  3.485090e-02  1.387663e+01  3.485090e-02 
  124573049   1.937014e+00   8.089357e-02   1.937014e+00   8.089357e-02 223200712121939430       9162       5580     0 2454447.317697  1.428217e+01  4.534267e-02  1.428217e+01  4.534267e-02 
