\OBJNAME = '1SWASP J000603.74-731314.9'
\OBSSTART = '2006-05-11T04:14:48'
\OBSSTOP = '2007-12-12T19:38:43'
\TSTART = 74405753
\TSTOP = 124572981
\JD_REF = 2453005.5
\RA_OBJ = '1.515622'
\DEC_OBJ = '-73.220808'
\WASP_MAG = 14.74802
\HJD_START = 2453866.677697
\HJD_STOP = 2454447.316910
\fixlen = T
\NUMRECORDS = 349
\
\ This file was produced by the NASA Exoplanet Archive  http://exoplanetarchive.ipac.caltech.edu 
\ Sun Sep 15, 00:20:39 2013
\ Documentation for the SuperWASP dataset can be found at http://exoplanetarchive.ipac.caltech.edu/docs/SuperWASPMission.html
\
|TMID      |FLUX2         |FLUX2_ERR     |TAMFLUX2      |TAMFLUX2_ERR  |IMAGEID           |CCDX      |CCDY      |FLAG |           HJD|         MAG2|     MAG2_ERR|      TAMMAG2|  TAMMAG2_ERR|
|int       |float         |float         |float         |float         |char              |int       |int       |int  |        double|        float|        float|        float|        float|
|sec       |micro Vega    |micro Vega    |micro Vega    |micro Vega    |                  |1/16 pixel|1/16 pixel|     |           day|          mag|          mag|          mag|          mag|
|null      |null          |null          |null          |null          |null              |null      |null      |null |          null|         null|         null|         null|         null|
   74405753   1.631425e+00   2.089728e-01   1.631425e+00   2.089728e-01 223200605110414480       6187       4892     0 2453866.677697  1.446858e+01  1.390748e-01  1.446858e+01  1.390748e-01 
   74405955   1.380712e+00   2.852318e-01   1.380712e+00   2.852318e-01 223200605110418100       6205       4863     0 2453866.680035  1.464974e+01  2.242955e-01  1.464974e+01  2.242955e-01 
   74491866   1.476303e+00   2.283480e-01   1.476303e+00   2.283480e-01 223200605120409570       6211       4825     0 2453867.674375  1.457706e+01  1.679375e-01  1.457706e+01  1.679375e-01 
   74492004   1.286596e+00   2.407704e-01   1.286596e+00   2.407704e-01 223200605120412150       6219       4821     0 2453867.675972  1.472639e+01  2.031826e-01  1.472639e+01  2.031826e-01 
   74492057   1.924115e+00   2.491202e-01   1.924115e+00   2.491202e-01 223200605120413070       6222       4820     0 2453867.676586  1.428942e+01  1.405736e-01  1.428942e+01  1.405736e-01 
   74750389   1.373375e+00   3.218465e-01   1.373375e+00   3.218465e-01 223200605150358270       6207       4828     0 2453870.666539  1.465553e+01  2.544401e-01  1.465553e+01  2.544401e-01 
   74750449   1.298663e+00   3.256194e-01   1.298663e+00   3.256194e-01 223200605150359270       6212       4823     0 2453870.667234  1.471626e+01  2.722324e-01  1.471626e+01  2.722324e-01 
   74750503   1.521554e+00   3.245464e-01   1.521554e+00   3.245464e-01 223200605150400210       6216       4823     0 2453870.667859  1.454428e+01  2.315875e-01  1.454428e+01  2.315875e-01 
   74750562   1.355591e+00   3.261498e-01   1.355591e+00   3.261498e-01 223200605150401200       6219       4822     0 2453870.668542  1.466968e+01  2.612246e-01  1.466968e+01  2.612246e-01 
   75613649   1.242700e+00   1.185476e-01   1.242700e+00   1.185476e-01 223200605250345300       6284       4837     0 2453880.657975  1.476408e+01  1.035744e-01  1.476408e+01  1.035744e-01 
   75613712   1.293726e+00   1.185819e-01   1.293726e+00   1.185819e-01 223200605250346340       6294       4810     0 2453880.658704  1.472039e+01  9.951808e-02  1.472039e+01  9.951808e-02 
   75613770   1.027621e+00   1.172272e-01   1.027621e+00   1.172272e-01 223200605250347310       6298       4809     0 2453880.659375  1.497042e+01  1.238573e-01  1.497042e+01  1.238573e-01 
   75613838   1.288066e+00   1.177455e-01   1.288066e+00   1.177455e-01 223200605250348400       6294       4830     0 2453880.660162  1.472515e+01  9.925029e-02  1.472515e+01  9.925029e-02 
   75700104   1.174697e+00   1.161998e-01   1.174697e+00   1.161998e-01 223200605260346210       6304       4827     0 2453881.658611  1.482518e+01  1.074002e-01  1.482518e+01  1.074002e-01 
   75700167   1.200562e+00   1.151899e-01   1.200562e+00   1.151899e-01 223200605260347250       6312       4798     0 2453881.659340  1.480154e+01  1.041731e-01  1.480154e+01  1.041731e-01 
   75700234   1.251712e+00   1.152150e-01   1.251712e+00   1.152150e-01 223200605260348310       6310       4820     0 2453881.660116  1.475624e+01  9.993795e-02  1.475624e+01  9.993795e-02 
   75700303   1.181515e+00   1.146655e-01   1.181515e+00   1.146655e-01 223200605260349400       6317       4792     0 2453881.660914  1.481890e+01  1.053706e-01  1.481890e+01  1.053706e-01 
   76132323   1.198538e+00   9.398222e-02   1.198538e+00   9.398222e-02 223200605310349440       6367       4799     0 2453886.661146  1.480337e+01  8.513729e-02  1.480337e+01  8.513729e-02 
   76132390   9.830416e-01   9.474245e-02   9.830416e-01   9.474245e-02 223200605310350510       6375       4770     0 2453886.661921  1.501857e+01  1.046402e-01  1.501857e+01  1.046402e-01 
   76132439   1.043220e+00   9.532613e-02   1.043220e+00   9.532613e-02 223200605310351390       6376       4768     0 2453886.662488  1.495406e+01  9.921143e-02  1.495406e+01  9.921143e-02 
   76132501   1.040399e+00   9.452935e-02   1.040399e+00   9.452935e-02 223200605310352410       6379       4767     0 2453886.663206  1.495700e+01  9.864899e-02  1.495700e+01  9.864899e-02 
   76218794   1.196350e+00   9.849165e-02   1.196350e+00   9.849165e-02 223200606010350510       6386       4761     0 2453887.661968  1.480535e+01  8.938549e-02  1.480535e+01  8.938549e-02 
   76218862   1.166712e+00   9.734971e-02   1.166712e+00   9.734971e-02 223200606010351580       6385       4782     0 2453887.662755  1.483259e+01  9.059344e-02  1.483259e+01  9.059344e-02 
   76218932   1.146836e+00   9.806773e-02   1.146836e+00   9.806773e-02 223200606010353090       6388       4780     0 2453887.663565  1.485125e+01  9.284332e-02  1.485125e+01  9.284332e-02 
   76219018   1.046852e+00   9.744904e-02   1.046852e+00   9.744904e-02 223200606010354350       6396       4754     0 2453887.664560  1.495029e+01  1.010691e-01  1.495029e+01  1.010691e-01 
   76478200   1.240446e+00   1.047276e-01   1.240446e+00   1.047276e-01 223200606040354060       6397       4753     0 2453890.664352  1.476606e+01  9.166618e-02  1.476606e+01  9.166618e-02 
   76478273   1.171616e+00   1.068718e-01   1.171616e+00   1.068718e-01 223200606040355190       6396       4774     0 2453890.665197  1.482804e+01  9.903838e-02  1.482804e+01  9.903838e-02 
   76478349   1.131062e+00   1.073613e-01   1.131062e+00   1.073613e-01 223200606040356360       6405       4745     0 2453890.666076  1.486628e+01  1.030593e-01  1.486628e+01  1.030593e-01 
   76478402   1.021769e+00   1.062052e-01   1.021769e+00   1.062052e-01 223200606040357280       6406       4743     0 2453890.666690  1.497662e+01  1.128545e-01  1.497662e+01  1.128545e-01 
   76564542   8.912061e-01   2.624314e-01   8.912061e-01   2.624314e-01 223200606050353060       6423       4737     0 2453891.663681  1.512505e+01  3.197153e-01  1.512505e+01  3.197153e-01 
   76564601   1.382861e+00   2.549922e-01   1.382861e+00   2.549922e-01 223200606050354050       6428       4737     0 2453891.664363  1.464805e+01  2.002047e-01  1.464805e+01  2.002047e-01 
   76564661   1.111839e+00   2.537556e-01   1.111839e+00   2.537556e-01 223200606050355050       6430       4734     0 2453891.665058  1.488489e+01  2.477989e-01  1.488489e+01  2.477989e-01 
   76564719   1.335619e+00   2.290314e-01   1.335619e+00   2.290314e-01 223200606050356020       6432       4733     0 2453891.665729  1.468579e+01  1.861822e-01  1.468579e+01  1.861822e-01 
   76650913   1.123148e+00   9.325887e-02   1.123148e+00   9.325887e-02 223200606060352330       6412       4734     0 2453892.663345  1.487391e+01  9.015277e-02  1.487391e+01  9.015277e-02 
   76651047   1.062131e+00   9.632725e-02   1.062131e+00   9.632725e-02 223200606060354480       6419       4732     0 2453892.664896  1.493455e+01  9.846837e-02  1.493455e+01  9.846837e-02 
   76651103   1.047829e+00   9.629591e-02   1.047829e+00   9.629591e-02 223200606060355430       6421       4730     0 2453892.665544  1.494927e+01  9.977994e-02  1.494927e+01  9.977994e-02 
   76651179   9.451250e-01   9.385888e-02   9.451250e-01   9.385888e-02 223200606060357000       6418       4751     0 2453892.666424  1.506128e+01  1.078231e-01  1.506128e+01  1.078231e-01 
   76737407   1.214222e+00   1.014205e-01   1.214222e+00   1.014205e-01 223200606070354040       6422       4736     0 2453893.664433  1.478926e+01  9.068877e-02  1.478926e+01  9.068877e-02 
   76737460   1.165813e+00   9.958759e-02   1.165813e+00   9.958759e-02 223200606070354570       6425       4734     0 2453893.665046  1.483343e+01  9.274747e-02  1.483343e+01  9.274747e-02 
   76737515   1.253332e+00   9.939564e-02   1.253332e+00   9.939564e-02 223200606070355530       6426       4732     0 2453893.665683  1.475484e+01  8.610474e-02  1.475484e+01  8.610474e-02 
   76737571   1.106893e+00   9.961504e-02   1.106893e+00   9.961504e-02 223200606070356480       6428       4730     0 2453893.666331  1.488974e+01  9.771134e-02  1.488974e+01  9.771134e-02 
   76823798   1.140602e+00   9.717505e-02   1.140602e+00   9.717505e-02 223200606080353510       6448       4735     0 2453894.664329  1.485717e+01  9.250103e-02  1.485717e+01  9.250103e-02 
   76823857   1.118708e+00   9.933954e-02   1.118708e+00   9.933954e-02 223200606080354510       6452       4732     0 2453894.665012  1.487821e+01  9.641208e-02  1.487821e+01  9.641208e-02 
   76823916   1.128966e+00   1.001891e-01   1.128966e+00   1.001891e-01 223200606080355500       6454       4730     0 2453894.665694  1.486830e+01  9.635298e-02  1.486830e+01  9.635298e-02 
   76824002   1.168129e+00   9.935960e-02   1.168129e+00   9.935960e-02 223200606080357160       6452       4751     0 2453894.666690  1.483127e+01  9.235170e-02  1.483127e+01  9.235170e-02 
   76910224   1.066936e+00   9.497949e-02   1.066936e+00   9.497949e-02 223200606090354140       6444       4722     0 2453895.664630  1.492965e+01  9.665346e-02  1.492965e+01  9.665346e-02 
   76910278   8.971652e-01   9.359775e-02   8.971652e-01   9.359775e-02 223200606090355080       6447       4720     0 2453895.665255  1.511782e+01  1.132710e-01  1.511782e+01  1.132710e-01 
   76910362   1.106733e+00   9.610046e-02   1.106733e+00   9.610046e-02 223200606090356320       6445       4741     0 2453895.666227  1.488989e+01  9.427755e-02  1.488989e+01  9.427755e-02 
   76910434   1.143386e+00   9.541687e-02   1.143386e+00   9.541687e-02 223200606090357440       6452       4715     0 2453895.667060  1.485452e+01  9.060626e-02  1.485452e+01  9.060626e-02 
   76996579   1.524291e+00   2.071496e-01   1.524291e+00   2.071496e-01 223200606100353270       6450       4723     0 2453896.664109  1.454233e+01  1.475510e-01  1.454233e+01  1.475510e-01 
   76996644   1.428505e+00   2.051477e-01   1.428505e+00   2.051477e-01 223200606100354320       6454       4719     0 2453896.664861  1.461279e+01  1.559231e-01  1.461279e+01  1.559231e-01 
   76996705   1.298420e+00   2.034864e-01   1.298420e+00   2.034864e-01 223200606100355320       6455       4717     0 2453896.665567  1.471646e+01  1.701556e-01  1.471646e+01  1.701556e-01 
   76996760   1.641293e+00   2.013546e-01   1.641293e+00   2.013546e-01 223200606100356270       6457       4716     0 2453896.666204  1.446203e+01  1.331991e-01  1.446203e+01  1.331991e-01 
   77082999   1.173136e+00   3.556026e-01   1.173136e+00   3.556026e-01 223200606110353440       6462       4711     0 2453897.664340  1.482663e+01  3.291110e-01  1.482663e+01  3.291110e-01 
   77083076   1.762209e+00   3.513804e-01   1.762209e+00   3.513804e-01 223200606110355000       6462       4732     0 2453897.665231  1.438486e+01  2.164941e-01  1.438486e+01  2.164941e-01 
   77083157   1.609378e+00   3.513839e-01   1.609378e+00   3.513839e-01 223200606110356210       6469       4705     0 2453897.666169  1.448335e+01  2.370553e-01  1.448335e+01  2.370553e-01 
   77083211   1.636905e+00   3.527679e-01   1.636905e+00   3.527679e-01 223200606110357160       6470       4703     0 2453897.666794  1.446494e+01  2.339868e-01  1.446494e+01  2.339868e-01 
   77169385   1.307157e+00   4.433399e-01   1.307157e+00   4.433399e-01 223200606120353260       6470       4701     0 2453898.664178  1.470918e+01  3.682432e-01  1.470918e+01  3.682432e-01 
   77514690   1.580552e+00   2.048111e+00   1.580552e+00   2.048111e+00 223200606160348210       6471       4670     0 2453902.660764  1.450298e+01  1.406923e+00  1.450298e+01  1.406923e+00 
   77514755   1.576563e+00   2.575913e+00   1.576563e+00   2.575913e+00 223200606160349260       6473       4667     0 2453902.661516  1.450572e+01  1.773968e+00  1.450572e+01  1.773968e+00 
   77601375   1.300785e+00   1.777398e-01   1.300785e+00   1.777398e-01 223200606170353030       6485       4653     0 2453903.664062  1.471449e+01  1.483559e-01  1.471449e+01  1.483559e-01 
   77601445   1.369148e+00   1.762079e-01   1.369148e+00   1.762079e-01 223200606170354120       6482       4675     0 2453903.664873  1.465887e+01  1.397336e-01  1.465887e+01  1.397336e-01 
   77601515   1.367185e+00   1.756825e-01   1.367185e+00   1.756825e-01 223200606170355220       6483       4672     0 2453903.665683  1.466043e+01  1.395170e-01  1.466043e+01  1.395170e-01 
   77601572   1.576740e+00   1.774488e-01   1.576740e+00   1.774488e-01 223200606170356190       6490       4647     0 2453903.666343  1.450560e+01  1.221909e-01  1.450560e+01  1.221909e-01 
   77687718   1.286690e+00   1.501091e-01   1.286690e+00   1.501091e-01 223200606180352030       6505       4647     0 2453904.663403  1.472631e+01  1.266657e-01  1.472631e+01  1.266657e-01 
   77687761   1.185841e+00   1.499740e-01   1.185841e+00   1.499740e-01 223200606180352470       6506       4645     0 2453904.663900  1.481493e+01  1.373142e-01  1.481493e+01  1.373142e-01 
   77687829   1.521551e+00   1.499916e-01   1.521551e+00   1.499916e-01 223200606180353550       6508       4644     0 2453904.664687  1.454428e+01  1.070302e-01  1.454428e+01  1.070302e-01 
   77687880   1.529806e+00   1.485699e-01   1.529806e+00   1.485699e-01 223200606180354460       6509       4642     0 2453904.665278  1.453841e+01  1.054436e-01  1.453841e+01  1.054436e-01 
   77774355   1.162553e+00   1.255361e-01   1.162553e+00   1.255361e-01 223200606190355570       6550       4628     0 2453905.666146  1.483647e+01  1.172416e-01  1.483647e+01  1.172416e-01 
   77774411   1.327904e+00   1.258959e-01   1.327904e+00   1.258959e-01 223200606190356530       6550       4628     0 2453905.666794  1.469208e+01  1.029368e-01  1.469208e+01  1.029368e-01 
   77774473   1.196342e+00   1.253926e-01   1.196342e+00   1.253926e-01 223200606190357560       6550       4627     0 2453905.667512  1.480536e+01  1.138000e-01  1.480536e+01  1.138000e-01 
   77774538   1.191982e+00   1.240666e-01   1.191982e+00   1.240666e-01 223200606190359000       6544       4651     0 2453905.668264  1.480933e+01  1.130085e-01  1.480933e+01  1.130085e-01 
   77860768   1.238945e+00   1.079024e-01   1.238945e+00   1.079024e-01 223200606200356080       6534       4622     0 2453906.666296  1.476737e+01  9.455939e-02  1.476737e+01  9.455939e-02 
   77860827   1.303281e+00   1.082448e-01   1.303281e+00   1.082448e-01 223200606200357080       6535       4621     0 2453906.666979  1.471240e+01  9.017673e-02  1.471240e+01  9.017673e-02 
   77860891   1.209372e+00   1.076974e-01   1.209372e+00   1.076974e-01 223200606200358110       6535       4622     0 2453906.667720  1.479360e+01  9.668768e-02  1.479360e+01  9.668768e-02 
   77860956   1.099532e+00   1.074532e-01   1.099532e+00   1.074532e-01 223200606200359170       6529       4647     0 2453906.668472  1.489698e+01  1.061054e-01  1.489698e+01  1.061054e-01 
   77947079   1.212640e+00   1.096812e-01   1.212640e+00   1.096812e-01 223200606210354360       6529       4621     0 2453907.665266  1.479067e+01  9.820331e-02  1.479067e+01  9.820331e-02 
   77947133   1.327296e+00   1.096769e-01   1.327296e+00   1.096769e-01 223200606210355300       6529       4622     0 2453907.665891  1.469258e+01  8.971670e-02  1.469258e+01  8.971670e-02 
   77947211   1.160147e+00   1.115745e-01   1.160147e+00   1.115745e-01 223200606210356480       6525       4645     0 2453907.666794  1.483872e+01  1.044185e-01  1.483872e+01  1.044185e-01 
   77947278   1.165293e+00   1.095975e-01   1.165293e+00   1.095975e-01 223200606210357550       6529       4622     0 2453907.667569  1.483391e+01  1.021154e-01  1.483391e+01  1.021154e-01 
   78119989   1.132612e+00   9.521085e-02   1.132612e+00   9.521085e-02 223200606230356210       6520       4601     0 2453909.666539  1.486480e+01  9.127064e-02  1.486480e+01  9.127064e-02 
   78120043   9.934860e-01   9.460329e-02   9.934860e-01   9.460329e-02 223200606230357150       6520       4603     0 2453909.667164  1.500710e+01  1.033881e-01  1.500710e+01  1.033881e-01 
   78120191   1.159380e+00   9.509227e-02   1.159380e+00   9.509227e-02 223200606230359440       6517       4610     0 2453909.668877  1.483943e+01  8.905229e-02  1.483943e+01  8.905229e-02 
   78120253   1.021588e+00   9.490363e-02   1.021588e+00   9.490363e-02 223200606230400460       6519       4589     0 2453909.669595  1.497681e+01  1.008632e-01  1.497681e+01  1.008632e-01 
   78206448   1.208647e+00   1.024445e-01   1.208647e+00   1.024445e-01 223200606240357190       6539       4587     0 2453910.667222  1.479425e+01  9.202690e-02  1.479425e+01  9.202690e-02 
   78206507   1.111369e+00   1.010427e-01   1.111369e+00   1.010427e-01 223200606240358180       6536       4591     0 2453910.667905  1.488535e+01  9.871259e-02  1.488535e+01  9.871259e-02 
   78206582   1.178059e+00   1.002243e-01   1.178059e+00   1.002243e-01 223200606240359320       6526       4619     0 2453910.668773  1.482208e+01  9.237020e-02  1.482208e+01  9.237020e-02 
   78206641   1.289277e+00   1.017326e-01   1.289277e+00   1.017326e-01 223200606240400310       6523       4604     0 2453910.669456  1.472413e+01  8.567219e-02  1.472413e+01  8.567219e-02 
   78292887   1.055902e+00   9.199510e-02   1.055902e+00   9.199510e-02 223200606250357560       6541       4570     0 2453911.667674  1.494094e+01  9.459469e-02  1.494094e+01  9.459469e-02 
   78292941   1.154375e+00   9.217244e-02   1.154375e+00   9.217244e-02 223200606250358490       6535       4577     0 2453911.668299  1.484413e+01  8.669217e-02  1.484413e+01  8.669217e-02 
   78292992   1.045942e+00   9.060686e-02   1.045942e+00   9.060686e-02 223200606250359400       6524       4591     0 2453911.668889  1.495123e+01  9.405448e-02  1.495123e+01  9.405448e-02 
   78293054   1.068630e+00   9.149551e-02   1.068630e+00   9.149551e-02 223200606250400430       6525       4589     0 2453911.669606  1.492793e+01  9.296048e-02  1.492793e+01  9.296048e-02 
   78724955   1.143691e+00   9.277008e-02   1.143691e+00   9.277008e-02 223200606300358520       6547       4572     0 2453916.668461  1.485423e+01  8.806938e-02  1.485423e+01  8.806938e-02 
   78725032   9.489913e-01   9.209053e-02   9.489913e-01   9.209053e-02 223200606300400090       6555       4545     0 2453916.669352  1.505684e+01  1.053607e-01  1.505684e+01  1.053607e-01 
   78725079   9.442710e-01   9.149895e-02   9.442710e-01   9.149895e-02 223200606300400570       6555       4543     0 2453916.669896  1.506226e+01  1.052072e-01  1.506226e+01  1.052072e-01 
   78725143   1.118889e+00   9.248733e-02   1.118889e+00   9.248733e-02 223200606300402000       6556       4541     0 2453916.670637  1.487803e+01  8.974723e-02  1.487803e+01  8.974723e-02 
   78811391   1.143426e+00   9.776619e-02   1.143426e+00   9.776619e-02 223200607010359260       6548       4538     0 2453917.668877  1.485448e+01  9.283388e-02  1.485448e+01  9.283388e-02 
   78811470   1.249253e+00   9.634393e-02   1.249253e+00   9.634393e-02 223200607010400450       6544       4559     0 2453917.669792  1.475837e+01  8.373363e-02  1.475837e+01  8.373363e-02 
   78811535   9.846644e-01   9.677395e-02   9.846644e-01   9.677395e-02 223200607010401510       6550       4532     0 2453917.670544  1.501678e+01  1.067078e-01  1.501678e+01  1.067078e-01 
   78811586   1.000690e+00   9.715291e-02   1.000690e+00   9.715291e-02 223200607010402420       6551       4530     0 2453917.671134  1.499925e+01  1.054101e-01  1.499925e+01  1.054101e-01 
   78897861   2.320791e+00   4.939584e-01   2.320791e+00   4.939584e-01 223200607020400340       6560       4526     0 2453918.669688  1.408591e+01  2.310895e-01  1.408591e+01  2.310895e-01 
   78897915   1.081645e+00   2.870527e-01   1.081645e+00   2.870527e-01 223200607020401280       6560       4524     0 2453918.670313  1.491479e+01  2.881396e-01  1.491479e+01  2.881396e-01 
   78984204   1.047293e+00   9.163112e-02   1.047293e+00   9.163112e-02 223200607030359350       6566       4514     0 2453919.669028  1.494983e+01  9.499497e-02  1.494983e+01  9.499497e-02 
   78984258   1.014909e+00   9.016779e-02   1.014909e+00   9.016779e-02 223200607030400290       6568       4511     0 2453919.669653  1.498393e+01  9.646065e-02  1.498393e+01  9.646065e-02 
   78984316   9.944333e-01   9.021307e-02   9.944333e-01   9.021307e-02 223200607030401270       6569       4509     0 2453919.670324  1.500606e+01  9.849624e-02  1.500606e+01  9.849624e-02 
   78984371   1.062911e+00   9.098622e-02   1.062911e+00   9.098622e-02 223200607030402220       6569       4507     0 2453919.670961  1.493376e+01  9.294045e-02  1.493376e+01  9.294045e-02 
   79070527   1.133325e+00   9.077915e-02   1.133325e+00   9.077915e-02 223200607040358180       6562       4493     0 2453920.668137  1.486411e+01  8.696762e-02  1.486411e+01  8.696762e-02 
   79070573   1.055862e+00   9.059794e-02   1.055862e+00   9.059794e-02 223200607040359040       6564       4491     0 2453920.668669  1.494098e+01  9.316164e-02  1.494098e+01  9.316164e-02 
   79070639   1.109883e+00   9.193971e-02   1.109883e+00   9.193971e-02 223200607040400090       6565       4489     0 2453920.669433  1.488681e+01  8.993980e-02  1.488681e+01  8.993980e-02 
   79070691   1.009233e+00   9.149977e-02   1.009233e+00   9.149977e-02 223200607040401020       6565       4487     0 2453920.670035  1.499002e+01  9.843608e-02  1.499002e+01  9.843608e-02 
   79415956   1.142997e+00   9.092537e-02   1.142997e+00   9.092537e-02 223200607080355190       6561       4477     0 2453924.666157  1.485489e+01  8.637055e-02  1.485489e+01  8.637055e-02 
   79416113   1.079882e+00   9.048130e-02   1.079882e+00   9.048130e-02 223200607080357570       6562       4499     0 2453924.667975  1.491656e+01  9.097214e-02  1.491656e+01  9.097214e-02 
   79416180   1.099562e+00   9.091996e-02   1.099562e+00   9.091996e-02 223200607080359030       6568       4472     0 2453924.668750  1.489695e+01  8.977708e-02  1.489695e+01  8.977708e-02 
   79416238   1.101397e+00   9.134895e-02   1.101397e+00   9.134895e-02 223200607080400010       6568       4469     0 2453924.669421  1.489514e+01  9.005038e-02  1.489514e+01  9.005038e-02 
   79502443   1.211296e+00   1.487119e-01   1.211296e+00   1.487119e-01 223200607090356460       6572       4470     0 2453925.667164  1.479187e+01  1.332972e-01  1.479187e+01  1.332972e-01 
   79502495   1.252402e+00   1.461757e-01   1.252402e+00   1.461757e-01 223200607090357380       6573       4468     0 2453925.667766  1.475564e+01  1.267235e-01  1.475564e+01  1.267235e-01 
   79502564   1.310985e+00   1.416610e-01   1.310985e+00   1.416610e-01 223200607090358470       6573       4465     0 2453925.668565  1.470601e+01  1.173217e-01  1.470601e+01  1.173217e-01 
   79502718   1.166356e+00   1.384768e-01   1.166356e+00   1.384768e-01 223200607090401200       6571       4448     0 2453925.670347  1.483292e+01  1.289056e-01  1.483292e+01  1.289056e-01 
   80278195   1.482228e+00   1.575520e-01   1.482228e+00   1.575520e-01 223200607180325470       6603       4427     0 2453934.645775  1.457271e+01  1.154077e-01  1.457271e+01  1.154077e-01 
   80278257   1.481658e+00   1.476340e-01   1.481658e+00   1.476340e-01 223200607180326500       6607       4400     0 2453934.646493  1.457313e+01  1.081843e-01  1.457313e+01  1.081843e-01 
   80278332   1.406009e+00   1.728421e-01   1.406009e+00   1.728421e-01 223200607180328050       6602       4422     0 2453934.647361  1.463003e+01  1.334711e-01  1.463003e+01  1.334711e-01 
   80278410   1.462176e+00   2.398948e-01   1.462176e+00   2.398948e-01 223200607180329220       6608       4395     0 2453934.648264  1.458750e+01  1.781341e-01  1.458750e+01  1.781341e-01 
   80364287   1.232434e+00   1.152176e-01   1.232434e+00   1.152176e-01 223200607190320380       6600       4410     0 2453935.642211  1.477309e+01  1.015035e-01  1.477309e+01  1.015035e-01 
   80364343   1.265198e+00   1.150736e-01   1.265198e+00   1.150736e-01 223200607190321350       6599       4409     0 2453935.642859  1.474460e+01  9.875136e-02  1.474460e+01  9.875136e-02 
   80364403   1.262903e+00   1.144973e-01   1.262903e+00   1.144973e-01 223200607190322340       6600       4407     0 2453935.643553  1.474658e+01  9.843540e-02  1.474658e+01  9.843540e-02 
   80364464   1.179356e+00   1.141015e-01   1.179356e+00   1.141015e-01 223200607190323360       6600       4406     0 2453935.644259  1.482089e+01  1.050443e-01  1.482089e+01  1.050443e-01 
   80450503   1.137629e+00   1.023672e-01   1.137629e+00   1.023672e-01 223200607200317340       6604       4402     0 2453936.640081  1.486000e+01  9.769811e-02  1.486000e+01  9.769811e-02 
   80450564   1.162776e+00   1.026401e-01   1.162776e+00   1.026401e-01 223200607200318350       6604       4401     0 2453936.640787  1.483626e+01  9.583996e-02  1.483626e+01  9.583996e-02 
   80450628   1.265663e+00   1.026304e-01   1.265663e+00   1.026304e-01 223200607200319380       6604       4399     0 2453936.641528  1.474420e+01  8.804072e-02  1.474420e+01  8.804072e-02 
   80450685   1.294841e+00   1.031934e-01   1.294841e+00   1.031934e-01 223200607200320360       6604       4397     0 2453936.642187  1.471946e+01  8.652895e-02  1.471946e+01  8.652895e-02 
   80967434   1.182057e+00   9.045874e-02   1.182057e+00   9.045874e-02 223200607260253020       6562       4438     0 2453942.623079  1.481840e+01  8.308794e-02  1.481840e+01  8.308794e-02 
   80967493   1.028158e+00   8.869132e-02   1.028158e+00   8.869132e-02 223200607260254000       6564       4435     0 2453942.623762  1.496985e+01  9.365845e-02  1.496985e+01  9.365845e-02 
   80967553   9.772355e-01   8.779658e-02   9.772355e-01   8.779658e-02 223200607260255010       6565       4433     0 2453942.624456  1.502500e+01  9.754483e-02  1.502500e+01  9.754483e-02 
   80967609   1.155689e+00   8.871828e-02   1.155689e+00   8.871828e-02 223200607260255560       6566       4431     0 2453942.625104  1.484290e+01  8.334851e-02  1.484290e+01  8.334851e-02 
   81053654   1.139377e+00   9.899640e-02   1.139377e+00   9.899640e-02 223200607270250020       6559       4434     0 2453943.620995  1.485833e+01  9.433609e-02  1.485833e+01  9.433609e-02 
   81053716   1.148453e+00   1.015724e-01   1.148453e+00   1.015724e-01 223200607270251040       6560       4431     0 2453943.621713  1.484972e+01  9.602585e-02  1.484972e+01  9.602585e-02 
   81053772   1.124565e+00   9.913979e-02   1.124565e+00   9.913979e-02 223200607270251590       6561       4429     0 2453943.622361  1.487254e+01  9.571704e-02  1.487254e+01  9.571704e-02 
   81053834   1.240253e+00   9.848684e-02   1.240253e+00   9.848684e-02 223200607270253010       6561       4426     0 2453943.623079  1.476622e+01  8.621720e-02  1.476622e+01  8.621720e-02 
   81139831   1.828975e+00   6.755779e-01   1.828975e+00   6.755779e-01 223200607280246190       6576       4425     0 2453944.618414  1.434448e+01  4.010455e-01  1.434448e+01  4.010455e-01 
   81139944   4.101187e-01   7.174723e-01   4.101187e-01   7.174723e-01 223200607280248110       6578       4421     0 2453944.619722  1.596773e+01  1.899422e+00  1.596773e+01  1.899422e+00 
   81139998   1.397719e+00   4.646090e-01   1.397719e+00   4.646090e-01 223200607280249060       6578       4419     0 2453944.620347  1.463645e+01  3.609056e-01  1.463645e+01  3.609056e-01 
   82346065   1.749973e+00   3.632340e-01   1.749973e+00   3.632340e-01 223200608110150170       6572       4465     0 2453958.579456  1.439242e+01  2.253622e-01  1.439242e+01  2.253622e-01 
   82346121   1.954461e+00   3.597034e-01   1.954461e+00   3.597034e-01 223200608110151120       6575       4462     0 2453958.580104  1.427243e+01  1.998221e-01  1.427243e+01  1.998221e-01 
   82346176   1.493451e+00   3.645289e-01   1.493451e+00   3.645289e-01 223200608110152070       6575       4459     0 2453958.580741  1.456452e+01  2.650128e-01  1.456452e+01  2.650128e-01 
   82346235   1.570244e+00   3.650983e-01   1.570244e+00   3.650983e-01 223200608110153070       6576       4457     0 2453958.581424  1.451008e+01  2.524460e-01  1.451008e+01  2.524460e-01 
   82518421   1.304100e+00   2.324590e-01   1.304100e+00   2.324590e-01 223200608130142530       6577       4436     0 2453960.574317  1.471172e+01  1.935358e-01  1.471172e+01  1.935358e-01 
   82518480   1.504630e+00   2.309820e-01   1.504630e+00   2.309820e-01 223200608130143520       6578       4433     0 2453960.575000  1.455643e+01  1.666765e-01  1.455643e+01  1.666765e-01 
   82518542   1.521600e+00   2.318233e-01   1.521600e+00   2.318233e-01 223200608130144550       6576       4428     0 2453960.575718  1.454425e+01  1.654179e-01  1.454425e+01  1.654179e-01 
   82518620   1.196665e+00   2.313908e-01   1.196665e+00   2.313908e-01 223200608130146120       6572       4448     0 2453960.576620  1.480507e+01  2.099419e-01  1.480507e+01  2.099419e-01 
   82604602   1.496146e+00   1.878513e-01   1.496146e+00   1.878513e-01 223200608140139160       6575       4454     0 2453961.571782  1.456256e+01  1.363220e-01  1.456256e+01  1.363220e-01 
   82604658   1.311721e+00   1.895489e-01   1.311721e+00   1.895489e-01 223200608140140120       6582       4451     0 2453961.572431  1.470540e+01  1.568938e-01  1.470540e+01  1.568938e-01 
   82604715   1.319109e+00   1.897395e-01   1.319109e+00   1.897395e-01 223200608140141080       6595       4448     0 2453961.573090  1.469930e+01  1.561718e-01  1.469930e+01  1.561718e-01 
   82604769   1.579203e+00   1.931922e-01   1.579203e+00   1.931922e-01 223200608140142030       6594       4446     0 2453961.573715  1.450391e+01  1.328243e-01  1.450391e+01  1.328243e-01 
   82863075   1.331627e+00   1.207680e-01   1.331627e+00   1.207680e-01 223200608170127120       6565       4464     0 2453964.563368  1.468904e+01  9.846802e-02  1.468904e+01  9.846802e-02 
   82863143   1.179356e+00   1.193207e-01   1.179356e+00   1.193207e-01 223200608170128190       6574       4432     0 2453964.564155  1.482089e+01  1.098492e-01  1.482089e+01  1.098492e-01 
   82863199   1.189163e+00   1.192001e-01   1.189163e+00   1.192001e-01 223200608170129150       6575       4430     0 2453964.564803  1.481190e+01  1.088330e-01  1.481190e+01  1.088330e-01 
   82863259   1.278882e+00   1.202858e-01   1.278882e+00   1.202858e-01 223200608170130160       6575       4428     0 2453964.565498  1.473292e+01  1.021197e-01  1.473292e+01  1.021197e-01 
   82949247   1.093835e+00   9.157293e-02   1.093835e+00   9.157293e-02 223200608180123250       6570       4411     0 2453965.560729  1.490262e+01  9.089522e-02  1.490262e+01  9.089522e-02 
   82949309   1.188876e+00   9.240911e-02   1.188876e+00   9.240911e-02 223200608180124270       6573       4410     0 2453965.561447  1.481216e+01  8.439252e-02  1.481216e+01  8.439252e-02 
   82949372   1.037012e+00   9.154955e-02   1.037012e+00   9.154955e-02 223200608180125310       6573       4407     0 2453965.562176  1.496054e+01  9.585135e-02  1.496054e+01  9.585135e-02 
   82949463   1.131601e+00   9.259564e-02   1.131601e+00   9.259564e-02 223200608180127020       6568       4425     0 2453965.563229  1.486577e+01  8.884295e-02  1.486577e+01  8.884295e-02 
   83724673   1.061849e+00   9.005787e-02   1.061849e+00   9.005787e-02 223200608270047250       6549       4462     0 2453974.535567  1.493484e+01  9.208409e-02  1.493484e+01  9.208409e-02 
   83724737   1.168324e+00   9.069093e-02   1.168324e+00   9.069093e-02 223200608270048280       6553       4428     0 2453974.536308  1.483109e+01  8.428039e-02  1.483109e+01  8.428039e-02 
   83724812   1.136783e+00   9.002347e-02   1.136783e+00   9.002347e-02 223200608270049440       6549       4449     0 2453974.537176  1.486081e+01  8.598128e-02  1.486081e+01  8.598128e-02 
   83724874   9.450489e-01   8.934627e-02   9.450489e-01   8.934627e-02 223200608270050460       6553       4421     0 2453974.537894  1.506136e+01  1.026474e-01  1.506136e+01  1.026474e-01 
   83810839   1.103310e+00   8.588261e-02   1.103310e+00   8.588261e-02 223200608280043330       6554       4451     0 2453975.532859  1.489326e+01  8.451497e-02  1.489326e+01  8.451497e-02 
   83810891   9.830637e-01   8.484849e-02   9.830637e-01   8.484849e-02 223200608280044250       6555       4448     0 2453975.533461  1.501855e+01  9.371051e-02  1.501855e+01  9.371051e-02 
   83810962   9.819133e-01   8.449703e-02   9.819133e-01   8.449703e-02 223200608280045350       6555       4444     0 2453975.534282  1.501982e+01  9.343167e-02  1.501982e+01  9.343167e-02 
   83811019   1.043364e+00   8.546938e-02   1.043364e+00   8.546938e-02 223200608280046320       6555       4442     0 2453975.534942  1.495391e+01  8.894069e-02  1.495391e+01  8.894069e-02 
   84328671   1.425064e+00   2.593781e-01   1.425064e+00   2.593781e-01 223200609030034170       6545       4381     0 2453981.526285  1.461541e+01  1.976172e-01  1.461541e+01  1.976172e-01 
   84328743   1.504236e+00   2.644626e-01   1.504236e+00   2.644626e-01 223200609030035280       6540       4401     0 2453981.527118  1.455671e+01  1.908861e-01  1.455671e+01  1.908861e-01 
   84328810   1.419530e+00   2.767171e-01   1.419530e+00   2.767171e-01 223200609030036350       6541       4367     0 2453981.527894  1.461964e+01  2.116495e-01  1.461964e+01  2.116495e-01 
   84328867   1.623405e+00   2.642640e-01   1.623405e+00   2.642640e-01 223200609030037320       6542       4366     0 2453981.528553  1.447393e+01  1.767409e-01  1.447393e+01  1.767409e-01 
   84500177   1.545063e+00   4.176401e-01   1.545063e+00   4.176401e-01 223200609050012480       6552       4446     0 2453983.511308  1.452763e+01  2.934822e-01  1.452763e+01  2.934822e-01 
   84500299   1.613899e+00   4.166648e-01   1.613899e+00   4.166648e-01 223200609050014500       6553       4439     0 2453983.512720  1.448031e+01  2.803086e-01  1.448031e+01  2.803086e-01 
   84500377   1.551623e+00   4.160344e-01   1.551623e+00   4.160344e-01 223200609050016080       6548       4460     0 2453983.513623  1.452303e+01  2.911179e-01  1.452303e+01  2.911179e-01 
   84844850   1.705705e+00   5.758075e-01   1.705705e+00   5.758075e-01 223200609082357310       6562       4454     0 2453987.500579  1.442024e+01  3.665213e-01  1.442024e+01  3.665213e-01 
   84844906   1.214075e+00   5.685154e-01   1.214075e+00   5.685154e-01 223200609082358260       6563       4449     0 2453987.501227  1.478939e+01  5.084199e-01  1.478939e+01  5.084199e-01 
   84845025   1.768152e+00   5.672656e-01   1.768152e+00   5.672656e-01 223200609090000260       6562       4444     0 2453987.502604  1.438120e+01  3.483314e-01  1.438120e+01  3.483314e-01 
   85017150   1.603638e+00   3.105483e-01   1.603638e+00   3.105483e-01 223200609102349160       6538       4407     0 2453989.494792  1.448723e+01  2.102561e-01  1.448723e+01  2.102561e-01 
   85017217   1.900363e+00   3.987422e-01   1.900363e+00   3.987422e-01 223200609102350220       6540       4404     0 2453989.495567  1.430291e+01  2.278146e-01  1.430291e+01  2.278146e-01 
   85017276   1.660318e+00   3.482938e-01   1.660318e+00   3.482938e-01 223200609102351210       6540       4402     0 2453989.496250  1.444952e+01  2.277615e-01  1.444952e+01  2.277615e-01 
   85361742   1.028963e+00   8.826453e-02   1.028963e+00   8.826453e-02 223200609142332380       6541       4360     0 2453993.483125  1.496900e+01  9.313484e-02  1.496900e+01  9.313484e-02 
   85361799   1.108402e+00   8.801676e-02   1.108402e+00   8.801676e-02 223200609142333360       6542       4357     0 2453993.483785  1.488826e+01  8.621722e-02  1.488826e+01  8.621722e-02 
   85361860   1.050613e+00   8.727312e-02   1.050613e+00   8.727312e-02 223200609142334370       6542       4354     0 2453993.484491  1.494639e+01  9.019107e-02  1.494639e+01  9.019107e-02 
   85361935   1.087171e+00   8.799142e-02   1.087171e+00   8.799142e-02 223200609142335520       6537       4375     0 2453993.485359  1.490926e+01  8.787559e-02  1.490926e+01  8.787559e-02 
   85620640   1.027900e+00   9.853472e-02   1.027900e+00   9.853472e-02 223200609172327440       6510       4366     0 2453996.479630  1.497012e+01  1.040793e-01  1.497012e+01  1.040793e-01 
   85620699   1.154539e+00   1.004996e-01   1.154539e+00   1.004996e-01 223200609172328430       6511       4363     0 2453996.480313  1.484398e+01  9.451084e-02  1.484398e+01  9.451084e-02 
   85620761   1.071703e+00   1.013075e-01   1.071703e+00   1.013075e-01 223200609172329460       6511       4360     0 2453996.481030  1.492481e+01  1.026344e-01  1.492481e+01  1.026344e-01 
   85620815   1.274346e+00   1.018948e-01   1.274346e+00   1.018948e-01 223200609172330410       6510       4357     0 2453996.481655  1.473678e+01  8.681417e-02  1.473678e+01  8.681417e-02 
   85706436   1.097241e+00   9.747649e-02   1.097241e+00   9.747649e-02 223200609182317440       6513       4340     0 2453997.472639  1.489924e+01  9.645473e-02  1.489924e+01  9.645473e-02 
   85706498   1.075335e+00   9.802140e-02   1.075335e+00   9.802140e-02 223200609182318460       6518       4317     0 2453997.473356  1.492114e+01  9.896988e-02  1.492114e+01  9.896988e-02 
   85706553   1.322638e+00   9.859259e-02   1.322638e+00   9.859259e-02 223200609182319410       6519       4314     0 2453997.473993  1.469640e+01  8.093366e-02  1.469640e+01  8.093366e-02 
   85706630   1.087737e+00   9.581416e-02   1.087737e+00   9.581416e-02 223200609182320580       6514       4337     0 2453997.474884  1.490869e+01  9.563824e-02  1.490869e+01  9.563824e-02 
   85878749   1.278144e+00   9.914798e-02   1.278144e+00   9.914798e-02 223200609202309430       6515       4393     0 2453999.467002  1.473355e+01  8.422282e-02  1.473355e+01  8.422282e-02 
   85878806   1.003324e+00   9.822306e-02   1.003324e+00   9.822306e-02 223200609202310400       6518       4390     0 2453999.467662  1.499640e+01  1.062914e-01  1.499640e+01  1.062914e-01 
   85878867   1.117257e+00   9.949322e-02   1.117257e+00   9.949322e-02 223200609202311410       6518       4387     0 2453999.468368  1.487962e+01  9.668656e-02  1.487962e+01  9.668656e-02 
   85878927   1.115420e+00   9.907317e-02   1.115420e+00   9.907317e-02 223200609202312420       6519       4384     0 2453999.469063  1.488140e+01  9.643693e-02  1.488140e+01  9.643693e-02 
   85964872   1.042781e+00   8.996845e-02   1.042781e+00   8.996845e-02 223200609212305090       6529       4388     0 2454000.463796  1.495452e+01  9.367482e-02  1.495452e+01  9.367482e-02 
   85965025   1.165205e+00   9.045213e-02   1.165205e+00   9.045213e-02 223200609212307420       6531       4380     0 2454000.465567  1.483399e+01  8.428346e-02  1.483399e+01  8.428346e-02 
   85965088   1.045738e+00   9.026981e-02   1.045738e+00   9.026981e-02 223200609212308460       6532       4377     0 2454000.466296  1.495144e+01  9.372286e-02  1.495144e+01  9.372286e-02 
   85965144   1.135414e+00   9.056193e-02   1.135414e+00   9.056193e-02 223200609212309410       6533       4375     0 2454000.466944  1.486211e+01  8.659985e-02  1.486211e+01  8.659985e-02 
   86404985   1.061035e+00   9.465817e-02   1.061035e+00   9.465817e-02 223200609270120390       6393       4033     0 2454005.557697  1.493568e+01  9.686221e-02  1.493568e+01  9.686221e-02 
   86405046   9.994196e-01   9.466148e-02   9.994196e-01   9.466148e-02 223200609270121400       6398       4007     0 2454005.558403  1.500063e+01  1.028375e-01  1.500063e+01  1.028375e-01 
   86405114   1.058924e+00   9.499657e-02   1.058924e+00   9.499657e-02 223200609270122490       6396       4004     0 2454005.559190  1.493784e+01  9.740225e-02  1.493784e+01  9.740225e-02 
   86405175   1.012141e+00   9.492938e-02   1.012141e+00   9.492938e-02 223200609270123490       6396       4003     0 2454005.559896  1.498690e+01  1.018323e-01  1.498690e+01  1.018323e-01 
   87688155   9.513428e-01   7.413934e-02   9.513428e-01   7.413934e-02 223200610112147440       6194       4191     0 2454020.409201  1.505416e+01  8.461309e-02  1.505416e+01  8.461309e-02 
   87688229   9.610329e-01   7.546175e-02   9.610329e-01   7.546175e-02 223200610112148580       6198       4163     0 2454020.410058  1.504315e+01  8.525393e-02  1.504315e+01  8.525393e-02 
   87688283   1.046503e+00   7.565773e-02   1.046503e+00   7.565773e-02 223200610112149520       6198       4161     0 2454020.410683  1.495065e+01  7.849439e-02  1.495065e+01  7.849439e-02 
   87860501   9.746876e-01   8.586421e-02   9.746876e-01   8.586421e-02 223200610132140170       6157       4213     0 2454022.403947  1.502784e+01  9.564726e-02  1.502784e+01  9.564726e-02 
   87860568   9.839103e-01   8.454071e-02   9.839103e-01   8.454071e-02 223200610132141240       6157       4209     0 2454022.404722  1.501761e+01  9.329025e-02  1.501761e+01  9.329025e-02 
   87860624   1.150570e+00   8.499351e-02   1.150570e+00   8.499351e-02 223200610132142200       6157       4207     0 2454022.405370  1.484772e+01  8.020450e-02  1.484772e+01  8.020450e-02 
   87860684   1.147934e+00   8.551747e-02   1.147934e+00   8.551747e-02 223200610132143190       6156       4204     0 2454022.406065  1.485021e+01  8.088419e-02  1.485021e+01  8.088419e-02 
   88033113   1.055462e+00   8.133330e-02   1.055462e+00   8.133330e-02 223200610152137170       6153       4244     0 2454024.401771  1.494139e+01  8.366647e-02  1.494139e+01  8.366647e-02 
   88033174   9.846635e-01   8.074372e-02   9.846635e-01   8.074372e-02 223200610152138180       6153       4239     0 2454024.402477  1.501678e+01  8.903212e-02  1.501678e+01  8.903212e-02 
   88033229   9.782437e-01   8.087031e-02   9.782437e-01   8.087031e-02 223200610152139130       6152       4235     0 2454024.403113  1.502388e+01  8.975691e-02  1.502388e+01  8.975691e-02 
   88033288   1.140040e+00   8.103309e-02   1.140040e+00   8.103309e-02 223200610152140120       6151       4231     0 2454024.403796  1.485770e+01  7.717347e-02  1.485770e+01  7.717347e-02 
   88377435   1.084664e+00   8.346591e-02   1.084664e+00   8.346591e-02 223200610192116140       6137       4259     0 2454028.386979  1.491176e+01  8.354870e-02  1.491176e+01  8.354870e-02 
   88377487   1.131151e+00   8.464916e-02   1.131151e+00   8.464916e-02 223200610192117070       6137       4256     0 2454028.387581  1.486620e+01  8.125087e-02  1.486620e+01  8.125087e-02 
   88377572   9.967088e-01   8.465613e-02   9.967088e-01   8.465613e-02 223200610192118310       6131       4277     0 2454028.388565  1.500358e+01  9.221806e-02  1.500358e+01  9.221806e-02 
   88377634   9.503598e-01   8.338875e-02   9.503598e-01   8.338875e-02 223200610192119340       6131       4273     0 2454028.389282  1.505528e+01  9.526762e-02  1.505528e+01  9.526762e-02 
   88463600   1.019973e+00   8.270677e-02   1.019973e+00   8.270677e-02 223200610202112230       6161       4214     0 2454029.384259  1.497853e+01  8.803961e-02  1.497853e+01  8.803961e-02 
   88463672   1.001368e+00   8.131612e-02   1.001368e+00   8.131612e-02 223200610202113350       6158       4209     0 2454029.385093  1.499852e+01  8.816752e-02  1.499852e+01  8.816752e-02 
   88463735   1.064535e+00   8.171750e-02   1.064535e+00   8.171750e-02 223200610202114380       6158       4207     0 2454029.385822  1.493210e+01  8.334528e-02  1.493210e+01  8.334528e-02 
   88463794   1.112275e+00   8.209803e-02   1.112275e+00   8.209803e-02 223200610202115380       6158       4204     0 2454029.386505  1.488447e+01  8.013944e-02  1.488447e+01  8.013944e-02 
   88551548   1.176744e+00   9.103575e-02   1.176744e+00   9.103575e-02 223200610212138150       6155       4154     0 2454030.402176  1.482329e+01  8.399544e-02  1.482329e+01  8.399544e-02 
   88551680   1.047696e+00   9.004278e-02   1.047696e+00   9.004278e-02 223200610212140270       6152       4144     0 2454030.403704  1.494941e+01  9.331241e-02  1.494941e+01  9.331241e-02 
   88551752   1.061915e+00   9.100766e-02   1.061915e+00   9.100766e-02 223200610212141400       6146       4164     0 2454030.404537  1.493478e+01  9.304951e-02  1.493478e+01  9.304951e-02 
   88637683   1.989243e+00   1.323832e+00   1.989243e+00   1.323832e+00 223200610222133550       6153       4166     0 2454031.399109  1.425328e+01  7.225551e-01  1.425328e+01  7.225551e-01 
   88637758   1.097060e+00   1.319989e+00   1.097060e+00   1.319989e+00 223200610222135100       6148       4186     0 2454031.399977  1.489942e+01  1.306368e+00  1.489942e+01  1.306368e+00 
   88637820   1.601195e+00   2.124730e+00   1.601195e+00   2.124730e+00 223200610222136110       6147       4184     0 2454031.400694  1.448889e+01  1.440739e+00  1.448889e+01  1.440739e+00 
   88640071   6.188084e-01   2.018933e+00   6.188084e-01   2.018933e+00 223200610222213430       6146       4061     0 2454031.426748  1.552111e+01  3.542351e+00  1.552111e+01  3.542351e+00 
   88722100   1.068342e+00   8.470272e-02   1.068342e+00   8.470272e-02 223200610232100550       6144       4245     0 2454032.376157  1.492822e+01  8.608210e-02  1.492822e+01  8.608210e-02 
   88722154   1.123358e+00   8.448941e-02   1.123358e+00   8.448941e-02 223200610232101500       6145       4242     0 2454032.376782  1.487370e+01  8.166013e-02  1.487370e+01  8.166013e-02 
   88722216   1.100060e+00   8.421295e-02   1.100060e+00   8.421295e-02 223200610232102520       6145       4239     0 2454032.377500  1.489646e+01  8.311670e-02  1.489646e+01  8.311670e-02 
   88722283   1.121650e+00   8.512285e-02   1.121650e+00   8.512285e-02 223200610232103590       6145       4236     0 2454032.378275  1.487536e+01  8.239763e-02  1.487536e+01  8.239763e-02 
   88980545   1.142426e+00   9.620336e-02   1.142426e+00   9.620336e-02 223200610262048320       6143       4303     0 2454035.367419  1.485543e+01  9.142984e-02  1.485543e+01  9.142984e-02 
   88980599   1.112264e+00   9.674619e-02   1.112264e+00   9.674619e-02 223200610262049260       6143       4300     0 2454035.368044  1.488448e+01  9.443910e-02  1.488448e+01  9.443910e-02 
   88980659   1.173348e+00   9.732348e-02   1.173348e+00   9.732348e-02 223200610262050270       6144       4297     0 2454035.368738  1.482643e+01  9.005682e-02  1.482643e+01  9.005682e-02 
   88980723   1.130160e+00   9.624834e-02   1.130160e+00   9.624834e-02 223200610262051300       6139       4288     0 2454035.369479  1.486715e+01  9.246536e-02  1.486715e+01  9.246536e-02 
   89066661   1.264333e+00   1.097245e-01   1.264333e+00   1.097245e-01 223200610272043520       6164       4275     0 2454036.364132  1.474535e+01  9.422535e-02  1.474535e+01  9.422535e-02 
   89066724   1.060433e+00   1.091584e-01   1.060433e+00   1.091584e-01 223200610272044550       6163       4272     0 2454036.364861  1.493629e+01  1.117634e-01  1.493629e+01  1.117634e-01 
   89066780   1.149954e+00   1.100935e-01   1.149954e+00   1.100935e-01 223200610272045520       6163       4268     0 2454036.365509  1.484830e+01  1.039459e-01  1.484830e+01  1.039459e-01 
   89066845   1.327562e+00   1.113240e-01   1.327562e+00   1.113240e-01 223200610272046560       6162       4266     0 2454036.366262  1.469236e+01  9.104571e-02  1.469236e+01  9.104571e-02 
   89152859   1.576983e+00   1.833546e-01   1.576983e+00   1.833546e-01 223200610282040350       6149       4287     0 2454037.361794  1.450543e+01  1.262381e-01  1.450543e+01  1.262381e-01 
   89152932   1.245441e+00   1.685097e-01   1.245441e+00   1.685097e-01 223200610282041480       6152       4255     0 2454037.362639  1.476169e+01  1.469020e-01  1.476169e+01  1.469020e-01 
   89238980   1.323587e+00   1.529519e-01   1.323587e+00   1.529519e-01 223200610292035590       6144       4246     0 2454038.358565  1.469562e+01  1.254666e-01  1.469562e+01  1.254666e-01 
   89239035   1.369124e+00   1.518082e-01   1.369124e+00   1.518082e-01 223200610292036550       6145       4242     0 2454038.359201  1.465889e+01  1.203866e-01  1.465889e+01  1.203866e-01 
   89239082   9.564952e-01   1.518940e-01   9.564952e-01   1.518940e-01 223200610292037410       6144       4235     0 2454038.359745  1.504829e+01  1.724184e-01  1.504829e+01  1.724184e-01 
   89239160   1.232463e+00   1.532967e-01   1.232463e+00   1.532967e-01 223200610292038590       6143       4232     0 2454038.360648  1.477307e+01  1.350470e-01  1.477307e+01  1.350470e-01 
   89411355   1.593731e+00   2.478364e-01   1.593731e+00   2.478364e-01 223200610312029020       6137       4246     0 2454040.353646  1.449396e+01  1.688402e-01  1.449396e+01  1.688402e-01 
   89411498   1.456085e+00   2.509174e-01   1.456085e+00   2.509174e-01 223200610312031250       6136       4235     0 2454040.355301  1.459203e+01  1.870984e-01  1.459203e+01  1.870984e-01 
   89411555   1.410740e+00   2.477465e-01   1.410740e+00   2.477465e-01 223200610312032230       6136       4231     0 2454040.355961  1.462638e+01  1.906718e-01  1.462638e+01  1.906718e-01 
   89506214   1.352853e+00   2.528114e-01   1.352853e+00   2.528114e-01 223200611012250050       6065       3867     0 2454041.451551  1.467187e+01  2.028952e-01  1.467187e+01  2.028952e-01 
   89506287   1.319121e+00   2.545244e-01   1.319121e+00   2.545244e-01 223200611012251190       6068       3838     0 2454041.452396  1.469929e+01  2.094935e-01  1.469929e+01  2.094935e-01 
   89506344   1.623143e+00   2.563493e-01   1.623143e+00   2.563493e-01 223200611012252160       6067       3836     0 2454041.453056  1.447411e+01  1.714751e-01  1.447411e+01  1.714751e-01 
   89506406   1.658064e+00   2.589769e-01   1.658064e+00   2.589769e-01 223200611012253170       6066       3834     0 2454041.453773  1.445100e+01  1.695842e-01  1.445100e+01  1.695842e-01 
   89842115   1.524842e+00   3.627639e-01   1.524842e+00   3.627639e-01 223200611052008420       6149       4248     0 2454045.339294  1.454194e+01  2.583004e-01  1.454194e+01  2.583004e-01 
   89842173   1.578194e+00   3.631791e-01   1.578194e+00   3.631791e-01 223200611052009400       6149       4244     0 2454045.339965  1.450460e+01  2.498541e-01  1.450460e+01  2.498541e-01 
   89842246   1.690919e+00   3.619030e-01   1.690919e+00   3.619030e-01 223200611052010530       6149       4241     0 2454045.340810  1.442969e+01  2.323781e-01  1.442969e+01  2.323781e-01 
   89842305   1.438127e+00   3.623683e-01   1.438127e+00   3.623683e-01 223200611052011520       6149       4238     0 2454045.341493  1.460551e+01  2.735766e-01  1.460551e+01  2.735766e-01 
   89928299   1.595650e+00   2.782089e-01   1.595650e+00   2.782089e-01 223200611062005110       6151       4266     0 2454046.336794  1.449266e+01  1.893037e-01  1.449266e+01  1.893037e-01 
   89928368   1.478415e+00   2.777019e-01   1.478415e+00   2.777019e-01 223200611062006190       6151       4262     0 2454046.337593  1.457551e+01  2.039428e-01  1.457551e+01  2.039428e-01 
   89928422   1.904827e+00   2.790771e-01   1.904827e+00   2.790771e-01 223200611062007140       6152       4259     0 2454046.338218  1.430036e+01  1.590723e-01  1.430036e+01  1.590723e-01 
   89928486   1.446100e+00   2.786498e-01   1.446100e+00   2.786498e-01 223200611062008180       6152       4257     0 2454046.338958  1.459950e+01  2.092118e-01  1.459950e+01  2.092118e-01 
   90014487   1.387154e+00   1.919469e-01   1.387154e+00   1.919469e-01 223200611072001430       6158       4273     0 2454047.334340  1.464469e+01  1.502388e-01  1.464469e+01  1.502388e-01 
   90014541   9.114132e-01   1.609417e-01   9.114132e-01   1.609417e-01 223200611072002370       6159       4270     0 2454047.334965  1.510071e+01  1.917252e-01  1.510071e+01  1.917252e-01 
   90014630   1.478569e+00   1.622428e-01   1.478569e+00   1.622428e-01 223200611072004050       6153       4290     0 2454047.335995  1.457540e+01  1.191378e-01  1.457540e+01  1.191378e-01 
   90014692   1.386306e+00   1.661372e-01   1.386306e+00   1.661372e-01 223200611072005080       6152       4287     0 2454047.336713  1.464535e+01  1.301170e-01  1.464535e+01  1.301170e-01 
   90272976   1.078513e+00   9.362161e-02   1.078513e+00   9.362161e-02 223200611101950030       6155       4257     0 2454050.326111  1.491794e+01  9.424896e-02  1.491794e+01  9.424896e-02 
   90273030   1.094911e+00   9.385648e-02   1.094911e+00   9.385648e-02 223200611101950570       6155       4254     0 2454050.326736  1.490155e+01  9.307033e-02  1.490155e+01  9.307033e-02 
   90273078   1.122344e+00   9.718432e-02   1.122344e+00   9.718432e-02 223200611101951450       6154       4250     0 2454050.327292  1.487469e+01  9.401479e-02  1.487469e+01  9.401479e-02 
   90273143   1.153849e+00   9.401532e-02   1.153849e+00   9.401532e-02 223200611101952500       6154       4247     0 2454050.328044  1.484463e+01  8.846580e-02  1.484463e+01  8.846580e-02 
   90617591   1.214302e+00   8.989748e-02   1.214302e+00   8.989748e-02 223200611141933540       6144       4281     0 2454054.314711  1.478918e+01  8.037975e-02  1.478918e+01  8.037975e-02 
   90617653   1.109838e+00   8.902240e-02   1.109838e+00   8.902240e-02 223200611141934560       6145       4277     0 2454054.315428  1.488685e+01  8.708944e-02  1.488685e+01  8.708944e-02 
   90617713   1.008451e+00   8.909192e-02   1.008451e+00   8.909192e-02 223200611141935570       6150       4250     0 2454054.316123  1.499086e+01  9.592000e-02  1.499086e+01  9.592000e-02 
   90617764   9.731548e-01   8.884364e-02   9.731548e-01   8.884364e-02 223200611141936470       6150       4248     0 2454054.316713  1.502954e+01  9.912205e-02  1.502954e+01  9.912205e-02 
   93120134   1.618619e+00   2.155985e-01   1.618619e+00   2.155985e-01 223200612131844400       6815       4090     0 2454083.279329  1.447714e+01  1.446195e-01  1.447714e+01  1.446195e-01 
   93120193   1.743588e+00   2.024157e-01   1.743588e+00   2.024157e-01 223200612131845380       6816       4088     0 2454083.280012  1.439639e+01  1.260452e-01  1.439639e+01  1.260452e-01 
   93120269   1.427342e+00   1.826260e-01   1.427342e+00   1.826260e-01 223200612131846550       6812       4108     0 2454083.280891  1.461368e+01  1.389186e-01  1.461368e+01  1.389186e-01 
   93120333   1.472923e+00   1.690233e-01   1.472923e+00   1.690233e-01 223200612131847580       6816       4082     0 2454083.281632  1.457955e+01  1.245927e-01  1.457955e+01  1.245927e-01 
   93292968   1.378747e+00   2.615783e-01   1.378747e+00   2.615783e-01 223200612151845190       6789       4062     0 2454085.279722  1.465129e+01  2.059885e-01  1.465129e+01  2.059885e-01 
   93293022   1.477862e+00   2.454504e-01   1.477862e+00   2.454504e-01 223200612151846130       6789       4060     0 2454085.280347  1.457592e+01  1.803248e-01  1.457592e+01  1.803248e-01 
   93293130   1.131669e+00   2.166296e-01   1.131669e+00   2.166296e-01 223200612151848010       6788       4055     0 2454085.281597  1.486570e+01  2.078376e-01  1.486570e+01  2.078376e-01 
   93467309   1.210361e+00   9.963620e-02   1.210361e+00   9.963620e-02 223200612171911070       7140       3886     0 2454087.297558  1.479271e+01  8.937751e-02  1.479271e+01  8.937751e-02 
   93467365   1.167011e+00   9.840070e-02   1.167011e+00   9.840070e-02 223200612171912030       7139       3883     0 2454087.298206  1.483231e+01  9.154804e-02  1.483231e+01  9.154804e-02 
   93467425   1.163332e+00   9.767437e-02   1.163332e+00   9.767437e-02 223200612171913020       7138       3881     0 2454087.298900  1.483574e+01  9.115969e-02  1.483574e+01  9.115969e-02 
   93467495   1.113470e+00   9.634612e-02   1.113470e+00   9.634612e-02 223200612171914130       7130       3901     0 2454087.299711  1.488330e+01  9.394673e-02  1.488330e+01  9.394673e-02 
   93556667   1.195205e+00   8.959051e-02   1.195205e+00   8.959051e-02 223200612182000260       6200       3819     0 2454088.331794  1.480639e+01  8.138520e-02  1.480639e+01  8.138520e-02 
   93556725   1.071371e+00   8.885904e-02   1.071371e+00   8.885904e-02 223200612182001250       6200       3818     0 2454088.332465  1.492515e+01  9.005079e-02  1.492515e+01  9.005079e-02 
   93556794   1.055863e+00   8.900303e-02   1.055863e+00   8.900303e-02 223200612182002330       6199       3815     0 2454088.333264  1.494098e+01  9.152148e-02  1.494098e+01  9.152148e-02 
   93556858   1.045160e+00   8.995717e-02   1.045160e+00   8.995717e-02 223200612182003370       6198       3813     0 2454088.334005  1.495204e+01  9.344992e-02  1.495204e+01  9.344992e-02 
   93725366   1.461518e+00   2.160823e-01   1.461518e+00   2.160823e-01 223200612201852110       6259       3976     0 2454090.284329  1.458799e+01  1.605244e-01  1.458799e+01  1.605244e-01 
   93725425   1.428782e+00   2.017684e-01   1.428782e+00   2.017684e-01 223200612201853100       6258       3973     0 2454090.285012  1.461259e+01  1.533250e-01  1.461259e+01  1.533250e-01 
   93725482   1.209743e+00   1.880081e-01   1.209743e+00   1.880081e-01 223200612201854080       6258       3971     0 2454090.285671  1.479327e+01  1.687365e-01  1.479327e+01  1.687365e-01 
   93725544   1.414638e+00   1.752646e-01   1.414638e+00   1.752646e-01 223200612201855100       6257       3968     0 2454090.286389  1.462339e+01  1.345162e-01  1.462339e+01  1.345162e-01 
   94935238   1.571707e+00   3.961529e-01   1.571707e+00   3.961529e-01 223200701031857140       6200       3820     0 2454104.287477  1.450907e+01  2.736636e-01  1.450907e+01  2.736636e-01 
   94935296   1.421465e+00   3.901075e-01   1.421465e+00   3.901075e-01 223200701031858120       6199       3819     0 2454104.288148  1.461816e+01  2.979710e-01  1.461816e+01  2.979710e-01 
   95021601   1.632832e+00   2.963619e-01   1.632832e+00   2.963619e-01 223200701041856390       6196       3837     0 2454105.287049  1.446765e+01  1.970637e-01  1.446765e+01  1.970637e-01 
   95021673   1.576213e+00   2.808638e-01   1.576213e+00   2.808638e-01 223200701041857500       6201       3810     0 2454105.287882  1.450596e+01  1.934668e-01  1.450596e+01  1.934668e-01 
   95021738   1.573460e+00   2.667873e-01   1.573460e+00   2.667873e-01 223200701041858560       6200       3809     0 2454105.288634  1.450786e+01  1.840922e-01  1.450786e+01  1.840922e-01 
   95021794   1.475359e+00   2.567693e-01   1.475359e+00   2.567693e-01 223200701041859510       6199       3807     0 2454105.289282  1.457776e+01  1.889605e-01  1.457776e+01  1.889605e-01 
   95107903   1.270144e+00   2.564135e-01   1.270144e+00   2.564135e-01 223200701051855020       6174       3804     0 2454106.285914  1.474037e+01  2.191864e-01  1.474037e+01  2.191864e-01 
   95107959   1.152016e+00   2.411824e-01   1.152016e+00   2.411824e-01 223200701051855570       6173       3801     0 2454106.286563  1.484635e+01  2.273071e-01  1.484635e+01  2.273071e-01 
   95280692   1.510567e+00   2.301329e-01   1.510567e+00   2.301329e-01 223200701071854540       6152       3785     0 2454108.285787  1.455215e+01  1.654110e-01  1.455215e+01  1.654110e-01 
   95280821   1.386657e+00   1.951208e-01   1.386657e+00   1.951208e-01 223200701071857030       6170       3809     0 2454108.287280  1.464508e+01  1.527778e-01  1.464508e+01  1.527778e-01 
   95280877   1.272281e+00   1.820857e-01   1.272281e+00   1.820857e-01 223200701071857590       6168       3806     0 2454108.287928  1.473854e+01  1.553884e-01  1.473854e+01  1.553884e-01 
   95280933   1.694021e+00   1.725775e-01   1.694021e+00   1.725775e-01 223200701071858540       6168       3804     0 2454108.288576  1.442770e+01  1.106092e-01  1.442770e+01  1.106092e-01 
   95367154   1.491294e+00   2.590387e-01   1.491294e+00   2.590387e-01 223200701081855580       6154       3776     0 2454109.286505  1.456609e+01  1.885937e-01  1.456609e+01  1.885937e-01 
   95367210   1.502771e+00   2.422712e-01   1.502771e+00   2.422712e-01 223200701081856530       6154       3774     0 2454109.287153  1.455777e+01  1.750391e-01  1.455777e+01  1.750391e-01 
   95367265   1.357203e+00   2.268431e-01   1.357203e+00   2.268431e-01 223200701081857490       6152       3773     0 2454109.287789  1.466839e+01  1.814706e-01  1.466839e+01  1.814706e-01 
   95367321   1.048567e+00   2.120532e-01   1.048567e+00   2.120532e-01 223200701081858450       6152       3771     0 2454109.288438  1.494851e+01  2.195708e-01  1.494851e+01  2.195708e-01 
   95453540   1.462005e+00   2.498174e-01   1.462005e+00   2.498174e-01 223200701091855450       6157       3772     0 2454110.286343  1.458763e+01  1.855238e-01  1.458763e+01  1.855238e-01 
   95453596   1.623923e+00   2.349212e-01   1.623923e+00   2.349212e-01 223200701091856400       6156       3771     0 2454110.286991  1.447359e+01  1.570662e-01  1.447359e+01  1.570662e-01 
   95453650   1.058816e+00   2.197000e-01   1.058816e+00   2.197000e-01 223200701091857350       6155       3770     0 2454110.287616  1.493795e+01  2.252865e-01  1.493795e+01  2.252865e-01 
   95453706   1.339251e+00   2.067912e-01   1.339251e+00   2.067912e-01 223200701091858300       6154       3768     0 2454110.288264  1.468285e+01  1.676471e-01  1.468285e+01  1.676471e-01 
   95539930   1.550398e+00   2.504219e-01   1.550398e+00   2.504219e-01 223200701101855350       6154       3765     0 2454111.286227  1.452389e+01  1.753699e-01  1.452389e+01  1.753699e-01 
   95540038   1.453921e+00   2.199977e-01   1.453921e+00   2.199977e-01 223200701101857240       6152       3763     0 2454111.287477  1.459365e+01  1.642871e-01  1.459365e+01  1.642871e-01 
   95540094   1.447589e+00   2.064145e-01   1.447589e+00   2.064145e-01 223200701101858190       6151       3762     0 2454111.288125  1.459839e+01  1.548177e-01  1.459839e+01  1.548177e-01 
   95626313   1.253731e+00   2.603420e-01   1.253731e+00   2.603420e-01 223200701111855210       6136       3745     0 2454112.286030  1.475449e+01  2.254581e-01  1.475449e+01  2.254581e-01 
   95626369   1.240019e+00   2.426242e-01   1.240019e+00   2.426242e-01 223200701111856160       6135       3745     0 2454112.286678  1.476643e+01  2.124377e-01  1.476643e+01  2.124377e-01 
   95626423   1.211077e+00   2.265639e-01   1.211077e+00   2.265639e-01 223200701111857110       6134       3743     0 2454112.287303  1.479207e+01  2.031164e-01  1.479207e+01  2.031164e-01 
   95712696   1.658224e+00   2.404187e-01   1.658224e+00   2.404187e-01 223200701121855050       6164       3739     0 2454113.285833  1.445089e+01  1.574167e-01  1.445089e+01  1.574167e-01 
   95712752   1.246980e+00   2.246519e-01   1.246980e+00   2.246519e-01 223200701121856000       6164       3739     0 2454113.286481  1.476035e+01  1.956035e-01  1.476035e+01  1.956035e-01 
   95712806   1.444266e+00   2.122381e-01   1.444266e+00   2.122381e-01 223200701121856550       6163       3738     0 2454113.287106  1.460088e+01  1.595519e-01  1.460088e+01  1.595519e-01 
   95712860   1.486319e+00   2.004866e-01   1.486319e+00   2.004866e-01 223200701121857490       6162       3736     0 2454113.287731  1.456972e+01  1.464533e-01  1.456972e+01  1.464533e-01 
   95799118   1.432488e+00   2.115251e-01   1.432488e+00   2.115251e-01 223200701131855270       6160       3755     0 2454114.286088  1.460977e+01  1.603234e-01  1.460977e+01  1.603234e-01 
   95799172   1.180427e+00   1.995425e-01   1.180427e+00   1.995425e-01 223200701131856210       6160       3753     0 2454114.286713  1.481990e+01  1.835364e-01  1.481990e+01  1.835364e-01 
   95799296   1.413419e+00   1.730558e-01   1.413419e+00   1.730558e-01 223200701131858250       6161       3757     0 2454114.288148  1.462432e+01  1.329355e-01  1.462432e+01  1.329355e-01 
   95799350   1.353311e+00   1.643291e-01   1.353311e+00   1.643291e-01 223200701131859190       6161       3755     0 2454114.288773  1.467151e+01  1.318387e-01  1.467151e+01  1.318387e-01 
   95885588   1.290326e+00   2.004633e-01   1.290326e+00   2.004633e-01 223200701141856390       6155       3733     0 2454115.286898  1.472325e+01  1.686791e-01  1.472325e+01  1.686791e-01 
   95885644   1.259436e+00   1.877715e-01   1.259436e+00   1.877715e-01 223200701141857340       6155       3732     0 2454115.287546  1.474956e+01  1.618748e-01  1.474956e+01  1.618748e-01 
   95885698   1.331098e+00   1.764131e-01   1.331098e+00   1.764131e-01 223200701141858290       6155       3731     0 2454115.288171  1.468947e+01  1.438952e-01  1.468947e+01  1.438952e-01 
   95885830   1.476505e+00   1.553140e-01   1.476505e+00   1.553140e-01 223200701141900410       6153       3732     0 2454115.289699  1.457691e+01  1.142093e-01  1.457691e+01  1.142093e-01 
  105941757   1.196929e+00   2.703301e-01   1.196929e+00   2.703301e-01 223200705110414520       6132       4570     0 2454231.677743  1.480483e+01  2.452176e-01  1.480483e+01  2.452176e-01 
  105941813   1.536366e+00   2.875431e-01   1.536366e+00   2.875431e-01 223200705110415490       6136       4569     0 2454231.678391  1.453376e+01  2.032048e-01  1.453376e+01  2.032048e-01 
  105941872   1.723105e+00   3.062649e-01   1.723105e+00   3.062649e-01 223200705110416470       6138       4569     0 2454231.679074  1.440922e+01  1.929795e-01  1.440922e+01  1.929795e-01 
  105941927   1.490478e+00   3.280409e-01   1.490478e+00   3.280409e-01 223200705110417430       6140       4568     0 2454231.679711  1.456669e+01  2.389617e-01  1.456669e+01  2.389617e-01 
  106027812   1.438402e+00   1.631686e-01   1.438402e+00   1.631686e-01 223200705120409040       6157       4546     0 2454232.673750  1.460530e+01  1.231636e-01  1.460530e+01  1.231636e-01 
  106027938   1.542785e+00   1.755260e-01   1.542785e+00   1.755260e-01 223200705120411090       6144       4559     0 2454232.675208  1.452924e+01  1.235270e-01  1.452924e+01  1.235270e-01 
  106027992   1.225630e+00   1.848818e-01   1.225630e+00   1.848818e-01 223200705120412040       6147       4558     0 2454232.675833  1.477910e+01  1.637799e-01  1.477910e+01  1.637799e-01 
  106028046   1.574002e+00   1.970795e-01   1.574002e+00   1.970795e-01 223200705120412580       6149       4557     0 2454232.676458  1.450749e+01  1.359446e-01  1.450749e+01  1.359446e-01 
  106114067   1.209861e+00   1.635543e-01   1.209861e+00   1.635543e-01 223200705130406340       6133       4570     0 2454233.672072  1.479316e+01  1.467751e-01  1.479316e+01  1.467751e-01 
  106114121   1.303786e+00   1.677244e-01   1.303786e+00   1.677244e-01 223200705130407290       6137       4569     0 2454233.672697  1.471198e+01  1.396741e-01  1.471198e+01  1.396741e-01 
  106114177   1.151416e+00   1.726968e-01   1.151416e+00   1.726968e-01 223200705130408240       6139       4569     0 2454233.673345  1.484692e+01  1.628463e-01  1.484692e+01  1.628463e-01 
  106114231   1.151381e+00   1.784275e-01   1.151381e+00   1.784275e-01 223200705130409190       6141       4569     0 2454233.673970  1.484695e+01  1.682553e-01  1.484695e+01  1.682553e-01 
  124570450   1.650224e+00   1.432583e-01   1.650224e+00   1.432583e-01 222200712121856320       8191      24065     0 2454447.287616  1.445614e+01  9.425461e-02  1.445614e+01  9.425461e-02 
  124571646   1.564715e+00   9.104401e-02   1.564715e+00   9.104401e-02 221200712121916280      14005       4229     0 2454447.301458  1.451391e+01  6.317452e-02  1.451391e+01  6.317452e-02 
  124572981   1.531512e+00   8.875134e-02   1.531512e+00   8.875134e-02 221200712121938430      14044       4299     0 2454447.316910  1.453720e+01  6.291877e-02  1.453720e+01  6.291877e-02 
