\OBJNAME = '1SWASP J000713.73-735610.4'
\OBSSTART = '2006-05-11T04:14:48'
\OBSSTOP = '2007-05-13T04:09:19'
\TSTART = 74405757
\TSTOP = 106114235
\JD_REF = 2453005.5
\RA_OBJ = '1.807239'
\DEC_OBJ = '-73.936225'
\WASP_MAG = 8.703216
\HJD_START = 2453866.677743
\HJD_STOP = 2454233.674016
\fixlen = T
\NUMRECORDS = 312
\
\ This file was produced by the NASA Exoplanet Archive  http://exoplanetarchive.ipac.caltech.edu 
\ Thu Sep 19, 10:28:55 2013
\ Documentation for the SuperWASP dataset can be found at http://exoplanetarchive.ipac.caltech.edu/docs/SuperWASPMission.html
\
|TMID      |FLUX2         |FLUX2_ERR     |TAMFLUX2      |TAMFLUX2_ERR  |IMAGEID           |CCDX      |CCDY      |FLAG |           HJD|         MAG2|     MAG2_ERR|      TAMMAG2|  TAMMAG2_ERR|
|int       |float         |float         |float         |float         |char              |int       |int       |int  |        double|        float|        float|        float|        float|
|sec       |micro Vega    |micro Vega    |micro Vega    |micro Vega    |                  |1/16 pixel|1/16 pixel|     |           day|          mag|          mag|          mag|          mag|
|null      |null          |null          |null          |null          |null              |null      |null      |null |          null|         null|         null|         null|         null|
   74405757   2.924213e+02   4.696109e-01   2.924213e+02   4.696109e-01 223200605110414480       3428       3987     0 2453866.677743  8.834977e+00  1.743633e-03  8.834977e+00  1.743633e-03 
   74405810   2.948309e+02   4.792205e-01   2.948309e+02   4.792205e-01 223200605110415410       3433       3983     0 2453866.678356  8.826067e+00  1.764770e-03  8.826067e+00  1.764770e-03 
   74405894   2.931069e+02   4.880707e-01   2.931069e+02   4.880707e-01 223200605110417040       3438       3982     0 2453866.679329  8.832435e+00  1.807934e-03  8.832435e+00  1.807934e-03 
   74405959   2.936813e+02   5.055758e-01   2.936813e+02   5.055758e-01 223200605110418100       3446       3958     0 2453866.680081  8.830309e+00  1.869114e-03  8.830309e+00  1.869114e-03 
   74491870   2.848925e+02   4.770866e-01   2.848925e+02   4.770866e-01 223200605120409570       3451       3922     0 2453867.674421  8.863297e+00  1.818202e-03  8.863297e+00  1.818202e-03 
   74492008   2.874249e+02   4.844789e-01   2.874249e+02   4.844789e-01 223200605120412150       3460       3918     0 2453867.676019  8.853689e+00  1.830106e-03  8.853689e+00  1.830106e-03 
   74492061   2.911477e+02   4.942113e-01   2.911477e+02   4.942113e-01 223200605120413070       3462       3917     0 2453867.676632  8.839717e+00  1.842999e-03  8.839717e+00  1.842999e-03 
   74750393   2.909963e+02   5.248644e-01   2.909963e+02   5.248644e-01 223200605150358270       3448       3925     0 2453870.666586  8.840281e+00  1.958328e-03  8.840281e+00  1.958328e-03 
   74750453   2.919705e+02   5.212715e-01   2.919705e+02   5.212715e-01 223200605150359270       3453       3920     0 2453870.667280  8.836653e+00  1.938434e-03  8.836653e+00  1.938434e-03 
   74750507   2.920851e+02   5.211191e-01   2.920851e+02   5.211191e-01 223200605150400210       3457       3920     0 2453870.667905  8.836226e+00  1.937106e-03  8.836226e+00  1.937106e-03 
   74750566   2.927142e+02   5.233122e-01   2.927142e+02   5.233122e-01 223200605150401200       3460       3919     0 2453870.668588  8.833891e+00  1.941078e-03  8.833891e+00  1.941078e-03 
   75613652   3.364366e+02   5.209826e-01   3.364366e+02   5.209826e-01 223200605250345300       3526       3932     0 2453880.658009  8.682742e+00  1.681302e-03  8.682742e+00  1.681302e-03 
   75613715   3.366309e+02   5.188178e-01   3.366309e+02   5.188178e-01 223200605250346340       3536       3906     0 2453880.658738  8.682116e+00  1.673350e-03  8.682116e+00  1.673350e-03 
   75613773   3.371918e+02   5.192496e-01   3.371918e+02   5.192496e-01 223200605250347310       3539       3905     0 2453880.659410  8.680307e+00  1.671957e-03  8.680307e+00  1.671957e-03 
   75613841   3.352487e+02   5.196035e-01   3.352487e+02   5.196035e-01 223200605250348400       3536       3925     0 2453880.660197  8.686583e+00  1.682793e-03  8.686583e+00  1.682793e-03 
   75700107   3.338100e+02   5.141228e-01   3.338100e+02   5.141228e-01 223200605260346210       3546       3922     0 2453881.658646  8.691252e+00  1.672220e-03  8.691252e+00  1.672220e-03 
   75700170   3.323817e+02   5.125996e-01   3.323817e+02   5.125996e-01 223200605260347250       3553       3894     0 2453881.659375  8.695908e+00  1.674430e-03  8.695908e+00  1.674430e-03 
   75700237   3.317202e+02   5.104880e-01   3.317202e+02   5.104880e-01 223200605260348310       3551       3915     0 2453881.660150  8.698071e+00  1.670858e-03  8.698071e+00  1.670858e-03 
   75700306   3.314284e+02   5.116118e-01   3.314284e+02   5.116118e-01 223200605260349400       3558       3888     0 2453881.660949  8.699026e+00  1.676010e-03  8.699026e+00  1.676010e-03 
   76132326   3.304431e+02   4.949018e-01   3.304431e+02   4.949018e-01 223200605310349440       3609       3893     0 2453886.661181  8.702258e+00  1.626103e-03  8.702258e+00  1.626103e-03 
   76132393   3.306741e+02   4.947660e-01   3.306741e+02   4.947660e-01 223200605310350510       3617       3865     0 2453886.661956  8.701500e+00  1.624522e-03  8.701500e+00  1.624522e-03 
   76132442   3.312786e+02   4.954501e-01   3.312786e+02   4.954501e-01 223200605310351390       3618       3863     0 2453886.662523  8.699516e+00  1.623799e-03  8.699516e+00  1.623799e-03 
   76132504   3.313856e+02   4.951603e-01   3.313856e+02   4.951603e-01 223200605310352410       3620       3862     0 2453886.663241  8.699166e+00  1.622326e-03  8.699166e+00  1.622326e-03 
   76218796   3.243672e+02   4.882599e-01   3.243672e+02   4.882599e-01 223200606010350510       3628       3857     0 2453887.661991  8.722407e+00  1.634331e-03  8.722407e+00  1.634331e-03 
   76218864   3.230885e+02   4.870818e-01   3.230885e+02   4.870818e-01 223200606010351580       3627       3876     0 2453887.662778  8.726696e+00  1.636840e-03  8.726696e+00  1.636840e-03 
   76218934   3.288962e+02   4.902733e-01   3.288962e+02   4.902733e-01 223200606010353090       3630       3874     0 2453887.663588  8.707353e+00  1.618472e-03  8.707353e+00  1.618472e-03 
   76219020   3.280700e+02   4.910866e-01   3.280700e+02   4.910866e-01 223200606010354350       3638       3849     0 2453887.664583  8.710084e+00  1.625239e-03  8.710084e+00  1.625239e-03 
   76478202   3.337247e+02   5.153902e-01   3.337247e+02   5.153902e-01 223200606040354060       3639       3848     0 2453890.664375  8.691529e+00  1.676771e-03  8.691529e+00  1.676771e-03 
   76478275   3.345561e+02   5.161681e-01   3.345561e+02   5.161681e-01 223200606040355190       3639       3868     0 2453890.665220  8.688828e+00  1.675128e-03  8.688828e+00  1.675128e-03 
   76478351   3.346228e+02   5.136188e-01   3.346228e+02   5.136188e-01 223200606040356360       3646       3840     0 2453890.666100  8.688611e+00  1.666522e-03  8.688611e+00  1.666522e-03 
   76478404   3.336431e+02   5.124917e-01   3.336431e+02   5.124917e-01 223200606040357280       3648       3838     0 2453890.666713  8.691794e+00  1.667748e-03  8.691794e+00  1.667748e-03 
   76564544   3.662800e+02   8.978232e-01   3.662800e+02   8.978232e-01 223200606050353060       3665       3832     0 2453891.663704  8.590467e+00  2.661359e-03  8.590467e+00  2.661359e-03 
   76564603   3.431602e+02   8.603014e-01   3.431602e+02   8.603014e-01 223200606050354050       3670       3831     0 2453891.664387  8.661258e+00  2.721946e-03  8.661258e+00  2.721946e-03 
   76564663   2.956374e+02   8.075663e-01   2.956374e+02   8.075663e-01 223200606050355050       3672       3828     0 2453891.665081  8.823102e+00  2.965819e-03  8.823102e+00  2.965819e-03 
   76564721   4.040424e+02   8.923895e-01   4.040424e+02   8.923895e-01 223200606050356020       3674       3827     0 2453891.665752  8.483932e+00  2.398023e-03  8.483932e+00  2.398023e-03 
   76650915   3.448155e+02   5.391376e-01   3.448155e+02   5.391376e-01 223200606060352330       3654       3828     0 2453892.663368  8.656034e+00  1.697613e-03  8.656034e+00  1.697613e-03 
   76651049   3.429158e+02   5.428178e-01   3.429158e+02   5.428178e-01 223200606060354480       3661       3827     0 2453892.664919  8.662031e+00  1.718670e-03  8.662031e+00  1.718670e-03 
   76651105   3.417500e+02   5.379984e-01   3.417500e+02   5.379984e-01 223200606060355430       3663       3824     0 2453892.665567  8.665729e+00  1.709221e-03  8.665729e+00  1.709221e-03 
   76651181   3.363380e+02   5.342028e-01   3.363380e+02   5.342028e-01 223200606060357000       3661       3845     0 2453892.666447  8.683060e+00  1.724471e-03  8.683060e+00  1.724471e-03 
   76737409   3.365498e+02   5.250366e-01   3.365498e+02   5.250366e-01 223200606070354040       3664       3831     0 2453893.664456  8.682377e+00  1.693815e-03  8.682377e+00  1.693815e-03 
   76737462   3.343523e+02   5.195698e-01   3.343523e+02   5.195698e-01 223200606070354570       3667       3828     0 2453893.665069  8.689489e+00  1.687195e-03  8.689489e+00  1.687195e-03 
   76737517   3.307945e+02   5.163239e-01   3.307945e+02   5.163239e-01 223200606070355530       3668       3826     0 2453893.665706  8.701104e+00  1.694688e-03  8.701104e+00  1.694688e-03 
   76737573   3.397441e+02   5.238615e-01   3.397441e+02   5.238615e-01 223200606070356480       3670       3824     0 2453893.666354  8.672120e+00  1.674135e-03  8.672120e+00  1.674135e-03 
   76823799   3.317392e+02   5.073260e-01   3.317392e+02   5.073260e-01 223200606080353510       3690       3829     0 2453894.664340  8.698009e+00  1.660413e-03  8.698009e+00  1.660413e-03 
   76823858   3.360017e+02   5.086761e-01   3.360017e+02   5.086761e-01 223200606080354510       3694       3826     0 2453894.665023  8.684146e+00  1.643712e-03  8.684146e+00  1.643712e-03 
   76823917   3.342719e+02   5.077607e-01   3.342719e+02   5.077607e-01 223200606080355500       3696       3824     0 2453894.665706  8.689751e+00  1.649245e-03  8.689751e+00  1.649245e-03 
   76824003   3.344814e+02   5.082088e-01   3.344814e+02   5.082088e-01 223200606080357160       3694       3844     0 2453894.666701  8.689070e+00  1.649666e-03  8.689070e+00  1.649666e-03 
   76910225   3.381888e+02   5.238737e-01   3.381888e+02   5.238737e-01 223200606090354140       3686       3816     0 2453895.664641  8.677102e+00  1.681873e-03  8.677102e+00  1.681873e-03 
   76910279   3.369478e+02   5.248483e-01   3.369478e+02   5.248483e-01 223200606090355080       3689       3814     0 2453895.665266  8.681093e+00  1.691208e-03  8.681093e+00  1.691208e-03 
   76910363   3.401274e+02   5.312948e-01   3.401274e+02   5.312948e-01 223200606090356320       3687       3833     0 2453895.666238  8.670896e+00  1.695976e-03  8.670896e+00  1.695976e-03 
   76910435   3.389313e+02   5.234070e-01   3.389313e+02   5.234070e-01 223200606090357440       3694       3808     0 2453895.667072  8.674721e+00  1.676693e-03  8.674721e+00  1.676693e-03 
   76996580   3.154838e+02   5.130741e-01   3.154838e+02   5.130741e-01 223200606100353270       3692       3817     0 2453896.664120  8.752558e+00  1.765749e-03  8.752558e+00  1.765749e-03 
   76996645   3.143829e+02   5.100685e-01   3.143829e+02   5.100685e-01 223200606100354320       3696       3813     0 2453896.664873  8.756352e+00  1.761552e-03  8.756352e+00  1.761552e-03 
   76996706   3.195422e+02   5.122078e-01   3.195422e+02   5.122078e-01 223200606100355320       3697       3811     0 2453896.665579  8.738680e+00  1.740379e-03  8.738680e+00  1.740379e-03 
   76996761   3.137285e+02   5.076899e-01   3.137285e+02   5.076899e-01 223200606100356270       3699       3809     0 2453896.666215  8.758615e+00  1.756995e-03  8.758615e+00  1.756995e-03 
   77083000   2.916903e+02   5.499818e-01   2.916903e+02   5.499818e-01 223200606110353440       3705       3805     0 2453897.664352  8.837695e+00  2.047162e-03  8.837695e+00  2.047162e-03 
   77083077   2.897613e+02   5.473353e-01   2.897613e+02   5.473353e-01 223200606110355000       3704       3825     0 2453897.665243  8.844899e+00  2.050874e-03  8.844899e+00  2.050874e-03 
   77083158   2.904420e+02   5.461140e-01   2.904420e+02   5.461140e-01 223200606110356210       3711       3799     0 2453897.666181  8.842352e+00  2.041502e-03  8.842352e+00  2.041502e-03 
   77083212   2.917765e+02   5.470809e-01   2.917765e+02   5.470809e-01 223200606110357160       3712       3797     0 2453897.666806  8.837375e+00  2.035763e-03  8.837375e+00  2.035763e-03 
   77169266   3.029413e+02   6.219991e-01   3.029413e+02   6.219991e-01 223200606120351270       3703       3822     0 2453898.662801  8.796604e+00  2.229242e-03  8.796604e+00  2.229242e-03 
   77169328   3.008833e+02   6.190308e-01   3.008833e+02   6.190308e-01 223200606120352290       3711       3797     0 2453898.663519  8.804005e+00  2.233778e-03  8.804005e+00  2.233778e-03 
   77169386   3.008012e+02   6.143545e-01   3.008012e+02   6.143545e-01 223200606120353260       3712       3794     0 2453898.664190  8.804301e+00  2.217509e-03  8.804301e+00  2.217509e-03 
   77169446   2.998803e+02   6.126286e-01   2.998803e+02   6.126286e-01 223200606120354260       3714       3791     0 2453898.664884  8.807630e+00  2.218070e-03  8.807630e+00  2.218070e-03 
   77514756   2.627065e+02   2.396162e+00   2.627065e+02   2.396162e+00 223200606160349260       3715       3760     0 2453902.661528  8.951323e+00  9.903098e-03  8.951323e+00  9.903098e-03 
   77601375   3.171593e+02   5.010090e-01   3.171593e+02   5.010090e-01 223200606170353030       3727       3746     0 2453903.664062  8.746806e+00  1.715118e-03  8.746806e+00  1.715118e-03 
   77601445   3.190811e+02   5.053748e-01   3.190811e+02   5.053748e-01 223200606170354120       3725       3766     0 2453903.664873  8.740247e+00  1.719643e-03  8.740247e+00  1.719643e-03 
   77601515   3.171732e+02   5.018060e-01   3.171732e+02   5.018060e-01 223200606170355220       3726       3764     0 2453903.665683  8.746758e+00  1.717771e-03  8.746758e+00  1.717771e-03 
   77601572   3.182441e+02   5.037160e-01   3.182441e+02   5.037160e-01 223200606170356190       3732       3739     0 2453903.666343  8.743099e+00  1.718506e-03  8.743099e+00  1.718506e-03 
   77687719   3.175236e+02   4.899388e-01   3.175236e+02   4.899388e-01 223200606180352030       3747       3740     0 2453904.663414  8.745560e+00  1.675297e-03  8.745560e+00  1.675297e-03 
   77687762   3.164062e+02   4.895189e-01   3.164062e+02   4.895189e-01 223200606180352470       3749       3738     0 2453904.663912  8.749388e+00  1.679772e-03  8.749388e+00  1.679772e-03 
   77687830   3.126962e+02   4.867830e-01   3.126962e+02   4.867830e-01 223200606180353550       3750       3737     0 2453904.664699  8.762194e+00  1.690202e-03  8.762194e+00  1.690202e-03 
   77687881   3.190123e+02   4.909566e-01   3.190123e+02   4.909566e-01 223200606180354460       3751       3735     0 2453904.665289  8.740481e+00  1.670942e-03  8.740481e+00  1.670942e-03 
   77774355   3.186677e+02   4.844187e-01   3.186677e+02   4.844187e-01 223200606190355570       3792       3720     0 2453905.666146  8.741655e+00  1.650474e-03  8.741655e+00  1.650474e-03 
   77774411   3.205075e+02   4.853049e-01   3.205075e+02   4.853049e-01 223200606190356530       3792       3720     0 2453905.666794  8.735405e+00  1.644002e-03  8.735405e+00  1.644002e-03 
   77774473   3.219253e+02   4.861898e-01   3.219253e+02   4.861898e-01 223200606190357560       3792       3719     0 2453905.667512  8.730612e+00  1.639746e-03  8.730612e+00  1.639746e-03 
   77774538   3.210249e+02   4.851256e-01   3.210249e+02   4.851256e-01 223200606190359000       3787       3743     0 2453905.668264  8.733653e+00  1.640746e-03  8.733653e+00  1.640746e-03 
   77860769   3.361842e+02   5.045653e-01   3.361842e+02   5.045653e-01 223200606200356080       3777       3714     0 2453906.666308  8.683557e+00  1.629543e-03  8.683557e+00  1.629543e-03 
   77860828   3.352597e+02   5.036672e-01   3.352597e+02   5.036672e-01 223200606200357080       3777       3714     0 2453906.666991  8.686546e+00  1.631128e-03  8.686546e+00  1.631128e-03 
   77860892   3.353722e+02   5.034773e-01   3.353722e+02   5.034773e-01 223200606200358110       3777       3714     0 2453906.667731  8.686182e+00  1.629967e-03  8.686182e+00  1.629967e-03 
   77860957   3.320459e+02   5.023842e-01   3.320459e+02   5.023842e-01 223200606200359170       3771       3738     0 2453906.668484  8.697004e+00  1.642721e-03  8.697004e+00  1.642721e-03 
   77947079   3.377122e+02   5.258011e-01   3.377122e+02   5.258011e-01 223200606210354360       3771       3713     0 2453907.665266  8.678634e+00  1.690443e-03  8.678634e+00  1.690443e-03 
   77947133   3.363611e+02   5.241885e-01   3.363611e+02   5.241885e-01 223200606210355300       3772       3714     0 2453907.665891  8.682985e+00  1.692028e-03  8.682985e+00  1.692028e-03 
   77947211   3.363212e+02   5.255818e-01   3.363212e+02   5.255818e-01 223200606210356480       3768       3737     0 2453907.666794  8.683114e+00  1.696727e-03  8.683114e+00  1.696727e-03 
   77947278   3.371032e+02   5.250530e-01   3.371032e+02   5.250530e-01 223200606210357550       3772       3714     0 2453907.667569  8.680593e+00  1.691088e-03  8.680593e+00  1.691088e-03 
   78119989   3.397546e+02   5.362964e-01   3.397546e+02   5.362964e-01 223200606230356210       3762       3693     0 2453909.666539  8.672087e+00  1.713821e-03  8.672087e+00  1.713821e-03 
   78120043   3.403339e+02   5.349917e-01   3.403339e+02   5.349917e-01 223200606230357150       3762       3695     0 2453909.667164  8.670237e+00  1.706741e-03  8.670237e+00  1.706741e-03 
   78120191   3.386450e+02   5.371809e-01   3.386450e+02   5.371809e-01 223200606230359440       3760       3701     0 2453909.668877  8.675638e+00  1.722272e-03  8.675638e+00  1.722272e-03 
   78120253   3.401001e+02   5.367666e-01   3.401001e+02   5.367666e-01 223200606230400460       3762       3681     0 2453909.669595  8.670983e+00  1.713581e-03  8.670983e+00  1.713581e-03 
   78206448   3.490786e+02   5.389687e-01   3.490786e+02   5.389687e-01 223200606240357190       3781       3679     0 2453910.667222  8.642692e+00  1.676356e-03  8.642692e+00  1.676356e-03 
   78206507   3.523622e+02   5.384154e-01   3.523622e+02   5.384154e-01 223200606240358180       3778       3683     0 2453910.667905  8.632526e+00  1.659029e-03  8.632526e+00  1.659029e-03 
   78206582   3.536106e+02   5.410150e-01   3.536106e+02   5.410150e-01 223200606240359320       3769       3710     0 2453910.668773  8.628687e+00  1.661154e-03  8.628687e+00  1.661154e-03 
   78206641   3.551319e+02   5.447316e-01   3.551319e+02   5.447316e-01 223200606240400310       3765       3696     0 2453910.669456  8.624025e+00  1.665400e-03  8.624025e+00  1.665400e-03 
   78292887   3.642845e+02   5.628061e-01   3.642845e+02   5.628061e-01 223200606250357560       3783       3662     0 2453911.667674  8.596398e+00  1.677428e-03  8.596398e+00  1.677428e-03 
   78292941   3.668041e+02   5.606153e-01   3.668041e+02   5.606153e-01 223200606250358490       3777       3669     0 2453911.668299  8.588915e+00  1.659421e-03  8.588915e+00  1.659421e-03 
   78292992   3.693313e+02   5.641719e-01   3.693313e+02   5.641719e-01 223200606250359400       3767       3682     0 2453911.668889  8.581460e+00  1.658522e-03  8.581460e+00  1.658522e-03 
   78293054   3.686819e+02   5.638688e-01   3.686819e+02   5.638688e-01 223200606250400430       3767       3681     0 2453911.669606  8.583370e+00  1.660550e-03  8.583370e+00  1.660550e-03 
   78724954   3.423873e+02   5.305325e-01   3.423873e+02   5.305325e-01 223200606300358520       3790       3663     0 2453916.668449  8.663706e+00  1.682365e-03  8.663706e+00  1.682365e-03 
   78725031   3.444416e+02   5.340998e-01   3.444416e+02   5.340998e-01 223200606300400090       3797       3636     0 2453916.669340  8.657211e+00  1.683576e-03  8.657211e+00  1.683576e-03 
   78725078   3.418763e+02   5.320081e-01   3.418763e+02   5.320081e-01 223200606300400570       3798       3634     0 2453916.669884  8.665328e+00  1.689566e-03  8.665328e+00  1.689566e-03 
   78725142   3.404012e+02   5.307791e-01   3.404012e+02   5.307791e-01 223200606300402000       3799       3632     0 2453916.670625  8.670022e+00  1.692968e-03  8.670022e+00  1.692968e-03 
   78811390   3.491272e+02   5.532859e-01   3.491272e+02   5.532859e-01 223200607010359260       3790       3629     0 2453917.668866  8.642541e+00  1.720647e-03  8.642541e+00  1.720647e-03 
   78811469   3.496790e+02   5.559344e-01   3.496790e+02   5.559344e-01 223200607010400450       3787       3649     0 2453917.669780  8.640826e+00  1.726155e-03  8.640826e+00  1.726155e-03 
   78811534   3.498677e+02   5.555285e-01   3.498677e+02   5.555285e-01 223200607010401510       3793       3624     0 2453917.670532  8.640241e+00  1.723964e-03  8.640241e+00  1.723964e-03 
   78811585   3.461553e+02   5.520656e-01   3.461553e+02   5.520656e-01 223200607010402420       3793       3621     0 2453917.671123  8.651823e+00  1.731592e-03  8.651823e+00  1.731592e-03 
   78897914   5.117635e+02   1.733323e+00   5.117635e+02   1.733323e+00 223200607020401280       3802       3615     0 2453918.670301  8.227326e+00  3.677358e-03  8.227326e+00  3.677358e-03 
   78897987   5.385803e+02   1.289449e+00   5.385803e+02   1.289449e+00 223200607020402420       3798       3634     0 2453918.671146  8.171874e+00  2.599438e-03  8.171874e+00  2.599438e-03 
   78984203   3.563621e+02   5.559540e-01   3.563621e+02   5.559540e-01 223200607030359350       3809       3605     0 2453919.669016  8.620272e+00  1.693843e-03  8.620272e+00  1.693843e-03 
   78984257   3.540419e+02   5.513228e-01   3.540419e+02   5.513228e-01 223200607030400290       3811       3603     0 2453919.669641  8.627363e+00  1.690741e-03  8.627363e+00  1.690741e-03 
   78984315   3.579329e+02   5.538363e-01   3.579329e+02   5.538363e-01 223200607030401270       3812       3600     0 2453919.670313  8.615496e+00  1.679986e-03  8.615496e+00  1.679986e-03 
   78984370   3.582753e+02   5.561020e-01   3.582753e+02   5.561020e-01 223200607030402220       3812       3599     0 2453919.670949  8.614458e+00  1.685246e-03  8.614458e+00  1.685246e-03 
   79070526   3.345515e+02   5.102595e-01   3.345515e+02   5.102595e-01 223200607040358180       3805       3584     0 2453920.668125  8.688843e+00  1.655976e-03  8.688843e+00  1.655976e-03 
   79070572   3.346629e+02   5.109688e-01   3.346629e+02   5.109688e-01 223200607040359040       3806       3583     0 2453920.668657  8.688481e+00  1.657726e-03  8.688481e+00  1.657726e-03 
   79070638   3.330797e+02   5.111874e-01   3.330797e+02   5.111874e-01 223200607040400090       3807       3580     0 2453920.669421  8.693629e+00  1.666317e-03  8.693629e+00  1.666317e-03 
   79070690   3.344629e+02   5.120799e-01   3.344629e+02   5.120799e-01 223200607040401020       3808       3578     0 2453920.670023  8.689130e+00  1.662324e-03  8.689130e+00  1.662324e-03 
   79415954   3.486011e+02   5.389404e-01   3.486011e+02   5.389404e-01 223200607080355190       3803       3568     0 2453924.666134  8.644178e+00  1.678564e-03  8.644178e+00  1.678564e-03 
   79416111   3.494265e+02   5.399931e-01   3.494265e+02   5.399931e-01 223200607080357570       3805       3589     0 2453924.667951  8.641610e+00  1.677870e-03  8.641610e+00  1.677870e-03 
   79416178   3.492805e+02   5.403637e-01   3.492805e+02   5.403637e-01 223200607080359030       3810       3562     0 2453924.668727  8.642064e+00  1.679723e-03  8.642064e+00  1.679723e-03 
   79416236   3.471999e+02   5.392149e-01   3.471999e+02   5.392149e-01 223200607080400010       3811       3559     0 2453924.669398  8.648551e+00  1.686196e-03  8.648551e+00  1.686196e-03 
   79502442   3.200009e+02   5.038530e-01   3.200009e+02   5.038530e-01 223200607090356460       3815       3561     0 2453925.667153  8.737122e+00  1.709537e-03  8.737122e+00  1.709537e-03 
   79502494   3.187283e+02   5.017753e-01   3.187283e+02   5.017753e-01 223200607090357380       3815       3559     0 2453925.667755  8.741448e+00  1.709285e-03  8.741448e+00  1.709285e-03 
   79502563   3.198935e+02   5.019115e-01   3.198935e+02   5.019115e-01 223200607090358470       3816       3556     0 2453925.668553  8.737487e+00  1.703521e-03  8.737487e+00  1.703521e-03 
   79502717   3.205884e+02   5.046840e-01   3.205884e+02   5.046840e-01 223200607090401200       3814       3538     0 2453925.670336  8.735130e+00  1.709218e-03  8.735130e+00  1.709218e-03 
   80278193   3.840920e+02   6.567498e-01   3.840920e+02   6.567498e-01 223200607180325470       3846       3517     0 2453934.645752  8.538912e+00  1.856481e-03  8.538912e+00  1.856481e-03 
   80278255   4.046237e+02   6.739596e-01   4.046237e+02   6.739596e-01 223200607180326500       3850       3491     0 2453934.646470  8.482371e+00  1.808457e-03  8.482371e+00  1.808457e-03 
   80278330   4.468792e+02   7.720800e-01   4.468792e+02   7.720800e-01 223200607180328050       3845       3512     0 2453934.647338  8.374525e+00  1.875850e-03  8.374525e+00  1.875850e-03 
   80278408   2.984189e+02   7.177874e-01   2.984189e+02   7.177874e-01 223200607180329220       3850       3486     0 2453934.648241  8.812934e+00  2.611531e-03  8.812934e+00  2.611531e-03 
   80364285   3.354369e+02   5.236106e-01   3.354369e+02   5.236106e-01 223200607190320380       3842       3501     0 2453935.642187  8.685973e+00  1.694819e-03  8.685973e+00  1.694819e-03 
   80364341   3.341798e+02   5.225873e-01   3.341798e+02   5.225873e-01 223200607190321350       3842       3500     0 2453935.642836  8.690049e+00  1.697870e-03  8.690049e+00  1.697870e-03 
   80364401   3.347805e+02   5.243681e-01   3.347805e+02   5.243681e-01 223200607190322340       3842       3498     0 2453935.643530  8.688100e+00  1.700599e-03  8.688100e+00  1.700599e-03 
   80364462   3.335259e+02   5.240625e-01   3.335259e+02   5.240625e-01 223200607190323360       3843       3497     0 2453935.644236  8.692176e+00  1.706001e-03  8.692176e+00  1.706001e-03 
   80450500   3.359195e+02   5.182492e-01   3.359195e+02   5.182492e-01 223200607200317340       3846       3493     0 2453936.640046  8.684412e+00  1.675056e-03  8.684412e+00  1.675056e-03 
   80450561   3.350650e+02   5.172061e-01   3.350650e+02   5.172061e-01 223200607200318350       3846       3492     0 2453936.640752  8.687178e+00  1.675947e-03  8.687178e+00  1.675947e-03 
   80450625   3.354663e+02   5.173323e-01   3.354663e+02   5.173323e-01 223200607200319380       3846       3490     0 2453936.641493  8.685878e+00  1.674351e-03  8.685878e+00  1.674351e-03 
   80450682   3.373940e+02   5.188597e-01   3.373940e+02   5.188597e-01 223200607200320360       3846       3488     0 2453936.642153  8.679656e+00  1.669700e-03  8.679656e+00  1.669700e-03 
   80967431   3.594850e+02   5.601620e-01   3.594850e+02   5.601620e-01 223200607260253020       3805       3529     0 2453942.623044  8.610798e+00  1.691838e-03  8.610798e+00  1.691838e-03 
   80967490   3.601912e+02   5.574556e-01   3.601912e+02   5.574556e-01 223200607260254000       3806       3526     0 2453942.623727  8.608667e+00  1.680363e-03  8.608667e+00  1.680363e-03 
   80967550   3.588841e+02   5.550527e-01   3.588841e+02   5.550527e-01 223200607260255010       3807       3524     0 2453942.624421  8.612615e+00  1.679213e-03  8.612615e+00  1.679213e-03 
   80967606   3.555535e+02   5.510888e-01   3.555535e+02   5.510888e-01 223200607260255560       3808       3522     0 2453942.625069  8.622738e+00  1.682838e-03  8.622738e+00  1.682838e-03 
   81053651   3.486044e+02   5.529886e-01   3.486044e+02   5.529886e-01 223200607270250020       3802       3524     0 2453943.620961  8.644168e+00  1.722301e-03  8.644168e+00  1.722301e-03 
   81053713   3.555604e+02   5.690234e-01   3.555604e+02   5.690234e-01 223200607270251040       3802       3522     0 2453943.621678  8.622717e+00  1.737571e-03  8.622717e+00  1.737571e-03 
   81053769   3.431830e+02   5.512237e-01   3.431830e+02   5.512237e-01 223200607270251590       3803       3520     0 2453943.622326  8.661185e+00  1.743925e-03  8.661185e+00  1.743925e-03 
   81053831   3.485612e+02   5.509872e-01   3.485612e+02   5.509872e-01 223200607270253010       3804       3517     0 2453943.623044  8.644302e+00  1.716280e-03  8.644302e+00  1.716280e-03 
   81139828   8.744373e+01   4.610895e-01   8.744373e+01   4.610895e-01 223200607280246190       3819       3516     0 2453944.618380  1.014568e+01  5.725092e-03  1.014568e+01  5.725092e-03 
   81139887   8.229454e+01   6.919784e-01   8.229454e+01   6.919784e-01 223200607280247170       3820       3513     0 2453944.619063  1.021157e+01  9.129507e-03  1.021157e+01  9.129507e-03 
   81139941   7.800109e+01   4.561254e-01   7.800109e+01   4.561254e-01 223200607280248110       3820       3511     0 2453944.619687  1.026975e+01  6.349059e-03  1.026975e+01  6.349059e-03 
   81139995   8.302696e+01   3.502769e-01   8.302696e+01   3.502769e-01 223200607280249060       3821       3509     0 2453944.620312  1.020195e+01  4.580556e-03  1.020195e+01  4.580556e-03 
   82346061   2.936057e+02   5.725555e-01   2.936057e+02   5.725555e-01 223200608110150170       3815       3553     0 2453958.579410  8.830589e+00  2.117283e-03  8.830589e+00  2.117283e-03 
   82346117   2.973217e+02   5.717149e-01   2.973217e+02   5.717149e-01 223200608110151120       3818       3551     0 2453958.580058  8.816934e+00  2.087751e-03  8.816934e+00  2.087751e-03 
   82346172   2.983686e+02   5.756935e-01   2.983686e+02   5.756935e-01 223200608110152070       3818       3548     0 2453958.580694  8.813117e+00  2.094904e-03  8.813117e+00  2.094904e-03 
   82346231   2.972656e+02   5.744792e-01   2.972656e+02   5.744792e-01 223200608110153070       3819       3546     0 2453958.581377  8.817139e+00  2.098242e-03  8.817139e+00  2.098242e-03 
   82518416   3.062379e+02   5.165869e-01   3.062379e+02   5.165869e-01 223200608130142530       3819       3526     0 2453960.574259  8.784853e+00  1.831514e-03  8.784853e+00  1.831514e-03 
   82518475   3.066823e+02   5.149048e-01   3.066823e+02   5.149048e-01 223200608130143520       3820       3523     0 2453960.574942  8.783278e+00  1.822905e-03  8.783278e+00  1.822905e-03 
   82518537   3.075252e+02   5.149818e-01   3.075252e+02   5.149818e-01 223200608130144550       3819       3518     0 2453960.575660  8.780298e+00  1.818180e-03  8.780298e+00  1.818180e-03 
   82518615   3.074516e+02   5.178270e-01   3.074516e+02   5.178270e-01 223200608130146120       3815       3538     0 2453960.576563  8.780559e+00  1.828664e-03  8.780559e+00  1.828664e-03 
   82604597   3.155867e+02   5.151554e-01   3.155867e+02   5.151554e-01 223200608140139160       3818       3544     0 2453961.571725  8.752203e+00  1.772334e-03  8.752203e+00  1.772334e-03 
   82604653   3.185875e+02   5.183855e-01   3.185875e+02   5.183855e-01 223200608140140120       3825       3540     0 2453961.572373  8.741928e+00  1.766647e-03  8.741928e+00  1.766647e-03 
   82604710   3.152692e+02   5.181947e-01   3.152692e+02   5.181947e-01 223200608140141080       3838       3538     0 2453961.573032  8.753296e+00  1.784585e-03  8.753296e+00  1.784585e-03 
   82604764   3.121036e+02   5.205951e-01   3.121036e+02   5.205951e-01 223200608140142030       3837       3535     0 2453961.573657  8.764253e+00  1.811036e-03  8.764253e+00  1.811036e-03 
   82863070   3.281982e+02   5.227554e-01   3.281982e+02   5.227554e-01 223200608170127120       3808       3553     0 2453964.563310  8.709660e+00  1.729371e-03  8.709660e+00  1.729371e-03 
   82863138   3.301314e+02   5.265064e-01   3.301314e+02   5.265064e-01 223200608170128190       3816       3522     0 2453964.564097  8.703283e+00  1.731580e-03  8.703283e+00  1.731580e-03 
   82863194   3.280118e+02   5.239060e-01   3.280118e+02   5.239060e-01 223200608170129150       3817       3520     0 2453964.564745  8.710277e+00  1.734162e-03  8.710277e+00  1.734162e-03 
   82863254   3.290746e+02   5.246683e-01   3.290746e+02   5.246683e-01 223200608170130160       3817       3518     0 2453964.565440  8.706764e+00  1.731077e-03  8.706764e+00  1.731077e-03 
   82949242   3.462989e+02   5.421048e-01   3.462989e+02   5.421048e-01 223200608180123250       3813       3502     0 2453965.560671  8.651372e+00  1.699644e-03  8.651372e+00  1.699644e-03 
   82949304   3.455372e+02   5.434085e-01   3.455372e+02   5.434085e-01 223200608180124270       3815       3501     0 2453965.561389  8.653763e+00  1.707487e-03  8.653763e+00  1.707487e-03 
   82949367   3.454452e+02   5.408965e-01   3.454452e+02   5.408965e-01 223200608180125310       3815       3497     0 2453965.562118  8.654052e+00  1.700047e-03  8.654052e+00  1.700047e-03 
   82949458   3.446891e+02   5.407504e-01   3.446891e+02   5.407504e-01 223200608180127020       3811       3515     0 2453965.563171  8.656431e+00  1.703316e-03  8.656431e+00  1.703316e-03 
   83724667   3.426328e+02   5.288075e-01   3.426328e+02   5.288075e-01 223200608270047250       3792       3551     0 2453974.535498  8.662928e+00  1.675693e-03  8.662928e+00  1.675693e-03 
   83724731   3.419398e+02   5.289981e-01   3.419398e+02   5.289981e-01 223200608270048280       3796       3519     0 2453974.536238  8.665126e+00  1.679694e-03  8.665126e+00  1.679694e-03 
   83724806   3.397840e+02   5.267614e-01   3.397840e+02   5.267614e-01 223200608270049440       3792       3538     0 2453974.537106  8.671993e+00  1.683204e-03  8.671993e+00  1.683204e-03 
   83724868   3.362377e+02   5.252671e-01   3.362377e+02   5.252671e-01 223200608270050460       3796       3511     0 2453974.537824  8.683384e+00  1.696132e-03  8.683384e+00  1.696132e-03 
   83810834   3.402900e+02   5.310220e-01   3.402900e+02   5.310220e-01 223200608280043330       3797       3541     0 2453975.532801  8.670377e+00  1.694296e-03  8.670377e+00  1.694296e-03 
   83810886   3.412495e+02   5.316749e-01   3.412495e+02   5.316749e-01 223200608280044250       3798       3538     0 2453975.533403  8.667320e+00  1.691609e-03  8.667320e+00  1.691609e-03 
   83810957   3.415869e+02   5.301383e-01   3.415869e+02   5.301383e-01 223200608280045350       3798       3534     0 2453975.534225  8.666247e+00  1.685054e-03  8.666247e+00  1.685054e-03 
   83811014   3.406640e+02   5.310782e-01   3.406640e+02   5.310782e-01 223200608280046320       3798       3532     0 2453975.534884  8.669185e+00  1.692615e-03  8.669185e+00  1.692615e-03 
   84328665   3.128871e+02   5.721518e-01   3.128871e+02   5.721518e-01 223200609030034170       3787       3471     0 2453981.526215  8.761531e+00  1.985407e-03  8.761531e+00  1.985407e-03 
   84328737   3.143146e+02   5.800285e-01   3.143146e+02   5.800285e-01 223200609030035280       3782       3490     0 2453981.527049  8.756589e+00  2.003598e-03  8.756589e+00  2.003598e-03 
   84328804   3.058948e+02   5.891339e-01   3.058948e+02   5.891339e-01 223200609030036350       3783       3457     0 2453981.527824  8.786070e+00  2.091066e-03  8.786070e+00  2.091066e-03 
   84328861   3.027322e+02   5.768546e-01   3.027322e+02   5.768546e-01 223200609030037320       3785       3456     0 2453981.528484  8.797354e+00  2.068872e-03  8.797354e+00  2.068872e-03 
   84500171   3.014073e+02   6.104918e-01   3.014073e+02   6.104918e-01 223200609050012480       3794       3535     0 2453983.511238  8.802115e+00  2.199135e-03  8.802115e+00  2.199135e-03 
   84500231   3.019300e+02   6.133309e-01   3.019300e+02   6.133309e-01 223200609050013480       3796       3532     0 2453983.511933  8.800234e+00  2.205537e-03  8.800234e+00  2.205537e-03 
   84500293   3.011542e+02   6.141126e-01   3.011542e+02   6.141126e-01 223200609050014500       3796       3529     0 2453983.512650  8.803028e+00  2.214037e-03  8.803028e+00  2.214037e-03 
   84500371   3.019519e+02   6.100467e-01   3.019519e+02   6.100467e-01 223200609050016080       3791       3548     0 2453983.513553  8.800156e+00  2.193569e-03  8.800156e+00  2.193569e-03 
   84844845   2.996629e+02   7.274755e-01   2.996629e+02   7.274755e-01 223200609082357310       3805       3544     0 2453987.500521  8.808417e+00  2.635793e-03  8.808417e+00  2.635793e-03 
   84844901   2.967813e+02   7.195884e-01   2.967813e+02   7.195884e-01 223200609082358260       3806       3539     0 2453987.501169  8.818909e+00  2.632531e-03  8.818909e+00  2.632531e-03 
   84844958   2.988358e+02   7.166690e-01   2.988358e+02   7.166690e-01 223200609082359230       3805       3536     0 2453987.501829  8.811419e+00  2.603825e-03  8.811419e+00  2.603825e-03 
   84845020   2.979443e+02   7.173743e-01   2.979443e+02   7.173743e-01 223200609090000260       3805       3534     0 2453987.502546  8.814662e+00  2.614186e-03  8.814662e+00  2.614186e-03 
   85017144   3.111839e+02   5.928875e-01   3.111839e+02   5.928875e-01 223200609102349160       3780       3497     0 2453989.494722  8.767457e+00  2.068621e-03  8.767457e+00  2.068621e-03 
   85017211   2.957181e+02   6.558918e-01   2.957181e+02   6.558918e-01 223200609102350220       3782       3494     0 2453989.495498  8.822805e+00  2.408131e-03  8.822805e+00  2.408131e-03 
   85017270   3.115059e+02   6.298967e-01   3.115059e+02   6.298967e-01 223200609102351210       3782       3492     0 2453989.496181  8.766335e+00  2.195477e-03  8.766335e+00  2.195477e-03 
   85017328   3.113848e+02   6.362391e-01   3.113848e+02   6.362391e-01 223200609102352200       3780       3485     0 2453989.496852  8.766756e+00  2.218445e-03  8.766756e+00  2.218445e-03 
   85361736   3.384167e+02   5.249161e-01   3.384167e+02   5.249161e-01 223200609142332380       3783       3450     0 2453993.483056  8.676371e+00  1.684085e-03  8.676371e+00  1.684085e-03 
   85361793   3.363387e+02   5.220546e-01   3.363387e+02   5.220546e-01 223200609142333360       3784       3447     0 2453993.483715  8.683058e+00  1.685252e-03  8.683058e+00  1.685252e-03 
   85361854   3.385956e+02   5.243813e-01   3.385956e+02   5.243813e-01 223200609142334370       3785       3444     0 2453993.484421  8.675797e+00  1.681480e-03  8.675797e+00  1.681480e-03 
   85361929   3.395567e+02   5.247819e-01   3.395567e+02   5.247819e-01 223200609142335520       3780       3464     0 2453993.485289  8.672719e+00  1.678002e-03  8.672719e+00  1.678002e-03 
   85620634   3.454710e+02   5.571900e-01   3.454710e+02   5.571900e-01 223200609172327440       3753       3455     0 2453996.479560  8.653971e+00  1.751126e-03  8.653971e+00  1.751126e-03 
   85620693   3.445331e+02   5.568077e-01   3.445331e+02   5.568077e-01 223200609172328430       3753       3452     0 2453996.480243  8.656922e+00  1.754689e-03  8.656922e+00  1.754689e-03 
   85620756   3.434098e+02   5.560678e-01   3.434098e+02   5.560678e-01 223200609172329460       3753       3449     0 2453996.480972  8.660468e+00  1.758090e-03  8.660468e+00  1.758090e-03 
   85620810   3.473288e+02   5.596922e-01   3.473288e+02   5.596922e-01 223200609172330410       3753       3446     0 2453996.481597  8.648148e+00  1.749582e-03  8.648148e+00  1.749582e-03 
   85706430   3.559031e+02   5.723330e-01   3.559031e+02   5.723330e-01 223200609182317440       3756       3428     0 2453997.472569  8.621671e+00  1.745995e-03  8.621671e+00  1.745995e-03 
   85706493   3.559605e+02   5.705110e-01   3.559605e+02   5.705110e-01 223200609182318460       3761       3406     0 2453997.473299  8.621495e+00  1.740156e-03  8.621495e+00  1.740156e-03 
   85706548   3.557497e+02   5.703313e-01   3.557497e+02   5.703313e-01 223200609182319410       3761       3404     0 2453997.473935  8.622139e+00  1.740638e-03  8.622139e+00  1.740638e-03 
   85706625   3.598010e+02   5.722652e-01   3.598010e+02   5.722652e-01 223200609182320580       3757       3426     0 2453997.474826  8.609844e+00  1.726874e-03  8.609844e+00  1.726874e-03 
   85878743   3.499579e+02   5.544667e-01   3.499579e+02   5.544667e-01 223200609202309430       3758       3482     0 2453999.466933  8.639960e+00  1.720226e-03  8.639960e+00  1.720226e-03 
   85878800   3.485940e+02   5.539753e-01   3.485940e+02   5.539753e-01 223200609202310400       3760       3479     0 2453999.467593  8.644200e+00  1.725426e-03  8.644200e+00  1.725426e-03 
   85878861   3.483915e+02   5.528124e-01   3.483915e+02   5.528124e-01 223200609202311410       3761       3476     0 2453999.468299  8.644831e+00  1.722805e-03  8.644831e+00  1.722805e-03 
   85878921   3.482509e+02   5.517717e-01   3.482509e+02   5.517717e-01 223200609202312420       3761       3474     0 2453999.468993  8.645269e+00  1.720256e-03  8.645269e+00  1.720256e-03 
   85964866   3.345667e+02   5.150142e-01   3.345667e+02   5.150142e-01 223200609212305090       3772       3476     0 2454000.463727  8.688793e+00  1.671331e-03  8.688793e+00  1.671331e-03 
   85965019   3.311256e+02   5.118276e-01   3.311256e+02   5.118276e-01 223200609212307420       3774       3469     0 2454000.465498  8.700018e+00  1.678250e-03  8.700018e+00  1.678250e-03 
   85965082   3.319612e+02   5.130843e-01   3.319612e+02   5.130843e-01 223200609212308460       3775       3466     0 2454000.466227  8.697282e+00  1.678136e-03  8.697282e+00  1.678136e-03 
   85965138   3.351390e+02   5.153453e-01   3.351390e+02   5.153453e-01 223200609212309410       3776       3464     0 2454000.466875  8.686937e+00  1.669549e-03  8.686937e+00  1.669549e-03 
   86404979   3.366425e+02   5.289140e-01   3.366425e+02   5.289140e-01 223200609270120390       3636       3120     0 2454005.557627  8.682077e+00  1.705854e-03  8.682077e+00  1.705854e-03 
   86405040   3.416379e+02   5.328950e-01   3.416379e+02   5.328950e-01 223200609270121400       3640       3095     0 2454005.558333  8.666085e+00  1.693564e-03  8.666085e+00  1.693564e-03 
   86405108   3.388344e+02   5.306423e-01   3.388344e+02   5.306423e-01 223200609270122490       3639       3092     0 2454005.559120  8.675032e+00  1.700358e-03  8.675032e+00  1.700358e-03 
   86405169   3.403899e+02   5.322171e-01   3.403899e+02   5.322171e-01 223200609270123490       3638       3091     0 2454005.559826  8.670058e+00  1.697610e-03  8.670058e+00  1.697610e-03 
   87688150   3.438966e+02   5.082196e-01   3.438966e+02   5.082196e-01 223200610112147440       3436       3282     0 2454020.409144  8.658930e+00  1.604536e-03  8.658930e+00  1.604536e-03 
   87688224   3.432629e+02   5.072840e-01   3.432629e+02   5.072840e-01 223200610112148580       3440       3255     0 2454020.410000  8.660933e+00  1.604538e-03  8.660933e+00  1.604538e-03 
   87688278   3.451191e+02   5.082006e-01   3.451191e+02   5.082006e-01 223200610112149520       3440       3253     0 2454020.410625  8.655077e+00  1.598792e-03  8.655077e+00  1.598792e-03 
   87860495   3.211003e+02   4.926936e-01   3.211003e+02   4.926936e-01 223200610132140170       3399       3305     0 2454022.403877  8.733398e+00  1.665950e-03  8.733398e+00  1.665950e-03 
   87860562   3.172126e+02   4.899377e-01   3.172126e+02   4.899377e-01 223200610132141240       3399       3301     0 2454022.404653  8.746624e+00  1.676935e-03  8.746624e+00  1.676935e-03 
   87860618   3.237680e+02   4.952381e-01   3.237680e+02   4.952381e-01 223200610132142200       3399       3298     0 2454022.405301  8.724415e+00  1.660757e-03  8.724415e+00  1.660757e-03 
   87860678   3.200421e+02   4.920821e-01   3.200421e+02   4.920821e-01 223200610132143190       3398       3296     0 2454022.405995  8.736982e+00  1.669384e-03  8.736982e+00  1.669384e-03 
   88033107   3.329857e+02   5.035564e-01   3.329857e+02   5.035564e-01 223200610152137170       3395       3335     0 2454024.401701  8.693936e+00  1.641906e-03  8.693936e+00  1.641906e-03 
   88033168   3.276238e+02   4.986146e-01   3.276238e+02   4.986146e-01 223200610152138180       3395       3330     0 2454024.402407  8.711561e+00  1.652401e-03  8.711561e+00  1.652401e-03 
   88033223   3.299394e+02   4.998863e-01   3.299394e+02   4.998863e-01 223200610152139130       3394       3326     0 2454024.403044  8.703915e+00  1.644989e-03  8.703915e+00  1.644989e-03 
   88033282   3.296273e+02   4.995407e-01   3.296273e+02   4.995407e-01 223200610152140120       3394       3322     0 2454024.403727  8.704942e+00  1.645408e-03  8.704942e+00  1.645408e-03 
   88377430   3.511510e+02   5.269771e-01   3.511510e+02   5.269771e-01 223200610192116140       3379       3350     0 2454028.386921  8.636265e+00  1.629385e-03  8.636265e+00  1.629385e-03 
   88377482   3.494833e+02   5.253636e-01   3.494833e+02   5.253636e-01 223200610192117070       3379       3347     0 2454028.387523  8.641434e+00  1.632148e-03  8.641434e+00  1.632148e-03 
   88377567   3.527697e+02   5.283127e-01   3.527697e+02   5.283127e-01 223200610192118310       3374       3367     0 2454028.388507  8.631271e+00  1.626019e-03  8.631271e+00  1.626019e-03 
   88377628   3.506181e+02   5.264556e-01   3.506181e+02   5.264556e-01 223200610192119340       3374       3363     0 2454028.389213  8.637914e+00  1.630246e-03  8.637914e+00  1.630246e-03 
   88551543   3.302738e+02   5.026989e-01   3.302738e+02   5.026989e-01 223200610212138150       3397       3245     0 2454030.402118  8.702815e+00  1.652569e-03  8.702815e+00  1.652569e-03 
   88551674   3.371945e+02   5.100310e-01   3.371945e+02   5.100310e-01 223200610212140270       3394       3235     0 2454030.403634  8.680299e+00  1.642260e-03  8.680299e+00  1.642260e-03 
   88551746   3.368405e+02   5.098686e-01   3.368405e+02   5.098686e-01 223200610212141400       3389       3254     0 2454030.404468  8.681439e+00  1.643463e-03  8.681439e+00  1.643463e-03 
   88637678   3.562224e+02   2.742819e+00   3.562224e+02   2.742819e+00 223200610222133550       3395       3257     0 2454031.399051  8.620697e+00  8.359914e-03  8.620697e+00  8.359914e-03 
   88637753   4.199518e+02   3.053240e+00   4.199518e+02   3.053240e+00 223200610222135100       3390       3276     0 2454031.399919  8.442001e+00  7.893821e-03  8.442001e+00  7.893821e-03 
   88637815   2.320263e+02   3.381413e+00   2.320263e+02   3.381413e+00 223200610222136110       3390       3274     0 2454031.400637  9.086157e+00  1.582293e-02  9.086157e+00  1.582293e-02 
   88640065   2.049705e+02   3.115322e+00   2.049705e+02   3.115322e+00 223200610222213430       3388       3151     0 2454031.426678  9.220772e+00  1.650203e-02  9.220772e+00  1.650203e-02 
   88722095   3.398419e+02   5.049223e-01   3.398419e+02   5.049223e-01 223200610232100550       3386       3336     0 2454032.376100  8.671808e+00  1.613145e-03  8.671808e+00  1.613145e-03 
   88722149   3.408688e+02   5.055718e-01   3.408688e+02   5.055718e-01 223200610232101500       3387       3333     0 2454032.376725  8.668531e+00  1.610354e-03  8.668531e+00  1.610354e-03 
   88722211   3.402296e+02   5.049887e-01   3.402296e+02   5.049887e-01 223200610232102520       3387       3331     0 2454032.377442  8.670569e+00  1.611519e-03  8.670569e+00  1.611519e-03 
   88722278   3.352998e+02   5.009875e-01   3.352998e+02   5.009875e-01 223200610232103590       3387       3328     0 2454032.378218  8.686417e+00  1.622256e-03  8.686417e+00  1.622256e-03 
   88980540   3.518382e+02   5.324944e-01   3.518382e+02   5.324944e-01 223200610262048320       3386       3392     0 2454035.367361  8.634143e+00  1.643228e-03  8.634143e+00  1.643228e-03 
   88980594   3.521915e+02   5.326927e-01   3.521915e+02   5.326927e-01 223200610262049260       3386       3389     0 2454035.367986  8.633053e+00  1.642191e-03  8.633053e+00  1.642191e-03 
   88980654   3.544800e+02   5.345816e-01   3.544800e+02   5.345816e-01 223200610262050270       3386       3387     0 2454035.368681  8.626020e+00  1.637375e-03  8.626020e+00  1.637375e-03 
   88980718   3.567592e+02   5.365680e-01   3.567592e+02   5.365680e-01 223200610262051300       3382       3377     0 2454035.369421  8.619062e+00  1.632960e-03  8.619062e+00  1.632960e-03 
   89066656   3.282878e+02   4.935694e-01   3.282878e+02   4.935694e-01 223200610272043520       3407       3364     0 2454036.364074  8.709363e+00  1.632373e-03  8.709363e+00  1.632373e-03 
   89066719   3.295302e+02   4.945773e-01   3.295302e+02   4.945773e-01 223200610272044550       3406       3361     0 2454036.364803  8.705262e+00  1.629539e-03  8.705262e+00  1.629539e-03 
   89066775   3.309312e+02   4.957423e-01   3.309312e+02   4.957423e-01 223200610272045520       3405       3357     0 2454036.365451  8.700656e+00  1.626463e-03  8.700656e+00  1.626463e-03 
   89066840   3.289974e+02   4.945147e-01   3.289974e+02   4.945147e-01 223200610272046560       3405       3355     0 2454036.366204  8.707019e+00  1.631971e-03  8.707019e+00  1.631971e-03 
   89152854   4.630847e+02   8.044454e-01   4.630847e+02   8.044454e-01 223200610282040350       3391       3377     0 2454037.361736  8.335849e+00  1.886088e-03  8.335849e+00  1.886088e-03 
   89152927   3.790770e+02   6.720866e-01   3.790770e+02   6.720866e-01 223200610282041480       3394       3347     0 2454037.362581  8.553182e+00  1.924969e-03  8.553182e+00  1.924969e-03 
   89152988   4.217240e+02   6.845963e-01   4.217240e+02   6.845963e-01 223200610282042490       3394       3344     0 2454037.363287  8.437429e+00  1.762512e-03  8.437429e+00  1.762512e-03 
   89238975   3.227195e+02   4.950477e-01   3.227195e+02   4.950477e-01 223200610292035590       3386       3337     0 2454038.358507  8.727937e+00  1.665512e-03  8.727937e+00  1.665512e-03 
   89239030   3.264751e+02   4.978690e-01   3.264751e+02   4.978690e-01 223200610292036550       3387       3334     0 2454038.359144  8.715375e+00  1.655735e-03  8.715375e+00  1.655735e-03 
   89239077   3.225939e+02   4.943911e-01   3.225939e+02   4.943911e-01 223200610292037410       3385       3326     0 2454038.359688  8.728359e+00  1.663950e-03  8.728359e+00  1.663950e-03 
   89239155   3.235328e+02   4.956647e-01   3.235328e+02   4.956647e-01 223200610292038590       3385       3324     0 2454038.360590  8.725204e+00  1.663396e-03  8.725204e+00  1.663396e-03 
   89411351   4.188017e+02   6.822603e-01   4.188017e+02   6.822603e-01 223200610312029020       3379       3338     0 2454040.353600  8.444979e+00  1.768754e-03  8.444979e+00  1.768754e-03 
   89411424   4.247157e+02   6.817018e-01   4.247157e+02   6.817018e-01 223200610312030160       3375       3356     0 2454040.354444  8.429754e+00  1.742697e-03  8.429754e+00  1.742697e-03 
   89411494   4.185132e+02   6.821591e-01   4.185132e+02   6.821591e-01 223200610312031250       3378       3326     0 2454040.355255  8.445727e+00  1.769711e-03  8.445727e+00  1.769711e-03 
   89411551   4.214185e+02   6.840730e-01   4.214185e+02   6.840730e-01 223200610312032230       3378       3323     0 2454040.355914  8.438216e+00  1.762441e-03  8.438216e+00  1.762441e-03 
   89506209   3.026577e+02   5.143786e-01   3.026577e+02   5.143786e-01 223200611012250050       3307       2956     0 2454041.451493  8.797621e+00  1.845258e-03  8.797621e+00  1.845258e-03 
   89506282   3.121061e+02   5.205684e-01   3.121061e+02   5.205684e-01 223200611012251190       3310       2928     0 2454041.452338  8.764244e+00  1.810929e-03  8.764244e+00  1.810929e-03 
   89506339   3.061773e+02   5.169796e-01   3.061773e+02   5.169796e-01 223200611012252160       3310       2926     0 2454041.452998  8.785068e+00  1.833269e-03  8.785068e+00  1.833269e-03 
   89506401   3.098103e+02   5.226626e-01   3.098103e+02   5.226626e-01 223200611012253170       3308       2924     0 2454041.453715  8.772261e+00  1.831687e-03  8.772261e+00  1.831687e-03 
   89842111   3.066367e+02   5.621898e-01   3.066367e+02   5.621898e-01 223200611052008420       3390       3340     0 2454045.339248  8.783440e+00  1.990603e-03  8.783440e+00  1.990603e-03 
   89842169   3.067836e+02   5.656952e-01   3.067836e+02   5.656952e-01 223200611052009400       3391       3336     0 2454045.339919  8.782920e+00  2.002056e-03  8.782920e+00  2.002056e-03 
   89842242   3.073832e+02   5.651267e-01   3.073832e+02   5.651267e-01 223200611052010530       3391       3332     0 2454045.340764  8.780800e+00  1.996143e-03  8.780800e+00  1.996143e-03 
   89842301   3.030426e+02   5.600377e-01   3.030426e+02   5.600377e-01 223200611052011520       3391       3330     0 2454045.341447  8.796241e+00  2.006501e-03  8.796241e+00  2.006501e-03 
   89928295   3.228716e+02   5.451301e-01   3.228716e+02   5.451301e-01 223200611062005110       3393       3357     0 2454046.336748  8.727426e+00  1.833142e-03  8.727426e+00  1.833142e-03 
   89928364   3.227959e+02   5.470372e-01   3.227959e+02   5.470372e-01 223200611062006190       3393       3353     0 2454046.337546  8.727680e+00  1.839987e-03  8.727680e+00  1.839987e-03 
   89928418   3.262910e+02   5.492114e-01   3.262910e+02   5.492114e-01 223200611062007140       3394       3350     0 2454046.338171  8.715987e+00  1.827512e-03  8.715987e+00  1.827512e-03 
   89928482   3.184484e+02   5.438055e-01   3.184484e+02   5.438055e-01 223200611062008180       3394       3348     0 2454046.338912  8.742402e+00  1.854089e-03  8.742402e+00  1.854089e-03 
   90014483   2.997090e+02   5.154611e-01   2.997090e+02   5.154611e-01 223200611072001430       3400       3364     0 2454047.334294  8.808250e+00  1.867334e-03  8.808250e+00  1.867334e-03 
   90014537   3.149609e+02   5.108865e-01   3.149609e+02   5.108865e-01 223200611072002370       3401       3361     0 2454047.334919  8.754358e+00  1.761139e-03  8.754358e+00  1.761139e-03 
   90014626   3.308617e+02   5.305628e-01   3.308617e+02   5.305628e-01 223200611072004050       3396       3380     0 2454047.335949  8.700884e+00  1.741070e-03  8.700884e+00  1.741070e-03 
   90014688   3.306930e+02   5.319269e-01   3.306930e+02   5.319269e-01 223200611072005080       3395       3377     0 2454047.336667  8.701438e+00  1.746437e-03  8.701438e+00  1.746437e-03 
   90272972   3.212116e+02   5.039773e-01   3.212116e+02   5.039773e-01 223200611101950030       3397       3348     0 2454050.326065  8.733022e+00  1.703513e-03  8.733022e+00  1.703513e-03 
   90273026   3.155343e+02   5.018774e-01   3.155343e+02   5.018774e-01 223200611101950570       3397       3345     0 2454050.326690  8.752383e+00  1.726939e-03  8.752383e+00  1.726939e-03 
   90273074   3.253810e+02   5.135115e-01   3.253810e+02   5.135115e-01 223200611101951450       3396       3341     0 2454050.327245  8.719020e+00  1.713499e-03  8.719020e+00  1.713499e-03 
   90273139   3.222995e+02   5.069516e-01   3.222995e+02   5.069516e-01 223200611101952500       3396       3339     0 2454050.327998  8.729351e+00  1.707783e-03  8.729351e+00  1.707783e-03 
   90617587   3.414593e+02   5.088806e-01   3.414593e+02   5.088806e-01 223200611141933540       3387       3372     0 2454054.314664  8.666653e+00  1.618090e-03  8.666653e+00  1.618090e-03 
   90617649   3.382990e+02   5.061996e-01   3.382990e+02   5.061996e-01 223200611141934560       3387       3368     0 2454054.315382  8.676748e+00  1.624602e-03  8.676748e+00  1.624602e-03 
   90617709   3.455271e+02   5.115944e-01   3.455271e+02   5.115944e-01 223200611141935570       3392       3341     0 2454054.316076  8.653795e+00  1.607569e-03  8.653795e+00  1.607569e-03 
   90617760   3.380183e+02   5.057468e-01   3.380183e+02   5.057468e-01 223200611141936470       3392       3339     0 2454054.316667  8.677649e+00  1.624496e-03  8.677649e+00  1.624496e-03 
   93467309   3.314749e+02   4.975144e-01   3.314749e+02   4.975144e-01 223200612171911070       4383       2976     0 2454087.297558  8.698874e+00  1.629599e-03  8.698874e+00  1.629599e-03 
   93467365   3.340021e+02   4.984594e-01   3.340021e+02   4.984594e-01 223200612171912030       4382       2973     0 2454087.298206  8.690627e+00  1.620341e-03  8.690627e+00  1.620341e-03 
   93467425   3.352238e+02   4.996011e-01   3.352238e+02   4.996011e-01 223200612171913020       4380       2971     0 2454087.298900  8.686663e+00  1.618134e-03  8.686663e+00  1.618134e-03 
   93467495   3.348479e+02   5.006695e-01   3.348479e+02   5.006695e-01 223200612171914130       4373       2990     0 2454087.299711  8.687881e+00  1.623414e-03  8.687881e+00  1.623414e-03 
   93556857   3.305288e+02   5.113811e-01   3.305288e+02   5.113811e-01 223200612182003370       3440       2902     0 2454088.333993  8.701977e+00  1.679814e-03  8.701977e+00  1.679814e-03 
   95280693   3.225751e+02   5.293580e-01   3.225751e+02   5.293580e-01 223200701071854540       3394       2875     0 2454108.285799  8.728423e+00  1.781741e-03  8.728423e+00  1.781741e-03 
   95280822   3.176830e+02   5.124336e-01   3.176830e+02   5.124336e-01 223200701071857030       3412       2898     0 2454108.287292  8.745015e+00  1.751336e-03  8.745015e+00  1.751336e-03 
   95280878   3.157460e+02   5.040491e-01   3.157460e+02   5.040491e-01 223200701071857590       3411       2895     0 2454108.287940  8.751656e+00  1.733249e-03  8.751656e+00  1.733249e-03 
   95280934   3.132717e+02   4.977849e-01   3.132717e+02   4.977849e-01 223200701071858540       3410       2893     0 2454108.288588  8.760197e+00  1.725227e-03  8.760197e+00  1.725227e-03 
   95626315   3.012885e+02   5.142117e-01   3.012885e+02   5.142117e-01 223200701111855210       3378       2835     0 2454112.286053  8.802544e+00  1.853042e-03  8.802544e+00  1.853042e-03 
   95626371   3.028514e+02   5.071502e-01   3.028514e+02   5.071502e-01 223200701111856160       3377       2834     0 2454112.286701  8.796926e+00  1.818163e-03  8.796926e+00  1.818163e-03 
   95626425   3.101769e+02   5.054234e-01   3.101769e+02   5.054234e-01 223200701111857110       3376       2833     0 2454112.287326  8.770976e+00  1.769179e-03  8.770976e+00  1.769179e-03 
   95626481   3.058846e+02   4.978386e-01   3.058846e+02   4.978386e-01 223200701111858070       3376       2832     0 2454112.287975  8.786106e+00  1.767082e-03  8.786106e+00  1.767082e-03 
   95712698   3.033333e+02   5.059252e-01   3.033333e+02   5.059252e-01 223200701121855050       3406       2829     0 2454113.285856  8.795200e+00  1.810890e-03  8.795200e+00  1.810890e-03 
   95712754   3.007958e+02   4.982537e-01   3.007958e+02   4.982537e-01 223200701121856000       3406       2829     0 2454113.286505  8.804320e+00  1.798476e-03  8.804320e+00  1.798476e-03 
   95712808   3.051839e+02   4.978624e-01   3.051839e+02   4.978624e-01 223200701121856550       3405       2828     0 2454113.287130  8.788596e+00  1.771224e-03  8.788596e+00  1.771224e-03 
   95712862   3.050273e+02   4.948722e-01   3.050273e+02   4.948722e-01 223200701121857490       3405       2826     0 2454113.287755  8.789153e+00  1.761490e-03  8.789153e+00  1.761490e-03 
  105941761   2.953266e+02   5.275809e-01   2.953266e+02   5.275809e-01 223200705110414520       3372       3668     0 2454231.677789  8.824244e+00  1.939601e-03  8.824244e+00  1.939601e-03 
  105941817   2.938553e+02   5.358286e-01   2.938553e+02   5.358286e-01 223200705110415490       3375       3667     0 2454231.678437  8.829666e+00  1.979785e-03  8.829666e+00  1.979785e-03 
  105941876   2.915870e+02   5.443144e-01   2.915870e+02   5.443144e-01 223200705110416470       3378       3666     0 2454231.679120  8.838079e+00  2.026784e-03  8.838079e+00  2.026784e-03 
  105941931   2.912170e+02   5.583379e-01   2.912170e+02   5.583379e-01 223200705110417430       3380       3666     0 2454231.679757  8.839458e+00  2.081643e-03  8.839458e+00  2.081643e-03 
  106027816   3.119471e+02   5.024212e-01   3.119471e+02   5.024212e-01 223200705120409040       3397       3644     0 2454232.673796  8.764798e+00  1.748690e-03  8.764798e+00  1.748690e-03 
  106027942   3.146322e+02   5.050925e-01   3.146322e+02   5.050925e-01 223200705120411090       3384       3656     0 2454232.675255  8.755492e+00  1.742985e-03  8.755492e+00  1.742985e-03 
  106027996   3.076633e+02   5.035149e-01   3.076633e+02   5.035149e-01 223200705120412040       3386       3655     0 2454232.675880  8.779811e+00  1.776898e-03  8.779811e+00  1.776898e-03 
  106028050   3.071417e+02   5.065020e-01   3.071417e+02   5.065020e-01 223200705120412580       3389       3655     0 2454232.676505  8.781653e+00  1.790475e-03  8.781653e+00  1.790475e-03 
  106114071   3.144890e+02   5.193981e-01   3.144890e+02   5.193981e-01 223200705130406340       3373       3668     0 2454233.672118  8.755986e+00  1.793167e-03  8.755986e+00  1.793167e-03 
  106114125   3.072148e+02   5.135626e-01   3.072148e+02   5.135626e-01 223200705130407290       3376       3667     0 2454233.672743  8.781395e+00  1.815002e-03  8.781395e+00  1.815002e-03 
  106114181   3.087953e+02   5.151122e-01   3.087953e+02   5.151122e-01 223200705130408240       3379       3667     0 2454233.673391  8.775824e+00  1.811161e-03  8.775824e+00  1.811161e-03 
  106114235   3.094006e+02   5.175241e-01   3.094006e+02   5.175241e-01 223200705130409190       3381       3666     0 2454233.674016  8.773697e+00  1.816081e-03  8.773697e+00  1.816081e-03 
