\OBJNAME = '1SWASP J000110.89-743541.9'
\OBSSTART = '2006-05-11T04:14:48'
\OBSSTOP = '2007-12-12T19:38:43'
\TSTART = 74405764
\TSTOP = 124572975
\JD_REF = 2453005.5
\RA_OBJ = '0.295394'
\DEC_OBJ = '-74.594994'
\WASP_MAG = 12.83066
\HJD_START = 2453866.677824
\HJD_STOP = 2454447.316840
\fixlen = T
\NUMRECORDS = 367
\
\ This file was produced by the NASA Exoplanet Archive  http://exoplanetarchive.ipac.caltech.edu 
\ Sun Sep 15, 07:39:49 2013
\ Documentation for the SuperWASP dataset can be found at http://exoplanetarchive.ipac.caltech.edu/docs/SuperWASPMission.html
\
|TMID      |FLUX2         |FLUX2_ERR     |TAMFLUX2      |TAMFLUX2_ERR  |IMAGEID           |CCDX      |CCDY      |FLAG |           HJD|         MAG2|     MAG2_ERR|      TAMMAG2|  TAMMAG2_ERR|
|int       |float         |float         |float         |float         |char              |int       |int       |int  |        double|        float|        float|        float|        float|
|sec       |micro Vega    |micro Vega    |micro Vega    |micro Vega    |                  |1/16 pixel|1/16 pixel|     |           day|          mag|          mag|          mag|          mag|
|null      |null          |null          |null          |null          |null              |null      |null      |null |          null|         null|         null|         null|         null|
   74405764   8.295450e+00   2.322746e-01   8.295450e+00   2.322746e-01 223200605110414480        483       5042     0 2453866.677824  1.270290e+01  3.040098e-02  1.270290e+01  3.040098e-02 
   74405817   8.226413e+00   2.541950e-01   8.226413e+00   2.541950e-01 223200605110415410        487       5039     0 2453866.678437  1.271197e+01  3.354922e-02  1.271197e+01  3.354922e-02 
   74405901   9.237761e+00   2.829140e-01   9.237761e+00   2.829140e-01 223200605110417040        492       5037     0 2453866.679410  1.258608e+01  3.325168e-02  1.258608e+01  3.325168e-02 
   74405966   8.270913e+00   3.182563e-01   8.270913e+00   3.182563e-01 223200605110418100        501       5015     0 2453866.680162  1.270612e+01  4.177817e-02  1.270612e+01  4.177817e-02 
   74491877   8.637341e+00   2.561263e-01   8.637341e+00   2.561263e-01 223200605120409570        506       4980     0 2453867.674502  1.265905e+01  3.219585e-02  1.265905e+01  3.219585e-02 
   74492015   8.947520e+00   2.661121e-01   8.947520e+00   2.661121e-01 223200605120412150        515       4977     0 2453867.676100  1.262074e+01  3.229146e-02  1.262074e+01  3.229146e-02 
   74492068   8.389087e+00   2.773933e-01   8.389087e+00   2.773933e-01 223200605120413070        518       4975     0 2453867.676713  1.269071e+01  3.590104e-02  1.269071e+01  3.590104e-02 
   74750399   8.281496e+00   3.568045e-01   8.281496e+00   3.568045e-01 223200605150358270        504       4983     0 2453870.666655  1.270473e+01  4.677862e-02  1.270473e+01  4.677862e-02 
   74750459   8.278728e+00   3.534904e-01   8.278728e+00   3.534904e-01 223200605150359270        509       4979     0 2453870.667350  1.270509e+01  4.635962e-02  1.270509e+01  4.635962e-02 
   74750513   8.553280e+00   3.528422e-01   8.553280e+00   3.528422e-01 223200605150400210        513       4978     0 2453870.667975  1.266967e+01  4.478924e-02  1.266967e+01  4.478924e-02 
   74750572   8.733687e+00   3.546738e-01   8.733687e+00   3.546738e-01 223200605150401200        516       4977     0 2453870.668657  1.264701e+01  4.409174e-02  1.264701e+01  4.409174e-02 
   75613658   7.182137e+00   1.461618e-01   7.182137e+00   1.461618e-01 223200605250345300        581       4988     0 2453880.658079  1.285937e+01  2.209561e-02  1.285937e+01  2.209561e-02 
   75613721   6.891936e+00   1.439252e-01   6.891936e+00   1.439252e-01 223200605250346340        591       4963     0 2453880.658808  1.290415e+01  2.267365e-02  1.290415e+01  2.267365e-02 
   75613779   7.026355e+00   1.438731e-01   7.026355e+00   1.438731e-01 223200605250347310        595       4962     0 2453880.659479  1.288317e+01  2.223184e-02  1.288317e+01  2.223184e-02 
   75613847   7.285717e+00   1.454550e-01   7.285717e+00   1.454550e-01 223200605250348400        592       4982     0 2453880.660266  1.284382e+01  2.167616e-02  1.284382e+01  2.167616e-02 
   75700113   7.100285e+00   1.438834e-01   7.100285e+00   1.438834e-01 223200605260346210        601       4978     0 2453881.658715  1.287181e+01  2.200193e-02  1.287181e+01  2.200193e-02 
   75700176   6.927296e+00   1.423746e-01   6.927296e+00   1.423746e-01 223200605260347250        609       4951     0 2453881.659444  1.289859e+01  2.231489e-02  1.289859e+01  2.231489e-02 
   75700243   6.923734e+00   1.403884e-01   6.923734e+00   1.403884e-01 223200605260348310        607       4971     0 2453881.660220  1.289915e+01  2.201489e-02  1.289915e+01  2.201489e-02 
   75700312   6.885554e+00   1.407367e-01   6.885554e+00   1.407367e-01 223200605260349400        614       4945     0 2453881.661019  1.290515e+01  2.219189e-02  1.290515e+01  2.219189e-02 
   76132332   6.579427e+00   1.232841e-01   6.579427e+00   1.232841e-01 223200605310349440        664       4948     0 2453886.661250  1.295453e+01  2.034440e-02  1.295453e+01  2.034440e-02 
   76132399   6.475305e+00   1.221281e-01   6.475305e+00   1.221281e-01 223200605310350510        672       4921     0 2453886.662025  1.297185e+01  2.047771e-02  1.297185e+01  2.047771e-02 
   76132448   6.692744e+00   1.231262e-01   6.692744e+00   1.231262e-01 223200605310351390        673       4919     0 2453886.662593  1.293599e+01  1.997433e-02  1.293599e+01  1.997433e-02 
   76132510   6.666059e+00   1.234546e-01   6.666059e+00   1.234546e-01 223200605310352410        675       4918     0 2453886.663310  1.294033e+01  2.010777e-02  1.294033e+01  2.010777e-02 
   76218802   6.717537e+00   1.253398e-01   6.717537e+00   1.253398e-01 223200606010350510        683       4913     0 2453887.662060  1.293197e+01  2.025838e-02  1.293197e+01  2.025838e-02 
   76218870   6.663324e+00   1.255531e-01   6.663324e+00   1.255531e-01 223200606010351580        682       4931     0 2453887.662847  1.294077e+01  2.045796e-02  1.294077e+01  2.045796e-02 
   76218940   6.541518e+00   1.239153e-01   6.541518e+00   1.239153e-01 223200606010353090        685       4929     0 2453887.663657  1.296080e+01  2.056706e-02  1.296080e+01  2.056706e-02 
   76219026   6.784500e+00   1.260638e-01   6.784500e+00   1.260638e-01 223200606010354350        694       4905     0 2453887.664653  1.292121e+01  2.017429e-02  1.292121e+01  2.017429e-02 
   76478207   6.758852e+00   1.345691e-01   6.758852e+00   1.345691e-01 223200606040354060        694       4904     0 2453890.664433  1.292532e+01  2.161714e-02  1.292532e+01  2.161714e-02 
   76478280   6.904550e+00   1.346211e-01   6.904550e+00   1.346211e-01 223200606040355190        694       4922     0 2453890.665278  1.290216e+01  2.116915e-02  1.290216e+01  2.116915e-02 
   76478356   6.733634e+00   1.315065e-01   6.733634e+00   1.315065e-01 223200606040356360        702       4896     0 2453890.666157  1.292938e+01  2.120427e-02  1.292938e+01  2.120427e-02 
   76478409   6.669091e+00   1.322274e-01   6.669091e+00   1.322274e-01 223200606040357280        703       4894     0 2453890.666771  1.293983e+01  2.152685e-02  1.293983e+01  2.152685e-02 
   76564549   7.310534e+00   3.010730e-01   7.310534e+00   3.010730e-01 223200606050353060        720       4888     0 2453891.663762  1.284013e+01  4.471451e-02  1.284013e+01  4.471451e-02 
   76564608   6.255276e+00   2.929184e-01   6.255276e+00   2.929184e-01 223200606050354050        725       4887     0 2453891.664444  1.300938e+01  5.084239e-02  1.300938e+01  5.084239e-02 
   76564668   5.307848e+00   2.941672e-01   5.307848e+00   2.941672e-01 223200606050355050        727       4884     0 2453891.665139  1.318770e+01  6.017299e-02  1.318770e+01  6.017299e-02 
   76564726   7.793504e+00   2.728128e-01   7.793504e+00   2.728128e-01 223200606050356020        729       4883     0 2453891.665810  1.277067e+01  3.800650e-02  1.277067e+01  3.800650e-02 
   76650920   6.536342e+00   1.246148e-01   6.536342e+00   1.246148e-01 223200606060352330        709       4884     0 2453892.663426  1.296166e+01  2.069954e-02  1.296166e+01  2.069954e-02 
   76651054   6.449879e+00   1.267940e-01   6.449879e+00   1.267940e-01 223200606060354480        716       4882     0 2453892.664977  1.297612e+01  2.134385e-02  1.297612e+01  2.134385e-02 
   76651110   6.367221e+00   1.244195e-01   6.367221e+00   1.244195e-01 223200606060355430        718       4880     0 2453892.665625  1.299013e+01  2.121604e-02  1.299013e+01  2.121604e-02 
   76651186   6.294169e+00   1.246925e-01   6.294169e+00   1.246925e-01 223200606060357000        715       4899     0 2453892.666505  1.300265e+01  2.150937e-02  1.300265e+01  2.150937e-02 
   76737414   6.629893e+00   1.305531e-01   6.629893e+00   1.305531e-01 223200606070354040        719       4886     0 2453893.664514  1.294623e+01  2.137994e-02  1.294623e+01  2.137994e-02 
   76737467   6.578124e+00   1.281261e-01   6.578124e+00   1.281261e-01 223200606070354570        722       4884     0 2453893.665127  1.295475e+01  2.114761e-02  1.295475e+01  2.114761e-02 
   76737522   6.658000e+00   1.277176e-01   6.658000e+00   1.277176e-01 223200606070355530        724       4881     0 2453893.665764  1.294164e+01  2.082729e-02  1.294164e+01  2.082729e-02 
   76737578   6.518568e+00   1.274704e-01   6.518568e+00   1.274704e-01 223200606070356480        725       4880     0 2453893.666412  1.296462e+01  2.123161e-02  1.296462e+01  2.123161e-02 
   76823804   6.536772e+00   1.272411e-01   6.536772e+00   1.272411e-01 223200606080353510        745       4884     0 2453894.664398  1.296159e+01  2.113441e-02  1.296159e+01  2.113441e-02 
   76823863   6.766654e+00   1.268031e-01   6.766654e+00   1.268031e-01 223200606080354510        749       4880     0 2453894.665081  1.292406e+01  2.034612e-02  1.292406e+01  2.034612e-02 
   76823922   6.642114e+00   1.264793e-01   6.642114e+00   1.264793e-01 223200606080355500        751       4879     0 2453894.665764  1.294423e+01  2.067468e-02  1.294423e+01  2.067468e-02 
   76824008   6.857634e+00   1.275308e-01   6.857634e+00   1.275308e-01 223200606080357160        749       4897     0 2453894.666759  1.290956e+01  2.019141e-02  1.290956e+01  2.019141e-02 
   76910230   6.554422e+00   1.251781e-01   6.554422e+00   1.251781e-01 223200606090354140        741       4871     0 2453895.664699  1.295866e+01  2.073575e-02  1.295866e+01  2.073575e-02 
   76910284   6.410478e+00   1.251620e-01   6.410478e+00   1.251620e-01 223200606090355080        744       4869     0 2453895.665324  1.298277e+01  2.119863e-02  1.298277e+01  2.119863e-02 
   76910368   6.414549e+00   1.262328e-01   6.414549e+00   1.262328e-01 223200606090356320        742       4887     0 2453895.666296  1.298208e+01  2.136642e-02  1.298208e+01  2.136642e-02 
   76910440   6.518838e+00   1.241602e-01   6.518838e+00   1.241602e-01 223200606090357440        749       4863     0 2453895.667130  1.296457e+01  2.067941e-02  1.296457e+01  2.067941e-02 
   76996585   8.044353e+00   2.364733e-01   8.044353e+00   2.364733e-01 223200606100353270        747       4872     0 2453896.664178  1.273627e+01  3.191661e-02  1.273627e+01  3.191661e-02 
   76996650   7.920968e+00   2.308328e-01   7.920968e+00   2.308328e-01 223200606100354320        751       4868     0 2453896.664931  1.275305e+01  3.164063e-02  1.275305e+01  3.164063e-02 
   76996711   8.004338e+00   2.267293e-01   8.004338e+00   2.267293e-01 223200606100355320        752       4866     0 2453896.665637  1.274169e+01  3.075445e-02  1.274169e+01  3.075445e-02 
   76996766   7.870898e+00   2.239658e-01   7.870898e+00   2.239658e-01 223200606100356270        754       4864     0 2453896.666273  1.275994e+01  3.089465e-02  1.275994e+01  3.089465e-02 
   77083005   9.071164e+00   3.927720e-01   9.071164e+00   3.927720e-01 223200606110353440        759       4860     0 2453897.664410  1.260584e+01  4.701141e-02  1.260584e+01  4.701141e-02 
   77083082   9.001168e+00   3.897960e-01   9.001168e+00   3.897960e-01 223200606110355000        759       4879     0 2453897.665301  1.261425e+01  4.701802e-02  1.261425e+01  4.701802e-02 
   77083163   8.419784e+00   3.870138e-01   8.419784e+00   3.870138e-01 223200606110356210        766       4854     0 2453897.666238  1.268675e+01  4.990583e-02  1.268675e+01  4.990583e-02 
   77083217   9.021177e+00   3.859110e-01   9.021177e+00   3.859110e-01 223200606110357160        767       4852     0 2453897.666863  1.261184e+01  4.644615e-02  1.261184e+01  4.644615e-02 
   77169271   9.201550e+00   4.880204e-01   9.201550e+00   4.880204e-01 223200606120351270        757       4876     0 2453898.662859  1.259035e+01  5.758413e-02  1.259035e+01  5.758413e-02 
   77169333   9.415722e+00   4.837603e-01   9.415722e+00   4.837603e-01 223200606120352290        766       4851     0 2453898.663576  1.256537e+01  5.578307e-02  1.256537e+01  5.578307e-02 
   77169391   8.753656e+00   4.770325e-01   8.753656e+00   4.770325e-01 223200606120353260        767       4849     0 2453898.664248  1.264453e+01  5.916764e-02  1.264453e+01  5.916764e-02 
   77169451   9.352605e+00   4.768089e-01   9.352605e+00   4.768089e-01 223200606120354260        769       4846     0 2453898.664942  1.257267e+01  5.535255e-02  1.257267e+01  5.535255e-02 
   77514695   8.499904e+00   2.180884e+00   8.499904e+00   2.180884e+00 223200606160348210        768       4817     0 2453902.660822  1.267647e+01  2.785765e-01  1.267647e+01  2.785765e-01 
   77514760   7.833978e+00   2.769531e+00   7.833978e+00   2.769531e+00 223200606160349260        770       4815     0 2453902.661574  1.276504e+01  3.838395e-01  1.276504e+01  3.838395e-01 
   77601380   7.717907e+00   1.995197e-01   7.717907e+00   1.995197e-01 223200606170353030        781       4800     0 2453903.664120  1.278125e+01  2.806804e-02  1.278125e+01  2.806804e-02 
   77601450   7.411168e+00   2.013102e-01   7.411168e+00   2.013102e-01 223200606170354120        778       4820     0 2453903.664931  1.282528e+01  2.949206e-02  1.282528e+01  2.949206e-02 
   77601520   7.799208e+00   1.998716e-01   7.799208e+00   1.998716e-01 223200606170355220        780       4817     0 2453903.665741  1.276987e+01  2.782444e-02  1.276987e+01  2.782444e-02 
   77601577   7.886424e+00   2.019047e-01   7.886424e+00   2.019047e-01 223200606170356190        786       4793     0 2453903.666400  1.275780e+01  2.779664e-02  1.275780e+01  2.779664e-02 
   77687723   7.554590e+00   1.751734e-01   7.554590e+00   1.751734e-01 223200606180352030        802       4794     0 2453904.663461  1.280447e+01  2.517579e-02  1.280447e+01  2.517579e-02 
   77687766   7.526136e+00   1.758221e-01   7.526136e+00   1.758221e-01 223200606180352470        803       4792     0 2453904.663958  1.280857e+01  2.536456e-02  1.280857e+01  2.536456e-02 
   77687834   7.436296e+00   1.746691e-01   7.436296e+00   1.746691e-01 223200606180353550        804       4791     0 2453904.664745  1.282161e+01  2.550264e-02  1.282161e+01  2.550264e-02 
   77687885   7.582319e+00   1.741743e-01   7.582319e+00   1.741743e-01 223200606180354460        805       4789     0 2453904.665336  1.280050e+01  2.494066e-02  1.280050e+01  2.494066e-02 
   77774360   7.360748e+00   1.514234e-01   7.360748e+00   1.514234e-01 223200606190355570        847       4774     0 2453905.666204  1.283270e+01  2.233556e-02  1.283270e+01  2.233556e-02 
   77774416   7.318029e+00   1.514080e-01   7.318029e+00   1.514080e-01 223200606190356530        847       4774     0 2453905.666852  1.283902e+01  2.246366e-02  1.283902e+01  2.246366e-02 
   77774478   7.347052e+00   1.506717e-01   7.347052e+00   1.506717e-01 223200606190357560        847       4773     0 2453905.667569  1.283472e+01  2.226611e-02  1.283472e+01  2.226611e-02 
   77774543   7.182605e+00   1.511630e-01   7.182605e+00   1.511630e-01 223200606190359000        841       4795     0 2453905.668322  1.285929e+01  2.285016e-02  1.285929e+01  2.285016e-02 
   77860773   6.712974e+00   1.322414e-01   6.712974e+00   1.322414e-01 223200606200356080        831       4768     0 2453906.666354  1.293271e+01  2.138839e-02  1.293271e+01  2.138839e-02 
   77860832   6.796698e+00   1.323865e-01   6.796698e+00   1.323865e-01 223200606200357080        832       4767     0 2453906.667037  1.291926e+01  2.114811e-02  1.291926e+01  2.114811e-02 
   77860896   6.855901e+00   1.324077e-01   6.855901e+00   1.324077e-01 223200606200358110        831       4768     0 2453906.667778  1.290984e+01  2.096884e-02  1.290984e+01  2.096884e-02 
   77860961   6.983398e+00   1.350198e-01   6.983398e+00   1.350198e-01 223200606200359170        826       4791     0 2453906.668530  1.288983e+01  2.099213e-02  1.288983e+01  2.099213e-02 
   77947083   6.915548e+00   1.392676e-01   6.915548e+00   1.392676e-01 223200606210354360        826       4767     0 2453907.665313  1.290043e+01  2.186499e-02  1.290043e+01  2.186499e-02 
   77947137   6.739310e+00   1.385825e-01   6.739310e+00   1.385825e-01 223200606210355300        826       4768     0 2453907.665938  1.292846e+01  2.232640e-02  1.292846e+01  2.232640e-02 
   77947215   6.843423e+00   1.398377e-01   6.843423e+00   1.398377e-01 223200606210356480        821       4789     0 2453907.666840  1.291182e+01  2.218588e-02  1.291182e+01  2.218588e-02 
   77947282   6.799322e+00   1.388399e-01   6.799322e+00   1.388399e-01 223200606210357550        826       4768     0 2453907.667616  1.291884e+01  2.217045e-02  1.291884e+01  2.217045e-02 
   78119993   6.356748e+00   1.248615e-01   6.356748e+00   1.248615e-01 223200606230356210        817       4747     0 2453909.666586  1.299191e+01  2.132650e-02  1.299191e+01  2.132650e-02 
   78120047   6.448150e+00   1.244791e-01   6.448150e+00   1.244791e-01 223200606230357150        816       4749     0 2453909.667211  1.297641e+01  2.095979e-02  1.297641e+01  2.095979e-02 
   78120195   6.594112e+00   1.257649e-01   6.594112e+00   1.257649e-01 223200606230359440        813       4754     0 2453909.668924  1.295211e+01  2.070756e-02  1.295211e+01  2.070756e-02 
   78120257   6.510874e+00   1.250607e-01   6.510874e+00   1.250607e-01 223200606230400460        816       4734     0 2453909.669641  1.296590e+01  2.085487e-02  1.296590e+01  2.085487e-02 
   78206452   6.676301e+00   1.297974e-01   6.676301e+00   1.297974e-01 223200606240357190        835       4732     0 2453910.667269  1.293866e+01  2.110843e-02  1.293866e+01  2.110843e-02 
   78206511   6.790265e+00   1.281386e-01   6.790265e+00   1.281386e-01 223200606240358180        832       4736     0 2453910.667951  1.292028e+01  2.048893e-02  1.292028e+01  2.048893e-02 
   78206586   6.724835e+00   1.304508e-01   6.724835e+00   1.304508e-01 223200606240359320        822       4762     0 2453910.668819  1.293080e+01  2.106158e-02  1.293080e+01  2.106158e-02 
   78206645   6.886142e+00   1.297686e-01   6.886142e+00   1.297686e-01 223200606240400310        819       4749     0 2453910.669502  1.290506e+01  2.046065e-02  1.290506e+01  2.046065e-02 
   78292891   6.370389e+00   1.220086e-01   6.370389e+00   1.220086e-01 223200606250357560        837       4715     0 2453911.667720  1.298958e+01  2.079459e-02  1.298958e+01  2.079459e-02 
   78292945   6.682718e+00   1.213615e-01   6.682718e+00   1.213615e-01 223200606250358490        831       4722     0 2453911.668345  1.293762e+01  1.971759e-02  1.293762e+01  1.971759e-02 
   78292996   6.655622e+00   1.227008e-01   6.655622e+00   1.227008e-01 223200606250359400        821       4735     0 2453911.668935  1.294203e+01  2.001634e-02  1.294203e+01  2.001634e-02 
   78293058   6.535006e+00   1.217323e-01   6.535006e+00   1.217323e-01 223200606250400430        822       4734     0 2453911.669653  1.296189e+01  2.022487e-02  1.296189e+01  2.022487e-02 
   78724958   6.344634e+00   1.229491e-01   6.344634e+00   1.229491e-01 223200606300358520        844       4715     0 2453916.668495  1.299398e+01  2.103995e-02  1.299398e+01  2.103995e-02 
   78725035   6.512212e+00   1.226889e-01   6.512212e+00   1.226889e-01 223200606300400090        851       4689     0 2453916.669387  1.296568e+01  2.045515e-02  1.296568e+01  2.045515e-02 
   78725082   6.471305e+00   1.226371e-01   6.471305e+00   1.226371e-01 223200606300400570        852       4687     0 2453916.669931  1.297252e+01  2.057575e-02  1.297252e+01  2.057575e-02 
   78725146   6.310810e+00   1.227864e-01   6.310810e+00   1.227864e-01 223200606300402000        853       4685     0 2453916.670671  1.299979e+01  2.112472e-02  1.299979e+01  2.112472e-02 
   78811393   6.330258e+00   1.278075e-01   6.330258e+00   1.278075e-01 223200607010359260        844       4682     0 2453917.668900  1.299645e+01  2.192102e-02  1.299645e+01  2.192102e-02 
   78811472   6.483133e+00   1.286795e-01   6.483133e+00   1.286795e-01 223200607010400450        841       4701     0 2453917.669815  1.297054e+01  2.155015e-02  1.297054e+01  2.155015e-02 
   78811537   6.485204e+00   1.275334e-01   6.485204e+00   1.275334e-01 223200607010401510        847       4676     0 2453917.670567  1.297019e+01  2.135138e-02  1.297019e+01  2.135138e-02 
   78811588   6.482735e+00   1.265358e-01   6.482735e+00   1.265358e-01 223200607010402420        848       4674     0 2453917.671157  1.297060e+01  2.119244e-02  1.297060e+01  2.119244e-02 
   78897917   6.353212e+00   3.373499e-01   6.353212e+00   3.373499e-01 223200607020401280        856       4667     0 2453918.670336  1.299252e+01  5.765182e-02  1.299252e+01  5.765182e-02 
   78897990   5.381714e+00   1.982262e-01   5.381714e+00   1.982262e-01 223200607020402420        852       4686     0 2453918.671181  1.317270e+01  3.999136e-02  1.317270e+01  3.999136e-02 
   78984206   6.435603e+00   1.209056e-01   6.435603e+00   1.209056e-01 223200607030359350        863       4658     0 2453919.669051  1.297853e+01  2.039779e-02  1.297853e+01  2.039779e-02 
   78984260   6.244596e+00   1.189140e-01   6.244596e+00   1.189140e-01 223200607030400290        865       4655     0 2453919.669676  1.301124e+01  2.067543e-02  1.301124e+01  2.067543e-02 
   78984318   6.314352e+00   1.197178e-01   6.314352e+00   1.197178e-01 223200607030401270        866       4653     0 2453919.670347  1.299918e+01  2.058523e-02  1.299918e+01  2.058523e-02 
   78984373   6.322568e+00   1.211974e-01   6.322568e+00   1.211974e-01 223200607030402220        866       4651     0 2453919.670984  1.299777e+01  2.081256e-02  1.299777e+01  2.081256e-02 
   79070529   6.567968e+00   1.210876e-01   6.567968e+00   1.210876e-01 223200607040358180        859       4637     0 2453920.668160  1.295642e+01  2.001678e-02  1.295642e+01  2.001678e-02 
   79070575   6.392090e+00   1.205928e-01   6.392090e+00   1.205928e-01 223200607040359040        860       4635     0 2453920.668692  1.298589e+01  2.048351e-02  1.298589e+01  2.048351e-02 
   79070641   6.551023e+00   1.223324e-01   6.551023e+00   1.223324e-01 223200607040400090        861       4633     0 2453920.669456  1.295923e+01  2.027487e-02  1.295923e+01  2.027487e-02 
   79070693   6.507966e+00   1.222980e-01   6.507966e+00   1.222980e-01 223200607040401020        862       4631     0 2453920.670058  1.296639e+01  2.040328e-02  1.296639e+01  2.040328e-02 
   79415957   6.394409e+00   1.222911e-01   6.394409e+00   1.222911e-01 223200607080355190        857       4620     0 2453924.666169  1.298550e+01  2.076443e-02  1.298550e+01  2.076443e-02 
   79416114   6.416930e+00   1.212720e-01   6.416930e+00   1.212720e-01 223200607080357570        859       4640     0 2453924.667986  1.298168e+01  2.051913e-02  1.298168e+01  2.051913e-02 
   79416181   6.558356e+00   1.224374e-01   6.558356e+00   1.224374e-01 223200607080359030        864       4614     0 2453924.668762  1.295801e+01  2.026959e-02  1.295801e+01  2.026959e-02 
   79416239   6.400196e+00   1.204429e-01   6.400196e+00   1.204429e-01 223200607080400010        865       4612     0 2453924.669433  1.298452e+01  2.043213e-02  1.298452e+01  2.043213e-02 
   79502444   7.202403e+00   1.753426e-01   7.202403e+00   1.753426e-01 223200607090356460        869       4613     0 2453925.667176  1.285631e+01  2.643236e-02  1.285631e+01  2.643236e-02 
   79502496   7.266042e+00   1.733327e-01   7.266042e+00   1.733327e-01 223200607090357380        869       4611     0 2453925.667778  1.284676e+01  2.590051e-02  1.284676e+01  2.590051e-02 
   79502565   7.259942e+00   1.700290e-01   7.259942e+00   1.700290e-01 223200607090358470        870       4608     0 2453925.668576  1.284767e+01  2.542820e-02  1.284767e+01  2.542820e-02 
   79502719   7.175910e+00   1.659328e-01   7.175910e+00   1.659328e-01 223200607090401200        867       4590     0 2453925.670359  1.286031e+01  2.510621e-02  1.286031e+01  2.510621e-02 
   80278194   7.668178e+00   1.913506e-01   7.668178e+00   1.913506e-01 223200607180325470        899       4568     0 2453934.645764  1.278827e+01  2.709340e-02  1.278827e+01  2.709340e-02 
   80278256   7.836771e+00   1.805212e-01   7.836771e+00   1.805212e-01 223200607180326500        903       4543     0 2453934.646481  1.276466e+01  2.501019e-02  1.276466e+01  2.501019e-02 
   80278331   8.550006e+00   2.072218e-01   8.550006e+00   2.072218e-01 223200607180328050        898       4563     0 2453934.647350  1.267008e+01  2.631448e-02  1.267008e+01  2.631448e-02 
   80278409   6.637867e+00   2.688124e-01   6.637867e+00   2.688124e-01 223200607180329220        904       4538     0 2453934.648252  1.294493e+01  4.396901e-02  1.294493e+01  4.396901e-02 
   80364286   7.173681e+00   1.439359e-01   7.173681e+00   1.439359e-01 223200607190320380        896       4554     0 2453935.642199  1.286065e+01  2.178477e-02  1.286065e+01  2.178477e-02 
   80364342   7.033653e+00   1.439237e-01   7.033653e+00   1.439237e-01 223200607190321350        895       4553     0 2453935.642847  1.288205e+01  2.221658e-02  1.288205e+01  2.221658e-02 
   80364402   6.854588e+00   1.434779e-01   6.854588e+00   1.434779e-01 223200607190322340        896       4551     0 2453935.643542  1.291005e+01  2.272635e-02  1.291005e+01  2.272635e-02 
   80364463   7.006876e+00   1.430335e-01   7.006876e+00   1.430335e-01 223200607190323360        896       4549     0 2453935.644248  1.288619e+01  2.216355e-02  1.288619e+01  2.216355e-02 
   80450501   6.809576e+00   1.327222e-01   6.809576e+00   1.327222e-01 223200607200317340        900       4546     0 2453936.640058  1.291720e+01  2.116164e-02  1.291720e+01  2.116164e-02 
   80450562   6.847172e+00   1.320630e-01   6.847172e+00   1.320630e-01 223200607200318350        900       4544     0 2453936.640764  1.291122e+01  2.094092e-02  1.291122e+01  2.094092e-02 
   80450626   6.710005e+00   1.314989e-01   6.710005e+00   1.314989e-01 223200607200319380        900       4542     0 2453936.641505  1.293319e+01  2.127772e-02  1.293319e+01  2.127772e-02 
   80450683   6.825769e+00   1.324308e-01   6.825769e+00   1.324308e-01 223200607200320360        900       4540     0 2453936.642164  1.291462e+01  2.106508e-02  1.291462e+01  2.106508e-02 
   80967431   6.507600e+00   1.217624e-01   6.507600e+00   1.217624e-01 223200607260253020        859       4581     0 2453942.623044  1.296645e+01  2.031505e-02  1.296645e+01  2.031505e-02 
   80967490   6.449158e+00   1.196001e-01   6.449158e+00   1.196001e-01 223200607260254000        860       4579     0 2453942.623727  1.297624e+01  2.013512e-02  1.297624e+01  2.013512e-02 
   80967550   6.520539e+00   1.188396e-01   6.520539e+00   1.188396e-01 223200607260255010        861       4576     0 2453942.624421  1.296429e+01  1.978808e-02  1.296429e+01  1.978808e-02 
   80967606   6.439101e+00   1.188964e-01   6.439101e+00   1.188964e-01 223200607260255560        862       4574     0 2453942.625069  1.297794e+01  2.004792e-02  1.297794e+01  2.004792e-02 
   81053651   6.404116e+00   1.301514e-01   6.404116e+00   1.301514e-01 223200607270250020        855       4577     0 2453943.620961  1.298385e+01  2.206559e-02  1.298385e+01  2.206559e-02 
   81053713   6.775948e+00   1.359945e-01   6.775948e+00   1.359945e-01 223200607270251040        856       4574     0 2453943.621678  1.292257e+01  2.179099e-02  1.292257e+01  2.179099e-02 
   81053769   6.521019e+00   1.331406e-01   6.521019e+00   1.331406e-01 223200607270251590        857       4572     0 2453943.622326  1.296421e+01  2.216771e-02  1.296421e+01  2.216771e-02 
   81053831   6.500182e+00   1.300514e-01   6.500182e+00   1.300514e-01 223200607270253010        857       4569     0 2453943.623044  1.296769e+01  2.172278e-02  1.296769e+01  2.172278e-02 
   81139828   5.553547e+00   7.494642e-01   5.553547e+00   7.494642e-01 223200607280246190        873       4568     0 2453944.618380  1.313857e+01  1.465232e-01  1.313857e+01  1.465232e-01 
   81139887   7.517950e+00   1.310605e+00   7.517950e+00   1.310605e+00 223200607280247170        874       4565     0 2453944.619063  1.280975e+01  1.892771e-01  1.280975e+01  1.892771e-01 
   81139941   5.767221e+00   8.051238e-01   5.767221e+00   8.051238e-01 223200607280248110        874       4564     0 2453944.619687  1.309758e+01  1.515730e-01  1.309758e+01  1.515730e-01 
   81139995   5.431807e+00   5.220639e-01   5.431807e+00   5.220639e-01 223200607280249060        874       4562     0 2453944.620312  1.316264e+01  1.043531e-01  1.316264e+01  1.043531e-01 
   82346059   8.954027e+00   4.004618e-01   8.954027e+00   4.004618e-01 223200608110150170        868       4604     0 2453958.579387  1.261995e+01  4.855886e-02  1.261995e+01  4.855886e-02 
   82346115   8.282614e+00   3.994153e-01   8.282614e+00   3.994153e-01 223200608110151120        871       4601     0 2453958.580035  1.270458e+01  5.235801e-02  1.270458e+01  5.235801e-02 
   82346170   8.672754e+00   4.012885e-01   8.672754e+00   4.012885e-01 223200608110152070        871       4598     0 2453958.580671  1.265461e+01  5.023721e-02  1.265461e+01  5.023721e-02 
   82346229   8.700958e+00   4.008269e-01   8.700958e+00   4.008269e-01 223200608110153070        872       4596     0 2453958.581354  1.265108e+01  5.001677e-02  1.265108e+01  5.001677e-02 
   82518414   8.313321e+00   2.621319e-01   8.313321e+00   2.621319e-01 223200608130142530        873       4578     0 2453960.574236  1.270056e+01  3.423506e-02  1.270056e+01  3.423506e-02 
   82518473   8.211774e+00   2.601776e-01   8.211774e+00   2.601776e-01 223200608130143520        874       4575     0 2453960.574919  1.271391e+01  3.440003e-02  1.271391e+01  3.440003e-02 
   82518535   7.974061e+00   2.613743e-01   7.974061e+00   2.613743e-01 223200608130144550        872       4570     0 2453960.575637  1.274580e+01  3.558846e-02  1.274580e+01  3.558846e-02 
   82518613   8.225674e+00   2.605785e-01   8.225674e+00   2.605785e-01 223200608130146120        868       4589     0 2453960.576539  1.271207e+01  3.439481e-02  1.271207e+01  3.439481e-02 
   82604595   7.819774e+00   2.152041e-01   7.819774e+00   2.152041e-01 223200608140139160        871       4594     0 2453961.571701  1.276701e+01  2.988011e-02  1.276701e+01  2.988011e-02 
   82604651   7.747252e+00   2.134204e-01   7.747252e+00   2.134204e-01 223200608140140120        878       4591     0 2453961.572350  1.277713e+01  2.990984e-02  1.277713e+01  2.990984e-02 
   82604708   7.701325e+00   2.183364e-01   7.701325e+00   2.183364e-01 223200608140141080        891       4588     0 2453961.573009  1.278359e+01  3.078127e-02  1.278359e+01  3.078127e-02 
   82604762   7.732347e+00   2.228567e-01   7.732347e+00   2.228567e-01 223200608140142030        891       4586     0 2453961.573634  1.277922e+01  3.129249e-02  1.277922e+01  3.129249e-02 
   82863068   7.040832e+00   1.493130e-01   7.040832e+00   1.493130e-01 223200608170127120        861       4604     0 2453964.563287  1.288094e+01  2.302499e-02  1.288094e+01  2.302499e-02 
   82863136   7.146782e+00   1.508311e-01   7.146782e+00   1.508311e-01 223200608170128190        870       4574     0 2453964.564074  1.286472e+01  2.291427e-02  1.286472e+01  2.291427e-02 
   82863192   6.945947e+00   1.504997e-01   6.945947e+00   1.504997e-01 223200608170129150        871       4572     0 2453964.564722  1.289567e+01  2.352501e-02  1.289567e+01  2.352501e-02 
   82863252   7.009698e+00   1.507483e-01   7.009698e+00   1.507483e-01 223200608170130160        871       4570     0 2453964.565417  1.288575e+01  2.334957e-02  1.288575e+01  2.334957e-02 
   82949240   6.312720e+00   1.222175e-01   6.312720e+00   1.222175e-01 223200608180123250        867       4554     0 2453965.560648  1.299946e+01  2.102049e-02  1.299946e+01  2.102049e-02 
   82949302   6.356415e+00   1.231194e-01   6.356415e+00   1.231194e-01 223200608180124270        869       4553     0 2453965.561366  1.299197e+01  2.103004e-02  1.299197e+01  2.103004e-02 
   82949365   6.421050e+00   1.227575e-01   6.421050e+00   1.227575e-01 223200608180125310        869       4549     0 2453965.562095  1.298098e+01  2.075715e-02  1.298098e+01  2.075715e-02 
   82949456   6.238663e+00   1.225102e-01   6.238663e+00   1.225102e-01 223200608180127020        864       4566     0 2453965.563148  1.301227e+01  2.132095e-02  1.301227e+01  2.132095e-02 
   83724664   6.414935e+00   1.206305e-01   6.414935e+00   1.206305e-01 223200608270047250        846       4602     0 2453974.535463  1.298202e+01  2.041695e-02  1.298202e+01  2.041695e-02 
   83724728   6.487081e+00   1.209567e-01   6.487081e+00   1.209567e-01 223200608270048280        849       4571     0 2453974.536204  1.296988e+01  2.024447e-02  1.296988e+01  2.024447e-02 
   83724803   6.349936e+00   1.197469e-01   6.349936e+00   1.197469e-01 223200608270049440        845       4589     0 2453974.537072  1.299308e+01  2.047485e-02  1.299308e+01  2.047485e-02 
   83724865   6.384504e+00   1.200540e-01   6.384504e+00   1.200540e-01 223200608270050460        850       4563     0 2453974.537789  1.298718e+01  2.041622e-02  1.298718e+01  2.041622e-02 
   83810830   6.150496e+00   1.154700e-01   6.150496e+00   1.154700e-01 223200608280043330        850       4592     0 2453975.532755  1.302772e+01  2.038380e-02  1.302772e+01  2.038380e-02 
   83810882   6.447290e+00   1.171489e-01   6.447290e+00   1.171489e-01 223200608280044250        851       4590     0 2453975.533356  1.297656e+01  1.972818e-02  1.297656e+01  1.972818e-02 
   83810953   6.138793e+00   1.160752e-01   6.138793e+00   1.160752e-01 223200608280045350        851       4585     0 2453975.534178  1.302979e+01  2.052968e-02  1.302979e+01  2.052968e-02 
   83811010   6.328236e+00   1.172244e-01   6.328236e+00   1.172244e-01 223200608280046320        851       4583     0 2453975.534838  1.299679e+01  2.011227e-02  1.299679e+01  2.011227e-02 
   84328661   8.154202e+00   2.967423e-01   8.154202e+00   2.967423e-01 223200609030034170        841       4523     0 2453981.526169  1.272155e+01  3.951153e-02  1.272155e+01  3.951153e-02 
   84328733   8.022782e+00   3.006157e-01   8.022782e+00   3.006157e-01 223200609030035280        835       4541     0 2453981.527002  1.273919e+01  4.068295e-02  1.273919e+01  4.068295e-02 
   84328800   8.052698e+00   3.151645e-01   8.052698e+00   3.151645e-01 223200609030036350        837       4509     0 2453981.527778  1.273515e+01  4.249342e-02  1.273515e+01  4.249342e-02 
   84328857   7.919025e+00   3.055362e-01   7.919025e+00   3.055362e-01 223200609030037320        838       4508     0 2453981.528437  1.275332e+01  4.189062e-02  1.275332e+01  4.189062e-02 
   84500167   8.929220e+00   4.544197e-01   8.929220e+00   4.544197e-01 223200609050012480        848       4587     0 2453983.511192  1.262297e+01  5.525474e-02  1.262297e+01  5.525474e-02 
   84500227   8.794350e+00   4.569966e-01   8.794350e+00   4.569966e-01 223200609050013480        849       4583     0 2453983.511887  1.263949e+01  5.642026e-02  1.263949e+01  5.642026e-02 
   84500289   8.964217e+00   4.533597e-01   8.964217e+00   4.533597e-01 223200609050014500        849       4580     0 2453983.512604  1.261872e+01  5.491062e-02  1.261872e+01  5.491062e-02 
   84500367   8.121106e+00   4.563961e-01   8.121106e+00   4.563961e-01 223200609050016080        844       4599     0 2453983.513507  1.272596e+01  6.101724e-02  1.272596e+01  6.101724e-02 
   84844840   8.321119e+00   6.210679e-01   8.321119e+00   6.210679e-01 223200609082357310        858       4594     0 2453987.500463  1.269955e+01  8.103696e-02  1.269955e+01  8.103696e-02 
   84844896   7.652904e+00   6.160982e-01   7.652904e+00   6.160982e-01 223200609082358260        859       4590     0 2453987.501111  1.279043e+01  8.740766e-02  1.279043e+01  8.740766e-02 
   84844953   9.428624e+00   6.187950e-01   9.428624e+00   6.187950e-01 223200609082359230        858       4587     0 2453987.501771  1.256388e+01  7.125647e-02  1.256388e+01  7.125647e-02 
   84845015   8.426425e+00   6.198814e-01   8.426425e+00   6.198814e-01 223200609090000260        858       4584     0 2453987.502488  1.268589e+01  7.987136e-02  1.268589e+01  7.987136e-02 
   85017140   8.219756e+00   3.448701e-01   8.219756e+00   3.448701e-01 223200609102349160        834       4549     0 2453989.494676  1.271285e+01  4.555357e-02  1.271285e+01  4.555357e-02 
   85017207   7.979622e+00   4.341074e-01   7.979622e+00   4.341074e-01 223200609102350220        835       4546     0 2453989.495451  1.274504e+01  5.906643e-02  1.274504e+01  5.906643e-02 
   85017266   8.697783e+00   3.879423e-01   8.697783e+00   3.879423e-01 223200609102351210        835       4544     0 2453989.496134  1.265148e+01  4.842665e-02  1.265148e+01  4.842665e-02 
   85017324   8.520777e+00   4.013534e-01   8.520777e+00   4.013534e-01 223200609102352200        833       4537     0 2453989.496806  1.267380e+01  5.114152e-02  1.267380e+01  5.114152e-02 
   85361731   6.491321e+00   1.195217e-01   6.491321e+00   1.195217e-01 223200609142332380        837       4502     0 2453993.482998  1.296917e+01  1.999124e-02  1.296917e+01  1.999124e-02 
   85361788   6.398098e+00   1.192168e-01   6.398098e+00   1.192168e-01 223200609142333360        838       4499     0 2453993.483657  1.298487e+01  2.023077e-02  1.298487e+01  2.023077e-02 
   85361849   6.370872e+00   1.192667e-01   6.370872e+00   1.192667e-01 223200609142334370        838       4495     0 2453993.484363  1.298950e+01  2.032573e-02  1.298950e+01  2.032573e-02 
   85361924   6.447503e+00   1.181527e-01   6.447503e+00   1.181527e-01 223200609142335520        833       4514     0 2453993.485231  1.297652e+01  1.989655e-02  1.297652e+01  1.989655e-02 
   85620628   6.615124e+00   1.331507e-01   6.615124e+00   1.331507e-01 223200609172327440        805       4506     0 2453996.479491  1.294866e+01  2.185402e-02  1.294866e+01  2.185402e-02 
   85620687   6.597864e+00   1.330975e-01   6.597864e+00   1.330975e-01 223200609172328430        806       4503     0 2453996.480174  1.295149e+01  2.190244e-02  1.295149e+01  2.190244e-02 
   85620750   6.611338e+00   1.337219e-01   6.611338e+00   1.337219e-01 223200609172329460        806       4500     0 2453996.480903  1.294928e+01  2.196034e-02  1.294928e+01  2.196034e-02 
   85620804   6.638125e+00   1.336191e-01   6.638125e+00   1.336191e-01 223200609172330410        806       4497     0 2453996.481528  1.294489e+01  2.185490e-02  1.294489e+01  2.185490e-02 
   85706424   6.490133e+00   1.307316e-01   6.490133e+00   1.307316e-01 223200609182317440        809       4479     0 2453997.472500  1.296937e+01  2.187021e-02  1.296937e+01  2.187021e-02 
   85706487   6.287425e+00   1.301560e-01   6.287425e+00   1.301560e-01 223200609182318460        814       4457     0 2453997.473229  1.300382e+01  2.247590e-02  1.300382e+01  2.247590e-02 
   85706542   6.424819e+00   1.299455e-01   6.424819e+00   1.299455e-01 223200609182319410        815       4455     0 2453997.473866  1.298035e+01  2.195969e-02  1.298035e+01  2.195969e-02 
   85706619   6.472731e+00   1.302240e-01   6.472731e+00   1.302240e-01 223200609182320580        810       4476     0 2453997.474757  1.297228e+01  2.184385e-02  1.297228e+01  2.184385e-02 
   85878738   6.550794e+00   1.301669e-01   6.550794e+00   1.301669e-01 223200609202309430        811       4533     0 2453999.466875  1.295926e+01  2.157410e-02  1.295926e+01  2.157410e-02 
   85878795   6.486890e+00   1.289486e-01   6.486890e+00   1.289486e-01 223200609202310400        813       4530     0 2453999.467535  1.296991e+01  2.158271e-02  1.296991e+01  2.158271e-02 
   85878856   6.630772e+00   1.289499e-01   6.630772e+00   1.289499e-01 223200609202311410        814       4527     0 2453999.468241  1.294609e+01  2.111459e-02  1.294609e+01  2.111459e-02 
   85878916   6.653691e+00   1.297784e-01   6.653691e+00   1.297784e-01 223200609202312420        814       4524     0 2453999.468935  1.294234e+01  2.117706e-02  1.294234e+01  2.117706e-02 
   85964861   6.400756e+00   1.207542e-01   6.400756e+00   1.207542e-01 223200609212305090        825       4527     0 2454000.463669  1.298442e+01  2.048316e-02  1.298442e+01  2.048316e-02 
   85965014   6.549539e+00   1.215895e-01   6.549539e+00   1.215895e-01 223200609212307420        827       4519     0 2454000.465440  1.295947e+01  2.015632e-02  1.295947e+01  2.015632e-02 
   85965077   6.780984e+00   1.221212e-01   6.780984e+00   1.221212e-01 223200609212308460        828       4517     0 2454000.466169  1.292177e+01  1.955349e-02  1.292177e+01  1.955349e-02 
   85965133   6.480086e+00   1.202416e-01   6.480086e+00   1.202416e-01 223200609212309410        828       4515     0 2454000.466817  1.297105e+01  2.014652e-02  1.297105e+01  2.014652e-02 
   86404974   6.995804e+00   1.271975e-01   6.995804e+00   1.271975e-01 223200609270120390        688       4168     0 2454005.557569  1.288791e+01  1.974089e-02  1.288791e+01  1.974089e-02 
   86405035   6.609217e+00   1.253424e-01   6.609217e+00   1.253424e-01 223200609270121400        692       4144     0 2454005.558275  1.294963e+01  2.059083e-02  1.294963e+01  2.059083e-02 
   86405103   6.580567e+00   1.249949e-01   6.580567e+00   1.249949e-01 223200609270122490        691       4141     0 2454005.559063  1.295434e+01  2.062314e-02  1.295434e+01  2.062314e-02 
   86405164   6.523945e+00   1.250910e-01   6.523945e+00   1.250910e-01 223200609270123490        690       4140     0 2454005.559769  1.296372e+01  2.081813e-02  1.296372e+01  2.081813e-02 
   87688143   6.525177e+00   1.066025e-01   6.525177e+00   1.066025e-01 223200610112147440        490       4336     0 2454020.409063  1.296352e+01  1.773786e-02  1.296352e+01  1.773786e-02 
   87688217   6.585769e+00   1.070956e-01   6.585769e+00   1.070956e-01 223200610112148580        495       4310     0 2454020.409919  1.295348e+01  1.765595e-02  1.295348e+01  1.765595e-02 
   87688271   6.531948e+00   1.064952e-01   6.531948e+00   1.064952e-01 223200610112149520        494       4307     0 2454020.410544  1.296239e+01  1.770163e-02  1.296239e+01  1.770163e-02 
   87860488   6.815469e+00   1.182925e-01   6.815469e+00   1.182925e-01 223200610132140170        453       4358     0 2454022.403796  1.291626e+01  1.884461e-02  1.291626e+01  1.884461e-02 
   87860555   6.753090e+00   1.178229e-01   6.753090e+00   1.178229e-01 223200610132141240        453       4354     0 2454022.404572  1.292624e+01  1.894319e-02  1.292624e+01  1.894319e-02 
   87860611   6.691194e+00   1.174565e-01   6.691194e+00   1.174565e-01 223200610132142200        453       4351     0 2454022.405220  1.293624e+01  1.905896e-02  1.293624e+01  1.905896e-02 
   87860671   6.742367e+00   1.174441e-01   6.742367e+00   1.174441e-01 223200610132143190        452       4349     0 2454022.405914  1.292797e+01  1.891232e-02  1.292797e+01  1.891232e-02 
   88033101   6.611359e+00   1.124271e-01   6.611359e+00   1.124271e-01 223200610152137170        449       4388     0 2454024.401632  1.294927e+01  1.846317e-02  1.294927e+01  1.846317e-02 
   88033162   6.498209e+00   1.111404e-01   6.498209e+00   1.111404e-01 223200610152138180        449       4383     0 2454024.402338  1.296802e+01  1.856967e-02  1.296802e+01  1.856967e-02 
   88033217   6.615526e+00   1.119561e-01   6.615526e+00   1.119561e-01 223200610152139130        448       4379     0 2454024.402975  1.294859e+01  1.837424e-02  1.294859e+01  1.837424e-02 
   88033276   6.844673e+00   1.130469e-01   6.844673e+00   1.130469e-01 223200610152140120        448       4375     0 2454024.403657  1.291162e+01  1.793213e-02  1.291162e+01  1.793213e-02 
   88377423   6.560396e+00   1.134935e-01   6.560396e+00   1.134935e-01 223200610192116140        433       4403     0 2454028.386840  1.295767e+01  1.878308e-02  1.295767e+01  1.878308e-02 
   88377475   6.507815e+00   1.131255e-01   6.507815e+00   1.131255e-01 223200610192117070        432       4400     0 2454028.387442  1.296641e+01  1.887345e-02  1.296641e+01  1.887345e-02 
   88377560   6.455091e+00   1.149730e-01   6.455091e+00   1.149730e-01 223200610192118310        427       4418     0 2454028.388426  1.297524e+01  1.933835e-02  1.297524e+01  1.933835e-02 
   88377622   6.675104e+00   1.155927e-01   6.675104e+00   1.155927e-01 223200610192119340        427       4415     0 2454028.389144  1.293886e+01  1.880174e-02  1.293886e+01  1.880174e-02 
   88463588   6.802646e+00   1.134784e-01   6.802646e+00   1.134784e-01 223200610202112230        457       4360     0 2454029.384120  1.291831e+01  1.811177e-02  1.291831e+01  1.811177e-02 
   88463660   6.882785e+00   1.135441e-01   6.882785e+00   1.135441e-01 223200610202113350        455       4355     0 2454029.384954  1.290559e+01  1.791126e-02  1.290559e+01  1.791126e-02 
   88463723   6.766142e+00   1.133150e-01   6.766142e+00   1.133150e-01 223200610202114380        454       4352     0 2454029.385683  1.292415e+01  1.818328e-02  1.292415e+01  1.818328e-02 
   88463782   6.637267e+00   1.123603e-01   6.637267e+00   1.123603e-01 223200610202115380        454       4350     0 2454029.386366  1.294503e+01  1.838017e-02  1.294503e+01  1.838017e-02 
   88551536   6.840772e+00   1.210330e-01   6.840772e+00   1.210330e-01 223200610212138150        451       4298     0 2454030.402037  1.291224e+01  1.920988e-02  1.291224e+01  1.920988e-02 
   88551668   6.944968e+00   1.203821e-01   6.944968e+00   1.203821e-01 223200610212140270        448       4287     0 2454030.403565  1.289582e+01  1.881990e-02  1.289582e+01  1.881990e-02 
   88551740   6.843992e+00   1.217354e-01   6.843992e+00   1.217354e-01 223200610212141400        442       4306     0 2454030.404398  1.291173e+01  1.931226e-02  1.291173e+01  1.931226e-02 
   88637671   4.793409e+00   1.455320e+00   4.793409e+00   1.455320e+00 223200610222133550        449       4310     0 2454031.398970  1.329839e+01  3.296401e-01  1.329839e+01  3.296401e-01 
   88637808   4.992350e+00   2.331274e+00   4.992350e+00   2.331274e+00 223200610222136110        443       4325     0 2454031.400556  1.325424e+01  5.070072e-01  1.325424e+01  5.070072e-01 
   88640059   2.055368e+00   2.255522e+00   2.055368e+00   2.255522e+00 223200610222213430        441       4203     0 2454031.426609  1.421778e+01  1.191470e+00  1.421778e+01  1.191470e+00 
   88722088   6.833219e+00   1.157339e-01   6.833219e+00   1.157339e-01 223200610232100550        440       4390     0 2454032.376019  1.291344e+01  1.838913e-02  1.291344e+01  1.838913e-02 
   88722142   6.576549e+00   1.150294e-01   6.576549e+00   1.150294e-01 223200610232101500        441       4387     0 2454032.376644  1.295500e+01  1.899051e-02  1.295500e+01  1.899051e-02 
   88722204   6.809072e+00   1.157896e-01   6.809072e+00   1.157896e-01 223200610232102520        440       4384     0 2454032.377361  1.291728e+01  1.846323e-02  1.291728e+01  1.846323e-02 
   88722271   6.613867e+00   1.154997e-01   6.613867e+00   1.154997e-01 223200610232103590        441       4381     0 2454032.378137  1.294886e+01  1.896057e-02  1.294886e+01  1.896057e-02 
   88980533   6.798958e+00   1.276574e-01   6.798958e+00   1.276574e-01 223200610262048320        439       4444     0 2454035.367280  1.291889e+01  2.038587e-02  1.291889e+01  2.038587e-02 
   88980587   7.162822e+00   1.284872e-01   7.162822e+00   1.284872e-01 223200610262049260        439       4440     0 2454035.367905  1.286229e+01  1.947608e-02  1.286229e+01  1.947608e-02 
   88980647   7.009194e+00   1.275836e-01   7.009194e+00   1.275836e-01 223200610262050270        439       4438     0 2454035.368600  1.288583e+01  1.976298e-02  1.288583e+01  1.976298e-02 
   88980711   6.850603e+00   1.266165e-01   6.850603e+00   1.266165e-01 223200610262051300        435       4428     0 2454035.369340  1.291068e+01  2.006722e-02  1.291068e+01  2.006722e-02 
   89066649   7.259009e+00   1.371514e-01   7.259009e+00   1.371514e-01 223200610272043520        460       4415     0 2454036.363993  1.284781e+01  2.051393e-02  1.284781e+01  2.051393e-02 
   89066712   7.172331e+00   1.374091e-01   7.172331e+00   1.374091e-01 223200610272044550        459       4413     0 2454036.364722  1.286085e+01  2.080085e-02  1.286085e+01  2.080085e-02 
   89066768   7.191716e+00   1.384233e-01   7.191716e+00   1.384233e-01 223200610272045520        458       4409     0 2454036.365370  1.285792e+01  2.089790e-02  1.285792e+01  2.089790e-02 
   89066833   7.260706e+00   1.389581e-01   7.260706e+00   1.389581e-01 223200610272046560        458       4406     0 2454036.366123  1.284755e+01  2.077929e-02  1.284755e+01  2.077929e-02 
   89152848   8.471249e+00   2.180920e-01   8.471249e+00   2.180920e-01 223200610282040350        445       4429     0 2454037.361667  1.268013e+01  2.795233e-02  1.268013e+01  2.795233e-02 
   89152921   7.188974e+00   1.961527e-01   7.188974e+00   1.961527e-01 223200610282041480        448       4400     0 2454037.362512  1.285833e+01  2.962465e-02  1.285833e+01  2.962465e-02 
   89152982   7.500175e+00   1.715048e-01   7.500175e+00   1.715048e-01 223200610282042490        447       4398     0 2454037.363218  1.281232e+01  2.482737e-02  1.281232e+01  2.482737e-02 
   89238969   7.825483e+00   1.793843e-01   7.825483e+00   1.793843e-01 223200610292035590        440       4391     0 2454038.358437  1.276622e+01  2.488852e-02  1.276622e+01  2.488852e-02 
   89239024   7.633672e+00   1.798562e-01   7.633672e+00   1.798562e-01 223200610292036550        441       4388     0 2454038.359074  1.279317e+01  2.558101e-02  1.279317e+01  2.558101e-02 
   89239071   7.641011e+00   1.798716e-01   7.641011e+00   1.798716e-01 223200610292037410        439       4380     0 2454038.359618  1.279212e+01  2.555863e-02  1.279212e+01  2.555863e-02 
   89239149   7.710084e+00   1.801642e-01   7.710084e+00   1.801642e-01 223200610292038590        439       4378     0 2454038.360521  1.278235e+01  2.537086e-02  1.278235e+01  2.537086e-02 
   89411344   9.515440e+00   2.776158e-01   9.515440e+00   2.776158e-01 223200610312029020        433       4391     0 2454040.353519  1.255393e+01  3.167679e-02  1.255393e+01  3.167679e-02 
   89411417   9.418557e+00   2.779286e-01   9.418557e+00   2.779286e-01 223200610312030160        428       4408     0 2454040.354363  1.256504e+01  3.203868e-02  1.256504e+01  3.203868e-02 
   89411487   9.565349e+00   2.807915e-01   9.565349e+00   2.807915e-01 223200610312031250        432       4379     0 2454040.355174  1.254825e+01  3.187198e-02  1.254825e+01  3.187198e-02 
   89411544   9.051348e+00   2.802939e-01   9.051348e+00   2.802939e-01 223200610312032230        432       4376     0 2454040.355833  1.260822e+01  3.362221e-02  1.260822e+01  3.362221e-02 
   89506202   8.343307e+00   2.825606e-01   8.343307e+00   2.825606e-01 223200611012250050        360       4007     0 2454041.451412  1.269665e+01  3.677047e-02  1.269665e+01  3.677047e-02 
   89506275   8.547002e+00   2.839409e-01   8.547002e+00   2.839409e-01 223200611012251190        363       3980     0 2454041.452257  1.267047e+01  3.606949e-02  1.267047e+01  3.606949e-02 
   89506332   8.437735e+00   2.851705e-01   8.437735e+00   2.851705e-01 223200611012252160        363       3978     0 2454041.452917  1.268443e+01  3.669480e-02  1.268443e+01  3.669480e-02 
   89506394   8.393450e+00   2.873085e-01   8.393450e+00   2.873085e-01 223200611012253170        362       3975     0 2454041.453634  1.269015e+01  3.716498e-02  1.269015e+01  3.716498e-02 
   89842104   8.218093e+00   3.995047e-01   8.218093e+00   3.995047e-01 223200611052008420        444       4393     0 2454045.339167  1.271307e+01  5.278089e-02  1.271307e+01  5.278089e-02 
   89842162   8.780144e+00   4.003995e-01   8.780144e+00   4.003995e-01 223200611052009400        445       4389     0 2454045.339838  1.264125e+01  4.951283e-02  1.264125e+01  4.951283e-02 
   89842235   8.498013e+00   3.970562e-01   8.498013e+00   3.970562e-01 223200611052010530        445       4385     0 2454045.340683  1.267671e+01  5.072948e-02  1.267671e+01  5.072948e-02 
   89842294   9.142776e+00   3.964103e-01   9.142776e+00   3.964103e-01 223200611052011520        445       4383     0 2454045.341366  1.259730e+01  4.707525e-02  1.259730e+01  4.707525e-02 
   89928288   9.067904e+00   3.091913e-01   9.067904e+00   3.091913e-01 223200611062005110        447       4410     0 2454046.336667  1.260623e+01  3.702084e-02  1.260623e+01  3.702084e-02 
   89928357   8.733974e+00   3.093988e-01   8.733974e+00   3.093988e-01 223200611062006190        447       4406     0 2454046.337465  1.264697e+01  3.846206e-02  1.264697e+01  3.846206e-02 
   89928411   8.838875e+00   3.074269e-01   8.838875e+00   3.074269e-01 223200611062007140        447       4403     0 2454046.338090  1.263401e+01  3.776337e-02  1.263401e+01  3.776337e-02 
   90014476   7.633147e+00   1.934274e-01   7.633147e+00   1.934274e-01 223200611072001430        454       4417     0 2454047.334213  1.279324e+01  2.751314e-02  1.279324e+01  2.751314e-02 
   90014530   7.692653e+00   1.824496e-01   7.692653e+00   1.824496e-01 223200611072002370        454       4414     0 2454047.334838  1.278481e+01  2.575091e-02  1.278481e+01  2.575091e-02 
   90014619   8.004292e+00   1.875797e-01   8.004292e+00   1.875797e-01 223200611072004050        449       4432     0 2454047.335868  1.274169e+01  2.544420e-02  1.274169e+01  2.544420e-02 
   90014681   7.625427e+00   1.918310e-01   7.625427e+00   1.918310e-01 223200611072005080        448       4428     0 2454047.336586  1.279434e+01  2.731369e-02  1.279434e+01  2.731369e-02 
   90272965   6.799257e+00   1.255753e-01   6.799257e+00   1.255753e-01 223200611101950030        451       4402     0 2454050.325984  1.291885e+01  2.005250e-02  1.291885e+01  2.005250e-02 
   90273019   6.663732e+00   1.252735e-01   6.663732e+00   1.252735e-01 223200611101950570        451       4398     0 2454050.326609  1.294071e+01  2.041116e-02  1.294071e+01  2.041116e-02 
   90273067   6.933381e+00   1.293667e-01   6.933381e+00   1.293667e-01 223200611101951450        450       4395     0 2454050.327164  1.289764e+01  2.025831e-02  1.289764e+01  2.025831e-02 
   90273132   6.780923e+00   1.258957e-01   6.780923e+00   1.258957e-01 223200611101952500        449       4392     0 2454050.327917  1.292178e+01  2.015802e-02  1.292178e+01  2.015802e-02 
   90617581   6.754931e+00   1.193898e-01   6.754931e+00   1.193898e-01 223200611141933540        440       4424     0 2454054.314595  1.292595e+01  1.918988e-02  1.292595e+01  1.918988e-02 
   90617643   6.810730e+00   1.195361e-01   6.810730e+00   1.195361e-01 223200611141934560        440       4420     0 2454054.315313  1.291702e+01  1.905598e-02  1.291702e+01  1.905598e-02 
   90617703   6.934197e+00   1.198259e-01   6.934197e+00   1.198259e-01 223200611141935570        446       4395     0 2454054.316007  1.289751e+01  1.876206e-02  1.289751e+01  1.876206e-02 
   90617754   6.933934e+00   1.202929e-01   6.933934e+00   1.202929e-01 223200611141936470        445       4393     0 2454054.316597  1.289755e+01  1.883589e-02  1.289755e+01  1.883589e-02 
   93120128   8.505792e+00   2.469576e-01   8.505792e+00   2.469576e-01 223200612131844400       1113       4229     0 2454083.279259  1.267571e+01  3.152344e-02  1.267571e+01  3.152344e-02 
   93120187   8.036766e+00   2.310045e-01   8.036766e+00   2.310045e-01 223200612131845380       1113       4228     0 2454083.279942  1.273730e+01  3.120793e-02  1.273730e+01  3.120793e-02 
   93120263   8.154135e+00   2.119751e-01   8.154135e+00   2.119751e-01 223200612131846550       1109       4245     0 2454083.280822  1.272156e+01  2.822492e-02  1.272156e+01  2.822492e-02 
   93120327   7.978096e+00   1.991095e-01   7.978096e+00   1.991095e-01 223200612131847580       1113       4221     0 2454083.281563  1.274525e+01  2.709684e-02  1.274525e+01  2.709684e-02 
   93292963   8.245157e+00   2.932056e-01   8.245157e+00   2.932056e-01 223200612151845190       1087       4201     0 2454085.279664  1.270950e+01  3.860995e-02  1.270950e+01  3.860995e-02 
   93293017   8.027084e+00   2.753817e-01   8.027084e+00   2.753817e-01 223200612151846130       1086       4199     0 2454085.280289  1.273861e+01  3.724800e-02  1.273861e+01  3.724800e-02 
   93293071   8.180195e+00   2.588907e-01   8.180195e+00   2.588907e-01 223200612151847070       1085       4197     0 2454085.280914  1.271809e+01  3.436202e-02  1.271809e+01  3.436202e-02 
   93293125   8.023866e+00   2.427308e-01   8.023866e+00   2.427308e-01 223200612151848010       1085       4194     0 2454085.281539  1.273904e+01  3.284483e-02  1.273904e+01  3.284483e-02 
   93467304   7.015628e+00   1.283079e-01   7.015628e+00   1.283079e-01 223200612171911070       1437       4028     0 2454087.297500  1.288483e+01  1.985695e-02  1.288483e+01  1.985695e-02 
   93467360   7.191470e+00   1.285355e-01   7.191470e+00   1.285355e-01 223200612171912030       1436       4025     0 2454087.298148  1.285796e+01  1.940579e-02  1.285796e+01  1.940579e-02 
   93467420   7.088645e+00   1.270426e-01   7.088645e+00   1.270426e-01 223200612171913020       1434       4022     0 2454087.298843  1.287359e+01  1.945861e-02  1.287359e+01  1.945861e-02 
   93467490   7.017194e+00   1.266314e-01   7.017194e+00   1.266314e-01 223200612171914130       1427       4040     0 2454087.299653  1.288459e+01  1.959313e-02  1.288459e+01  1.959313e-02 
   93556662   6.753030e+00   1.205729e-01   6.753030e+00   1.205729e-01 223200612182000260        496       3960     0 2454088.331736  1.292625e+01  1.938548e-02  1.292625e+01  1.938548e-02 
   93556720   6.617749e+00   1.195043e-01   6.617749e+00   1.195043e-01 223200612182001250        495       3958     0 2454088.332407  1.294822e+01  1.960645e-02  1.294822e+01  1.960645e-02 
   93556789   6.639451e+00   1.191695e-01   6.639451e+00   1.191695e-01 223200612182002330        494       3955     0 2454088.333206  1.294467e+01  1.948761e-02  1.294467e+01  1.948761e-02 
   93556853   6.795735e+00   1.201448e-01   6.795735e+00   1.201448e-01 223200612182003370        493       3953     0 2454088.333947  1.291941e+01  1.919528e-02  1.291941e+01  1.919528e-02 
   93725362   8.028300e+00   2.444126e-01   8.028300e+00   2.444126e-01 223200612201852110        555       4117     0 2454090.284282  1.273844e+01  3.305414e-02  1.273844e+01  3.305414e-02 
   93725421   8.205392e+00   2.301691e-01   8.205392e+00   2.301691e-01 223200612201853100        554       4114     0 2454090.284965  1.271475e+01  3.045605e-02  1.271475e+01  3.045605e-02 
   93725478   7.715550e+00   2.168173e-01   7.715550e+00   2.168173e-01 223200612201854080        554       4112     0 2454090.285625  1.278158e+01  3.051075e-02  1.278158e+01  3.051075e-02 
   93725540   7.646707e+00   2.051981e-01   7.646707e+00   2.051981e-01 223200612201855100        553       4110     0 2454090.286343  1.279131e+01  2.913565e-02  1.279131e+01  2.913565e-02 
   94935171   7.740708e+00   4.345245e-01   7.740708e+00   4.345245e-01 223200701031856070        496       3963     0 2454104.286701  1.277805e+01  6.094799e-02  1.277805e+01  6.094799e-02 
   94935237   8.207737e+00   4.307774e-01   8.207737e+00   4.307774e-01 223200701031857140        495       3962     0 2454104.287465  1.271444e+01  5.698431e-02  1.271444e+01  5.698431e-02 
   94935295   7.588911e+00   4.250419e-01   7.588911e+00   4.250419e-01 223200701031858120        495       3960     0 2454104.288137  1.279955e+01  6.081043e-02  1.279955e+01  6.081043e-02 
   94935360   8.274135e+00   4.195620e-01   8.274135e+00   4.195620e-01 223200701031859170        493       3958     0 2454104.288889  1.270569e+01  5.505534e-02  1.270569e+01  5.505534e-02 
   95021600   8.224008e+00   3.288566e-01   8.224008e+00   3.288566e-01 223200701041856390        492       3976     0 2454105.287037  1.271229e+01  4.341591e-02  1.271229e+01  4.341591e-02 
   95021672   8.350291e+00   3.050789e-01   8.350291e+00   3.050789e-01 223200701041857500        496       3952     0 2454105.287870  1.269575e+01  3.966764e-02  1.269575e+01  3.966764e-02 
   95021737   7.742916e+00   2.909530e-01   7.742916e+00   2.909530e-01 223200701041858560        496       3950     0 2454105.288623  1.277774e+01  4.079850e-02  1.277774e+01  4.079850e-02 
   95021793   8.157471e+00   2.825022e-01   8.157471e+00   2.825022e-01 223200701041859510        495       3948     0 2454105.289271  1.272111e+01  3.760038e-02  1.272111e+01  3.760038e-02 
   95107902   8.423038e+00   2.882846e-01   8.423038e+00   2.882846e-01 223200701051855020        470       3945     0 2454106.285903  1.268633e+01  3.716024e-02  1.268633e+01  3.716024e-02 
   95107958   8.437592e+00   2.710411e-01   8.437592e+00   2.710411e-01 223200701051855570        469       3943     0 2454106.286551  1.268445e+01  3.487727e-02  1.268445e+01  3.487727e-02 
   95108012   8.286329e+00   2.550566e-01   8.286329e+00   2.550566e-01 223200701051856510        468       3941     0 2454106.287176  1.270409e+01  3.341952e-02  1.270409e+01  3.341952e-02 
   95108066   7.914610e+00   2.391098e-01   7.914610e+00   2.391098e-01 223200701051857460        468       3939     0 2454106.287801  1.275393e+01  3.280150e-02  1.275393e+01  3.280150e-02 
   95280691   8.073514e+00   2.564593e-01   8.073514e+00   2.564593e-01 223200701071854540        447       3927     0 2454108.285775  1.273234e+01  3.448908e-02  1.273234e+01  3.448908e-02 
   95280820   8.079734e+00   2.191678e-01   8.079734e+00   2.191678e-01 223200701071857030        465       3949     0 2454108.287269  1.273151e+01  2.945137e-02  1.273151e+01  2.945137e-02 
   95280876   7.909307e+00   2.078860e-01   7.909307e+00   2.078860e-01 223200701071857590        464       3946     0 2454108.287917  1.275465e+01  2.853728e-02  1.275465e+01  2.853728e-02 
   95280932   7.937918e+00   1.972189e-01   7.937918e+00   1.972189e-01 223200701071858540        463       3944     0 2454108.288565  1.275073e+01  2.697539e-02  1.275073e+01  2.697539e-02 
   95367154   8.480417e+00   2.861980e-01   8.480417e+00   2.861980e-01 223200701081855580        450       3917     0 2454109.286505  1.267896e+01  3.664167e-02  1.267896e+01  3.664167e-02 
   95367210   8.329347e+00   2.693315e-01   8.329347e+00   2.693315e-01 223200701081856530        449       3916     0 2454109.287153  1.269847e+01  3.510767e-02  1.269847e+01  3.510767e-02 
   95367265   7.838471e+00   2.524148e-01   7.838471e+00   2.524148e-01 223200701081857490        448       3914     0 2454109.287789  1.276442e+01  3.496304e-02  1.276442e+01  3.496304e-02 
   95367321   7.925416e+00   2.385204e-01   7.925416e+00   2.385204e-01 223200701081858450        447       3912     0 2454109.288438  1.275245e+01  3.267604e-02  1.275245e+01  3.267604e-02 
   95453540   8.252478e+00   2.805174e-01   8.252478e+00   2.805174e-01 223200701091855450        453       3913     0 2454110.286343  1.270854e+01  3.690637e-02  1.270854e+01  3.690637e-02 
   95453596   7.968121e+00   2.631855e-01   7.968121e+00   2.631855e-01 223200701091856400        452       3912     0 2454110.286991  1.274661e+01  3.586179e-02  1.274661e+01  3.586179e-02 
   95453650   7.944153e+00   2.473980e-01   7.944153e+00   2.473980e-01 223200701091857350        451       3911     0 2454110.287616  1.274988e+01  3.381227e-02  1.274988e+01  3.381227e-02 
   95453706   7.967083e+00   2.330908e-01   7.967083e+00   2.330908e-01 223200701091858300        449       3909     0 2454110.288264  1.274675e+01  3.176520e-02  1.274675e+01  3.176520e-02 
   95539930   8.292603e+00   2.751502e-01   8.292603e+00   2.751502e-01 223200701101855350        449       3906     0 2454111.286227  1.270327e+01  3.602507e-02  1.270327e+01  3.602507e-02 
   95539984   8.484973e+00   2.587332e-01   8.484973e+00   2.587332e-01 223200701101856300        449       3905     0 2454111.286852  1.267837e+01  3.310759e-02  1.267837e+01  3.310759e-02 
   95540038   8.263440e+00   2.427652e-01   8.263440e+00   2.427652e-01 223200701101857240        448       3904     0 2454111.287477  1.270710e+01  3.189711e-02  1.270710e+01  3.189711e-02 
   95540094   8.012785e+00   2.290116e-01   8.012785e+00   2.290116e-01 223200701101858190        447       3903     0 2454111.288125  1.274054e+01  3.103129e-02  1.274054e+01  3.103129e-02 
   95626314   8.611810e+00   2.845659e-01   8.611810e+00   2.845659e-01 223200701111855210        431       3886     0 2454112.286042  1.266226e+01  3.587684e-02  1.266226e+01  3.587684e-02 
   95626370   8.301202e+00   2.671724e-01   8.301202e+00   2.671724e-01 223200701111856160        430       3886     0 2454112.286690  1.270215e+01  3.494430e-02  1.270215e+01  3.494430e-02 
   95626424   8.346162e+00   2.527073e-01   8.346162e+00   2.527073e-01 223200701111857110        430       3884     0 2454112.287315  1.269628e+01  3.287432e-02  1.269628e+01  3.287432e-02 
   95626480   7.773135e+00   2.386087e-01   7.773135e+00   2.386087e-01 223200701111858070        429       3884     0 2454112.287963  1.277351e+01  3.332850e-02  1.277351e+01  3.332850e-02 
   95712697   8.191744e+00   2.685560e-01   8.191744e+00   2.685560e-01 223200701121855050        460       3881     0 2454113.285845  1.271656e+01  3.559461e-02  1.271656e+01  3.559461e-02 
   95712753   8.236862e+00   2.529069e-01   8.236862e+00   2.529069e-01 223200701121856000        459       3880     0 2454113.286493  1.271060e+01  3.333686e-02  1.271060e+01  3.333686e-02 
   95712807   7.930697e+00   2.386606e-01   7.930697e+00   2.386606e-01 223200701121856550        458       3879     0 2454113.287118  1.275172e+01  3.267346e-02  1.275172e+01  3.267346e-02 
   95712861   7.762917e+00   2.262237e-01   7.762917e+00   2.262237e-01 223200701121857490        458       3877     0 2454113.287743  1.277494e+01  3.164019e-02  1.277494e+01  3.164019e-02 
   95799119   8.181901e+00   2.398307e-01   8.181901e+00   2.398307e-01 223200701131855270        456       3896     0 2454114.286100  1.271786e+01  3.182559e-02  1.271786e+01  3.182559e-02 
   95799173   8.179891e+00   2.269440e-01   8.179891e+00   2.269440e-01 223200701131856210        455       3895     0 2454114.286725  1.271813e+01  3.012292e-02  1.271813e+01  3.012292e-02 
   95799297   7.759705e+00   2.016335e-01   7.759705e+00   2.016335e-01 223200701131858250        457       3899     0 2454114.288160  1.277539e+01  2.821261e-02  1.277539e+01  2.821261e-02 
   95799351   7.549518e+00   1.910726e-01   7.549518e+00   1.910726e-01 223200701131859190        456       3897     0 2454114.288785  1.280520e+01  2.747927e-02  1.280520e+01  2.747927e-02 
   95885589   8.095742e+00   2.260602e-01   8.095742e+00   2.260602e-01 223200701141856390        451       3875     0 2454115.286910  1.272936e+01  3.031749e-02  1.272936e+01  3.031749e-02 
   95885645   7.801847e+00   2.127242e-01   7.801847e+00   2.127242e-01 223200701141857340        451       3874     0 2454115.287558  1.276951e+01  2.960365e-02  1.276951e+01  2.960365e-02 
   95885699   7.685230e+00   2.008380e-01   7.685230e+00   2.008380e-01 223200701141858290        451       3873     0 2454115.288183  1.278586e+01  2.837363e-02  1.278586e+01  2.837363e-02 
   95885831   7.498387e+00   1.781531e-01   7.498387e+00   1.781531e-01 223200701141900410        448       3873     0 2454115.289711  1.281258e+01  2.579594e-02  1.281258e+01  2.579594e-02 
  105941768   9.120200e+00   2.988302e-01   9.120200e+00   2.988302e-01 223200705110414520        427       4727     0 2454231.677870  1.259999e+01  3.557508e-02  1.259999e+01  3.557508e-02 
  105941824   9.190832e+00   3.142064e-01   9.190832e+00   3.142064e-01 223200705110415490        431       4727     0 2454231.678519  1.259161e+01  3.711813e-02  1.259161e+01  3.711813e-02 
  105941883   9.571433e+00   3.333959e-01   9.571433e+00   3.333959e-01 223200705110416470        433       4726     0 2454231.679201  1.254756e+01  3.781892e-02  1.254756e+01  3.781892e-02 
  105941938   9.756709e+00   3.594034e-01   9.756709e+00   3.594034e-01 223200705110417430        435       4725     0 2454231.679838  1.252674e+01  3.999490e-02  1.252674e+01  3.999490e-02 
  106027823   7.525591e+00   1.882034e-01   7.525591e+00   1.882034e-01 223200705120409040        452       4704     0 2454232.673877  1.280865e+01  2.715268e-02  1.280865e+01  2.715268e-02 
  106027949   8.197564e+00   2.049052e-01   8.197564e+00   2.049052e-01 223200705120411090        439       4716     0 2454232.675336  1.271579e+01  2.713902e-02  1.271579e+01  2.713902e-02 
  106028003   8.596901e+00   2.142916e-01   8.596901e+00   2.142916e-01 223200705120412040        441       4715     0 2454232.675961  1.266415e+01  2.706381e-02  1.266415e+01  2.706381e-02 
  106028057   8.635033e+00   2.238257e-01   8.635033e+00   2.238257e-01 223200705120412580        444       4714     0 2454232.676586  1.265934e+01  2.814310e-02  1.265934e+01  2.814310e-02 
  106114078   7.888813e+00   1.913874e-01   7.888813e+00   1.913874e-01 223200705130406340        428       4727     0 2454233.672199  1.275747e+01  2.634070e-02  1.275747e+01  2.634070e-02 
  106114132   7.980233e+00   1.949292e-01   7.980233e+00   1.949292e-01 223200705130407290        431       4726     0 2454233.672824  1.274496e+01  2.652083e-02  1.274496e+01  2.652083e-02 
  106114188   8.064624e+00   1.994789e-01   8.064624e+00   1.994789e-01 223200705130408240        434       4726     0 2454233.673472  1.273354e+01  2.685583e-02  1.273354e+01  2.685583e-02 
  106114242   8.216147e+00   2.058640e-01   8.216147e+00   2.058640e-01 223200705130409190        436       4726     0 2454233.674097  1.271333e+01  2.720433e-02  1.271333e+01  2.720433e-02 
  124569518   8.026775e+00   3.065062e-01   8.026775e+00   3.065062e-01 221200712121841060      19733       3568     0 2454447.276829  1.273865e+01  4.145950e-02  1.273865e+01  4.145950e-02 
  124571576   9.799811e+00   1.229355e-01   9.799811e+00   1.229355e-01 222200712121915250       2768      22322     0 2454447.300648  1.252196e+01  1.362026e-02  1.252196e+01  1.362026e-02 
  124571640   8.990090e+00   1.054947e-01   8.990090e+00   1.054947e-01 221200712121916280      19685       3700     0 2454447.301389  1.261559e+01  1.274068e-02  1.261559e+01  1.274068e-02 
  124572784   9.956784e+00   1.227526e-01   9.956784e+00   1.227526e-01 222200712121935320       2746      22334     0 2454447.314630  1.250470e+01  1.338559e-02  1.250470e+01  1.338559e-02 
  124572975   8.768907e+00   1.034460e-01   8.768907e+00   1.034460e-01 221200712121938430      19725       3772     0 2454447.316840  1.264264e+01  1.280838e-02  1.264264e+01  1.280838e-02 
