\OBJNAME = '1SWASP J002148.14-720309.3'
\OBSSTART = '2006-05-11T04:14:48'
\OBSSTOP = '2007-12-12T19:39:43'
\TSTART = 74405739
\TSTOP = 124573053
\JD_REF = 2453005.5
\RA_OBJ = '5.450611'
\DEC_OBJ = '-72.052589'
\WASP_MAG = 12.72263
\HJD_START = 2453866.677535
\HJD_STOP = 2454447.317743
\fixlen = T
\NUMRECORDS = 415
\
\ This file was produced by the NASA Exoplanet Archive  http://exoplanetarchive.ipac.caltech.edu 
\ Sun Sep 15, 03:33:55 2013
\ Documentation for the SuperWASP dataset can be found at http://exoplanetarchive.ipac.caltech.edu/docs/SuperWASPMission.html
\
|TMID      |FLUX2         |FLUX2_ERR     |TAMFLUX2      |TAMFLUX2_ERR  |IMAGEID           |CCDX      |CCDY      |FLAG |           HJD|         MAG2|     MAG2_ERR|      TAMMAG2|  TAMMAG2_ERR|
|int       |float         |float         |float         |float         |char              |int       |int       |int  |        double|        float|        float|        float|        float|
|sec       |micro Vega    |micro Vega    |micro Vega    |micro Vega    |                  |1/16 pixel|1/16 pixel|     |           day|          mag|          mag|          mag|          mag|
|null      |null          |null          |null          |null          |null              |null      |null      |null |          null|         null|         null|         null|         null|
   74405739   8.462429e+00   2.621011e-01   8.462429e+00   2.621011e-01 223200605110414480      11634       1040     0 2453866.677535  1.268126e+01  3.362789e-02  1.268126e+01  3.362789e-02 
   74405792   8.649415e+00   2.859354e-01   8.649415e+00   2.859354e-01 223200605110415410      11639       1037     0 2453866.678148  1.265753e+01  3.589278e-02  1.265753e+01  3.589278e-02 
   74405876   9.101837e+00   3.190727e-01   9.101837e+00   3.190727e-01 223200605110417040      11644       1035     0 2453866.679120  1.260218e+01  3.806154e-02  1.260218e+01  3.806154e-02 
   74405941   8.800395e+00   3.525419e-01   8.800395e+00   3.525419e-01 223200605110418100      11651       1009     0 2453866.679873  1.263874e+01  4.349450e-02  1.263874e+01  4.349450e-02 
   74491852   8.751075e+00   2.862542e-01   8.751075e+00   2.862542e-01 223200605120409570      11654        966     0 2453867.674213  1.264485e+01  3.551536e-02  1.264485e+01  3.551536e-02 
   74491990   8.729709e+00   2.992782e-01   8.729709e+00   2.992782e-01 223200605120412150      11662        963     0 2453867.675810  1.264750e+01  3.722213e-02  1.264750e+01  3.722213e-02 
   74492043   9.118652e+00   3.108724e-01   9.118652e+00   3.108724e-01 223200605120413070      11665        962     0 2453867.676424  1.260017e+01  3.701497e-02  1.260017e+01  3.701497e-02 
   74750374   7.860192e+00   3.883383e-01   7.860192e+00   3.883383e-01 223200605150358270      11649        971     0 2453870.666366  1.276142e+01  5.364174e-02  1.276142e+01  5.364174e-02 
   74750434   9.023415e+00   3.944627e-01   9.023415e+00   3.944627e-01 223200605150359270      11654        966     0 2453870.667060  1.261157e+01  4.746362e-02  1.261157e+01  4.746362e-02 
   74750488   8.932850e+00   3.937445e-01   8.932850e+00   3.937445e-01 223200605150400210      11658        966     0 2453870.667685  1.262253e+01  4.785753e-02  1.262253e+01  4.785753e-02 
   74750547   9.507199e+00   3.964324e-01   9.507199e+00   3.964324e-01 223200605150401200      11661        964     0 2453870.668368  1.255487e+01  4.527333e-02  1.255487e+01  4.527333e-02 
   75613635   7.699022e+00   1.696025e-01   7.699022e+00   1.696025e-01 223200605250345300      11729        983     0 2453880.657812  1.278391e+01  2.391787e-02  1.278391e+01  2.391787e-02 
   75613698   8.017236e+00   1.716392e-01   8.017236e+00   1.716392e-01 223200605250346340      11737        955     0 2453880.658542  1.273994e+01  2.324437e-02  1.273994e+01  2.324437e-02 
   75613756   7.826738e+00   1.707477e-01   7.826738e+00   1.707477e-01 223200605250347310      11741        953     0 2453880.659213  1.276605e+01  2.368644e-02  1.276605e+01  2.368644e-02 
   75613824   7.430766e+00   1.681256e-01   7.430766e+00   1.681256e-01 223200605250348400      11739        976     0 2453880.660000  1.282242e+01  2.456553e-02  1.282242e+01  2.456553e-02 
   75700090   7.598574e+00   1.649816e-01   7.598574e+00   1.649816e-01 223200605260346210      11749        973     0 2453881.658449  1.279817e+01  2.357378e-02  1.279817e+01  2.357378e-02 
   75700153   7.622087e+00   1.647105e-01   7.622087e+00   1.647105e-01 223200605260347250      11755        942     0 2453881.659178  1.279482e+01  2.346244e-02  1.279482e+01  2.346244e-02 
   75700220   7.675257e+00   1.653389e-01   7.675257e+00   1.653389e-01 223200605260348310      11754        967     0 2453881.659954  1.278727e+01  2.338881e-02  1.278727e+01  2.338881e-02 
   75700289   7.471527e+00   1.649722e-01   7.471527e+00   1.649722e-01 223200605260349400      11760        936     0 2453881.660752  1.281648e+01  2.397327e-02  1.281648e+01  2.397327e-02 
   76132310   6.941070e+00   1.430567e-01   6.941070e+00   1.430567e-01 223200605310349440      11813        946     0 2453886.660995  1.289643e+01  2.237730e-02  1.289643e+01  2.237730e-02 
   76132377   6.890102e+00   1.434953e-01   6.890102e+00   1.434953e-01 223200605310350510      11820        916     0 2453886.661771  1.290444e+01  2.261194e-02  1.290444e+01  2.261194e-02 
   76132426   7.061724e+00   1.420057e-01   7.061724e+00   1.420057e-01 223200605310351390      11821        914     0 2453886.662338  1.287772e+01  2.183338e-02  1.287772e+01  2.183338e-02 
   76132488   7.079384e+00   1.424699e-01   7.079384e+00   1.424699e-01 223200605310352410      11823        913     0 2453886.663056  1.287501e+01  2.185011e-02  1.287501e+01  2.185011e-02 
   76218780   7.222633e+00   1.465235e-01   7.222633e+00   1.465235e-01 223200606010350510      11831        908     0 2453887.661806  1.285326e+01  2.202610e-02  1.285326e+01  2.202610e-02 
   76218848   6.905255e+00   1.457601e-01   6.905255e+00   1.457601e-01 223200606010351580      11831        930     0 2453887.662593  1.290205e+01  2.291842e-02  1.290205e+01  2.291842e-02 
   76218918   6.923223e+00   1.447399e-01   6.923223e+00   1.447399e-01 223200606010353090      11834        929     0 2453887.663403  1.289923e+01  2.269895e-02  1.289923e+01  2.269895e-02 
   76219004   6.921427e+00   1.449208e-01   6.921427e+00   1.449208e-01 223200606010354350      11841        900     0 2453887.664398  1.289951e+01  2.273322e-02  1.289951e+01  2.273322e-02 
   76478186   7.548975e+00   1.562518e-01   7.548975e+00   1.562518e-01 223200606040354060      11842        900     0 2453890.664190  1.280528e+01  2.247309e-02  1.280528e+01  2.247309e-02 
   76478259   7.605355e+00   1.559903e-01   7.605355e+00   1.559903e-01 223200606040355190      11843        923     0 2453890.665035  1.279720e+01  2.226916e-02  1.279720e+01  2.226916e-02 
   76478335   7.617252e+00   1.580826e-01   7.617252e+00   1.580826e-01 223200606040356360      11850        892     0 2453890.665914  1.279550e+01  2.253262e-02  1.279550e+01  2.253262e-02 
   76478388   7.548573e+00   1.590679e-01   7.548573e+00   1.590679e-01 223200606040357280      11852        890     0 2453890.666528  1.280534e+01  2.287934e-02  1.280534e+01  2.287934e-02 
   76564529   9.792910e+00   3.805009e-01   9.792910e+00   3.805009e-01 223200606050353060      11869        884     0 2453891.663530  1.252272e+01  4.218614e-02  1.252272e+01  4.218614e-02 
   76564588   1.081235e+01   3.653688e-01   1.081235e+01   3.653688e-01 223200606050354050      11873        884     0 2453891.664213  1.241520e+01  3.668911e-02  1.241520e+01  3.668911e-02 
   76564648   9.939605e+00   3.648498e-01   9.939605e+00   3.648498e-01 223200606050355050      11875        881     0 2453891.664907  1.250658e+01  3.985390e-02  1.250658e+01  3.985390e-02 
   76564706   8.897987e+00   3.345671e-01   8.897987e+00   3.345671e-01 223200606050356020      11877        880     0 2453891.665579  1.262677e+01  4.082417e-02  1.262677e+01  4.082417e-02 
   76650900   7.303806e+00   1.460745e-01   7.303806e+00   1.460745e-01 223200606060352330      11857        880     0 2453892.663194  1.284113e+01  2.171456e-02  1.284113e+01  2.171456e-02 
   76651034   7.098863e+00   1.523815e-01   7.098863e+00   1.523815e-01 223200606060354480      11864        880     0 2453892.664745  1.287203e+01  2.330609e-02  1.287203e+01  2.330609e-02 
   76651090   7.419185e+00   1.510708e-01   7.419185e+00   1.510708e-01 223200606060355430      11867        877     0 2453892.665394  1.282411e+01  2.210804e-02  1.282411e+01  2.210804e-02 
   76651166   7.203405e+00   1.521712e-01   7.203405e+00   1.521712e-01 223200606060357000      11865        900     0 2453892.666273  1.285616e+01  2.293615e-02  1.285616e+01  2.293615e-02 
   76737394   7.342632e+00   1.545026e-01   7.342632e+00   1.545026e-01 223200606070354040      11868        884     0 2453893.664282  1.283537e+01  2.284599e-02  1.283537e+01  2.284599e-02 
   76737447   7.309100e+00   1.498605e-01   7.309100e+00   1.498605e-01 223200606070354570      11871        882     0 2453893.664896  1.284034e+01  2.226122e-02  1.284034e+01  2.226122e-02 
   76737502   7.488341e+00   1.493583e-01   7.488341e+00   1.493583e-01 223200606070355530      11872        879     0 2453893.665532  1.281404e+01  2.165557e-02  1.281404e+01  2.165557e-02 
   76737558   7.489684e+00   1.496478e-01   7.489684e+00   1.496478e-01 223200606070356480      11874        878     0 2453893.666181  1.281384e+01  2.169365e-02  1.281384e+01  2.169365e-02 
   76823785   7.172751e+00   1.489404e-01   7.172751e+00   1.489404e-01 223200606080353510      11895        883     0 2453894.664178  1.286079e+01  2.254512e-02  1.286079e+01  2.254512e-02 
   76823844   7.123643e+00   1.481758e-01   7.123643e+00   1.481758e-01 223200606080354510      11898        880     0 2453894.664861  1.286824e+01  2.258401e-02  1.286824e+01  2.258401e-02 
   76823903   7.366865e+00   1.479161e-01   7.366865e+00   1.479161e-01 223200606080355500      11900        878     0 2453894.665544  1.283179e+01  2.180011e-02  1.283179e+01  2.180011e-02 
   76823989   7.129444e+00   1.496491e-01   7.129444e+00   1.496491e-01 223200606080357160      11900        901     0 2453894.666539  1.286736e+01  2.278999e-02  1.286736e+01  2.278999e-02 
   76910211   6.858401e+00   1.459690e-01   6.858401e+00   1.459690e-01 223200606090354140      11891        870     0 2453895.664479  1.290944e+01  2.310806e-02  1.290944e+01  2.310806e-02 
   76910265   6.951456e+00   1.473513e-01   6.951456e+00   1.473513e-01 223200606090355080      11893        868     0 2453895.665104  1.289481e+01  2.301462e-02  1.289481e+01  2.301462e-02 
   76910349   6.921509e+00   1.473996e-01   6.921509e+00   1.473996e-01 223200606090356320      11892        891     0 2453895.666076  1.289950e+01  2.312179e-02  1.289950e+01  2.312179e-02 
   76910421   6.956165e+00   1.448346e-01   6.956165e+00   1.448346e-01 223200606090357440      11898        863     0 2453895.666910  1.289408e+01  2.260623e-02  1.289408e+01  2.260623e-02 
   76996566   8.492796e+00   2.571484e-01   8.492796e+00   2.571484e-01 223200606100353270      11896        871     0 2453896.663958  1.267737e+01  3.287449e-02  1.267737e+01  3.287449e-02 
   76996631   8.623499e+00   2.581892e-01   8.623499e+00   2.581892e-01 223200606100354320      11900        867     0 2453896.664711  1.266079e+01  3.250726e-02  1.266079e+01  3.250726e-02 
   76996692   8.172914e+00   2.515772e-01   8.172914e+00   2.515772e-01 223200606100355320      11902        866     0 2453896.665417  1.271906e+01  3.342107e-02  1.271906e+01  3.342107e-02 
   76996747   8.304285e+00   2.523917e-01   8.304285e+00   2.523917e-01 223200606100356270      11904        864     0 2453896.666053  1.270174e+01  3.299883e-02  1.270174e+01  3.299883e-02 
   77082986   9.378001e+00   4.193195e-01   9.378001e+00   4.193195e-01 223200606110353440      11909        860     0 2453897.664190  1.256972e+01  4.854680e-02  1.256972e+01  4.854680e-02 
   77083063   8.717503e+00   4.238656e-01   8.717503e+00   4.238656e-01 223200606110355000      11909        883     0 2453897.665081  1.264902e+01  5.279125e-02  1.264902e+01  5.279125e-02 
   77083144   8.816581e+00   4.204310e-01   8.816581e+00   4.204310e-01 223200606110356210      11915        854     0 2453897.666019  1.263675e+01  5.177503e-02  1.263675e+01  5.177503e-02 
   77083198   8.225672e+00   4.240534e-01   8.225672e+00   4.240534e-01 223200606110357160      11917        852     0 2453897.666644  1.271207e+01  5.597254e-02  1.271207e+01  5.597254e-02 
   77169252   9.399455e+00   5.185121e-01   9.399455e+00   5.185121e-01 223200606120351270      11909        880     0 2453898.662639  1.256724e+01  5.989383e-02  1.256724e+01  5.989383e-02 
   77169314   8.979700e+00   5.239844e-01   8.979700e+00   5.239844e-01 223200606120352290      11915        852     0 2453898.663356  1.261685e+01  6.335521e-02  1.261685e+01  6.335521e-02 
   77169372   9.447458e+00   5.150011e-01   9.447458e+00   5.150011e-01 223200606120353260      11917        849     0 2453898.664028  1.256171e+01  5.918601e-02  1.256171e+01  5.918601e-02 
   77169432   9.355730e+00   5.137058e-01   9.355730e+00   5.137058e-01 223200606120354260      11919        846     0 2453898.664722  1.257231e+01  5.961598e-02  1.257231e+01  5.961598e-02 
   77514678   1.935172e+01   2.385446e+00   1.935172e+01   2.385446e+00 223200606160348210      11918        819     0 2453902.660625  1.178320e+01  1.338369e-01  1.178320e+01  1.338369e-01 
   77514743   1.810936e+01   3.029298e+00   1.810936e+01   3.029298e+00 223200606160349260      11920        817     0 2453902.661377  1.185524e+01  1.816204e-01  1.185524e+01  1.816204e-01 
   77601363   8.044797e+00   2.287078e-01   8.044797e+00   2.287078e-01 223200606170353030      11933        803     0 2453903.663924  1.273621e+01  3.086681e-02  1.273621e+01  3.086681e-02 
   77601433   8.231463e+00   2.294488e-01   8.231463e+00   2.294488e-01 223200606170354120      11931        826     0 2453903.664734  1.271131e+01  3.026458e-02  1.271131e+01  3.026458e-02 
   77601503   8.427697e+00   2.293449e-01   8.427697e+00   2.293449e-01 223200606170355220      11933        824     0 2453903.665544  1.268573e+01  2.954650e-02  1.268573e+01  2.954650e-02 
   77601560   8.266396e+00   2.254566e-01   8.266396e+00   2.254566e-01 223200606170356190      11938        796     0 2453903.666204  1.270671e+01  2.961233e-02  1.270671e+01  2.961233e-02 
   77687706   8.196531e+00   1.962391e-01   8.196531e+00   1.962391e-01 223200606180352030      11953        797     0 2453904.663264  1.271593e+01  2.599449e-02  1.271593e+01  2.599449e-02 
   77687749   8.377852e+00   1.971678e-01   8.377852e+00   1.971678e-01 223200606180352470      11955        795     0 2453904.663762  1.269217e+01  2.555225e-02  1.269217e+01  2.555225e-02 
   77687817   8.247825e+00   1.998642e-01   8.247825e+00   1.998642e-01 223200606180353550      11956        794     0 2453904.664549  1.270915e+01  2.631004e-02  1.270915e+01  2.631004e-02 
   77687868   7.992214e+00   1.986772e-01   7.992214e+00   1.986772e-01 223200606180354460      11957        792     0 2453904.665139  1.274333e+01  2.699024e-02  1.274333e+01  2.699024e-02 
   77774343   7.769350e+00   1.739182e-01   7.769350e+00   1.739182e-01 223200606190355570      11998        777     0 2453905.666007  1.277404e+01  2.430447e-02  1.277404e+01  2.430447e-02 
   77774399   7.612813e+00   1.731573e-01   7.612813e+00   1.731573e-01 223200606190356530      11998        778     0 2453905.666655  1.279614e+01  2.469571e-02  1.279614e+01  2.469571e-02 
   77774461   7.539283e+00   1.731414e-01   7.539283e+00   1.731414e-01 223200606190357560      11998        777     0 2453905.667373  1.280667e+01  2.493427e-02  1.280667e+01  2.493427e-02 
   77774526   7.666114e+00   1.733883e-01   7.666114e+00   1.733883e-01 223200606190359000      11994        803     0 2453905.668125  1.278856e+01  2.455672e-02  1.278856e+01  2.455672e-02 
   77860757   7.322073e+00   1.553877e-01   7.322073e+00   1.553877e-01 223200606200356080      11982        772     0 2453906.666169  1.283842e+01  2.304137e-02  1.283842e+01  2.304137e-02 
   77860816   7.354957e+00   1.545005e-01   7.354957e+00   1.545005e-01 223200606200357080      11983        771     0 2453906.666852  1.283355e+01  2.280739e-02  1.283355e+01  2.280739e-02 
   77860880   7.236229e+00   1.537190e-01   7.236229e+00   1.537190e-01 223200606200358110      11983        772     0 2453906.667593  1.285122e+01  2.306435e-02  1.285122e+01  2.306435e-02 
   77860945   7.361646e+00   1.557742e-01   7.361646e+00   1.557742e-01 223200606200359170      11978        799     0 2453906.668345  1.283256e+01  2.297452e-02  1.283256e+01  2.297452e-02 
   77947068   6.968174e+00   1.626451e-01   6.968174e+00   1.626451e-01 223200606210354360      11977        771     0 2453907.665139  1.289220e+01  2.534241e-02  1.289220e+01  2.534241e-02 
   77947122   7.191742e+00   1.614550e-01   7.191742e+00   1.614550e-01 223200606210355300      11978        773     0 2453907.665764  1.285791e+01  2.437492e-02  1.285791e+01  2.437492e-02 
   77947200   7.249466e+00   1.609250e-01   7.249466e+00   1.609250e-01 223200606210356480      11975        798     0 2453907.666667  1.284923e+01  2.410145e-02  1.284923e+01  2.410145e-02 
   77947267   6.980847e+00   1.620458e-01   6.980847e+00   1.620458e-01 223200606210357550      11978        773     0 2453907.667442  1.289023e+01  2.520319e-02  1.289023e+01  2.520319e-02 
   78119978   7.347525e+00   1.496677e-01   7.347525e+00   1.496677e-01 223200606230356210      11969        752     0 2453909.666412  1.283465e+01  2.211632e-02  1.283465e+01  2.211632e-02 
   78120032   7.443896e+00   1.496667e-01   7.443896e+00   1.496667e-01 223200606230357150      11968        753     0 2453909.667037  1.282050e+01  2.182985e-02  1.282050e+01  2.182985e-02 
   78120180   7.455589e+00   1.503273e-01   7.455589e+00   1.503273e-01 223200606230359440      11967        763     0 2453909.668750  1.281880e+01  2.189181e-02  1.281880e+01  2.189181e-02 
   78120242   7.602563e+00   1.507285e-01   7.602563e+00   1.507285e-01 223200606230400460      11968        740     0 2453909.669468  1.279760e+01  2.152589e-02  1.279760e+01  2.152589e-02 
   78206437   7.470523e+00   1.521900e-01   7.470523e+00   1.521900e-01 223200606240357190      11988        738     0 2453910.667095  1.281662e+01  2.211877e-02  1.281662e+01  2.211877e-02 
   78206496   7.395931e+00   1.519222e-01   7.395931e+00   1.519222e-01 223200606240358180      11985        741     0 2453910.667778  1.282752e+01  2.230253e-02  1.282752e+01  2.230253e-02 
   78206571   7.266691e+00   1.521641e-01   7.266691e+00   1.521641e-01 223200606240359320      11977        772     0 2453910.668646  1.284666e+01  2.273533e-02  1.284666e+01  2.273533e-02 
   78206630   7.473310e+00   1.524493e-01   7.473310e+00   1.524493e-01 223200606240400310      11972        755     0 2453910.669329  1.281622e+01  2.214820e-02  1.281622e+01  2.214820e-02 
   78292877   7.091946e+00   1.428291e-01   7.091946e+00   1.428291e-01 223200606250357560      11990        721     0 2453911.667558  1.287309e+01  2.186639e-02  1.287309e+01  2.186639e-02 
   78292931   7.116053e+00   1.429862e-01   7.116053e+00   1.429862e-01 223200606250358490      11984        728     0 2453911.668183  1.286940e+01  2.181628e-02  1.286940e+01  2.181628e-02 
   78292982   7.310017e+00   1.446257e-01   7.310017e+00   1.446257e-01 223200606250359400      11973        742     0 2453911.668773  1.284020e+01  2.148093e-02  1.284020e+01  2.148093e-02 
   78293044   7.070171e+00   1.447704e-01   7.070171e+00   1.447704e-01 223200606250400430      11974        741     0 2453911.669491  1.287642e+01  2.223185e-02  1.287642e+01  2.223185e-02 
   78724945   7.081100e+00   1.465855e-01   7.081100e+00   1.465855e-01 223200606300358520      11998        726     0 2453916.668345  1.287475e+01  2.247586e-02  1.287475e+01  2.247586e-02 
   78725022   7.085404e+00   1.462781e-01   7.085404e+00   1.462781e-01 223200606300400090      12004        697     0 2453916.669236  1.287409e+01  2.241509e-02  1.287409e+01  2.241509e-02 
   78725069   7.373281e+00   1.464980e-01   7.373281e+00   1.464980e-01 223200606300400570      12004        695     0 2453916.669780  1.283085e+01  2.157232e-02  1.283085e+01  2.157232e-02 
   78725133   7.145761e+00   1.466946e-01   7.145761e+00   1.466946e-01 223200606300402000      12005        693     0 2453916.670521  1.286488e+01  2.228904e-02  1.286488e+01  2.228904e-02 
   78811381   7.359395e+00   1.502960e-01   7.359395e+00   1.502960e-01 223200607010359260      11997        690     0 2453917.668762  1.283289e+01  2.217335e-02  1.283289e+01  2.217335e-02 
   78811460   7.313376e+00   1.524041e-01   7.313376e+00   1.524041e-01 223200607010400450      11995        713     0 2453917.669676  1.283971e+01  2.262583e-02  1.283971e+01  2.262583e-02 
   78811525   7.475900e+00   1.502231e-01   7.475900e+00   1.502231e-01 223200607010401510      11999        685     0 2453917.670428  1.281584e+01  2.181720e-02  1.281584e+01  2.181720e-02 
   78811576   7.289986e+00   1.504337e-01   7.289986e+00   1.504337e-01 223200607010402420      12000        682     0 2453917.671019  1.284318e+01  2.240496e-02  1.284318e+01  2.240496e-02 
   78897792   1.218020e+01   3.776462e-01   1.218020e+01   3.776462e-01 223200607020359350      12008        680     0 2453918.668889  1.228586e+01  3.366328e-02  1.228586e+01  3.366328e-02 
   78897851   1.615318e+01   7.600694e-01   1.615318e+01   7.600694e-01 223200607020400340      12009        678     0 2453918.669572  1.197935e+01  5.108824e-02  1.197935e+01  5.108824e-02 
   78897905   8.643558e+00   4.338414e-01   8.643558e+00   4.338414e-01 223200607020401280      12009        676     0 2453918.670197  1.265827e+01  5.449596e-02  1.265827e+01  5.449596e-02 
   78897978   8.934948e+00   2.576553e-01   8.934948e+00   2.576553e-01 223200607020402420      12006        698     0 2453918.671042  1.262227e+01  3.130926e-02  1.262227e+01  3.130926e-02 
   78984194   7.392197e+00   1.460397e-01   7.392197e+00   1.460397e-01 223200607030359350      12015        666     0 2453919.668912  1.282807e+01  2.144980e-02  1.282807e+01  2.144980e-02 
   78984248   7.177123e+00   1.444856e-01   7.177123e+00   1.444856e-01 223200607030400290      12018        663     0 2453919.669537  1.286012e+01  2.185747e-02  1.286012e+01  2.185747e-02 
   78984306   6.732833e+00   1.432818e-01   6.732833e+00   1.432818e-01 223200607030401270      12018        661     0 2453919.670208  1.292951e+01  2.310570e-02  1.292951e+01  2.310570e-02 
   78984361   8.204491e+00   1.534660e-01   8.204491e+00   1.534660e-01 223200607030402220      12018        660     0 2453919.670845  1.271487e+01  2.030891e-02  1.271487e+01  2.030891e-02 
   79070518   7.265420e+00   1.448126e-01   7.265420e+00   1.448126e-01 223200607040358180      12012        645     0 2453920.668032  1.284685e+01  2.164071e-02  1.284685e+01  2.164071e-02 
   79070564   7.358712e+00   1.435499e-01   7.358712e+00   1.435499e-01 223200607040359040      12013        643     0 2453920.668565  1.283300e+01  2.118005e-02  1.283300e+01  2.118005e-02 
   79070630   7.242527e+00   1.418592e-01   7.242527e+00   1.418592e-01 223200607040400090      12014        641     0 2453920.669329  1.285028e+01  2.126637e-02  1.285028e+01  2.126637e-02 
   79070682   7.624545e+00   1.413449e-01   7.624545e+00   1.413449e-01 223200607040401020      12015        639     0 2453920.669931  1.279447e+01  2.012761e-02  1.279447e+01  2.012761e-02 
   79415947   6.952585e+00   1.457924e-01   6.952585e+00   1.457924e-01 223200607080355190      12010        630     0 2453924.666053  1.289463e+01  2.276745e-02  1.289463e+01  2.276745e-02 
   79416104   7.233961e+00   1.427266e-01   7.233961e+00   1.427266e-01 223200607080357570      12013        654     0 2453924.667870  1.285156e+01  2.142174e-02  1.285156e+01  2.142174e-02 
   79416171   7.365358e+00   1.429112e-01   7.365358e+00   1.429112e-01 223200607080359030      12018        625     0 2453924.668646  1.283202e+01  2.106678e-02  1.283202e+01  2.106678e-02 
   79416229   7.304257e+00   1.432483e-01   7.304257e+00   1.432483e-01 223200607080400010      12018        622     0 2453924.669317  1.284106e+01  2.129312e-02  1.284106e+01  2.129312e-02 
   79502435   7.587300e+00   1.969879e-01   7.587300e+00   1.969879e-01 223200607090356460      12022        623     0 2453925.667072  1.279978e+01  2.818890e-02  1.279978e+01  2.818890e-02 
   79502487   7.635811e+00   1.956942e-01   7.635811e+00   1.956942e-01 223200607090357380      12023        621     0 2453925.667674  1.279286e+01  2.782586e-02  1.279286e+01  2.782586e-02 
   79502556   8.022375e+00   1.934786e-01   8.022375e+00   1.934786e-01 223200607090358470      12023        618     0 2453925.668472  1.273924e+01  2.618519e-02  1.273924e+01  2.618519e-02 
   79502710   7.677678e+00   1.932715e-01   7.677678e+00   1.932715e-01 223200607090401200      12021        601     0 2453925.670255  1.278693e+01  2.733152e-02  1.278693e+01  2.733152e-02 
   80278189   8.207677e+00   2.220999e-01   8.207677e+00   2.220999e-01 223200607180325470      12054        581     0 2453934.645706  1.271445e+01  2.938015e-02  1.271445e+01  2.938015e-02 
   80278251   8.018312e+00   2.193993e-01   8.018312e+00   2.193993e-01 223200607180326500      12057        552     0 2453934.646424  1.273979e+01  2.970832e-02  1.273979e+01  2.970832e-02 
   80278326   8.751211e+00   2.442223e-01   8.751211e+00   2.442223e-01 223200607180328050      12053        576     0 2453934.647292  1.264483e+01  3.030002e-02  1.264483e+01  3.030002e-02 
   80278404   8.559628e+00   3.118693e-01   8.559628e+00   3.118693e-01 223200607180329220      12057        547     0 2453934.648194  1.266886e+01  3.955884e-02  1.266886e+01  3.955884e-02 
   80364281   7.721250e+00   1.661298e-01   7.721250e+00   1.661298e-01 223200607190320380      12049        562     0 2453935.642141  1.278078e+01  2.336070e-02  1.278078e+01  2.336070e-02 
   80364337   7.676129e+00   1.691536e-01   7.676129e+00   1.691536e-01 223200607190321350      12049        561     0 2453935.642789  1.278714e+01  2.392571e-02  1.278714e+01  2.392571e-02 
   80364397   7.621109e+00   1.650229e-01   7.621109e+00   1.650229e-01 223200607190322340      12049        560     0 2453935.643484  1.279495e+01  2.350996e-02  1.279495e+01  2.350996e-02 
   80364458   7.672318e+00   1.643411e-01   7.672318e+00   1.643411e-01 223200607190323360      12050        558     0 2453935.644190  1.278768e+01  2.325656e-02  1.278768e+01  2.325656e-02 
   80450497   7.446464e+00   1.545687e-01   7.446464e+00   1.545687e-01 223200607200317340      12054        554     0 2453936.640012  1.282012e+01  2.253706e-02  1.282012e+01  2.253706e-02 
   80450558   7.163484e+00   1.558132e-01   7.163484e+00   1.558132e-01 223200607200318350      12054        553     0 2453936.640718  1.286219e+01  2.361597e-02  1.286219e+01  2.361597e-02 
   80450622   7.458303e+00   1.535870e-01   7.458303e+00   1.535870e-01 223200607200319380      12054        551     0 2453936.641458  1.281840e+01  2.235838e-02  1.281840e+01  2.235838e-02 
   80450679   7.330967e+00   1.571790e-01   7.330967e+00   1.571790e-01 223200607200320360      12054        549     0 2453936.642118  1.283710e+01  2.327872e-02  1.283710e+01  2.327872e-02 
   80967430   7.254626e+00   1.417767e-01   7.254626e+00   1.417767e-01 223200607260253020      12012        590     0 2453942.623032  1.284846e+01  2.121855e-02  1.284846e+01  2.121855e-02 
   80967489   7.463063e+00   1.447461e-01   7.463063e+00   1.447461e-01 223200607260254000      12013        588     0 2453942.623715  1.281771e+01  2.105792e-02  1.281771e+01  2.105792e-02 
   80967549   6.905853e+00   1.440090e-01   6.905853e+00   1.440090e-01 223200607260255010      12015        586     0 2453942.624410  1.290196e+01  2.264114e-02  1.290196e+01  2.264114e-02 
   80967605   6.932561e+00   1.418893e-01   6.932561e+00   1.418893e-01 223200607260255560      12015        584     0 2453942.625058  1.289777e+01  2.222194e-02  1.289777e+01  2.222194e-02 
   81053650   7.280211e+00   1.577301e-01   7.280211e+00   1.577301e-01 223200607270250020      12009        586     0 2453943.620949  1.284464e+01  2.352320e-02  1.284464e+01  2.352320e-02 
   81053712   7.428295e+00   1.578974e-01   7.428295e+00   1.578974e-01 223200607270251040      12010        583     0 2453943.621667  1.282278e+01  2.307871e-02  1.282278e+01  2.307871e-02 
   81053768   7.408639e+00   1.591692e-01   7.408639e+00   1.591692e-01 223200607270251590      12010        582     0 2453943.622315  1.282565e+01  2.332634e-02  1.282565e+01  2.332634e-02 
   81053830   7.327046e+00   1.535156e-01   7.327046e+00   1.535156e-01 223200607270253010      12011        579     0 2453943.623032  1.283768e+01  2.274833e-02  1.283768e+01  2.274833e-02 
   81139827   1.572131e+01   9.733559e-01   1.572131e+01   9.733559e-01 223200607280246190      12027        578     0 2453944.618368  1.200878e+01  6.722157e-02  1.200878e+01  6.722157e-02 
   81139886   1.585899e+01   1.602639e+00   1.585899e+01   1.602639e+00 223200607280247170      12027        575     0 2453944.619051  1.199931e+01  1.097201e-01  1.199931e+01  1.097201e-01 
   81139940   1.572578e+01   1.026660e+00   1.572578e+01   1.026660e+00 223200607280248110      12028        574     0 2453944.619676  1.200847e+01  7.088268e-02  1.200847e+01  7.088268e-02 
   82346065   9.792689e+00   4.209307e-01   9.792689e+00   4.209307e-01 224200608110150170      19666       1688     0 2453958.579456  1.252275e+01  4.666964e-02  1.252275e+01  4.666964e-02 
   82346065   9.796709e+00   4.414773e-01   9.796709e+00   4.414773e-01 223200608110150170      12025        621     0 2453958.579456  1.252230e+01  4.892761e-02  1.252230e+01  4.892761e-02 
   82346121   9.544061e+00   4.232986e-01   9.544061e+00   4.232986e-01 224200608110151120      19662       1689     0 2453958.580104  1.255067e+01  4.815478e-02  1.255067e+01  4.815478e-02 
   82346121   8.638817e+00   4.380613e-01   8.638817e+00   4.380613e-01 223200608110151120      12028        619     0 2453958.580104  1.265886e+01  5.505623e-02  1.265886e+01  5.505623e-02 
   82346176   8.845302e+00   4.231743e-01   8.845302e+00   4.231743e-01 224200608110152070      19660       1691     0 2453958.580741  1.263322e+01  5.194365e-02  1.263322e+01  5.194365e-02 
   82346176   9.000647e+00   4.423846e-01   9.000647e+00   4.423846e-01 223200608110152070      12028        615     0 2453958.580741  1.261432e+01  5.336446e-02  1.261432e+01  5.336446e-02 
   82346235   9.638997e+00   4.205965e-01   9.638997e+00   4.205965e-01 224200608110153070      19659       1693     0 2453958.581424  1.253992e+01  4.737614e-02  1.253992e+01  4.737614e-02 
   82346235   8.816814e+00   4.417781e-01   8.816814e+00   4.417781e-01 223200608110153070      12028        614     0 2453958.581424  1.263672e+01  5.440243e-02  1.263672e+01  5.440243e-02 
   82518420   8.700735e+00   2.903998e-01   8.700735e+00   2.903998e-01 223200608130142530      12027        589     0 2453960.574306  1.265111e+01  3.623817e-02  1.265111e+01  3.623817e-02 
   82518479   9.140951e+00   2.912742e-01   9.140951e+00   2.912742e-01 223200608130143520      12028        586     0 2453960.574988  1.259752e+01  3.459684e-02  1.259752e+01  3.459684e-02 
   82518541   1.392904e+01   4.363437e-01   1.392904e+01   4.363437e-01 224200608130144550      19620       1776     0 2453960.575706  1.214020e+01  3.401209e-02  1.214020e+01  3.401209e-02 
   82518541   8.511302e+00   2.936008e-01   8.511302e+00   2.936008e-01 223200608130144550      12027        581     0 2453960.575706  1.267501e+01  3.745303e-02  1.267501e+01  3.745303e-02 
   82518619   1.421854e+01   4.390442e-01   1.421854e+01   4.390442e-01 224200608130146120      19622       1752     0 2453960.576609  1.211786e+01  3.352579e-02  1.211786e+01  3.352579e-02 
   82518619   8.750788e+00   2.914845e-01   8.750788e+00   2.914845e-01 223200608130146120      12024        604     0 2453960.576609  1.264488e+01  3.616548e-02  1.264488e+01  3.616548e-02 
   82604602   9.298034e+00   2.376205e-01   9.298034e+00   2.376205e-01 224200608140139160      19599       1785     0 2453961.571782  1.257902e+01  2.774717e-02  1.257902e+01  2.774717e-02 
   82604602   8.381952e+00   2.408315e-01   8.381952e+00   2.408315e-01 223200608140139160      12027        610     0 2453961.571782  1.269164e+01  3.119565e-02  1.269164e+01  3.119565e-02 
   82604658   9.334199e+00   2.389173e-01   9.334199e+00   2.389173e-01 224200608140140120      19596       1784     0 2453961.572431  1.257481e+01  2.779050e-02  1.257481e+01  2.779050e-02 
   82604658   8.217720e+00   2.393592e-01   8.217720e+00   2.393592e-01 223200608140140120      12034        607     0 2453961.572431  1.271312e+01  3.162457e-02  1.271312e+01  3.162457e-02 
   82604715   9.354114e+00   2.392195e-01   9.354114e+00   2.392195e-01 224200608140141080      19592       1781     0 2453961.573090  1.257249e+01  2.776641e-02  1.257249e+01  2.776641e-02 
   82604715   8.536446e+00   2.461514e-01   8.536446e+00   2.461514e-01 223200608140141080      12047        604     0 2453961.573090  1.267181e+01  3.130769e-02  1.267181e+01  3.130769e-02 
   82604769   8.442880e+00   2.490139e-01   8.442880e+00   2.490139e-01 223200608140142030      12047        602     0 2453961.573715  1.268377e+01  3.202276e-02  1.268377e+01  3.202276e-02 
   82863075   9.339012e+00   1.704097e-01   9.339012e+00   1.704097e-01 224200608170127120      19610       1757     0 2453964.563368  1.257425e+01  1.981158e-02  1.257425e+01  1.981158e-02 
   82863075   7.610544e+00   1.707274e-01   7.610544e+00   1.707274e-01 223200608170127120      12018        619     0 2453964.563368  1.279646e+01  2.435641e-02  1.279646e+01  2.435641e-02 
   82863143   9.809916e+00   1.714290e-01   9.809916e+00   1.714290e-01 224200608170128190      19601       1783     0 2453964.564155  1.252084e+01  1.897338e-02  1.252084e+01  1.897338e-02 
   82863143   7.511212e+00   1.774836e-01   7.511212e+00   1.774836e-01 223200608170128190      12025        585     0 2453964.564155  1.281073e+01  2.565512e-02  1.281073e+01  2.565512e-02 
   82863199   9.696742e+00   1.703571e-01   9.696742e+00   1.703571e-01 224200608170129150      19600       1784     0 2453964.564803  1.253344e+01  1.907481e-02  1.253344e+01  1.907481e-02 
   82863199   7.549435e+00   1.769195e-01   7.549435e+00   1.769195e-01 223200608170129150      12025        583     0 2453964.564803  1.280521e+01  2.544409e-02  1.280521e+01  2.544409e-02 
   82863259   9.450393e+00   1.705817e-01   9.450393e+00   1.705817e-01 224200608170130160      19599       1784     0 2453964.565498  1.256138e+01  1.959785e-02  1.256138e+01  1.959785e-02 
   82863259   7.242009e+00   1.777746e-01   7.242009e+00   1.777746e-01 223200608170130160      12026        581     0 2453964.565498  1.285035e+01  2.665242e-02  1.285035e+01  2.665242e-02 
   82949248   6.985422e+00   1.474506e-01   6.985422e+00   1.474506e-01 223200608180123250      12021        564     0 2453965.560741  1.288952e+01  2.291816e-02  1.288952e+01  2.291816e-02 
   82949310   7.050010e+00   1.449739e-01   7.050010e+00   1.449739e-01 223200608180124270      12023        563     0 2453965.561458  1.287953e+01  2.232678e-02  1.287953e+01  2.232678e-02 
   82949373   9.013313e+00   1.457207e-01   9.013313e+00   1.457207e-01 224200608180125310      19665       1736     0 2453965.562187  1.261279e+01  1.755346e-02  1.261279e+01  1.755346e-02 
   82949373   6.934809e+00   1.433747e-01   6.934809e+00   1.433747e-01 223200608180125310      12023        560     0 2453965.562187  1.289741e+01  2.244729e-02  1.289741e+01  2.244729e-02 
   82949464   9.359294e+00   1.465823e-01   9.359294e+00   1.465823e-01 224200608180127020      19668       1713     0 2453965.563241  1.257189e+01  1.700451e-02  1.257189e+01  1.700451e-02 
   82949464   7.283782e+00   1.454837e-01   7.283782e+00   1.454837e-01 223200608180127020      12020        580     0 2453965.563241  1.284411e+01  2.168620e-02  1.284411e+01  2.168620e-02 
   83724676   9.316224e+00   1.444293e-01   9.316224e+00   1.444293e-01 224200608270047250      19647       1766     0 2453974.535602  1.257690e+01  1.683222e-02  1.257690e+01  1.683222e-02 
   83724676   7.083871e+00   1.426390e-01   7.083871e+00   1.426390e-01 223200608270047250      12001        617     0 2453974.535602  1.287432e+01  2.186217e-02  1.287432e+01  2.186217e-02 
   83724740   9.075855e+00   1.434484e-01   9.075855e+00   1.434484e-01 224200608270048280      19641       1792     0 2453974.536343  1.260528e+01  1.716066e-02  1.260528e+01  1.716066e-02 
   83724740   6.850553e+00   1.417872e-01   6.850553e+00   1.417872e-01 223200608270048280      12004        582     0 2453974.536343  1.291069e+01  2.247177e-02  1.291069e+01  2.247177e-02 
   83724815   9.186445e+00   1.439354e-01   9.186445e+00   1.439354e-01 224200608270049440      19643       1769     0 2453974.537211  1.259213e+01  1.701163e-02  1.259213e+01  1.701163e-02 
   83724815   6.960997e+00   1.402258e-01   6.960997e+00   1.402258e-01 223200608270049440      12001        604     0 2453974.537211  1.289332e+01  2.187170e-02  1.289332e+01  2.187170e-02 
   83724877   6.962509e+00   1.403228e-01   6.962509e+00   1.403228e-01 223200608270050460      12004        574     0 2453974.537928  1.289309e+01  2.188207e-02  1.289309e+01  2.188207e-02 
   83810842   8.999155e+00   1.378426e-01   8.999155e+00   1.378426e-01 224200608280043330      19644       1771     0 2453975.532894  1.261450e+01  1.663059e-02  1.261450e+01  1.663059e-02 
   83810842   6.738529e+00   1.369257e-01   6.738529e+00   1.369257e-01 223200608280043330      12006        605     0 2453975.532894  1.292859e+01  2.206204e-02  1.292859e+01  2.206204e-02 
   83810894   8.762058e+00   1.377649e-01   8.762058e+00   1.377649e-01 224200608280044250      19641       1773     0 2453975.533495  1.264349e+01  1.707097e-02  1.264349e+01  1.707097e-02 
   83810894   6.899589e+00   1.380233e-01   6.899589e+00   1.380233e-01 223200608280044250      12007        603     0 2453975.533495  1.290294e+01  2.171977e-02  1.290294e+01  2.171977e-02 
   83810965   6.682606e+00   1.357602e-01   6.682606e+00   1.357602e-01 223200608280045350      12006        599     0 2453975.534317  1.293764e+01  2.205730e-02  1.293764e+01  2.205730e-02 
   83810966   8.942655e+00   1.367882e-01   8.942655e+00   1.367882e-01 224200608280045360      19641       1775     0 2453975.534329  1.262133e+01  1.660765e-02  1.262133e+01  1.660765e-02 
   83811022   8.921070e+00   1.377151e-01   8.921070e+00   1.377151e-01 224200608280046320      19641       1776     0 2453975.534977  1.262396e+01  1.676064e-02  1.262396e+01  1.676064e-02 
   83811022   6.932098e+00   1.390537e-01   6.932098e+00   1.390537e-01 223200608280046320      12007        596     0 2453975.534977  1.289784e+01  2.177930e-02  1.289784e+01  2.177930e-02 
   84328676   8.811472e+00   3.123268e-01   8.811472e+00   3.123268e-01 224200609030034170      19647       1835     0 2453981.526343  1.263738e+01  3.848457e-02  1.263738e+01  3.848457e-02 
   84328676   8.272117e+00   3.203136e-01   8.272117e+00   3.203136e-01 223200609030034170      11996        534     0 2453981.526343  1.270596e+01  4.204211e-02  1.270596e+01  4.204211e-02 
   84328748   8.743361e+00   3.255509e-01   8.743361e+00   3.255509e-01 223200609030035280      11992        556     0 2453981.527176  1.264580e+01  4.042652e-02  1.264580e+01  4.042652e-02 
   84328815   9.098941e+00   3.277269e-01   9.098941e+00   3.277269e-01 224200609030036350      19648       1835     0 2453981.527951  1.260252e+01  3.910634e-02  1.260252e+01  3.910634e-02 
   84328815   8.636963e+00   3.405537e-01   8.636963e+00   3.405537e-01 223200609030036350      11992        520     0 2453981.527951  1.265910e+01  4.281051e-02  1.265910e+01  4.281051e-02 
   84328872   9.424184e+00   3.331837e-01   9.424184e+00   3.331837e-01 224200609030037320      19646       1836     0 2453981.528611  1.256439e+01  3.838538e-02  1.256439e+01  3.838538e-02 
   84328872   8.286023e+00   3.445811e-01   8.286023e+00   3.445811e-01 223200609030037320      11994        519     0 2453981.528611  1.270413e+01  4.515140e-02  1.270413e+01  4.515140e-02 
   84500182   9.204519e+00   4.641015e-01   9.204519e+00   4.641015e-01 224200609050012480      19647       1782     0 2453983.511366  1.259000e+01  5.474415e-02  1.259000e+01  5.474415e-02 
   84500182   7.955589e+00   4.940060e-01   7.955589e+00   4.940060e-01 223200609050012480      12004        600     0 2453983.511366  1.274832e+01  6.741954e-02  1.274832e+01  6.741954e-02 
   84500242   9.697739e+00   4.637486e-01   9.697739e+00   4.637486e-01 224200609050013480      19643       1782     0 2453983.512060  1.253332e+01  5.192039e-02  1.253332e+01  5.192039e-02 
   84500242   8.581103e+00   4.936385e-01   8.581103e+00   4.936385e-01 223200609050013480      12005        597     0 2453983.512060  1.266614e+01  6.245852e-02  1.266614e+01  6.245852e-02 
   84500304   8.127578e+00   4.556057e-01   8.127578e+00   4.556057e-01 224200609050014500      19640       1785     0 2453983.512778  1.272510e+01  6.086307e-02  1.272510e+01  6.086307e-02 
   84500304   8.473457e+00   4.886262e-01   8.473457e+00   4.886262e-01 223200609050014500      12005        593     0 2453983.512778  1.267985e+01  6.260974e-02  1.267985e+01  6.260974e-02 
   84500382   8.623882e+00   4.590333e-01   8.623882e+00   4.590333e-01 224200609050016080      19643       1761     0 2453983.513681  1.266074e+01  5.779193e-02  1.266074e+01  5.779193e-02 
   84500382   8.814529e+00   4.941233e-01   8.814529e+00   4.941233e-01 223200609050016080      12001        616     0 2453983.513681  1.263700e+01  6.086423e-02  1.263700e+01  6.086423e-02 
   84844857   8.724304e+00   6.383986e-01   8.724304e+00   6.383986e-01 224200609082357310      19649       1752     0 2453987.500660  1.264817e+01  7.944874e-02  1.264817e+01  7.944874e-02 
   84844857   1.016038e+01   6.784858e-01   1.016038e+01   6.784858e-01 223200609082357310      12014        609     0 2453987.500660  1.248273e+01  7.250314e-02  1.248273e+01  7.250314e-02 
   84844913   1.000982e+01   6.766440e-01   1.000982e+01   6.766440e-01 223200609082358260      12015        605     0 2453987.501308  1.249893e+01  7.339387e-02  1.249893e+01  7.339387e-02 
   84844914   8.271254e+00   6.429360e-01   8.271254e+00   6.429360e-01 224200609082358270      19647       1754     0 2453987.501319  1.270607e+01  8.439607e-02  1.270607e+01  8.439607e-02 
   84844970   8.524471e+00   6.374740e-01   8.524471e+00   6.374740e-01 224200609082359230      19646       1755     0 2453987.501968  1.267333e+01  8.119342e-02  1.267333e+01  8.119342e-02 
   84844970   7.783450e+00   6.769172e-01   7.783450e+00   6.769172e-01 223200609082359230      12014        602     0 2453987.501968  1.277207e+01  9.442549e-02  1.277207e+01  9.442549e-02 
   84845032   9.756290e+00   6.802257e-01   9.756290e+00   6.802257e-01 223200609090000260      12014        599     0 2453987.502685  1.252679e+01  7.569969e-02  1.252679e+01  7.569969e-02 
   85017157   9.655149e+00   3.469543e-01   9.655149e+00   3.469543e-01 224200609102349160      19658       1800     0 2453989.494873  1.253810e+01  3.901567e-02  1.253810e+01  3.901567e-02 
   85017157   8.970276e+00   3.704637e-01   8.970276e+00   3.704637e-01 223200609102349160      11990        560     0 2453989.494873  1.261799e+01  4.484000e-02  1.261799e+01  4.484000e-02 
   85017224   1.031490e+01   4.540717e-01   1.031490e+01   4.540717e-01 224200609102350220      19655       1799     0 2453989.495648  1.246634e+01  4.779530e-02  1.246634e+01  4.779530e-02 
   85017224   9.321108e+00   4.850869e-01   9.321108e+00   4.850869e-01 223200609102350220      11991        557     0 2453989.495648  1.257633e+01  5.650382e-02  1.257633e+01  5.650382e-02 
   85017283   9.806413e+00   4.139674e-01   9.806413e+00   4.139674e-01 224200609102351210      19653       1800     0 2453989.496331  1.252122e+01  4.583337e-02  1.252122e+01  4.583337e-02 
   85017283   1.074655e+01   4.296482e-01   1.074655e+01   4.296482e-01 223200609102351210      11992        555     0 2453989.496331  1.242183e+01  4.340801e-02  1.242183e+01  4.340801e-02 
   85017341   9.726651e+00   4.032870e-01   9.726651e+00   4.032870e-01 224200609102352200      19654       1801     0 2453989.497002  1.253009e+01  4.501702e-02  1.253009e+01  4.501702e-02 
   85017341   9.800006e+00   4.398109e-01   9.800006e+00   4.398109e-01 223200609102352200      11989        548     0 2453989.497002  1.252193e+01  4.872653e-02  1.252193e+01  4.872653e-02 
   85361750   9.296123e+00   1.419725e-01   9.296123e+00   1.419725e-01 224200609142332380      19631       1781     0 2453993.483218  1.257925e+01  1.658167e-02  1.257925e+01  1.658167e-02 
   85361750   6.555294e+00   1.401322e-01   6.555294e+00   1.401322e-01 223200609142332380      11992        514     0 2453993.483218  1.295852e+01  2.320981e-02  1.295852e+01  2.320981e-02 
   85361803   9.445177e+00   1.426172e-01   9.445177e+00   1.426172e-01 224200609142333310      19627       1781     0 2453993.483831  1.256197e+01  1.639411e-02  1.256197e+01  1.639411e-02 
   85361807   6.909242e+00   1.385677e-01   6.909242e+00   1.385677e-01 223200609142333360      11993        511     0 2453993.483877  1.290142e+01  2.177496e-02  1.290142e+01  2.177496e-02 
   85361868   9.083519e+00   1.413662e-01   9.083519e+00   1.413662e-01 224200609142334370      19625       1783     0 2453993.484583  1.260436e+01  1.689730e-02  1.260436e+01  1.689730e-02 
   85361868   6.852797e+00   1.385664e-01   6.852797e+00   1.385664e-01 223200609142334370      11994        508     0 2453993.484583  1.291033e+01  2.195411e-02  1.291033e+01  2.195411e-02 
   85361943   8.978611e+00   1.414738e-01   8.978611e+00   1.414738e-01 224200609142335520      19627       1758     0 2453993.485451  1.261698e+01  1.710774e-02  1.261698e+01  1.710774e-02 
   85361943   6.770445e+00   1.410945e-01   6.770445e+00   1.410945e-01 223200609142335520      11990        531     0 2453993.485451  1.292346e+01  2.262657e-02  1.292346e+01  2.262657e-02 
   85620648   9.672624e+00   1.632792e-01   9.672624e+00   1.632792e-01 224200609172327440      19659       1742     0 2453996.479722  1.253614e+01  1.832789e-02  1.253614e+01  1.832789e-02 
   85620648   7.388261e+00   1.609724e-01   7.388261e+00   1.609724e-01 223200609172327440      11963        521     0 2453996.479722  1.282864e+01  2.365565e-02  1.282864e+01  2.365565e-02 
   85620707   1.006724e+01   1.648313e-01   1.006724e+01   1.648313e-01 224200609172328430      19657       1744     0 2453996.480405  1.249272e+01  1.777685e-02  1.249272e+01  1.777685e-02 
   85620707   7.393320e+00   1.606742e-01   7.393320e+00   1.606742e-01 223200609172328430      11963        518     0 2453996.480405  1.282790e+01  2.359568e-02  1.282790e+01  2.359568e-02 
   85620770   9.999216e+00   1.660438e-01   9.999216e+00   1.660438e-01 224200609172329460      19656       1745     0 2453996.481134  1.250008e+01  1.802946e-02  1.250008e+01  1.802946e-02 
   85620770   7.222938e+00   1.612234e-01   7.222938e+00   1.612234e-01 223200609172329460      11963        515     0 2453996.481134  1.285322e+01  2.423484e-02  1.285322e+01  2.423484e-02 
   85620824   1.041928e+01   1.664444e-01   1.041928e+01   1.664444e-01 224200609172330410      19655       1747     0 2453996.481759  1.245541e+01  1.734431e-02  1.245541e+01  1.734431e-02 
   85620824   7.218970e+00   1.597003e-01   7.218970e+00   1.597003e-01 223200609172330410      11963        512     0 2453996.481759  1.285381e+01  2.401908e-02  1.285381e+01  2.401908e-02 
   85706444   1.005741e+01   1.646481e-01   1.005741e+01   1.646481e-01 224200609182317440      19659       1698     0 2453997.472731  1.249378e+01  1.777446e-02  1.249378e+01  1.777446e-02 
   85706444   7.225097e+00   1.551801e-01   7.225097e+00   1.551801e-01 223200609182317440      11966        496     0 2453997.472731  1.285289e+01  2.331944e-02  1.285289e+01  2.331944e-02 
   85706507   9.989824e+00   1.649062e-01   9.989824e+00   1.649062e-01 224200609182318460      19652       1723     0 2453997.473461  1.250111e+01  1.792276e-02  1.250111e+01  1.792276e-02 
   85706507   7.443110e+00   1.591044e-01   7.443110e+00   1.591044e-01 223200609182318460      11970        471     0 2453997.473461  1.282061e+01  2.320885e-02  1.282061e+01  2.320885e-02 
   85706562   9.993649e+00   1.624998e-01   9.993649e+00   1.624998e-01 224200609182319420      19649       1726     0 2453997.474097  1.250069e+01  1.765446e-02  1.250069e+01  1.765446e-02 
   85706562   7.374744e+00   1.567902e-01   7.374744e+00   1.567902e-01 223200609182319410      11971        469     0 2453997.474097  1.283063e+01  2.308329e-02  1.283063e+01  2.308329e-02 
   85706639   1.004850e+01   1.652127e-01   1.004850e+01   1.652127e-01 224200609182320580      19653       1702     0 2453997.474988  1.249475e+01  1.785123e-02  1.249475e+01  1.785123e-02 
   85706639   7.409555e+00   1.558835e-01   7.409555e+00   1.558835e-01 223200609182320580      11967        493     0 2453997.474988  1.282552e+01  2.284199e-02  1.282552e+01  2.284199e-02 
   85878758   9.470050e+00   1.529878e-01   9.470050e+00   1.529878e-01 224200609202309430      19634       1743     0 2453999.467106  1.255912e+01  1.754003e-02  1.255912e+01  1.754003e-02 
   85878758   7.224786e+00   1.506839e-01   7.224786e+00   1.506839e-01 223200609202309430      11968        548     0 2453999.467106  1.285294e+01  2.264476e-02  1.285294e+01  2.264476e-02 
   85878815   9.498693e+00   1.535438e-01   9.498693e+00   1.535438e-01 224200609202310410      19628       1745     0 2453999.467766  1.255584e+01  1.755070e-02  1.255584e+01  1.755070e-02 
   85878815   7.259388e+00   1.545140e-01   7.259388e+00   1.545140e-01 223200609202310400      11970        545     0 2453999.467766  1.284775e+01  2.310967e-02  1.284775e+01  2.310967e-02 
   85878876   9.693890e+00   1.551991e-01   9.693890e+00   1.551991e-01 224200609202311410      19625       1748     0 2453999.468472  1.253375e+01  1.738269e-02  1.253375e+01  1.738269e-02 
   85878876   7.403480e+00   1.539584e-01   7.403480e+00   1.539584e-01 223200609202311410      11971        542     0 2453999.468472  1.282641e+01  2.257841e-02  1.282641e+01  2.257841e-02 
   85878936   7.075964e+00   1.536402e-01   7.075964e+00   1.536402e-01 223200609202312420      11972        539     0 2453999.469167  1.287554e+01  2.357464e-02  1.287554e+01  2.357464e-02 
   85964881   9.630737e+00   1.487364e-01   9.630737e+00   1.487364e-01 224200609212305090      19628       1765     0 2454000.463900  1.254085e+01  1.676809e-02  1.254085e+01  1.676809e-02 
   85964881   7.299400e+00   1.392899e-01   7.299400e+00   1.392899e-01 223200609212305090      11983        543     0 2454000.463900  1.284178e+01  2.071850e-02  1.284178e+01  2.071850e-02 
   85965034   9.524973e+00   1.476787e-01   9.524973e+00   1.476787e-01 224200609212307420      19623       1767     0 2454000.465671  1.255284e+01  1.683372e-02  1.255284e+01  1.683372e-02 
   85965034   6.743172e+00   1.429400e-01   6.743172e+00   1.429400e-01 223200609212307420      11985        535     0 2454000.465671  1.292784e+01  2.301523e-02  1.292784e+01  2.301523e-02 
   85965097   9.388515e+00   1.479241e-01   9.388515e+00   1.479241e-01 224200609212308460      19621       1768     0 2454000.466400  1.256851e+01  1.710676e-02  1.256851e+01  1.710676e-02 
   85965097   7.014115e+00   1.427670e-01   7.014115e+00   1.427670e-01 223200609212308460      11986        533     0 2454000.466400  1.288507e+01  2.209942e-02  1.288507e+01  2.209942e-02 
   85965153   9.178865e+00   1.470922e-01   9.178865e+00   1.470922e-01 224200609212309410      19620       1770     0 2454000.467049  1.259303e+01  1.739908e-02  1.259303e+01  1.739908e-02 
   85965153   6.827577e+00   1.415659e-01   6.827577e+00   1.415659e-01 223200609212309410      11986        531     0 2454000.467049  1.291433e+01  2.251220e-02  1.291433e+01  2.251220e-02 
   86404995   9.408510e+00   1.469422e-01   9.408510e+00   1.469422e-01 224200609270120390      19729       1975     0 2454005.557812  1.256620e+01  1.695710e-02  1.256620e+01  1.695710e-02 
   86404995   6.730418e+00   1.439690e-01   6.730418e+00   1.439690e-01 223200609270120390      11849        193     0 2454005.557812  1.292989e+01  2.322484e-02  1.292989e+01  2.322484e-02 
   86405054   9.284378e+00   1.455054e-01   9.284378e+00   1.455054e-01 224200609270121390      19725       2000     0 2454005.558495  1.258062e+01  1.701579e-02  1.258062e+01  1.701579e-02 
   86405056   6.907073e+00   1.463266e-01   6.907073e+00   1.463266e-01 223200609270121400      11852        165     0 2454005.558519  1.290176e+01  2.300144e-02  1.290176e+01  2.300144e-02 
   86405124   9.221596e+00   1.457708e-01   9.221596e+00   1.457708e-01 224200609270122490      19726       1999     0 2454005.559306  1.258799e+01  1.716289e-02  1.258799e+01  1.716289e-02 
   86405124   6.837375e+00   1.457394e-01   6.837375e+00   1.457394e-01 223200609270122490      11851        162     0 2454005.559306  1.291278e+01  2.314266e-02  1.291278e+01  2.314266e-02 
   86405183   8.944469e+00   1.462631e-01   8.944469e+00   1.462631e-01 224200609270123480      19726       1999     0 2454005.559988  1.262111e+01  1.775440e-02  1.262111e+01  1.775440e-02 
   86405185   7.045173e+00   1.463351e-01   7.045173e+00   1.463351e-01 223200609270123490      11850        161     0 2454005.560012  1.288027e+01  2.255188e-02  1.288027e+01  2.255188e-02 
   87688167   6.575342e+00   1.226958e-01   6.575342e+00   1.226958e-01 223200610112147440      11644        342     0 2454020.409340  1.295520e+01  2.025990e-02  1.295520e+01  2.025990e-02 
   87688241   6.661489e+00   1.230587e-01   6.661489e+00   1.230587e-01 223200610112148580      11647        312     0 2454020.410197  1.294107e+01  2.005704e-02  1.294107e+01  2.005704e-02 
   87688295   6.352802e+00   1.228038e-01   6.352802e+00   1.228038e-01 223200610112149520      11647        310     0 2454020.410822  1.299259e+01  2.098807e-02  1.299259e+01  2.098807e-02 
   87860513   6.860159e+00   1.343305e-01   6.860159e+00   1.343305e-01 223200610132140170      11607        364     0 2454022.404086  1.290916e+01  2.126015e-02  1.290916e+01  2.126015e-02 
   87860580   6.843804e+00   1.341483e-01   6.843804e+00   1.341483e-01 223200610132141240      11607        359     0 2454022.404861  1.291176e+01  2.128205e-02  1.291176e+01  2.128205e-02 
   87860636   6.587919e+00   1.346513e-01   6.587919e+00   1.346513e-01 223200610132142200      11607        357     0 2454022.405509  1.295313e+01  2.219158e-02  1.295313e+01  2.219158e-02 
   87860696   6.296349e+00   1.326495e-01   6.296349e+00   1.326495e-01 223200610132143190      11606        354     0 2454022.406204  1.300228e+01  2.287403e-02  1.300228e+01  2.287403e-02 
   88033125   6.511031e+00   1.273683e-01   6.511031e+00   1.273683e-01 223200610152137170      11603        395     0 2454024.401910  1.296588e+01  2.123917e-02  1.296588e+01  2.123917e-02 
   88033186   6.360473e+00   1.277543e-01   6.360473e+00   1.277543e-01 223200610152138180      11603        390     0 2454024.402616  1.299128e+01  2.180780e-02  1.299128e+01  2.180780e-02 
   88033241   6.381222e+00   1.259527e-01   6.381222e+00   1.259527e-01 223200610152139130      11601        385     0 2454024.403252  1.298774e+01  2.143036e-02  1.298774e+01  2.143036e-02 
   88033300   6.425780e+00   1.253502e-01   6.425780e+00   1.253502e-01 223200610152140120      11601        382     0 2454024.403935  1.298019e+01  2.117996e-02  1.298019e+01  2.117996e-02 
   88377448   7.226720e+00   1.336373e-01   7.226720e+00   1.336373e-01 223200610192116140      11588        410     0 2454028.387130  1.285265e+01  2.007763e-02  1.285265e+01  2.007763e-02 
   88377500   6.841167e+00   1.338319e-01   6.841167e+00   1.338319e-01 223200610192117070      11587        406     0 2454028.387731  1.291217e+01  2.124004e-02  1.291217e+01  2.124004e-02 
   88377585   7.036976e+00   1.355954e-01   7.036976e+00   1.355954e-01 223200610192118310      11583        429     0 2454028.388715  1.288153e+01  2.092111e-02  1.288153e+01  2.092111e-02 
   88377647   6.901052e+00   1.349334e-01   6.901052e+00   1.349334e-01 223200610192119340      11583        426     0 2454028.389433  1.290271e+01  2.122901e-02  1.290271e+01  2.122901e-02 
   88463613   6.765766e+00   1.301620e-01   6.765766e+00   1.301620e-01 223200610202112230      11610        364     0 2454029.384410  1.292421e+01  2.088781e-02  1.292421e+01  2.088781e-02 
   88463685   6.317410e+00   1.259237e-01   6.317410e+00   1.259237e-01 223200610202113350      11607        359     0 2454029.385243  1.299865e+01  2.164184e-02  1.299865e+01  2.164184e-02 
   88463748   6.114045e+00   1.284003e-01   6.114045e+00   1.284003e-01 223200610202114380      11607        357     0 2454029.385972  1.303418e+01  2.280148e-02  1.303418e+01  2.280148e-02 
   88463807   6.242347e+00   1.276252e-01   6.242347e+00   1.276252e-01 223200610202115380      11607        355     0 2454029.386655  1.301163e+01  2.219804e-02  1.301163e+01  2.219804e-02 
   88551561   6.488395e+00   1.374492e-01   6.488395e+00   1.374492e-01 223200610212138150      11606        305     0 2454030.402326  1.296966e+01  2.300015e-02  1.296966e+01  2.300015e-02 
   88551693   6.902878e+00   1.378236e-01   6.902878e+00   1.378236e-01 223200610212140270      11603        295     0 2454030.403854  1.290242e+01  2.167800e-02  1.290242e+01  2.167800e-02 
   88551765   6.758262e+00   1.372098e-01   6.758262e+00   1.372098e-01 223200610212141400      11598        317     0 2454030.404688  1.292541e+01  2.204326e-02  1.292541e+01  2.204326e-02 
   88637623   7.446135e+00   1.260911e+00   7.446135e+00   1.260911e+00 223200610222132420      11604        350     0 2454031.398414  1.282017e+01  1.838567e-01  1.282017e+01  1.838567e-01 
   88637771   4.699925e+00   1.567071e+00   4.699925e+00   1.567071e+00 223200610222135100      11600        340     0 2454031.400127  1.331977e+01  3.620124e-01  1.331977e+01  3.620124e-01 
   88637833   5.772969e+00   2.443513e+00   5.772969e+00   2.443513e+00 223200610222136110      11599        338     0 2454031.400845  1.309650e+01  4.595591e-01  1.309650e+01  4.595591e-01 
   88722113   7.105793e+00   1.349976e-01   7.105793e+00   1.349976e-01 223200610232100550      11594        395     0 2454032.376308  1.287097e+01  2.062716e-02  1.287097e+01  2.062716e-02 
   88722167   6.748324e+00   1.356055e-01   6.748324e+00   1.356055e-01 223200610232101500      11595        392     0 2454032.376933  1.292701e+01  2.181762e-02  1.292701e+01  2.181762e-02 
   88722229   6.637906e+00   1.342202e-01   6.637906e+00   1.342202e-01 223200610232102520      11595        390     0 2454032.377650  1.294492e+01  2.195394e-02  1.294492e+01  2.195394e-02 
   88722296   6.547465e+00   1.320381e-01   6.547465e+00   1.320381e-01 223200610232103590      11595        387     0 2454032.378426  1.295982e+01  2.189535e-02  1.295982e+01  2.189535e-02 
   88980558   7.240006e+00   1.495401e-01   7.240006e+00   1.495401e-01 223200610262048320      11596        458     0 2454035.367569  1.285065e+01  2.242562e-02  1.285065e+01  2.242562e-02 
   88980612   7.246472e+00   1.499759e-01   7.246472e+00   1.499759e-01 223200610262049260      11596        454     0 2454035.368194  1.284968e+01  2.247092e-02  1.284968e+01  2.247092e-02 
   88980672   7.161008e+00   1.508812e-01   7.161008e+00   1.508812e-01 223200610262050270      11596        452     0 2454035.368889  1.286257e+01  2.287636e-02  1.286257e+01  2.287636e-02 
   88980736   7.320421e+00   1.459590e-01   7.320421e+00   1.459590e-01 223200610262051300      11592        443     0 2454035.369630  1.283866e+01  2.164814e-02  1.283866e+01  2.164814e-02 
   89066674   6.966693e+00   1.531338e-01   6.966693e+00   1.531338e-01 223200610272043520      11616        429     0 2454036.364282  1.289243e+01  2.386549e-02  1.289243e+01  2.386549e-02 
   89066737   7.566473e+00   1.582180e-01   7.566473e+00   1.582180e-01 223200610272044550      11616        426     0 2454036.365012  1.280277e+01  2.270327e-02  1.280277e+01  2.270327e-02 
   89066793   7.326298e+00   1.607809e-01   7.326298e+00   1.607809e-01 223200610272045520      11615        422     0 2454036.365660  1.283779e+01  2.382734e-02  1.283779e+01  2.382734e-02 
   89066858   7.343703e+00   1.604960e-01   7.343703e+00   1.604960e-01 223200610272046560      11615        420     0 2454036.366412  1.283521e+01  2.372875e-02  1.283521e+01  2.372875e-02 
   89152872   9.061943e+00   2.500997e-01   9.061943e+00   2.500997e-01 223200610282040350      11600        439     0 2454037.361944  1.260695e+01  2.996523e-02  1.260695e+01  2.996523e-02 
   89152945   7.859044e+00   2.321572e-01   7.859044e+00   2.321572e-01 223200610282041480      11602        406     0 2454037.362789  1.276158e+01  3.207291e-02  1.276158e+01  3.207291e-02 
   89153006   7.771953e+00   2.001468e-01   7.771953e+00   2.001468e-01 223200610282042490      11602        403     0 2454037.363495  1.277367e+01  2.796046e-02  1.277367e+01  2.796046e-02 
   89238993   8.044271e+00   2.041797e-01   8.044271e+00   2.041797e-01 223200610292035590      11593        395     0 2454038.358715  1.273628e+01  2.755825e-02  1.273628e+01  2.755825e-02 
   89239048   7.900133e+00   2.049587e-01   7.900133e+00   2.049587e-01 223200610292036550      11594        392     0 2454038.359352  1.275591e+01  2.816812e-02  1.275591e+01  2.816812e-02 
   89239095   7.786534e+00   2.076445e-01   7.786534e+00   2.076445e-01 223200610292037410      11593        384     0 2454038.359896  1.277164e+01  2.895357e-02  1.277164e+01  2.895357e-02 
   89239173   7.875563e+00   2.065363e-01   7.875563e+00   2.065363e-01 223200610292038590      11592        382     0 2454038.360799  1.275930e+01  2.847348e-02  1.275930e+01  2.847348e-02 
   89411368   1.052428e+01   3.087084e-01   1.052428e+01   3.087084e-01 223200610312029020      11587        396     0 2454040.353796  1.244452e+01  3.184798e-02  1.244452e+01  3.184798e-02 
   89411441   9.737991e+00   3.270865e-01   9.737991e+00   3.270865e-01 223200610312030160      11584        417     0 2454040.354641  1.252883e+01  3.646860e-02  1.252883e+01  3.646860e-02 
   89411511   1.010144e+01   3.135243e-01   1.010144e+01   3.135243e-01 223200610312031250      11586        385     0 2454040.355451  1.248904e+01  3.369876e-02  1.248904e+01  3.369876e-02 
   89411568   9.797068e+00   3.111932e-01   9.797068e+00   3.111932e-01 223200610312032230      11586        381     0 2454040.356111  1.252226e+01  3.448734e-02  1.252226e+01  3.448734e-02 
   89842129   9.523121e+00   4.223839e-01   9.523121e+00   4.223839e-01 223200611052008420      11598        398     0 2454045.339456  1.255305e+01  4.815639e-02  1.255305e+01  4.815639e-02 
   89842187   8.783953e+00   4.267069e-01   8.783953e+00   4.267069e-01 223200611052009400      11598        394     0 2454045.340127  1.264077e+01  5.274308e-02  1.264077e+01  5.274308e-02 
   89842260   9.587737e+00   4.309652e-01   9.587737e+00   4.309652e-01 223200611052010530      11598        391     0 2454045.340972  1.254571e+01  4.880361e-02  1.254571e+01  4.880361e-02 
   89842319   8.687679e+00   4.298118e-01   8.687679e+00   4.298118e-01 223200611052011520      11598        388     0 2454045.341655  1.265274e+01  5.371560e-02  1.265274e+01  5.371560e-02 
   89928313   8.874531e+00   3.461699e-01   8.874531e+00   3.461699e-01 223200611062005110      11601        416     0 2454046.336956  1.262964e+01  4.235160e-02  1.262964e+01  4.235160e-02 
   89928382   9.478636e+00   3.403824e-01   9.478636e+00   3.403824e-01 223200611062006190      11602        412     0 2454046.337755  1.255814e+01  3.898945e-02  1.255814e+01  3.898945e-02 
   89928436   9.184519e+00   3.453466e-01   9.184519e+00   3.453466e-01 223200611062007140      11602        410     0 2454046.338380  1.259236e+01  4.082485e-02  1.259236e+01  4.082485e-02 
   89928500   9.243276e+00   3.398618e-01   9.243276e+00   3.398618e-01 223200611062008180      11602        408     0 2454046.339120  1.258543e+01  3.992108e-02  1.258543e+01  3.992108e-02 
   90014501   7.903637e+00   2.172723e-01   7.903637e+00   2.172723e-01 223200611072001430      11609        425     0 2454047.334502  1.275543e+01  2.984717e-02  1.275543e+01  2.984717e-02 
   90014555   7.727652e+00   2.517719e-01   7.727652e+00   2.517719e-01 223200611072002370      11609        421     0 2454047.335127  1.277988e+01  3.537411e-02  1.277988e+01  3.537411e-02 
   90014644   8.139037e+00   2.124769e-01   8.139037e+00   2.124769e-01 223200611072004050      11605        444     0 2454047.336157  1.272357e+01  2.834422e-02  1.272357e+01  2.834422e-02 
   90014706   7.801620e+00   2.227780e-01   7.801620e+00   2.227780e-01 223200611072005080      11604        440     0 2454047.336875  1.276954e+01  3.100369e-02  1.276954e+01  3.100369e-02 
   90272990   6.925356e+00   1.544346e-01   6.925356e+00   1.544346e-01 223200611101950030      11605        407     0 2454050.326273  1.289889e+01  2.421187e-02  1.289889e+01  2.421187e-02 
   90273044   6.829265e+00   1.487229e-01   6.829265e+00   1.487229e-01 223200611101950570      11605        404     0 2454050.326898  1.291407e+01  2.364448e-02  1.291407e+01  2.364448e-02 
   90273092   6.941220e+00   1.513137e-01   6.941220e+00   1.513137e-01 223200611101951450      11604        400     0 2454050.327454  1.289641e+01  2.366837e-02  1.289641e+01  2.366837e-02 
   90273157   7.458490e+00   1.490358e-01   7.458490e+00   1.490358e-01 223200611101952500      11604        398     0 2454050.328206  1.281837e+01  2.169530e-02  1.281837e+01  2.169530e-02 
   90617605   7.117822e+00   1.421991e-01   7.117822e+00   1.421991e-01 223200611141933540      11595        433     0 2454054.314873  1.286913e+01  2.169080e-02  1.286913e+01  2.169080e-02 
   90617667   7.047632e+00   1.392788e-01   7.047632e+00   1.392788e-01 223200611141934560      11596        429     0 2454054.315590  1.287989e+01  2.145693e-02  1.287989e+01  2.145693e-02 
   90617727   7.003049e+00   1.389844e-01   7.003049e+00   1.389844e-01 223200611141935570      11600        400     0 2454054.316285  1.288678e+01  2.154789e-02  1.288678e+01  2.154789e-02 
   90617778   6.942330e+00   1.375314e-01   6.942330e+00   1.375314e-01 223200611141936470      11599        398     0 2454054.316875  1.289624e+01  2.150911e-02  1.289624e+01  2.150911e-02 
   93120146   8.334546e+00   2.691544e-01   8.334546e+00   2.691544e-01 223200612131844400      12268        246     0 2454083.279468  1.269779e+01  3.506270e-02  1.269779e+01  3.506270e-02 
   93120205   7.779318e+00   2.512445e-01   7.779318e+00   2.512445e-01 223200612131845380      12269        245     0 2454083.280150  1.277265e+01  3.506557e-02  1.277265e+01  3.506557e-02 
   93120281   8.211766e+00   2.342092e-01   8.211766e+00   2.342092e-01 223200612131846550      12266        266     0 2454083.281030  1.271391e+01  3.096658e-02  1.271391e+01  3.096658e-02 
   93120345   7.554439e+00   2.147412e-01   7.554439e+00   2.147412e-01 223200612131847580      12268        238     0 2454083.281771  1.280449e+01  3.086307e-02  1.280449e+01  3.086307e-02 
   93292980   7.714664e+00   3.102977e-01   7.714664e+00   3.102977e-01 223200612151845190      12242        218     0 2454085.279861  1.278171e+01  4.367042e-02  1.278171e+01  4.367042e-02 
   93293034   7.765637e+00   2.956711e-01   7.765637e+00   2.956711e-01 223200612151846130      12241        216     0 2454085.280486  1.277456e+01  4.133878e-02  1.277456e+01  4.133878e-02 
   93293088   7.863933e+00   2.822662e-01   7.863933e+00   2.822662e-01 223200612151847070      12240        214     0 2454085.281111  1.276090e+01  3.897130e-02  1.276090e+01  3.897130e-02 
   93293142   7.378184e+00   2.613825e-01   7.378184e+00   2.613825e-01 223200612151848010      12240        212     0 2454085.281736  1.283013e+01  3.846386e-02  1.283013e+01  3.846386e-02 
   93725378   7.646651e+00   2.669813e-01   7.646651e+00   2.669813e-01 223200612201852110      11711        130     0 2454090.284468  1.279132e+01  3.790839e-02  1.279132e+01  3.790839e-02 
   93725437   7.814146e+00   2.483810e-01   7.814146e+00   2.483810e-01 223200612201853100      11710        127     0 2454090.285150  1.276780e+01  3.451142e-02  1.276780e+01  3.451142e-02 
   93725494   8.100857e+00   2.369382e-01   8.100857e+00   2.369382e-01 223200612201854080      11709        125     0 2454090.285810  1.272867e+01  3.175630e-02  1.272867e+01  3.175630e-02 
   93725556   8.061610e+00   2.257378e-01   8.061610e+00   2.257378e-01 223200612201855100      11709        122     0 2454090.286528  1.273395e+01  3.040243e-02  1.273395e+01  3.040243e-02 
   94935181   9.063352e+00   4.204927e-01   9.063352e+00   4.204927e-01 224200701031856070      18872       1632     0 2454104.286817  1.260678e+01  5.037273e-02  1.260678e+01  5.037273e-02 
   94935247   8.951794e+00   4.143873e-01   8.951794e+00   4.143873e-01 224200701031857140      18872       1632     0 2454104.287581  1.262022e+01  5.025996e-02  1.262022e+01  5.025996e-02 
   94935305   9.092362e+00   4.088077e-01   9.092362e+00   4.088077e-01 224200701031858120      18872       1631     0 2454104.288252  1.260331e+01  4.881667e-02  1.260331e+01  4.881667e-02 
   95021610   9.166935e+00   3.206854e-01   9.166935e+00   3.206854e-01 224200701041856390      18874       1616     0 2454105.287153  1.259444e+01  3.798227e-02  1.259444e+01  3.798227e-02 
   95021682   8.512486e+00   3.054057e-01   8.512486e+00   3.054057e-01 224200701041857500      18870       1641     0 2454105.287986  1.267486e+01  3.895351e-02  1.267486e+01  3.895351e-02 
   95021747   9.182737e+00   2.917735e-01   9.182737e+00   2.917735e-01 224200701041858560      18871       1641     0 2454105.288738  1.259257e+01  3.449844e-02  1.259257e+01  3.449844e-02 
   95021803   8.752716e+00   2.832103e-01   8.752716e+00   2.832103e-01 224200701041859510      18871       1641     0 2454105.289387  1.264464e+01  3.513112e-02  1.264464e+01  3.513112e-02 
   95107911   9.173474e+00   2.812367e-01   9.173474e+00   2.812367e-01 224200701051855020      18894       1654     0 2454106.286007  1.259367e+01  3.328618e-02  1.259367e+01  3.328618e-02 
   95107967   9.231241e+00   2.659308e-01   9.231241e+00   2.659308e-01 224200701051855570      18893       1653     0 2454106.286655  1.258685e+01  3.127767e-02  1.258685e+01  3.127767e-02 
   95108021   8.799747e+00   2.530310e-01   8.799747e+00   2.530310e-01 224200701051856510      18894       1653     0 2454106.287280  1.263882e+01  3.121975e-02  1.263882e+01  3.121975e-02 
   95108075   9.409973e+00   2.412920e-01   9.409973e+00   2.412920e-01 224200701051857460      18894       1654     0 2454106.287905  1.256603e+01  2.784071e-02  1.256603e+01  2.784071e-02 
   95280699   9.056618e+00   2.570783e-01   9.056618e+00   2.570783e-01 224200701071854530      18915       1640     0 2454108.285868  1.260758e+01  3.081947e-02  1.260758e+01  3.081947e-02 
   95280829   9.637218e+00   2.270292e-01   9.637218e+00   2.270292e-01 224200701071857030      18903       1583     0 2454108.287373  1.254012e+01  2.557737e-02  1.254012e+01  2.557737e-02 
   95280885   9.629046e+00   2.187778e-01   9.629046e+00   2.187778e-01 224200701071857590      18904       1584     0 2454108.288021  1.254104e+01  2.466868e-02  1.254104e+01  2.466868e-02 
   95280941   9.714476e+00   2.093192e-01   9.714476e+00   2.093192e-01 224200701071858540      18904       1584     0 2454108.288669  1.253145e+01  2.339459e-02  1.253145e+01  2.339459e-02 
   95367162   8.923645e+00   2.722705e-01   8.923645e+00   2.722705e-01 224200701081855580      18912       1662     0 2454109.286597  1.262364e+01  3.312716e-02  1.262364e+01  3.312716e-02 
   95367216   8.577129e+00   2.580854e-01   8.577129e+00   2.580854e-01 224200701081856520      18911       1661     0 2454109.287222  1.266665e+01  3.266987e-02  1.266665e+01  3.266987e-02 
   95367273   8.891359e+00   2.436105e-01   8.891359e+00   2.436105e-01 224200701081857490      18912       1660     0 2454109.287882  1.262758e+01  2.974772e-02  1.262758e+01  2.974772e-02 
   95367329   8.576807e+00   2.329720e-01   8.576807e+00   2.329720e-01 224200701081858450      18911       1659     0 2454109.288530  1.266669e+01  2.949198e-02  1.266669e+01  2.949198e-02 
   95453547   9.167125e+00   2.752239e-01   9.167125e+00   2.752239e-01 224200701091855450      18906       1682     0 2454110.286424  1.259442e+01  3.259709e-02  1.259442e+01  3.259709e-02 
   95453603   9.171527e+00   2.624975e-01   9.171527e+00   2.624975e-01 224200701091856400      18905       1681     0 2454110.287072  1.259390e+01  3.107488e-02  1.259390e+01  3.107488e-02 
   95453657   8.993736e+00   2.476889e-01   8.993736e+00   2.476889e-01 224200701091857350      18905       1680     0 2454110.287697  1.261515e+01  2.990145e-02  1.261515e+01  2.990145e-02 
   95453713   8.977241e+00   2.359945e-01   8.977241e+00   2.359945e-01 224200701091858300      18907       1680     0 2454110.288345  1.261714e+01  2.854203e-02  1.261714e+01  2.854203e-02 
   95539937   8.857544e+00   2.721332e-01   8.857544e+00   2.721332e-01 224200701101855350      18911       1688     0 2454111.286308  1.263172e+01  3.335755e-02  1.263172e+01  3.335755e-02 
   95539991   8.936213e+00   2.583021e-01   8.936213e+00   2.583021e-01 224200701101856300      18911       1687     0 2454111.286933  1.262212e+01  3.138342e-02  1.262212e+01  3.138342e-02 
   95540045   9.084960e+00   2.474018e-01   9.084960e+00   2.474018e-01 224200701101857240      18910       1687     0 2454111.287558  1.260419e+01  2.956690e-02  1.260419e+01  2.956690e-02 
   95540101   9.088507e+00   2.362413e-01   9.088507e+00   2.362413e-01 224200701101858190      18911       1686     0 2454111.288206  1.260377e+01  2.822209e-02  1.260377e+01  2.822209e-02 
   95626319   9.083923e+00   2.883601e-01   9.083923e+00   2.883601e-01 224200701111855200      18932       1677     0 2454112.286100  1.260432e+01  3.446573e-02  1.260432e+01  3.446573e-02 
   95626376   9.494633e+00   2.722063e-01   9.494633e+00   2.722063e-01 224200701111856160      18932       1677     0 2454112.286759  1.255630e+01  3.112761e-02  1.255630e+01  3.112761e-02 
   95626430   8.778222e+00   2.599165e-01   8.778222e+00   2.599165e-01 224200701111857110      18932       1676     0 2454112.287384  1.264148e+01  3.214793e-02  1.264148e+01  3.214793e-02 
   95626486   8.638112e+00   2.475424e-01   8.638112e+00   2.475424e-01 224200701111858070      18932       1676     0 2454112.288032  1.265895e+01  3.111406e-02  1.265895e+01  3.111406e-02 
   95712705   8.993223e+00   2.717930e-01   8.993223e+00   2.717930e-01 224200701121855060      18904       1678     0 2454113.285938  1.261521e+01  3.281322e-02  1.261521e+01  3.281322e-02 
   95712759   8.874927e+00   2.582827e-01   8.874927e+00   2.582827e-01 224200701121856000      18904       1677     0 2454113.286563  1.262959e+01  3.159777e-02  1.262959e+01  3.159777e-02 
   95712869   8.986835e+00   2.361355e-01   8.986835e+00   2.361355e-01 224200701121857500      18904       1676     0 2454113.287836  1.261598e+01  2.852859e-02  1.261598e+01  2.852859e-02 
   95799125   8.991331e+00   2.408473e-01   8.991331e+00   2.408473e-01 224200701131855270      18905       1693     0 2454114.286169  1.261544e+01  2.908329e-02  1.261544e+01  2.908329e-02 
   95799179   8.878740e+00   2.290691e-01   8.878740e+00   2.290691e-01 224200701131856210      18904       1693     0 2454114.286794  1.262912e+01  2.801180e-02  1.262912e+01  2.801180e-02 
   95799357   9.128106e+00   2.026733e-01   9.128106e+00   2.026733e-01 224200701131859190      18896       1699     0 2454114.288854  1.259905e+01  2.410692e-02  1.259905e+01  2.410692e-02 
   95885594   8.675505e+00   2.327086e-01   8.675505e+00   2.327086e-01 224200701141856390      18907       1698     0 2454115.286968  1.265426e+01  2.912350e-02  1.265426e+01  2.912350e-02 
   95885649   9.093250e+00   2.250043e-01   9.093250e+00   2.250043e-01 224200701141857330      18906       1697     0 2454115.287604  1.260320e+01  2.686566e-02  1.260320e+01  2.686566e-02 
   95885704   9.134773e+00   2.129034e-01   9.134773e+00   2.129034e-01 224200701141858280      18906       1696     0 2454115.288241  1.259826e+01  2.530525e-02  1.259826e+01  2.530525e-02 
   95885835   9.027732e+00   1.956946e-01   9.027732e+00   1.956946e-01 224200701141900400      18909       1693     0 2454115.289757  1.261105e+01  2.353564e-02  1.261105e+01  2.353564e-02 
  105941743   8.779260e+00   3.432066e-01   8.779260e+00   3.432066e-01 223200705110414520      11575        709     0 2454231.677581  1.264136e+01  4.244471e-02  1.264136e+01  4.244471e-02 
  105941799   9.214321e+00   3.617623e-01   9.214321e+00   3.617623e-01 223200705110415490      11578        708     0 2454231.678229  1.258884e+01  4.262710e-02  1.258884e+01  4.262710e-02 
  105941858   9.211847e+00   3.829343e-01   9.211847e+00   3.829343e-01 223200705110416470      11581        708     0 2454231.678912  1.258913e+01  4.513395e-02  1.258913e+01  4.513395e-02 
  105941913   9.593442e+00   4.049479e-01   9.593442e+00   4.049479e-01 223200705110417430      11583        707     0 2454231.679549  1.254506e+01  4.583007e-02  1.254506e+01  4.583007e-02 
  106027798   8.438178e+00   2.167926e-01   8.438178e+00   2.167926e-01 223200705120409040      11600        685     0 2454232.673588  1.268438e+01  2.789470e-02  1.268438e+01  2.789470e-02 
  106027924   8.127547e+00   2.343674e-01   8.127547e+00   2.343674e-01 223200705120411090      11587        698     0 2454232.675046  1.272510e+01  3.130858e-02  1.272510e+01  3.130858e-02 
  106027978   8.023085e+00   2.438389e-01   8.023085e+00   2.438389e-01 223200705120412040      11589        697     0 2454232.675671  1.273915e+01  3.299799e-02  1.273915e+01  3.299799e-02 
  106028032   8.731490e+00   2.532995e-01   8.731490e+00   2.532995e-01 223200705120412580      11592        696     0 2454232.676296  1.264728e+01  3.149718e-02  1.264728e+01  3.149718e-02 
  106114053   7.975381e+00   2.214938e-01   7.975381e+00   2.214938e-01 223200705130406340      11576        709     0 2454233.671910  1.274562e+01  3.015338e-02  1.274562e+01  3.015338e-02 
  106114107   8.249765e+00   2.279400e-01   8.249765e+00   2.279400e-01 223200705130407290      11579        708     0 2454233.672535  1.270890e+01  2.999886e-02  1.270890e+01  2.999886e-02 
  106114163   7.909099e+00   2.314045e-01   7.909099e+00   2.314045e-01 223200705130408240      11582        709     0 2454233.673183  1.275468e+01  3.176660e-02  1.275468e+01  3.176660e-02 
  106114217   8.518966e+00   2.359292e-01   8.518966e+00   2.359292e-01 223200705130409190      11584        708     0 2454233.673808  1.267403e+01  3.006911e-02  1.267403e+01  3.006911e-02 
  124569729   7.644050e+00   2.987347e-01   7.644050e+00   2.987347e-01 223200712121844190      11121       4814     0 2454447.279271  1.279169e+01  4.243147e-02  1.279169e+01  4.243147e-02 
  124570463   1.026361e+01   1.792334e-01   1.026361e+01   1.792334e-01 222200712121856320      14580      22161     0 2454447.287766  1.247175e+01  1.896028e-02  1.247175e+01  1.896028e-02 
  124571595   1.009463e+01   1.429650e-01   1.009463e+01   1.429650e-01 222200712121915250      14600      22116     0 2454447.300868  1.248977e+01  1.537677e-02  1.248977e+01  1.537677e-02 
  124571659   7.928605e+00   1.303900e-01   7.928605e+00   1.303900e-01 221200712121916280       8830       8444     0 2454447.301609  1.275201e+01  1.785555e-02  1.275201e+01  1.785555e-02 
  124571719   6.639380e+00   1.156868e-01   6.639380e+00   1.156868e-01 223200712121917280      11137       4777     0 2454447.302303  1.294468e+01  1.891830e-02  1.294468e+01  1.891830e-02 
  124572994   8.982011e+00   1.259658e-01   8.982011e+00   1.259658e-01 221200712121938430       8868       8512     0 2454447.317060  1.261657e+01  1.522666e-02  1.261657e+01  1.522666e-02 
  124573053   6.355818e+00   1.148107e-01   6.355818e+00   1.148107e-01 223200712121939430      11123       4705     0 2454447.317743  1.299207e+01  1.961268e-02  1.299207e+01  1.961268e-02 
