\OBJNAME = '1SWASP J000218.22-724905.6'
\OBSSTART = '2006-05-11T04:14:48'
\OBSSTOP = '2007-12-12T19:39:43'
\TSTART = 74405753
\TSTOP = 124573039
\JD_REF = 2453005.5
\RA_OBJ = '0.575939'
\DEC_OBJ = '-72.818225'
\WASP_MAG = 15.18446
\HJD_START = 2453866.677697
\HJD_STOP = 2454447.317581
\fixlen = T
\NUMRECORDS = 335
\
\ This file was produced by the NASA Exoplanet Archive  http://exoplanetarchive.ipac.caltech.edu 
\ Thu Sep 12, 11:56:38 2013
\ Documentation for the SuperWASP dataset can be found at http://exoplanetarchive.ipac.caltech.edu/docs/SuperWASPMission.html
\
|TMID      |FLUX2         |FLUX2_ERR     |TAMFLUX2      |TAMFLUX2_ERR  |IMAGEID           |CCDX      |CCDY      |FLAG |           HJD|         MAG2|     MAG2_ERR|      TAMMAG2|  TAMMAG2_ERR|
|int       |float         |float         |float         |float         |char              |int       |int       |int  |        double|        float|        float|        float|        float|
|sec       |micro Vega    |micro Vega    |micro Vega    |micro Vega    |                  |1/16 pixel|1/16 pixel|     |           day|          mag|          mag|          mag|          mag|
|null      |null          |null          |null          |null          |null              |null      |null      |null |          null|         null|         null|         null|         null|
   74405753   9.444233e-01   2.010536e-01   9.444233e-01   2.010536e-01 223200605110414480       7539       6316     0 2453866.677697  1.506208e+01  2.311378e-01  1.506208e+01  2.311378e-01 
   74405806   7.857373e-01   2.202437e-01   7.857373e-01   2.202437e-01 223200605110415410       7544       6313     0 2453866.678310  1.526181e+01  3.043350e-01  1.526181e+01  3.043350e-01 
   74405955   9.175305e-01   2.794483e-01   9.175305e-01   2.794483e-01 223200605110418100       7558       6286     0 2453866.680035  1.509345e+01  3.306791e-01  1.509345e+01  3.306791e-01 
   74491866   9.908927e-01   2.198536e-01   9.908927e-01   2.198536e-01 223200605120409570       7564       6247     0 2453867.674375  1.500993e+01  2.408978e-01  1.500993e+01  2.408978e-01 
   74492004   9.785848e-01   2.318929e-01   9.785848e-01   2.318929e-01 223200605120412150       7573       6243     0 2453867.675972  1.502350e+01  2.572852e-01  1.502350e+01  2.572852e-01 
   74492057   1.183791e+00   2.413821e-01   1.183791e+00   2.413821e-01 223200605120413070       7576       6242     0 2453867.676586  1.481681e+01  2.213890e-01  1.481681e+01  2.213890e-01 
   74750388   5.912587e-01   3.145736e-01   5.912587e-01   3.145736e-01 223200605150358270       7561       6250     0 2453870.666528  1.557056e+01  5.776578e-01  1.557056e+01  5.776578e-01 
   74750448   8.682650e-01   3.127806e-01   8.682650e-01   3.127806e-01 223200605150359270       7565       6245     0 2453870.667222  1.515337e+01  3.911231e-01  1.515337e+01  3.911231e-01 
   74750502   1.077731e+00   3.131171e-01   1.077731e+00   3.131171e-01 223200605150400210       7570       6245     0 2453870.667847  1.491872e+01  3.154438e-01  1.491872e+01  3.154438e-01 
   74750561   1.066026e+00   3.140174e-01   1.066026e+00   3.140174e-01 223200605150401200       7572       6244     0 2453870.668530  1.493058e+01  3.198247e-01  1.493058e+01  3.198247e-01 
   75613649   7.554678e-01   1.135509e-01   7.554678e-01   1.135509e-01 223200605250345300       7637       6260     0 2453880.657975  1.530446e+01  1.631926e-01  1.530446e+01  1.631926e-01 
   75613712   8.183345e-01   1.134718e-01   8.183345e-01   1.134718e-01 223200605250346340       7647       6232     0 2453880.658704  1.521767e+01  1.505507e-01  1.521767e+01  1.505507e-01 
   75613770   8.379602e-01   1.131515e-01   8.379602e-01   1.131515e-01 223200605250347310       7651       6231     0 2453880.659375  1.519194e+01  1.466097e-01  1.519194e+01  1.466097e-01 
   75613838   8.012195e-01   1.110100e-01   8.012195e-01   1.110100e-01 223200605250348400       7647       6253     0 2453880.660162  1.524062e+01  1.504306e-01  1.524062e+01  1.504306e-01 
   75700104   7.562866e-01   1.115462e-01   7.562866e-01   1.115462e-01 223200605260346210       7657       6250     0 2453881.658611  1.530328e+01  1.601380e-01  1.530328e+01  1.601380e-01 
   75700167   8.895578e-01   1.095033e-01   8.895578e-01   1.095033e-01 223200605260347250       7665       6220     0 2453881.659340  1.512706e+01  1.336530e-01  1.512706e+01  1.336530e-01 
   75700234   9.233627e-01   1.093551e-01   9.233627e-01   1.093551e-01 223200605260348310       7662       6243     0 2453881.660116  1.508657e+01  1.285857e-01  1.508657e+01  1.285857e-01 
   75700303   8.897443e-01   1.091629e-01   8.897443e-01   1.091629e-01 223200605260349400       7670       6214     0 2453881.660914  1.512684e+01  1.332096e-01  1.512684e+01  1.332096e-01 
   76132324   7.632205e-01   9.046551e-02   7.632205e-01   9.046551e-02 223200605310349440       7719       6222     0 2453886.661157  1.529338e+01  1.286941e-01  1.529338e+01  1.286941e-01 
   76132391   7.117352e-01   8.850389e-02   7.117352e-01   8.850389e-02 223200605310350510       7727       6192     0 2453886.661933  1.536920e+01  1.350112e-01  1.536920e+01  1.350112e-01 
   76132440   6.908785e-01   8.912544e-02   6.908785e-01   8.912544e-02 223200605310351390       7729       6191     0 2453886.662500  1.540150e+01  1.400638e-01  1.540150e+01  1.400638e-01 
   76132502   8.971480e-01   9.018619e-02   8.971480e-01   9.018619e-02 223200605310352410       7731       6190     0 2453886.663218  1.511784e+01  1.091445e-01  1.511784e+01  1.091445e-01 
   76218794   7.866731e-01   9.373640e-02   7.866731e-01   9.373640e-02 223200606010350510       7738       6184     0 2453887.661968  1.526051e+01  1.293719e-01  1.526051e+01  1.293719e-01 
   76218862   7.649090e-01   9.361939e-02   7.649090e-01   9.361939e-02 223200606010351580       7737       6205     0 2453887.662755  1.529098e+01  1.328868e-01  1.529098e+01  1.328868e-01 
   76218932   7.315573e-01   9.299985e-02   7.315573e-01   9.299985e-02 223200606010353090       7740       6204     0 2453887.663565  1.533938e+01  1.380256e-01  1.533938e+01  1.380256e-01 
   76219018   8.166211e-01   9.320140e-02   8.166211e-01   9.320140e-02 223200606010354350       7749       6177     0 2453887.664560  1.521995e+01  1.239161e-01  1.521995e+01  1.239161e-01 
   76478201   7.258667e-01   1.000521e-01   7.258667e-01   1.000521e-01 223200606040354060       7749       6176     0 2453890.664363  1.534786e+01  1.496564e-01  1.534786e+01  1.496564e-01 
   76478274   6.854462e-01   1.021296e-01   6.854462e-01   1.021296e-01 223200606040355190       7748       6198     0 2453890.665208  1.541007e+01  1.617722e-01  1.541007e+01  1.617722e-01 
   76478350   8.348917e-01   1.034117e-01   8.348917e-01   1.034117e-01 223200606040356360       7757       6168     0 2453890.666088  1.519592e+01  1.344824e-01  1.519592e+01  1.344824e-01 
   76478403   7.504088e-01   1.025396e-01   7.504088e-01   1.025396e-01 223200606040357280       7758       6166     0 2453890.666701  1.531176e+01  1.483609e-01  1.531176e+01  1.483609e-01 
   76564543   8.758894e-01   2.513600e-01   8.758894e-01   2.513600e-01 223200606050353060       7775       6160     0 2453891.663692  1.514388e+01  3.115822e-01  1.514388e+01  3.115822e-01 
   76564602   6.047086e-01   2.449989e-01   6.047086e-01   2.449989e-01 223200606050354050       7780       6160     0 2453891.664375  1.554613e+01  4.398898e-01  1.554613e+01  4.398898e-01 
   76564662   1.007780e+00   2.498420e-01   1.007780e+00   2.498420e-01 223200606050355050       7782       6157     0 2453891.665069  1.499159e+01  2.691694e-01  1.499159e+01  2.691694e-01 
   76564720   6.450341e-01   2.243607e-01   6.450341e-01   2.243607e-01 223200606050356020       7784       6156     0 2453891.665741  1.547604e+01  3.776504e-01  1.547604e+01  3.776504e-01 
   76651104   6.493291e-01   9.080787e-02   6.493291e-01   9.080787e-02 223200606060355430       7773       6153     0 2453892.665556  1.546884e+01  1.518394e-01  1.546884e+01  1.518394e-01 
   76651180   6.293651e-01   8.994591e-02   6.293651e-01   8.994591e-02 223200606060357000       7770       6175     0 2453892.666435  1.550274e+01  1.551689e-01  1.550274e+01  1.551689e-01 
   76737408   8.953211e-01   9.519842e-02   8.953211e-01   9.519842e-02 223200606070354040       7774       6160     0 2453893.664444  1.512005e+01  1.154454e-01  1.512005e+01  1.154454e-01 
   76737461   8.755797e-01   9.378993e-02   8.755797e-01   9.378993e-02 223200606070354570       7777       6157     0 2453893.665058  1.514426e+01  1.163018e-01  1.514426e+01  1.163018e-01 
   76737516   7.698825e-01   9.411756e-02   7.698825e-01   9.411756e-02 223200606070355530       7778       6155     0 2453893.665694  1.528394e+01  1.327309e-01  1.528394e+01  1.327309e-01 
   76737572   7.453011e-01   9.513175e-02   7.453011e-01   9.513175e-02 223200606070356480       7780       6154     0 2453893.666343  1.531917e+01  1.385861e-01  1.531917e+01  1.385861e-01 
   76823917   6.999325e-01   9.480391e-02   6.999325e-01   9.480391e-02 223200606080355500       7806       6154     0 2453894.665706  1.538736e+01  1.470605e-01  1.538736e+01  1.470605e-01 
   76824003   7.314489e-01   9.428567e-02   7.314489e-01   9.428567e-02 223200606080357160       7803       6175     0 2453894.666701  1.533954e+01  1.399547e-01  1.533954e+01  1.399547e-01 
   76910225   6.867235e-01   9.033474e-02   6.867235e-01   9.033474e-02 223200606090354140       7796       6146     0 2453895.664641  1.540804e+01  1.428232e-01  1.540804e+01  1.428232e-01 
   76910279   7.302331e-01   9.110238e-02   7.302331e-01   9.110238e-02 223200606090355080       7799       6144     0 2453895.665266  1.534135e+01  1.354547e-01  1.534135e+01  1.354547e-01 
   76910363   6.486776e-01   9.114596e-02   6.486776e-01   9.114596e-02 223200606090356320       7796       6165     0 2453895.666238  1.546993e+01  1.525578e-01  1.546993e+01  1.525578e-01 
   76910435   6.219136e-01   9.021562e-02   6.219136e-01   9.021562e-02 223200606090357440       7803       6138     0 2453895.667072  1.551567e+01  1.574989e-01  1.551567e+01  1.574989e-01 
   76996580   8.866540e-01   2.020442e-01   8.866540e-01   2.020442e-01 223200606100353270       7801       6146     0 2453896.664120  1.513061e+01  2.474104e-01  1.513061e+01  2.474104e-01 
   76996645   1.054206e+00   1.955582e-01   1.054206e+00   1.955582e-01 223200606100354320       7805       6143     0 2453896.664873  1.494269e+01  2.014078e-01  1.494269e+01  2.014078e-01 
   76996706   8.538397e-01   1.931712e-01   8.538397e-01   1.931712e-01 223200606100355320       7807       6141     0 2453896.665579  1.517156e+01  2.456360e-01  1.517156e+01  2.456360e-01 
   76996761   1.095286e+00   1.924060e-01   1.095286e+00   1.924060e-01 223200606100356270       7809       6139     0 2453896.666215  1.490118e+01  1.907291e-01  1.490118e+01  1.907291e-01 
   77083077   1.174706e+00   3.428882e-01   1.174706e+00   3.428882e-01 223200606110355000       7813       6157     0 2453897.665243  1.482518e+01  3.169198e-01  1.482518e+01  3.169198e-01 
   77083158   9.263317e-01   3.372221e-01   9.263317e-01   3.372221e-01 223200606110356210       7820       6129     0 2453897.666181  1.508308e+01  3.952532e-01  1.508308e+01  3.952532e-01 
   77083212   9.484360e-01   3.361520e-01   9.484360e-01   3.361520e-01 223200606110357160       7822       6127     0 2453897.666806  1.505748e+01  3.848163e-01  1.505748e+01  3.848163e-01 
   77169266   9.840004e-01   4.316666e-01   9.840004e-01   4.316666e-01 223200606120351270       7812       6153     0 2453898.662801  1.501751e+01  4.762983e-01  1.501751e+01  4.762983e-01 
   77169446   8.040579e-01   4.268084e-01   8.040579e-01   4.268084e-01 223200606120354260       7824       6121     0 2453898.664884  1.523678e+01  5.763304e-01  1.523678e+01  5.763304e-01 
   77514691   3.192563e+00   1.975379e+00   3.192563e+00   1.975379e+00 223200606160348210       7823       6094     0 2453902.660775  1.373965e+01  6.717951e-01  1.373965e+01  6.717951e-01 
   77514756   1.890455e+00   2.480103e+00   1.890455e+00   2.480103e+00 223200606160349260       7825       6091     0 2453902.661528  1.430858e+01  1.424391e+00  1.430858e+01  1.424391e+00 
   77601376   8.531985e-01   1.705527e-01   8.531985e-01   1.705527e-01 223200606170353030       7836       6077     0 2453903.664074  1.517237e+01  2.170373e-01  1.517237e+01  2.170373e-01 
   77601446   1.157145e+00   1.727246e-01   1.157145e+00   1.727246e-01 223200606170354120       7833       6099     0 2453903.664884  1.484153e+01  1.620662e-01  1.484153e+01  1.620662e-01 
   77601516   1.024686e+00   1.708270e-01   1.024686e+00   1.708270e-01 223200606170355220       7834       6097     0 2453903.665694  1.497352e+01  1.810054e-01  1.497352e+01  1.810054e-01 
   77601573   1.076064e+00   1.718268e-01   1.076064e+00   1.718268e-01 223200606170356190       7841       6071     0 2453903.666354  1.492040e+01  1.733718e-01  1.492040e+01  1.733718e-01 
   77687720   1.030510e+00   1.451117e-01   1.030510e+00   1.451117e-01 223200606180352030       7856       6071     0 2453904.663426  1.496737e+01  1.528888e-01  1.496737e+01  1.528888e-01 
   77687763   8.487023e-01   1.449457e-01   8.487023e-01   1.449457e-01 223200606180352470       7858       6070     0 2453904.663924  1.517811e+01  1.854282e-01  1.517811e+01  1.854282e-01 
   77687831   1.005256e+00   1.449038e-01   1.005256e+00   1.449038e-01 223200606180353550       7859       6068     0 2453904.664711  1.499431e+01  1.565053e-01  1.499431e+01  1.565053e-01 
   77687882   9.702913e-01   1.439190e-01   9.702913e-01   1.439190e-01 223200606180354460       7860       6067     0 2453904.665301  1.503274e+01  1.610430e-01  1.503274e+01  1.610430e-01 
   77774357   8.202276e-01   1.199502e-01   8.202276e-01   1.199502e-01 223200606190355570       7902       6052     0 2453905.666169  1.521516e+01  1.587788e-01  1.521516e+01  1.587788e-01 
   77774413   7.653087e-01   1.196894e-01   7.653087e-01   1.196894e-01 223200606190356530       7902       6052     0 2453905.666817  1.529041e+01  1.698028e-01  1.529041e+01  1.698028e-01 
   77774475   9.002389e-01   1.193694e-01   9.002389e-01   1.193694e-01 223200606190357560       7901       6051     0 2453905.667535  1.511411e+01  1.439663e-01  1.511411e+01  1.439663e-01 
   77774540   9.086933e-01   1.207240e-01   9.086933e-01   1.207240e-01 223200606190359000       7895       6076     0 2453905.668287  1.510396e+01  1.442454e-01  1.510396e+01  1.442454e-01 
   77860770   8.792207e-01   1.014975e-01   8.792207e-01   1.014975e-01 223200606200356080       7886       6046     0 2453906.666319  1.513976e+01  1.253381e-01  1.513976e+01  1.253381e-01 
   77860829   8.325014e-01   1.013618e-01   8.325014e-01   1.013618e-01 223200606200357080       7886       6045     0 2453906.667002  1.519904e+01  1.321950e-01  1.519904e+01  1.321950e-01 
   77860893   8.002594e-01   1.013547e-01   8.002594e-01   1.013547e-01 223200606200358110       7886       6046     0 2453906.667743  1.524192e+01  1.375115e-01  1.524192e+01  1.375115e-01 
   77860958   8.179207e-01   1.027836e-01   8.179207e-01   1.027836e-01 223200606200359170       7879       6071     0 2453906.668495  1.521822e+01  1.364389e-01  1.521822e+01  1.364389e-01 
   77947081   7.948943e-01   1.064060e-01   7.948943e-01   1.064060e-01 223200606210354360       7880       6045     0 2453907.665289  1.524923e+01  1.453391e-01  1.524923e+01  1.453391e-01 
   77947135   9.421383e-01   1.065438e-01   9.421383e-01   1.065438e-01 223200606210355300       7880       6046     0 2453907.665914  1.506471e+01  1.227834e-01  1.506471e+01  1.227834e-01 
   77947213   8.937480e-01   1.071567e-01   8.937480e-01   1.071567e-01 223200606210356480       7876       6070     0 2453907.666817  1.512196e+01  1.301758e-01  1.512196e+01  1.301758e-01 
   77947280   9.366006e-01   1.063734e-01   9.366006e-01   1.063734e-01 223200606210357550       7880       6046     0 2453907.667593  1.507111e+01  1.233117e-01  1.507111e+01  1.233117e-01 
   78119991   8.076623e-01   8.994176e-02   8.076623e-01   8.994176e-02 223200606230356210       7872       6026     0 2453909.666562  1.523193e+01  1.209087e-01  1.523193e+01  1.209087e-01 
   78120045   7.763920e-01   8.907948e-02   7.763920e-01   8.907948e-02 223200606230357150       7871       6027     0 2453909.667187  1.527480e+01  1.245726e-01  1.527480e+01  1.245726e-01 
   78120193   8.091151e-01   8.985805e-02   8.091151e-01   8.985805e-02 223200606230359440       7868       6035     0 2453909.668900  1.522997e+01  1.205792e-01  1.522997e+01  1.205792e-01 
   78120255   6.029406e-01   8.822671e-02   6.029406e-01   8.822671e-02 223200606230400460       7871       6013     0 2453909.669618  1.554931e+01  1.588735e-01  1.554931e+01  1.588735e-01 
   78206450   9.500461e-01   9.716109e-02   9.500461e-01   9.716109e-02 223200606240357190       7890       6012     0 2453910.667245  1.505564e+01  1.110385e-01  1.505564e+01  1.110385e-01 
   78206509   6.510525e-01   9.439749e-02   6.510525e-01   9.439749e-02 223200606240358180       7887       6015     0 2453910.667928  1.546596e+01  1.574237e-01  1.546596e+01  1.574237e-01 
   78206584   7.323450e-01   9.558567e-02   7.323450e-01   9.558567e-02 223200606240359320       7877       6044     0 2453910.668796  1.533821e+01  1.417108e-01  1.533821e+01  1.417108e-01 
   78206643   7.638643e-01   9.525237e-02   7.638643e-01   9.525237e-02 223200606240400310       7874       6029     0 2453910.669479  1.529246e+01  1.353896e-01  1.529246e+01  1.353896e-01 
   78292889   7.245291e-01   8.776069e-02   7.245291e-01   8.776069e-02 223200606250357560       7892       5995     0 2453911.667697  1.534986e+01  1.315134e-01  1.534986e+01  1.315134e-01 
   78292943   7.589588e-01   8.567100e-02   7.589588e-01   8.567100e-02 223200606250358490       7886       6002     0 2453911.668322  1.529945e+01  1.225579e-01  1.529945e+01  1.225579e-01 
   78292994   7.219164e-01   8.638205e-02   7.219164e-01   8.638205e-02 223200606250359400       7875       6015     0 2453911.668912  1.535378e+01  1.299159e-01  1.535378e+01  1.299159e-01 
   78293056   6.100854e-01   8.706222e-02   6.100854e-01   8.706222e-02 223200606250400430       7876       6014     0 2453911.669630  1.553652e+01  1.549405e-01  1.553652e+01  1.549405e-01 
   78724957   7.385425e-01   8.839726e-02   7.385425e-01   8.839726e-02 223200606300358520       7898       5998     0 2453916.668484  1.532906e+01  1.299539e-01  1.532906e+01  1.299539e-01 
   78725034   5.776879e-01   8.660848e-02   5.776879e-01   8.660848e-02 223200606300400090       7905       5970     0 2453916.669375  1.559577e+01  1.627770e-01  1.559577e+01  1.627770e-01 
   78725081   7.820833e-01   8.727494e-02   7.820833e-01   8.727494e-02 223200606300400570       7906       5968     0 2453916.669919  1.526687e+01  1.211609e-01  1.526687e+01  1.211609e-01 
   78725145   7.806722e-01   8.736015e-02   7.806722e-01   8.736015e-02 223200606300402000       7907       5966     0 2453916.670660  1.526883e+01  1.214984e-01  1.526883e+01  1.214984e-01 
   78811393   6.353289e-01   9.226225e-02   6.353289e-01   9.226225e-02 223200607010359260       7898       5963     0 2453917.668900  1.549250e+01  1.576708e-01  1.549250e+01  1.576708e-01 
   78811588   6.821262e-01   9.130644e-02   6.821262e-01   9.130644e-02 223200607010402420       7902       5955     0 2453917.671157  1.541534e+01  1.453324e-01  1.541534e+01  1.453324e-01 
   78897863   1.413463e+00   4.884250e-01   1.413463e+00   4.884250e-01 223200607020400340       7911       5951     0 2453918.669711  1.462429e+01  3.751798e-01  1.462429e+01  3.751798e-01 
   78897917   3.662988e-01   2.804976e-01   3.662988e-01   2.804976e-01 223200607020401280       7911       5949     0 2453918.670336  1.609041e+01  8.314180e-01  1.609041e+01  8.314180e-01 
   78897990   5.720066e-01   1.557806e-01   5.720066e-01   1.557806e-01 223200607020402420       7905       5970     0 2453918.671181  1.560650e+01  2.956910e-01  1.560650e+01  2.956910e-01 
   78984206   7.143260e-01   8.609524e-02   7.143260e-01   8.609524e-02 223200607030359350       7917       5939     0 2453919.669051  1.536526e+01  1.308605e-01  1.536526e+01  1.308605e-01 
   78984260   6.334658e-01   8.407786e-02   6.334658e-01   8.407786e-02 223200607030400290       7919       5936     0 2453919.669676  1.549569e+01  1.441067e-01  1.549569e+01  1.441067e-01 
   78984318   6.659975e-01   8.415885e-02   6.659975e-01   8.415885e-02 223200607030401270       7920       5934     0 2453919.670347  1.544132e+01  1.371997e-01  1.544132e+01  1.371997e-01 
   79070530   7.704878e-01   8.655993e-02   7.704878e-01   8.655993e-02 223200607040358180       7913       5918     0 2453920.668171  1.528309e+01  1.219767e-01  1.528309e+01  1.219767e-01 
   79070576   6.130894e-01   8.563404e-02   6.130894e-01   8.563404e-02 223200607040359040       7915       5916     0 2453920.668704  1.553119e+01  1.516521e-01  1.553119e+01  1.516521e-01 
   79070642   6.878909e-01   8.694048e-02   6.878909e-01   8.694048e-02 223200607040400090       7916       5914     0 2453920.669468  1.540620e+01  1.372234e-01  1.540620e+01  1.372234e-01 
   79070694   8.150049e-01   8.794577e-02   8.150049e-01   8.794577e-02 223200607040401020       7916       5912     0 2453920.670069  1.522210e+01  1.171603e-01  1.522210e+01  1.171603e-01 
   79416115   6.286868e-01   8.620144e-02   6.286868e-01   8.620144e-02 223200607080357570       7913       5924     0 2453924.667998  1.550391e+01  1.488696e-01  1.550391e+01  1.488696e-01 
   79416182   6.299767e-01   8.615988e-02   6.299767e-01   8.615988e-02 223200607080359030       7918       5897     0 2453924.668773  1.550169e+01  1.484931e-01  1.550169e+01  1.484931e-01 
   79416240   6.487302e-01   8.609566e-02   6.487302e-01   8.609566e-02 223200607080400010       7919       5894     0 2453924.669444  1.546984e+01  1.440930e-01  1.546984e+01  1.440930e-01 
   79502446   9.356852e-01   1.438141e-01   9.356852e-01   1.438141e-01 223200607090356460       7923       5896     0 2453925.667199  1.507218e+01  1.668774e-01  1.507218e+01  1.668774e-01 
   79502498   9.030029e-01   1.418894e-01   9.030029e-01   1.418894e-01 223200607090357380       7923       5894     0 2453925.667801  1.511078e+01  1.706030e-01  1.511078e+01  1.706030e-01 
   79502567   5.898719e-01   1.372726e-01   5.898719e-01   1.372726e-01 223200607090358470       7924       5890     0 2453925.668600  1.557311e+01  2.526691e-01  1.557311e+01  2.526691e-01 
   79502721   9.399343e-01   1.330386e-01   9.399343e-01   1.330386e-01 223200607090401200       7921       5873     0 2453925.670382  1.506726e+01  1.536760e-01  1.506726e+01  1.536760e-01 
   80278198   8.213955e-01   1.482524e-01   8.213955e-01   1.482524e-01 223200607180325470       7953       5852     0 2453934.645810  1.521362e+01  1.959635e-01  1.521362e+01  1.959635e-01 
   80278335   9.602131e-01   1.665677e-01   9.602131e-01   1.665677e-01 223200607180328050       7952       5847     0 2453934.647396  1.504408e+01  1.883428e-01  1.504408e+01  1.883428e-01 
   80364290   8.100874e-01   1.089719e-01   8.100874e-01   1.089719e-01 223200607190320380       7950       5836     0 2453935.642245  1.522867e+01  1.460523e-01  1.522867e+01  1.460523e-01 
   80364346   7.892759e-01   1.093710e-01   7.892759e-01   1.093710e-01 223200607190321350       7950       5834     0 2453935.642894  1.525693e+01  1.504524e-01  1.525693e+01  1.504524e-01 
   80364406   7.274013e-01   1.094277e-01   7.274013e-01   1.094277e-01 223200607190322340       7950       5833     0 2453935.643588  1.534556e+01  1.633350e-01  1.534556e+01  1.633350e-01 
   80364467   8.549253e-01   1.094986e-01   8.549253e-01   1.094986e-01 223200607190323360       7951       5831     0 2453935.644294  1.517018e+01  1.390613e-01  1.517018e+01  1.390613e-01 
   80450506   8.893275e-01   9.844168e-02   8.893275e-01   9.844168e-02 223200607200317340       7955       5827     0 2453936.640116  1.512735e+01  1.201830e-01  1.512735e+01  1.201830e-01 
   80450567   6.489823e-01   9.743325e-02   6.489823e-01   9.743325e-02 223200607200318350       7954       5826     0 2453936.640822  1.546942e+01  1.630047e-01  1.546942e+01  1.630047e-01 
   80450631   8.161358e-01   9.744039e-02   8.161358e-01   9.744039e-02 223200607200319380       7954       5824     0 2453936.641563  1.522059e+01  1.296291e-01  1.522059e+01  1.296291e-01 
   80450688   6.933112e-01   9.748154e-02   6.933112e-01   9.748154e-02 223200607200320360       7955       5822     0 2453936.642222  1.539768e+01  1.526582e-01  1.539768e+01  1.526582e-01 
   80967437   7.365967e-01   8.555406e-02   7.365967e-01   8.555406e-02 223200607260253020       7913       5863     0 2453942.623113  1.533193e+01  1.261063e-01  1.533193e+01  1.261063e-01 
   80967496   6.872389e-01   8.415507e-02   6.872389e-01   8.415507e-02 223200607260254000       7914       5861     0 2453942.623796  1.540723e+01  1.329531e-01  1.540723e+01  1.329531e-01 
   80967556   7.560159e-01   8.377984e-02   7.560159e-01   8.377984e-02 223200607260255010       7916       5858     0 2453942.624491  1.530367e+01  1.203191e-01  1.530367e+01  1.203191e-01 
   80967612   5.967096e-01   8.255555e-02   5.967096e-01   8.255555e-02 223200607260255560       7916       5856     0 2453942.625139  1.556059e+01  1.502136e-01  1.556059e+01  1.502136e-01 
   81053720   7.117322e-01   9.824131e-02   7.117322e-01   9.824131e-02 223200607270251040       7911       5856     0 2453943.621759  1.536921e+01  1.498661e-01  1.536921e+01  1.498661e-01 
   81053776   6.909834e-01   9.569412e-02   6.909834e-01   9.569412e-02 223200607270251590       7911       5854     0 2453943.622407  1.540133e+01  1.503639e-01  1.540133e+01  1.503639e-01 
   81053838   7.195871e-01   9.374878e-02   7.195871e-01   9.374878e-02 223200607270253010       7912       5852     0 2453943.623125  1.535729e+01  1.414517e-01  1.535729e+01  1.414517e-01 
   81139835   1.094909e+00   6.585265e-01   1.094909e+00   6.585265e-01 223200607280246190       7927       5850     0 2453944.618461  1.490156e+01  6.530122e-01  1.490156e+01  6.530122e-01 
   81139894   8.518944e-01   1.127491e+00   8.518944e-01   1.127491e+00 223200607280247170       7928       5848     0 2453944.619144  1.517404e+01  1.436989e+00  1.517404e+01  1.436989e+00 
   81140002   4.787465e-01   4.554268e-01   4.787465e-01   4.554268e-01 223200607280249060       7929       5844     0 2453944.620394  1.579974e+01  1.032854e+00  1.579974e+01  1.032854e+00 
   82346069   1.023609e+00   3.533881e-01   1.023609e+00   3.533881e-01 223200608110150170       7922       5891     0 2453958.579502  1.497466e+01  3.748381e-01  1.497466e+01  3.748381e-01 
   82346180   1.035035e+00   3.563009e-01   1.035035e+00   3.563009e-01 223200608110152070       7925       5885     0 2453958.580787  1.496261e+01  3.737555e-01  1.496261e+01  3.737555e-01 
   82346239   1.198671e+00   3.562620e-01   1.198671e+00   3.562620e-01 223200608110153070       7925       5883     0 2453958.581470  1.480325e+01  3.226973e-01  1.480325e+01  3.226973e-01 
   82518424   1.183116e+00   2.287602e-01   1.183116e+00   2.287602e-01 223200608130142530       7927       5861     0 2453960.574352  1.481743e+01  2.099322e-01  1.481743e+01  2.099322e-01 
   82518483   1.310256e+00   2.284204e-01   1.310256e+00   2.284204e-01 223200608130143520       7928       5858     0 2453960.575035  1.470661e+01  1.892800e-01  1.470661e+01  1.892800e-01 
   82518545   1.033292e+00   2.282202e-01   1.033292e+00   2.282202e-01 223200608130144550       7927       5853     0 2453960.575752  1.496444e+01  2.398042e-01  1.496444e+01  2.398042e-01 
   82518623   9.320541e-01   2.255222e-01   9.320541e-01   2.255222e-01 223200608130146120       7922       5874     0 2453960.576655  1.507640e+01  2.627084e-01  1.507640e+01  2.627084e-01 
   82604605   8.547054e-01   1.822025e-01   8.547054e-01   1.822025e-01 223200608140139160       7925       5880     0 2453961.571817  1.517046e+01  2.314535e-01  1.517046e+01  2.314535e-01 
   82604661   9.865095e-01   1.835474e-01   9.865095e-01   1.835474e-01 223200608140140120       7932       5877     0 2453961.572465  1.501475e+01  2.020100e-01  1.501475e+01  2.020100e-01 
   82604718   8.178678e-01   1.862776e-01   8.178678e-01   1.862776e-01 223200608140141080       7945       5874     0 2453961.573125  1.521829e+01  2.472881e-01  1.521829e+01  2.472881e-01 
   82604772   9.417104e-01   1.888909e-01   9.417104e-01   1.888909e-01 223200608140142030       7944       5872     0 2453961.573750  1.506521e+01  2.177807e-01  1.506521e+01  2.177807e-01 
   82863078   8.014578e-01   1.152091e-01   8.014578e-01   1.152091e-01 223200608170127120       7915       5890     0 2453964.563403  1.524030e+01  1.560744e-01  1.524030e+01  1.560744e-01 
   82863146   6.952401e-01   1.154593e-01   6.952401e-01   1.154593e-01 223200608170128190       7924       5858     0 2453964.564190  1.539466e+01  1.803100e-01  1.539466e+01  1.803100e-01 
   82863202   6.748678e-01   1.153830e-01   6.748678e-01   1.153830e-01 223200608170129150       7925       5855     0 2453964.564838  1.542695e+01  1.856303e-01  1.542695e+01  1.856303e-01 
   82863262   8.172011e-01   1.165604e-01   8.172011e-01   1.165604e-01 223200608170130160       7925       5853     0 2453964.565532  1.521918e+01  1.548631e-01  1.521918e+01  1.548631e-01 
   82949251   7.202986e-01   8.575646e-02   7.202986e-01   8.575646e-02 223200608180123250       7921       5836     0 2453965.560775  1.535622e+01  1.292648e-01  1.535622e+01  1.292648e-01 
   82949313   7.721005e-01   8.736366e-02   7.721005e-01   8.736366e-02 223200608180124270       7923       5835     0 2453965.561493  1.528082e+01  1.228522e-01  1.528082e+01  1.228522e-01 
   82949376   7.433081e-01   8.717328e-02   7.433081e-01   8.717328e-02 223200608180125310       7923       5832     0 2453965.562222  1.532208e+01  1.273328e-01  1.532208e+01  1.273328e-01 
   82949467   6.743548e-01   8.684515e-02   6.743548e-01   8.684515e-02 223200608180127020       7918       5851     0 2453965.563275  1.542778e+01  1.398244e-01  1.542778e+01  1.398244e-01 
   83724677   6.749048e-01   8.478843e-02   6.749048e-01   8.478843e-02 223200608270047250       7899       5888     0 2453974.535613  1.542689e+01  1.364017e-01  1.542689e+01  1.364017e-01 
   83724741   6.571915e-01   8.414763e-02   6.571915e-01   8.414763e-02 223200608270048280       7904       5854     0 2453974.536354  1.545577e+01  1.390195e-01  1.545577e+01  1.390195e-01 
   83724816   8.324689e-01   8.571286e-02   8.324689e-01   8.571286e-02 223200608270049440       7899       5875     0 2453974.537222  1.519908e+01  1.117902e-01  1.519908e+01  1.117902e-01 
   83724878   7.563671e-01   8.517671e-02   7.563671e-01   8.517671e-02 223200608270050460       7904       5846     0 2453974.537940  1.530317e+01  1.222683e-01  1.530317e+01  1.222683e-01 
   83810843   6.488218e-01   8.057362e-02   6.488218e-01   8.057362e-02 223200608280043330       7904       5877     0 2453975.532905  1.546969e+01  1.348321e-01  1.546969e+01  1.348321e-01 
   83810895   6.548160e-01   8.034465e-02   6.548160e-01   8.034465e-02 223200608280044250       7906       5874     0 2453975.533507  1.545970e+01  1.332182e-01  1.545970e+01  1.332182e-01 
   83810966   7.105777e-01   7.933446e-02   7.105777e-01   7.933446e-02 223200608280045350       7905       5870     0 2453975.534329  1.537097e+01  1.212205e-01  1.537097e+01  1.212205e-01 
   83811023   6.521197e-01   8.003274e-02   6.521197e-01   8.003274e-02 223200608280046320       7905       5868     0 2453975.534988  1.546418e+01  1.332497e-01  1.546418e+01  1.332497e-01 
   84328675   8.244373e-01   2.557914e-01   8.244373e-01   2.557914e-01 223200609030034170       7895       5806     0 2453981.526331  1.520961e+01  3.368637e-01  1.520961e+01  3.368637e-01 
   84328747   1.083814e+00   2.584051e-01   1.083814e+00   2.584051e-01 223200609030035280       7890       5827     0 2453981.527164  1.491261e+01  2.588644e-01  1.491261e+01  2.588644e-01 
   84328814   6.827135e-01   2.723945e-01   6.827135e-01   2.723945e-01 223200609030036350       7892       5793     0 2453981.527940  1.541440e+01  4.331972e-01  1.541440e+01  4.331972e-01 
   84328871   9.659872e-01   2.601339e-01   9.659872e-01   2.601339e-01 223200609030037320       7893       5791     0 2453981.528600  1.503757e+01  2.923825e-01  1.503757e+01  2.923825e-01 
   84500181   1.232170e+00   4.001111e-01   1.232170e+00   4.001111e-01 223200609050012480       7902       5872     0 2453983.511354  1.477332e+01  3.525622e-01  1.477332e+01  3.525622e-01 
   84500241   1.315551e+00   4.017906e-01   1.315551e+00   4.017906e-01 223200609050013480       7903       5868     0 2453983.512049  1.470223e+01  3.316026e-01  1.470223e+01  3.316026e-01 
   84500303   8.671350e-01   4.054992e-01   8.671350e-01   4.054992e-01 223200609050014500       7903       5865     0 2453983.512766  1.515478e+01  5.077257e-01  1.515478e+01  5.077257e-01 
   84500381   1.173199e+00   4.049346e-01   1.173199e+00   4.049346e-01 223200609050016080       7898       5886     0 2453983.513669  1.482657e+01  3.747479e-01  1.482657e+01  3.747479e-01 
   84844854   9.546672e-01   5.584415e-01   9.546672e-01   5.584415e-01 223200609082357310       7912       5880     0 2453987.500625  1.505037e+01  6.351138e-01  1.505037e+01  6.351138e-01 
   84844910   1.169627e+00   5.609389e-01   1.169627e+00   5.609389e-01 223200609082358260       7913       5875     0 2453987.501273  1.482988e+01  5.207077e-01  1.482988e+01  5.207077e-01 
   84844967   1.133594e+00   5.567291e-01   1.133594e+00   5.567291e-01 223200609082359230       7912       5872     0 2453987.501933  1.486386e+01  5.332273e-01  1.486386e+01  5.332273e-01 
   84845029   8.028786e-01   5.573148e-01   8.028786e-01   5.573148e-01 223200609090000260       7912       5870     0 2453987.502650  1.523838e+01  7.536618e-01  1.523838e+01  7.536618e-01 
   85017154   1.062713e+00   2.994541e-01   1.062713e+00   2.994541e-01 223200609102349160       7889       5833     0 2453989.494838  1.493396e+01  3.059428e-01  1.493396e+01  3.059428e-01 
   85017280   9.579834e-01   3.403650e-01   9.579834e-01   3.403650e-01 223200609102351210       7891       5828     0 2453989.496296  1.504661e+01  3.857561e-01  1.504661e+01  3.857561e-01 
   85017338   1.344671e+00   3.469935e-01   1.344671e+00   3.469935e-01 223200609102352200       7889       5821     0 2453989.496968  1.467846e+01  2.801761e-01  1.467846e+01  2.801761e-01 
   85361746   6.933456e-01   8.402418e-02   6.933456e-01   8.402418e-02 223200609142332380       7891       5786     0 2453993.483171  1.539763e+01  1.315771e-01  1.539763e+01  1.315771e-01 
   85361803   6.699356e-01   8.339352e-02   6.699356e-01   8.339352e-02 223200609142333360       7892       5783     0 2453993.483831  1.543492e+01  1.351528e-01  1.543492e+01  1.351528e-01 
   85361864   6.795394e-01   8.372599e-02   6.795394e-01   8.372599e-02 223200609142334370       7893       5780     0 2453993.484537  1.541946e+01  1.337739e-01  1.541946e+01  1.337739e-01 
   85361939   7.648136e-01   8.353651e-02   7.648136e-01   8.353651e-02 223200609142335520       7887       5801     0 2453993.485405  1.529111e+01  1.185896e-01  1.529111e+01  1.185896e-01 
   85620643   7.667403e-01   9.535741e-02   7.667403e-01   9.535741e-02 223200609172327440       7860       5793     0 2453996.479664  1.528838e+01  1.350305e-01  1.528838e+01  1.350305e-01 
   85620702   7.306888e-01   9.587700e-02   7.306888e-01   9.587700e-02 223200609172328430       7861       5789     0 2453996.480347  1.534067e+01  1.424649e-01  1.534067e+01  1.424649e-01 
   85620765   7.398633e-01   9.666127e-02   7.398633e-01   9.666127e-02 223200609172329460       7861       5786     0 2453996.481076  1.532712e+01  1.418492e-01  1.532712e+01  1.418492e-01 
   85620819   7.371473e-01   9.668989e-02   7.371473e-01   9.668989e-02 223200609172330410       7861       5783     0 2453996.481701  1.533111e+01  1.424140e-01  1.533111e+01  1.424140e-01 
   85706439   6.775863e-01   9.247384e-02   6.775863e-01   9.247384e-02 223200609182317440       7863       5766     0 2453997.472674  1.542259e+01  1.481768e-01  1.542259e+01  1.481768e-01 
   85706502   5.867692e-01   9.135702e-02   5.867692e-01   9.135702e-02 223200609182318460       7868       5743     0 2453997.473403  1.557883e+01  1.690442e-01  1.557883e+01  1.690442e-01 
   85706557   8.165209e-01   9.172510e-02   8.165209e-01   9.172510e-02 223200609182319410       7869       5740     0 2453997.474039  1.522008e+01  1.219682e-01  1.522008e+01  1.219682e-01 
   85706634   6.966109e-01   9.252358e-02   6.966109e-01   9.252358e-02 223200609182320580       7864       5763     0 2453997.474931  1.539252e+01  1.442076e-01  1.539252e+01  1.442076e-01 
   85878753   5.743967e-01   9.275604e-02   5.743967e-01   9.275604e-02 223200609202309430       7866       5819     0 2453999.467049  1.560197e+01  1.753300e-01  1.560197e+01  1.753300e-01 
   85878810   7.681854e-01   9.434294e-02   7.681854e-01   9.434294e-02 223200609202310400       7868       5816     0 2453999.467708  1.528633e+01  1.333427e-01  1.528633e+01  1.333427e-01 
   85878871   7.745073e-01   9.447820e-02   7.745073e-01   9.447820e-02 223200609202311410       7869       5814     0 2453999.468414  1.527744e+01  1.324439e-01  1.527744e+01  1.324439e-01 
   85878931   7.673737e-01   9.353187e-02   7.673737e-01   9.353187e-02 223200609202312420       7869       5811     0 2453999.469109  1.528748e+01  1.323362e-01  1.528748e+01  1.323362e-01 
   85964876   8.482277e-01   8.675628e-02   8.482277e-01   8.675628e-02 223200609212305090       7879       5814     0 2454000.463843  1.517872e+01  1.110489e-01  1.517872e+01  1.110489e-01 
   85965029   7.925943e-01   8.629368e-02   7.925943e-01   8.629368e-02 223200609212307420       7881       5806     0 2454000.465613  1.525237e+01  1.182099e-01  1.525237e+01  1.182099e-01 
   85965092   7.498673e-01   8.598392e-02   7.498673e-01   8.598392e-02 223200609212308460       7882       5804     0 2454000.466343  1.531254e+01  1.244969e-01  1.531254e+01  1.244969e-01 
   85965148   6.329859e-01   8.532674e-02   6.329859e-01   8.532674e-02 223200609212309410       7883       5802     0 2454000.466991  1.549652e+01  1.463582e-01  1.549652e+01  1.463582e-01 
   86404989   7.227784e-01   8.998086e-02   7.227784e-01   8.998086e-02 223200609270120390       7743       5460     0 2454005.557743  1.535249e+01  1.351670e-01  1.535249e+01  1.351670e-01 
   86405050   7.405214e-01   9.027342e-02   7.405214e-01   9.027342e-02 223200609270121400       7748       5434     0 2454005.558449  1.532616e+01  1.323574e-01  1.532616e+01  1.323574e-01 
   86405118   7.875801e-01   9.051840e-02   7.875801e-01   9.051840e-02 223200609270122490       7746       5431     0 2454005.559236  1.525926e+01  1.247866e-01  1.525926e+01  1.247866e-01 
   86405179   6.746425e-01   9.070344e-02   6.746425e-01   9.070344e-02 223200609270123490       7746       5430     0 2454005.559942  1.542732e+01  1.459741e-01  1.542732e+01  1.459741e-01 
   87688158   6.940084e-01   7.059417e-02   6.940084e-01   7.059417e-02 223200610112147440       7545       5616     0 2454020.409236  1.539659e+01  1.104409e-01  1.539659e+01  1.104409e-01 
   87688232   6.911456e-01   7.062055e-02   6.911456e-01   7.062055e-02 223200610112148580       7550       5588     0 2454020.410093  1.540108e+01  1.109398e-01  1.540108e+01  1.109398e-01 
   87688286   6.995153e-01   7.024480e-02   6.995153e-01   7.024480e-02 223200610112149520       7550       5585     0 2454020.410718  1.538801e+01  1.090292e-01  1.538801e+01  1.090292e-01 
   87860503   6.878457e-01   8.147050e-02   6.878457e-01   8.147050e-02 223200610132140170       7509       5638     0 2454022.403970  1.540627e+01  1.285983e-01  1.540627e+01  1.285983e-01 
   87860570   7.680400e-01   8.109913e-02   7.680400e-01   8.109913e-02 223200610132141240       7509       5634     0 2454022.404745  1.528654e+01  1.146458e-01  1.528654e+01  1.146458e-01 
   87860626   7.998726e-01   8.067153e-02   7.998726e-01   8.067153e-02 223200610132142200       7508       5632     0 2454022.405394  1.524245e+01  1.095028e-01  1.524245e+01  1.095028e-01 
   87860686   7.942107e-01   8.038951e-02   7.942107e-01   8.038951e-02 223200610132143190       7508       5629     0 2454022.406088  1.525016e+01  1.098979e-01  1.525016e+01  1.098979e-01 
   88033115   6.843002e-01   7.618185e-02   6.843002e-01   7.618185e-02 223200610152137170       7504       5669     0 2454024.401794  1.541188e+01  1.208734e-01  1.541188e+01  1.208734e-01 
   88033231   6.619913e-01   7.551184e-02   6.619913e-01   7.551184e-02 223200610152139130       7503       5660     0 2454024.403137  1.544787e+01  1.238479e-01  1.544787e+01  1.238479e-01 
   88033290   6.371037e-01   7.572667e-02   6.371037e-01   7.572667e-02 223200610152140120       7503       5656     0 2454024.403819  1.548947e+01  1.290519e-01  1.548947e+01  1.290519e-01 
   88377437   7.516734e-01   7.835743e-02   7.516734e-01   7.835743e-02 223200610192116140       7488       5685     0 2454028.387002  1.530993e+01  1.131819e-01  1.530993e+01  1.131819e-01 
   88377489   7.010045e-01   7.853749e-02   7.010045e-01   7.853749e-02 223200610192117070       7488       5681     0 2454028.387604  1.538570e+01  1.216416e-01  1.538570e+01  1.216416e-01 
   88377636   6.723371e-01   7.961190e-02   6.723371e-01   7.961190e-02 223200610192119340       7482       5699     0 2454028.389306  1.543103e+01  1.285632e-01  1.543103e+01  1.285632e-01 
   88463602   7.149844e-01   7.816140e-02   7.149844e-01   7.816140e-02 223200610202112230       7512       5639     0 2454029.384282  1.536426e+01  1.186920e-01  1.536426e+01  1.186920e-01 
   88463674   7.043572e-01   7.785803e-02   7.043572e-01   7.785803e-02 223200610202113350       7510       5634     0 2454029.385116  1.538052e+01  1.200152e-01  1.538052e+01  1.200152e-01 
   88463737   8.523781e-01   7.857352e-02   8.523781e-01   7.857352e-02 223200610202114380       7509       5632     0 2454029.385845  1.517342e+01  1.000852e-01  1.517342e+01  1.000852e-01 
   88463796   8.020262e-01   7.832733e-02   8.020262e-01   7.832733e-02 223200610202115380       7509       5629     0 2454029.386528  1.523953e+01  1.060353e-01  1.523953e+01  1.060353e-01 
   88551550   8.559144e-01   8.593585e-02   8.559144e-01   8.593585e-02 223200610212138150       7507       5579     0 2454030.402199  1.516892e+01  1.090109e-01  1.516892e+01  1.090109e-01 
   88551682   8.417922e-01   8.450722e-02   8.417922e-01   8.450722e-02 223200610212140270       7503       5569     0 2454030.403727  1.518699e+01  1.089971e-01  1.518699e+01  1.089971e-01 
   88551754   7.855110e-01   8.737500e-02   7.855110e-01   8.737500e-02 223200610212141400       7497       5590     0 2454030.404560  1.526212e+01  1.207705e-01  1.526212e+01  1.207705e-01 
   88637612   9.275113e-01   1.035343e+00   9.275113e-01   1.035343e+00 223200610222132420       7503       5622     0 2454031.398287  1.508170e+01  1.211967e+00  1.508170e+01  1.211967e+00 
   88637685   2.234720e+00   1.281983e+00   2.234720e+00   1.281983e+00 223200610222133550       7504       5592     0 2454031.399132  1.412694e+01  6.228521e-01  1.412694e+01  6.228521e-01 
   88637760   1.622911e+00   1.287066e+00   1.622911e+00   1.287066e+00 223200610222135100       7498       5612     0 2454031.400000  1.447426e+01  8.610569e-01  1.447426e+01  8.610569e-01 
   88640073   1.933091e-01   1.980968e+00   1.933091e-01   1.980968e+00 223200610222213430       7497       5487     0 2454031.426771  1.678437e+01  1.112631e+01  1.678437e+01  1.112631e+01 
   88722102   8.422580e-01   8.117656e-02   8.422580e-01   8.117656e-02 223200610232100550       7496       5670     0 2454032.376181  1.518639e+01  1.046433e-01  1.518639e+01  1.046433e-01 
   88722156   6.986583e-01   8.063138e-02   6.986583e-01   8.063138e-02 223200610232101500       7496       5667     0 2454032.376806  1.538934e+01  1.253040e-01  1.538934e+01  1.253040e-01 
   88722218   7.331222e-01   8.096512e-02   7.331222e-01   8.096512e-02 223200610232102520       7496       5665     0 2454032.377523  1.533706e+01  1.199078e-01  1.533706e+01  1.199078e-01 
   88722285   6.823568e-01   8.112476e-02   6.823568e-01   8.112476e-02 223200610232103590       7496       5662     0 2454032.378299  1.541497e+01  1.290826e-01  1.541497e+01  1.290826e-01 
   88980547   7.025163e-01   9.241913e-02   7.025163e-01   9.241913e-02 223200610262048320       7493       5729     0 2454035.367442  1.538336e+01  1.428339e-01  1.538336e+01  1.428339e-01 
   88980601   7.515373e-01   9.279579e-02   7.515373e-01   9.279579e-02 223200610262049260       7494       5726     0 2454035.368067  1.531012e+01  1.340613e-01  1.531012e+01  1.340613e-01 
   88980661   8.300958e-01   9.321337e-02   8.300958e-01   9.321337e-02 223200610262050270       7494       5723     0 2454035.368762  1.520218e+01  1.219203e-01  1.520218e+01  1.219203e-01 
   88980725   8.532459e-01   9.177174e-02   8.532459e-01   9.177174e-02 223200610262051300       7489       5714     0 2454035.369502  1.517231e+01  1.167779e-01  1.517231e+01  1.167779e-01 
   89066662   9.640961e-01   1.058836e-01   9.640961e-01   1.058836e-01 223200610272043520       7514       5701     0 2454036.364144  1.503970e+01  1.192433e-01  1.503970e+01  1.192433e-01 
   89066725   8.537357e-01   1.061255e-01   8.537357e-01   1.061255e-01 223200610272044550       7514       5698     0 2454036.364873  1.517169e+01  1.349653e-01  1.517169e+01  1.349653e-01 
   89066781   7.790601e-01   1.061947e-01   7.790601e-01   1.061947e-01 223200610272045520       7513       5694     0 2454036.365521  1.527107e+01  1.479987e-01  1.527107e+01  1.479987e-01 
   89066846   8.590975e-01   1.066362e-01   8.590975e-01   1.066362e-01 223200610272046560       7513       5692     0 2454036.366273  1.516489e+01  1.347684e-01  1.516489e+01  1.347684e-01 
   89152994   7.683825e-01   1.361853e-01   7.683825e-01   1.361853e-01 223200610282042490       7503       5678     0 2454037.363356  1.528606e+01  1.924326e-01  1.528606e+01  1.924326e-01 
   89238981   8.309239e-01   1.477789e-01   8.309239e-01   1.477789e-01 223200610292035590       7496       5670     0 2454038.358576  1.520110e+01  1.930976e-01  1.520110e+01  1.930976e-01 
   89239083   7.310465e-01   1.484471e-01   7.310465e-01   1.484471e-01 223200610292037410       7495       5660     0 2454038.359757  1.534014e+01  2.204716e-01  1.534014e+01  2.204716e-01 
   89411357   1.147624e+00   2.400062e-01   1.147624e+00   2.400062e-01 223200610312029020       7489       5671     0 2454040.353669  1.485050e+01  2.270643e-01  1.485050e+01  2.270643e-01 
   89411430   7.724423e-01   2.372576e-01   7.724423e-01   2.372576e-01 223200610312030160       7484       5691     0 2454040.354514  1.528033e+01  3.334877e-01  1.528033e+01  3.334877e-01 
   89411557   1.044803e+00   2.410538e-01   1.044803e+00   2.410538e-01 223200610312032230       7487       5656     0 2454040.355984  1.495241e+01  2.504987e-01  1.495241e+01  2.504987e-01 
   89506215   1.194554e+00   2.487928e-01   1.194554e+00   2.487928e-01 223200611012250050       7415       5294     0 2454041.451563  1.480698e+01  2.261298e-01  1.480698e+01  2.261298e-01 
   89506288   9.479231e-01   2.477666e-01   9.479231e-01   2.477666e-01 223200611012251190       7419       5264     0 2454041.452407  1.505807e+01  2.837889e-01  1.505807e+01  2.837889e-01 
   89506345   1.183704e+00   2.492080e-01   1.183704e+00   2.492080e-01 223200611012252160       7418       5262     0 2454041.453067  1.481689e+01  2.285834e-01  1.481689e+01  2.285834e-01 
   89506407   1.146932e+00   2.523229e-01   1.146932e+00   2.523229e-01 223200611012253170       7417       5259     0 2454041.453785  1.485116e+01  2.388606e-01  1.485116e+01  2.388606e-01 
   89842116   8.992753e-01   3.508411e-01   8.992753e-01   3.508411e-01 223200611052008420       7500       5673     0 2454045.339306  1.511527e+01  4.235880e-01  1.511527e+01  4.235880e-01 
   89842247   8.042051e-01   3.485341e-01   8.042051e-01   3.485341e-01 223200611052010530       7500       5666     0 2454045.340822  1.523658e+01  4.705484e-01  1.523658e+01  4.705484e-01 
   89842306   1.019024e+00   3.474261e-01   1.019024e+00   3.474261e-01 223200611052011520       7500       5663     0 2454045.341505  1.497954e+01  3.701724e-01  1.497954e+01  3.701724e-01 
   89928300   1.042728e+00   2.673258e-01   1.042728e+00   2.673258e-01 223200611062005110       7502       5691     0 2454046.336806  1.495457e+01  2.783529e-01  1.495457e+01  2.783529e-01 
   89928369   1.012584e+00   2.687095e-01   1.012584e+00   2.687095e-01 223200611062006190       7503       5687     0 2454046.337604  1.498642e+01  2.881229e-01  1.498642e+01  2.881229e-01 
   89928487   6.610177e-01   2.654454e-01   6.610177e-01   2.654454e-01 223200611062008180       7503       5682     0 2454046.338970  1.544947e+01  4.360016e-01  1.544947e+01  4.360016e-01 
   90014488   8.232675e-01   1.914843e-01   8.232675e-01   1.914843e-01 223200611072001430       7509       5698     0 2454047.334352  1.521115e+01  2.525330e-01  1.521115e+01  2.525330e-01 
   90014542   1.087017e+00   1.635485e-01   1.087017e+00   1.635485e-01 223200611072002370       7509       5695     0 2454047.334977  1.490941e+01  1.633564e-01  1.490941e+01  1.633564e-01 
   90014631   1.100785e+00   1.549487e-01   1.100785e+00   1.549487e-01 223200611072004050       7504       5716     0 2454047.336007  1.489574e+01  1.528309e-01  1.489574e+01  1.528309e-01 
   90014693   7.087541e-01   1.566567e-01   7.087541e-01   1.566567e-01 223200611072005080       7503       5712     0 2454047.336725  1.537376e+01  2.399823e-01  1.537376e+01  2.399823e-01 
   90272977   6.715587e-01   8.811399e-02   6.715587e-01   8.811399e-02 223200611101950030       7506       5682     0 2454050.326123  1.543229e+01  1.424580e-01  1.543229e+01  1.424580e-01 
   90273031   7.573510e-01   8.832692e-02   7.573510e-01   8.832692e-02 223200611101950570       7507       5679     0 2454050.326748  1.530176e+01  1.266257e-01  1.530176e+01  1.266257e-01 
   90273079   7.114333e-01   9.156673e-02   7.114333e-01   9.156673e-02 223200611101951450       7505       5675     0 2454050.327303  1.536966e+01  1.397428e-01  1.536966e+01  1.397428e-01 
   90273144   7.227261e-01   8.892370e-02   7.227261e-01   8.892370e-02 223200611101952500       7505       5672     0 2454050.328056  1.535257e+01  1.335887e-01  1.535257e+01  1.335887e-01 
   90617654   7.224151e-01   8.452838e-02   7.224151e-01   8.452838e-02 223200611141934560       7495       5703     0 2454054.315440  1.535303e+01  1.270403e-01  1.535303e+01  1.270403e-01 
   90617714   7.895319e-01   8.436874e-02   7.895319e-01   8.436874e-02 223200611141935570       7501       5675     0 2454054.316134  1.525658e+01  1.160213e-01  1.525658e+01  1.160213e-01 
   90617765   7.507582e-01   8.507483e-02   7.507582e-01   8.507483e-02 223200611141936470       7501       5673     0 2454054.316725  1.531125e+01  1.230345e-01  1.531125e+01  1.230345e-01 
   93120192   7.656624e-01   1.962858e-01   7.656624e-01   1.962858e-01 223200612131845380       8166       5515     0 2454083.280000  1.528991e+01  2.783411e-01  1.528991e+01  2.783411e-01 
   93120268   9.155872e-01   1.748401e-01   9.155872e-01   1.748401e-01 223200612131846550       8161       5535     0 2454083.280880  1.509575e+01  2.073324e-01  1.509575e+01  2.073324e-01 
   93293021   8.141728e-01   2.375024e-01   8.141728e-01   2.375024e-01 223200612151846130       8138       5486     0 2454085.280336  1.522321e+01  3.167213e-01  1.522321e+01  3.167213e-01 
   93293129   9.722734e-01   2.104412e-01   9.722734e-01   2.104412e-01 223200612151848010       8137       5481     0 2454085.281586  1.503053e+01  2.350001e-01  1.503053e+01  2.350001e-01 
   93467308   8.305578e-01   9.525147e-02   8.305578e-01   9.525147e-02 223200612171911070       8491       5312     0 2454087.297546  1.520158e+01  1.245167e-01  1.520158e+01  1.245167e-01 
   93467364   7.839705e-01   9.455264e-02   7.839705e-01   9.455264e-02 223200612171912030       8489       5309     0 2454087.298194  1.526425e+01  1.309483e-01  1.526425e+01  1.309483e-01 
   93467424   8.464506e-01   9.368074e-02   8.464506e-01   9.368074e-02 223200612171913020       8488       5306     0 2454087.298889  1.518100e+01  1.201640e-01  1.518100e+01  1.201640e-01 
   93467494   7.928501e-01   9.116428e-02   7.928501e-01   9.116428e-02 223200612171914130       8480       5327     0 2454087.299699  1.525202e+01  1.248416e-01  1.525202e+01  1.248416e-01 
   93556665   7.846501e-01   8.334360e-02   7.846501e-01   8.334360e-02 223200612182000260       7551       5246     0 2454088.331771  1.526331e+01  1.153246e-01  1.526331e+01  1.153246e-01 
   93556723   8.227968e-01   8.376196e-02   8.227968e-01   8.376196e-02 223200612182001250       7550       5244     0 2454088.332442  1.521177e+01  1.105300e-01  1.521177e+01  1.105300e-01 
   93556792   6.058688e-01   8.409026e-02   6.058688e-01   8.409026e-02 223200612182002330       7549       5241     0 2454088.333241  1.554405e+01  1.506930e-01  1.554405e+01  1.506930e-01 
   93556856   7.738995e-01   8.557817e-02   7.738995e-01   8.557817e-02 223200612182003370       7548       5239     0 2454088.333981  1.527829e+01  1.200616e-01  1.527829e+01  1.200616e-01 
   93725365   8.536628e-01   2.089767e-01   8.536628e-01   2.089767e-01 223200612201852110       7610       5402     0 2454090.284317  1.517178e+01  2.657892e-01  1.517178e+01  2.657892e-01 
   93725424   7.680688e-01   1.951893e-01   7.680688e-01   1.951893e-01 223200612201853100       7609       5399     0 2454090.285000  1.528650e+01  2.759191e-01  1.528650e+01  2.759191e-01 
   93725481   7.652941e-01   1.841968e-01   7.652941e-01   1.841968e-01 223200612201854080       7608       5397     0 2454090.285660  1.529043e+01  2.613241e-01  1.529043e+01  2.613241e-01 
   93725543   6.890767e-01   1.724255e-01   6.890767e-01   1.724255e-01 223200612201855100       7608       5394     0 2454090.286377  1.540433e+01  2.716813e-01  1.540433e+01  2.716813e-01 
   94935170   1.306422e+00   3.825212e-01   1.306422e+00   3.825212e-01 223200701031856070       7551       5247     0 2454104.286690  1.470979e+01  3.179053e-01  1.470979e+01  3.179053e-01 
   94935236   9.482979e-01   3.775966e-01   9.482979e-01   3.775966e-01 223200701031857140       7550       5246     0 2454104.287454  1.505764e+01  4.323237e-01  1.505764e+01  4.323237e-01 
   94935294   8.446386e-01   3.735925e-01   8.446386e-01   3.735925e-01 223200701031858120       7550       5244     0 2454104.288125  1.518332e+01  4.802341e-01  1.518332e+01  4.802341e-01 
   94935359   8.196148e-01   3.720343e-01   8.196148e-01   3.720343e-01 223200701031859170       7549       5242     0 2454104.288877  1.521598e+01  4.928321e-01  1.521598e+01  4.928321e-01 
   95021599   1.105619e+00   2.871552e-01   1.105619e+00   2.871552e-01 223200701041856390       7547       5263     0 2454105.287025  1.489099e+01  2.819922e-01  1.489099e+01  2.819922e-01 
   95021671   1.264664e+00   2.706873e-01   1.264664e+00   2.706873e-01 223200701041857500       7551       5236     0 2454105.287859  1.474506e+01  2.323906e-01  1.474506e+01  2.323906e-01 
   95021736   6.073108e-01   2.559334e-01   6.073108e-01   2.559334e-01 223200701041858560       7551       5235     0 2454105.288611  1.554147e+01  4.575534e-01  1.554147e+01  4.575534e-01 
   95021792   1.339869e+00   2.465143e-01   1.339869e+00   2.465143e-01 223200701041859510       7550       5233     0 2454105.289259  1.468234e+01  1.997587e-01  1.468234e+01  1.997587e-01 
   95107956   1.135327e+00   2.352534e-01   1.135327e+00   2.352534e-01 223200701051855570       7524       5227     0 2454106.286528  1.486220e+01  2.249784e-01  1.486220e+01  2.249784e-01 
   95108010   1.019532e+00   2.205436e-01   1.019532e+00   2.205436e-01 223200701051856510       7524       5226     0 2454106.287153  1.497900e+01  2.348658e-01  1.497900e+01  2.348658e-01 
   95280689   1.133287e+00   2.224868e-01   1.133287e+00   2.224868e-01 223200701071854540       7503       5211     0 2454108.285752  1.486415e+01  2.131524e-01  1.486415e+01  2.131524e-01 
   95280818   9.744686e-01   1.881884e-01   9.744686e-01   1.881884e-01 223200701071857030       7521       5235     0 2454108.287245  1.502808e+01  2.096770e-01  1.502808e+01  2.096770e-01 
   95280874   1.127017e+00   1.745277e-01   1.127017e+00   1.745277e-01 223200701071857590       7519       5232     0 2454108.287894  1.487017e+01  1.681357e-01  1.487017e+01  1.681357e-01 
   95280930   9.022712e-01   1.635724e-01   9.022712e-01   1.635724e-01 223200701071858540       7518       5230     0 2454108.288542  1.511166e+01  1.968334e-01  1.511166e+01  1.968334e-01 
   95367152   1.028860e+00   2.497455e-01   1.028860e+00   2.497455e-01 223200701081855580       7505       5201     0 2454109.286481  1.496911e+01  2.635526e-01  1.496911e+01  2.635526e-01 
   95367208   1.017734e+00   2.321602e-01   1.017734e+00   2.321602e-01 223200701081856530       7505       5200     0 2454109.287130  1.498091e+01  2.476734e-01  1.498091e+01  2.476734e-01 
   95367263   9.317788e-01   2.160901e-01   9.317788e-01   2.160901e-01 223200701081857490       7503       5199     0 2454109.287766  1.507672e+01  2.517954e-01  1.507672e+01  2.517954e-01 
   95367319   6.675717e-01   2.027677e-01   6.675717e-01   2.027677e-01 223200701081858450       7503       5197     0 2454109.288414  1.543876e+01  3.297817e-01  1.543876e+01  3.297817e-01 
   95453537   6.408814e-01   2.427019e-01   6.408814e-01   2.427019e-01 223200701091855450       7508       5198     0 2454110.286308  1.548306e+01  4.111699e-01  1.548306e+01  4.111699e-01 
   95453593   8.755226e-01   2.269786e-01   8.755226e-01   2.269786e-01 223200701091856400       7507       5197     0 2454110.286956  1.514433e+01  2.814773e-01  1.514433e+01  2.814773e-01 
   95453647   1.134766e+00   2.127051e-01   1.134766e+00   2.127051e-01 223200701091857350       7506       5196     0 2454110.287581  1.486273e+01  2.035155e-01  1.486273e+01  2.035155e-01 
   95453703   8.873001e-01   1.998970e-01   8.873001e-01   1.998970e-01 223200701091858300       7505       5194     0 2454110.288229  1.512982e+01  2.446029e-01  1.512982e+01  2.446029e-01 
   95539927   7.997496e-01   2.426722e-01   7.997496e-01   2.426722e-01 223200701101855350       7504       5191     0 2454111.286192  1.524261e+01  3.294518e-01  1.524261e+01  3.294518e-01 
   95539981   7.318823e-01   2.272345e-01   7.318823e-01   2.272345e-01 223200701101856300       7504       5190     0 2454111.286817  1.533890e+01  3.371000e-01  1.533890e+01  3.371000e-01 
   95540091   1.080517e+00   1.991421e-01   1.080517e+00   1.991421e-01 223200701101858190       7502       5188     0 2454111.288090  1.491592e+01  2.001048e-01  1.491592e+01  2.001048e-01 
   95626367   1.057116e+00   2.336515e-01   1.057116e+00   2.336515e-01 223200701111856160       7486       5170     0 2454112.286655  1.493969e+01  2.399782e-01  1.493969e+01  2.399782e-01 
   95626421   9.170735e-01   2.179532e-01   9.170735e-01   2.179532e-01 223200701111857110       7485       5169     0 2454112.287280  1.509399e+01  2.580388e-01  1.509399e+01  2.580388e-01 
   95626477   7.963688e-01   2.046826e-01   7.963688e-01   2.046826e-01 223200701111858070       7485       5168     0 2454112.287928  1.524721e+01  2.790568e-01  1.524721e+01  2.790568e-01 
   95712749   1.227776e+00   2.188905e-01   1.227776e+00   2.188905e-01 223200701121856000       7515       5165     0 2454113.286447  1.477720e+01  1.935680e-01  1.477720e+01  1.935680e-01 
   95712803   9.636353e-01   2.065583e-01   9.636353e-01   2.065583e-01 223200701121856550       7514       5164     0 2454113.287072  1.504022e+01  2.327319e-01  1.504022e+01  2.327319e-01 
   95712857   8.428466e-01   1.947479e-01   8.428466e-01   1.947479e-01 223200701121857490       7513       5162     0 2454113.287697  1.518563e+01  2.508707e-01  1.518563e+01  2.508707e-01 
   95799115   8.504943e-01   2.076738e-01   8.504943e-01   2.076738e-01 223200701131855270       7511       5181     0 2454114.286053  1.517582e+01  2.651161e-01  1.517582e+01  2.651161e-01 
   95799169   1.080233e+00   1.956948e-01   1.080233e+00   1.956948e-01 223200701131856210       7511       5179     0 2454114.286678  1.491621e+01  1.966924e-01  1.491621e+01  1.966924e-01 
   95799293   9.327788e-01   1.700540e-01   9.327788e-01   1.700540e-01 223200701131858250       7512       5183     0 2454114.288113  1.507555e+01  1.979402e-01  1.507555e+01  1.979402e-01 
   95799347   1.108298e+00   1.614619e-01   1.108298e+00   1.614619e-01 223200701131859190       7511       5181     0 2454114.288738  1.488836e+01  1.581756e-01  1.488836e+01  1.581756e-01 
   95885585   7.885278e-01   1.949691e-01   7.885278e-01   1.949691e-01 223200701141856390       7506       5159     0 2454115.286863  1.525796e+01  2.684569e-01  1.525796e+01  2.684569e-01 
   95885641   8.331736e-01   1.829607e-01   8.331736e-01   1.829607e-01 223200701141857340       7506       5158     0 2454115.287512  1.519816e+01  2.384231e-01  1.519816e+01  2.384231e-01 
   95885695   8.986935e-01   1.713603e-01   8.986935e-01   1.713603e-01 223200701141858290       7506       5157     0 2454115.288137  1.511597e+01  2.070258e-01  1.511597e+01  2.070258e-01 
  105941757   1.233287e+00   2.600676e-01   1.233287e+00   2.600676e-01 223200705110414520       7487       5992     0 2454231.677743  1.477234e+01  2.289539e-01  1.477234e+01  2.289539e-01 
  105941813   1.239583e+00   2.792023e-01   1.239583e+00   2.792023e-01 223200705110415490       7490       5991     0 2454231.678391  1.476681e+01  2.445508e-01  1.476681e+01  2.445508e-01 
  105941872   9.259935e-01   2.960814e-01   9.259935e-01   2.960814e-01 223200705110416470       7493       5990     0 2454231.679074  1.508348e+01  3.471594e-01  1.508348e+01  3.471594e-01 
  105941927   1.310298e+00   3.156843e-01   1.310298e+00   3.156843e-01 223200705110417430       7494       5990     0 2454231.679711  1.470658e+01  2.615826e-01  1.470658e+01  2.615826e-01 
  106027811   8.809827e-01   1.580649e-01   8.809827e-01   1.580649e-01 223200705120409040       7512       5968     0 2454232.673738  1.513758e+01  1.948023e-01  1.513758e+01  1.948023e-01 
  106027937   9.777076e-01   1.715688e-01   9.777076e-01   1.715688e-01 223200705120411090       7498       5980     0 2454232.675197  1.502448e+01  1.905264e-01  1.502448e+01  1.905264e-01 
  106027991   1.048818e+00   1.791629e-01   1.048818e+00   1.791629e-01 223200705120412040       7501       5980     0 2454232.675822  1.494825e+01  1.854701e-01  1.494825e+01  1.854701e-01 
  106028045   1.125391e+00   1.885670e-01   1.125391e+00   1.885670e-01 223200705120412580       7503       5979     0 2454232.676447  1.487174e+01  1.819232e-01  1.487174e+01  1.819232e-01 
  106114066   1.050818e+00   1.575299e-01   1.050818e+00   1.575299e-01 223200705130406340       7488       5992     0 2454233.672060  1.494618e+01  1.627651e-01  1.494618e+01  1.627651e-01 
  106114120   8.462150e-01   1.622783e-01   8.462150e-01   1.622783e-01 223200705130407290       7491       5991     0 2454233.672685  1.518130e+01  2.082120e-01  1.518130e+01  2.082120e-01 
  106114176   9.855120e-01   1.669011e-01   9.855120e-01   1.669011e-01 223200705130408240       7494       5991     0 2454233.673333  1.501585e+01  1.838752e-01  1.501585e+01  1.838752e-01 
  106114230   7.323994e-01   1.713971e-01   7.323994e-01   1.713971e-01 223200705130409190       7495       5991     0 2454233.673958  1.533813e+01  2.540864e-01  1.533813e+01  2.540864e-01 
  124569522   1.435259e+00   3.110480e-01   1.435259e+00   3.110480e-01 221200712121841060      12607       2771     0 2454447.276875  1.460767e+01  2.353006e-01  1.460767e+01  2.353006e-01 
  124569715   8.570359e-01   2.560337e-01   8.570359e-01   2.560337e-01 223200712121844190       6728       9835     0 2454447.279109  1.516750e+01  3.243575e-01  1.516750e+01  3.243575e-01 
  124571581   2.046778e-02   1.031379e-01   2.046778e-02   1.031379e-01 222200712121915250       9030      25800     0 2454447.300706  1.922232e+01  5.471087e+00  1.922232e+01  5.471087e+00 
  124571645   1.248056e+00   9.218857e-02   1.248056e+00   9.218857e-02 221200712121916280      12559       2898     0 2454447.301447  1.475941e+01  8.019898e-02  1.475941e+01  8.019898e-02 
  124571705   7.302005e-01   7.568906e-02   7.302005e-01   7.568906e-02 223200712121917280       6740       9795     0 2454447.302141  1.534139e+01  1.125426e-01  1.534139e+01  1.125426e-01 
  124572789   4.281817e-01   1.019603e-01   4.281817e-01   1.019603e-01 222200712121935320       9003      25819     0 2454447.314687  1.592093e+01  2.585406e-01  1.592093e+01  2.585406e-01 
  124572980   1.015859e+00   9.125249e-02   1.015859e+00   9.125249e-02 221200712121938430      12599       2967     0 2454447.316898  1.498292e+01  9.752978e-02  1.498292e+01  9.752978e-02 
  124573039   7.068700e-01   7.453506e-02   7.068700e-01   7.453506e-02 223200712121939430       6725       9722     0 2454447.317581  1.537665e+01  1.144846e-01  1.537665e+01  1.144846e-01 
