\OBJNAME = '1SWASP J000501.15-725357.4'
\OBSSTART = '2006-05-11T04:14:48'
\OBSSTOP = '2007-12-12T19:38:43'
\TSTART = 74405752
\TSTOP = 124572982
\JD_REF = 2453005.5
\RA_OBJ = '1.254803'
\DEC_OBJ = '-72.8993'
\WASP_MAG = 10.37047
\HJD_START = 2453866.677685
\HJD_STOP = 2454447.316921
\fixlen = T
\NUMRECORDS = 368
\
\ This file was produced by the NASA Exoplanet Archive  http://exoplanetarchive.ipac.caltech.edu 
\ Sat Sep 14, 00:21:47 2013
\ Documentation for the SuperWASP dataset can be found at http://exoplanetarchive.ipac.caltech.edu/docs/SuperWASPMission.html
\
|TMID      |FLUX2         |FLUX2_ERR     |TAMFLUX2      |TAMFLUX2_ERR  |IMAGEID           |CCDX      |CCDY      |FLAG |           HJD|         MAG2|     MAG2_ERR|      TAMMAG2|  TAMMAG2_ERR|
|int       |float         |float         |float         |float         |char              |int       |int       |int  |        double|        float|        float|        float|        float|
|sec       |micro Vega    |micro Vega    |micro Vega    |micro Vega    |                  |1/16 pixel|1/16 pixel|     |           day|          mag|          mag|          mag|          mag|
|null      |null          |null          |null          |null          |null              |null      |null      |null |          null|         null|         null|         null|         null|
   74405752   7.272305e+01   3.157711e-01   7.272305e+01   3.157711e-01 223200605110414480       7392       5459     0 2453866.677685  1.034582e+01  4.714397e-03  1.034582e+01  4.714397e-03 
   74405805   7.322620e+01   3.324545e-01   7.322620e+01   3.324545e-01 223200605110415410       7397       5456     0 2453866.678299  1.033833e+01  4.929373e-03  1.033833e+01  4.929373e-03 
   74405889   7.372231e+01   3.566961e-01   7.372231e+01   3.566961e-01 223200605110417040       7402       5454     0 2453866.679271  1.033100e+01  5.253217e-03  1.033100e+01  5.253217e-03 
   74405954   7.316018e+01   3.839710e-01   7.316018e+01   3.839710e-01 223200605110418100       7411       5429     0 2453866.680023  1.033931e+01  5.698355e-03  1.033931e+01  5.698355e-03 
   74491865   7.860197e+01   3.570746e-01   7.860197e+01   3.570746e-01 223200605120409570       7416       5390     0 2453867.674363  1.026142e+01  4.932322e-03  1.026142e+01  4.932322e-03 
   74492003   7.912809e+01   3.665403e-01   7.912809e+01   3.665403e-01 223200605120412150       7425       5386     0 2453867.675961  1.025417e+01  5.029408e-03  1.025417e+01  5.029408e-03 
   74492056   7.830956e+01   3.752874e-01   7.830956e+01   3.752874e-01 223200605120413070       7428       5385     0 2453867.676574  1.026546e+01  5.203255e-03  1.026546e+01  5.203255e-03 
   74750388   7.205900e+01   4.118381e-01   7.205900e+01   4.118381e-01 223200605150358270       7413       5393     0 2453870.666528  1.035578e+01  6.205319e-03  1.035578e+01  6.205319e-03 
   74750448   7.250956e+01   4.132209e-01   7.250956e+01   4.132209e-01 223200605150359270       7417       5388     0 2453870.667222  1.034901e+01  6.187467e-03  1.034901e+01  6.187467e-03 
   74750502   7.245708e+01   4.097983e-01   7.245708e+01   4.097983e-01 223200605150400210       7422       5388     0 2453870.667847  1.034980e+01  6.140661e-03  1.034980e+01  6.140661e-03 
   74750561   7.223586e+01   4.106806e-01   7.223586e+01   4.106806e-01 223200605150401200       7424       5387     0 2453870.668530  1.035312e+01  6.172729e-03  1.035312e+01  6.172729e-03 
   75613648   7.049296e+01   2.652052e-01   7.049296e+01   2.652052e-01 223200605250345300       7489       5403     0 2453880.657963  1.037964e+01  4.084719e-03  1.037964e+01  4.084719e-03 
   75613711   7.069551e+01   2.646845e-01   7.069551e+01   2.646845e-01 223200605250346340       7500       5376     0 2453880.658692  1.037652e+01  4.065018e-03  1.037652e+01  4.065018e-03 
   75613769   7.032181e+01   2.631998e-01   7.032181e+01   2.631998e-01 223200605250347310       7503       5374     0 2453880.659363  1.038227e+01  4.063697e-03  1.038227e+01  4.063697e-03 
   75613837   7.094635e+01   2.659244e-01   7.094635e+01   2.659244e-01 223200605250348400       7499       5396     0 2453880.660150  1.037267e+01  4.069621e-03  1.037267e+01  4.069621e-03 
   75700103   7.151288e+01   2.657891e-01   7.151288e+01   2.657891e-01 223200605260346210       7509       5393     0 2453881.658600  1.036404e+01  4.035327e-03  1.036404e+01  4.035327e-03 
   75700166   7.114479e+01   2.636719e-01   7.114479e+01   2.636719e-01 223200605260347250       7517       5363     0 2453881.659329  1.036964e+01  4.023895e-03  1.036964e+01  4.023895e-03 
   75700233   7.033769e+01   2.634822e-01   7.033769e+01   2.634822e-01 223200605260348310       7515       5386     0 2453881.660104  1.038203e+01  4.067139e-03  1.038203e+01  4.067139e-03 
   75700302   7.103783e+01   2.625755e-01   7.103783e+01   2.625755e-01 223200605260349400       7522       5357     0 2453881.660903  1.037128e+01  4.013196e-03  1.037128e+01  4.013196e-03 
   76132323   7.068284e+01   2.485423e-01   7.068284e+01   2.485423e-01 223200605310349440       7572       5365     0 2453886.661146  1.037671e+01  3.817791e-03  1.037671e+01  3.817791e-03 
   76132390   7.013116e+01   2.476433e-01   7.013116e+01   2.476433e-01 223200605310350510       7580       5335     0 2453886.661921  1.038522e+01  3.833906e-03  1.038522e+01  3.833906e-03 
   76132439   7.081392e+01   2.487655e-01   7.081392e+01   2.487655e-01 223200605310351390       7581       5334     0 2453886.662488  1.037470e+01  3.814146e-03  1.037470e+01  3.814146e-03 
   76132501   6.994073e+01   2.467260e-01   6.994073e+01   2.467260e-01 223200605310352410       7584       5333     0 2453886.663206  1.038817e+01  3.830104e-03  1.038817e+01  3.830104e-03 
   76218793   6.994061e+01   2.484015e-01   6.994061e+01   2.484015e-01 223200606010350510       7591       5327     0 2453887.661956  1.038818e+01  3.856122e-03  1.038818e+01  3.856122e-03 
   76218861   7.040092e+01   2.488538e-01   7.040092e+01   2.488538e-01 223200606010351580       7590       5348     0 2453887.662743  1.038105e+01  3.837883e-03  1.038105e+01  3.837883e-03 
   76218931   7.112698e+01   2.497944e-01   7.112698e+01   2.497944e-01 223200606010353090       7593       5347     0 2453887.663553  1.036991e+01  3.813064e-03  1.036991e+01  3.813064e-03 
   76219017   7.071445e+01   2.494124e-01   7.071445e+01   2.494124e-01 223200606010354350       7601       5320     0 2453887.664549  1.037623e+01  3.829443e-03  1.037623e+01  3.829443e-03 
   76478199   6.993326e+01   2.594458e-01   6.993326e+01   2.594458e-01 223200606040354060       7602       5319     0 2453890.664340  1.038829e+01  4.027993e-03  1.038829e+01  4.027993e-03 
   76478272   7.054066e+01   2.597131e-01   7.054066e+01   2.597131e-01 223200606040355190       7601       5341     0 2453890.665185  1.037890e+01  3.997425e-03  1.037890e+01  3.997425e-03 
   76478348   7.151060e+01   2.622469e-01   7.151060e+01   2.622469e-01 223200606040356360       7609       5311     0 2453890.666065  1.036407e+01  3.981675e-03  1.036407e+01  3.981675e-03 
   76478401   7.038696e+01   2.598680e-01   7.038696e+01   2.598680e-01 223200606040357280       7611       5309     0 2453890.666678  1.038127e+01  4.008542e-03  1.038127e+01  4.008542e-03 
   76564542   6.513229e+01   4.447551e-01   6.513229e+01   4.447551e-01 223200606050353060       7628       5303     0 2453891.663681  1.046551e+01  7.413962e-03  1.046551e+01  7.413962e-03 
   76564601   6.243154e+01   4.314228e-01   6.243154e+01   4.314228e-01 223200606050354050       7633       5303     0 2453891.664363  1.051149e+01  7.502825e-03  1.051149e+01  7.502825e-03 
   76564661   6.931975e+01   4.457204e-01   6.931975e+01   4.457204e-01 223200606050355050       7635       5300     0 2453891.665058  1.039786e+01  6.981220e-03  1.039786e+01  6.981220e-03 
   76564719   7.622348e+01   4.354707e-01   7.622348e+01   4.354707e-01 223200606050356020       7637       5299     0 2453891.665729  1.029478e+01  6.202918e-03  1.029478e+01  6.202918e-03 
   76650913   7.029327e+01   2.604296e-01   7.029327e+01   2.604296e-01 223200606060352330       7617       5300     0 2453892.663345  1.038272e+01  4.022560e-03  1.038272e+01  4.022560e-03 
   76651047   7.046078e+01   2.650500e-01   7.046078e+01   2.650500e-01 223200606060354480       7624       5299     0 2453892.664896  1.038013e+01  4.084192e-03  1.038013e+01  4.084192e-03 
   76651103   7.042052e+01   2.626868e-01   7.042052e+01   2.626868e-01 223200606060355430       7626       5296     0 2453892.665544  1.038075e+01  4.050092e-03  1.038075e+01  4.050092e-03 
   76651179   7.007308e+01   2.620086e-01   7.007308e+01   2.620086e-01 223200606060357000       7623       5318     0 2453892.666424  1.038612e+01  4.059664e-03  1.038612e+01  4.059664e-03 
   76737407   7.040634e+01   2.623389e-01   7.040634e+01   2.623389e-01 223200606070354040       7627       5303     0 2453893.664433  1.038097e+01  4.045542e-03  1.038097e+01  4.045542e-03 
   76737460   7.039990e+01   2.594568e-01   7.039990e+01   2.594568e-01 223200606070354570       7630       5300     0 2453893.665046  1.038107e+01  4.001463e-03  1.038107e+01  4.001463e-03 
   76737515   7.047139e+01   2.583156e-01   7.047139e+01   2.583156e-01 223200606070355530       7631       5298     0 2453893.665683  1.037997e+01  3.979822e-03  1.037997e+01  3.979822e-03 
   76737571   7.025881e+01   2.584349e-01   7.025881e+01   2.584349e-01 223200606070356480       7633       5297     0 2453893.666331  1.038325e+01  3.993707e-03  1.038325e+01  3.993707e-03 
   76823797   7.013224e+01   2.535854e-01   7.013224e+01   2.535854e-01 223200606080353510       7653       5302     0 2453894.664317  1.038521e+01  3.925838e-03  1.038521e+01  3.925838e-03 
   76823856   7.059245e+01   2.545049e-01   7.059245e+01   2.545049e-01 223200606080354510       7657       5298     0 2453894.665000  1.037810e+01  3.914386e-03  1.037810e+01  3.914386e-03 
   76823915   7.076389e+01   2.545453e-01   7.076389e+01   2.545453e-01 223200606080355500       7659       5297     0 2453894.665683  1.037547e+01  3.905523e-03  1.037547e+01  3.905523e-03 
   76824001   7.058620e+01   2.544443e-01   7.058620e+01   2.544443e-01 223200606080357160       7656       5318     0 2453894.666678  1.037820e+01  3.913802e-03  1.037820e+01  3.913802e-03 
   76910223   7.047849e+01   2.582655e-01   7.047849e+01   2.582655e-01 223200606090354140       7649       5288     0 2453895.664618  1.037986e+01  3.978649e-03  1.037986e+01  3.978649e-03 
   76910277   7.083300e+01   2.597318e-01   7.083300e+01   2.597318e-01 223200606090355080       7652       5287     0 2453895.665243  1.037441e+01  3.981213e-03  1.037441e+01  3.981213e-03 
   76910361   7.104467e+01   2.611965e-01   7.104467e+01   2.611965e-01 223200606090356320       7649       5307     0 2453895.666215  1.037117e+01  3.991735e-03  1.037117e+01  3.991735e-03 
   76910433   7.025883e+01   2.578798e-01   7.025883e+01   2.578798e-01 223200606090357440       7656       5281     0 2453895.667049  1.038325e+01  3.985127e-03  1.038325e+01  3.985127e-03 
   76996578   6.984343e+01   3.090070e-01   6.984343e+01   3.090070e-01 223200606100353270       7654       5289     0 2453896.664097  1.038969e+01  4.803619e-03  1.038969e+01  4.803619e-03 
   76996643   6.909659e+01   3.059177e-01   6.909659e+01   3.059177e-01 223200606100354320       7658       5285     0 2453896.664850  1.040136e+01  4.806998e-03  1.040136e+01  4.806998e-03 
   76996704   6.986938e+01   3.042991e-01   6.986938e+01   3.042991e-01 223200606100355320       7660       5284     0 2453896.665556  1.038928e+01  4.728676e-03  1.038928e+01  4.728676e-03 
   76996759   6.945257e+01   3.005011e-01   6.945257e+01   3.005011e-01 223200606100356270       7662       5282     0 2453896.666192  1.039578e+01  4.697681e-03  1.039578e+01  4.697681e-03 
   77082998   7.182957e+01   4.360543e-01   7.182957e+01   4.360543e-01 223200606110353440       7667       5278     0 2453897.664329  1.035924e+01  6.591179e-03  1.035924e+01  6.591179e-03 
   77083075   7.147024e+01   4.353442e-01   7.147024e+01   4.353442e-01 223200606110355000       7666       5299     0 2453897.665220  1.036469e+01  6.613530e-03  1.036469e+01  6.613530e-03 
   77083156   7.095049e+01   4.355836e-01   7.095049e+01   4.355836e-01 223200606110356210       7673       5272     0 2453897.666157  1.037261e+01  6.665641e-03  1.037261e+01  6.665641e-03 
   77083210   7.208425e+01   4.376191e-01   7.208425e+01   4.376191e-01 223200606110357160       7675       5270     0 2453897.666782  1.035540e+01  6.591462e-03  1.035540e+01  6.591462e-03 
   77169264   7.134528e+01   5.087763e-01   7.134528e+01   5.087763e-01 223200606120351270       7665       5296     0 2453898.662778  1.036659e+01  7.742611e-03  1.036659e+01  7.742611e-03 
   77169326   7.015775e+01   5.145867e-01   7.015775e+01   5.145867e-01 223200606120352290       7673       5270     0 2453898.663495  1.038481e+01  7.963588e-03  1.038481e+01  7.963588e-03 
   77169384   7.135319e+01   5.122439e-01   7.135319e+01   5.122439e-01 223200606120353260       7675       5267     0 2453898.664167  1.036647e+01  7.794518e-03  1.036647e+01  7.794518e-03 
   77169444   7.027924e+01   5.064080e-01   7.027924e+01   5.064080e-01 223200606120354260       7677       5264     0 2453898.664861  1.038293e+01  7.823469e-03  1.038293e+01  7.823469e-03 
   77514755   7.776384e+01   2.869735e+00   7.776384e+01   2.869735e+00 223200606160349260       7678       5234     0 2453902.661516  1.027306e+01  4.006730e-02  1.027306e+01  4.006730e-02 
   77601375   6.779649e+01   2.860602e-01   6.779649e+01   2.860602e-01 223200606170353030       7690       5220     0 2453903.664062  1.042198e+01  4.581167e-03  1.042198e+01  4.581167e-03 
   77601445   6.924775e+01   2.874074e-01   6.924775e+01   2.874074e-01 223200606170354120       7687       5242     0 2453903.664873  1.039899e+01  4.506280e-03  1.039899e+01  4.506280e-03 
   77601515   6.864600e+01   2.854971e-01   6.864600e+01   2.854971e-01 223200606170355220       7688       5240     0 2453903.665683  1.040846e+01  4.515567e-03  1.040846e+01  4.515567e-03 
   77601572   6.976086e+01   2.848276e-01   6.976086e+01   2.848276e-01 223200606170356190       7694       5214     0 2453903.666343  1.039097e+01  4.432982e-03  1.039097e+01  4.432982e-03 
   77687718   6.946417e+01   2.692072e-01   6.946417e+01   2.692072e-01 223200606180352030       7710       5214     0 2453904.663403  1.039560e+01  4.207766e-03  1.039560e+01  4.207766e-03 
   77687761   6.840231e+01   2.680303e-01   6.840231e+01   2.680303e-01 223200606180352470       7711       5212     0 2453904.663900  1.041232e+01  4.254407e-03  1.041232e+01  4.254407e-03 
   77687829   6.931169e+01   2.696859e-01   6.931169e+01   2.696859e-01 223200606180353550       7713       5211     0 2453904.664687  1.039798e+01  4.224522e-03  1.039798e+01  4.224522e-03 
   77687880   6.952055e+01   2.703876e-01   6.952055e+01   2.703876e-01 223200606180354460       7713       5209     0 2453904.665278  1.039472e+01  4.222789e-03  1.039472e+01  4.222789e-03 
   77774355   6.983532e+01   2.591411e-01   6.983532e+01   2.591411e-01 223200606190355570       7755       5195     0 2453905.666146  1.038981e+01  4.028904e-03  1.038981e+01  4.028904e-03 
   77774411   7.078094e+01   2.602368e-01   7.078094e+01   2.602368e-01 223200606190356530       7755       5195     0 2453905.666794  1.037521e+01  3.991886e-03  1.037521e+01  3.991886e-03 
   77774473   7.080011e+01   2.602099e-01   7.080011e+01   2.602099e-01 223200606190357560       7755       5194     0 2453905.667512  1.037492e+01  3.990394e-03  1.037492e+01  3.990394e-03 
   77774538   7.071307e+01   2.595518e-01   7.071307e+01   2.595518e-01 223200606190359000       7749       5218     0 2453905.668264  1.037625e+01  3.985200e-03  1.037625e+01  3.985200e-03 
   77860769   6.931845e+01   2.494254e-01   6.931845e+01   2.494254e-01 223200606200356080       7739       5189     0 2453906.666308  1.039788e+01  3.906768e-03  1.039788e+01  3.906768e-03 
   77860828   6.990089e+01   2.500243e-01   6.990089e+01   2.500243e-01 223200606200357080       7740       5188     0 2453906.666991  1.038879e+01  3.883519e-03  1.038879e+01  3.883519e-03 
   77860892   6.953719e+01   2.494466e-01   6.953719e+01   2.494466e-01 223200606200358110       7739       5189     0 2453906.667731  1.039446e+01  3.894809e-03  1.039446e+01  3.894809e-03 
   77860957   6.975552e+01   2.497345e-01   6.975552e+01   2.497345e-01 223200606200359170       7733       5214     0 2453906.668484  1.039105e+01  3.887100e-03  1.039105e+01  3.887100e-03 
   77947079   6.968804e+01   2.617466e-01   6.968804e+01   2.617466e-01 223200606210354360       7734       5188     0 2453907.665266  1.039210e+01  4.078012e-03  1.039210e+01  4.078012e-03 
   77947133   6.977888e+01   2.615950e-01   6.977888e+01   2.615950e-01 223200606210355300       7734       5189     0 2453907.665891  1.039069e+01  4.070345e-03  1.039069e+01  4.070345e-03 
   77947211   6.991128e+01   2.611607e-01   6.991128e+01   2.611607e-01 223200606210356480       7729       5213     0 2453907.666794  1.038863e+01  4.055893e-03  1.038863e+01  4.055893e-03 
   77947278   7.038912e+01   2.627501e-01   7.038912e+01   2.627501e-01 223200606210357550       7734       5189     0 2453907.667569  1.038124e+01  4.052875e-03  1.038124e+01  4.052875e-03 
   78119989   7.191362e+01   2.699655e-01   7.191362e+01   2.699655e-01 223200606230356210       7725       5168     0 2453909.666539  1.035797e+01  4.075894e-03  1.035797e+01  4.075894e-03 
   78120043   7.253134e+01   2.713418e-01   7.253134e+01   2.713418e-01 223200606230357150       7724       5170     0 2453909.667164  1.034869e+01  4.061784e-03  1.034869e+01  4.061784e-03 
   78120191   7.188850e+01   2.720564e-01   7.188850e+01   2.720564e-01 223200606230359440       7721       5178     0 2453909.668877  1.035835e+01  4.108897e-03  1.035835e+01  4.108897e-03 
   78120253   7.184902e+01   2.715527e-01   7.184902e+01   2.715527e-01 223200606230400460       7724       5156     0 2453909.669595  1.035895e+01  4.103545e-03  1.035895e+01  4.103545e-03 
   78206448   6.907985e+01   2.510402e-01   6.907985e+01   2.510402e-01 223200606240357190       7743       5154     0 2453910.667222  1.040162e+01  3.945642e-03  1.040162e+01  3.945642e-03 
   78206507   6.932201e+01   2.515094e-01   6.932201e+01   2.515094e-01 223200606240358180       7741       5158     0 2453910.667905  1.039782e+01  3.939208e-03  1.039782e+01  3.939208e-03 
   78206582   6.879211e+01   2.498837e-01   6.879211e+01   2.498837e-01 223200606240359320       7731       5187     0 2453910.668773  1.040615e+01  3.943893e-03  1.040615e+01  3.943893e-03 
   78206641   6.936658e+01   2.520588e-01   6.936658e+01   2.520588e-01 223200606240400310       7727       5172     0 2453910.669456  1.039712e+01  3.945277e-03  1.039712e+01  3.945277e-03 
   78292888   6.776221e+01   2.452058e-01   6.776221e+01   2.452058e-01 223200606250357560       7745       5137     0 2453911.667685  1.042253e+01  3.928883e-03  1.042253e+01  3.928883e-03 
   78292942   6.820586e+01   2.455541e-01   6.820586e+01   2.455541e-01 223200606250358490       7739       5145     0 2453911.668310  1.041545e+01  3.908871e-03  1.041545e+01  3.908871e-03 
   78292993   6.831346e+01   2.460915e-01   6.831346e+01   2.460915e-01 223200606250359400       7729       5158     0 2453911.668900  1.041373e+01  3.911256e-03  1.041373e+01  3.911256e-03 
   78293055   6.870100e+01   2.469568e-01   6.870100e+01   2.469568e-01 223200606250400430       7729       5157     0 2453911.669618  1.040759e+01  3.902866e-03  1.040759e+01  3.902866e-03 
   78724956   7.145174e+01   2.636378e-01   7.145174e+01   2.636378e-01 223200606300358520       7751       5140     0 2453916.668472  1.036497e+01  4.006090e-03  1.036497e+01  4.006090e-03 
   78725033   7.193371e+01   2.638332e-01   7.193371e+01   2.638332e-01 223200606300400090       7759       5112     0 2453916.669363  1.035767e+01  3.982198e-03  1.035767e+01  3.982198e-03 
   78725080   7.140327e+01   2.630175e-01   7.140327e+01   2.630175e-01 223200606300400570       7759       5110     0 2453916.669907  1.036570e+01  3.999377e-03  1.036570e+01  3.999377e-03 
   78725144   7.074094e+01   2.615839e-01   7.074094e+01   2.615839e-01 223200606300402000       7760       5108     0 2453916.670648  1.037582e+01  4.014820e-03  1.037582e+01  4.014820e-03 
   78811392   7.074123e+01   2.692081e-01   7.074123e+01   2.692081e-01 223200607010359260       7752       5105     0 2453917.668889  1.037582e+01  4.131820e-03  1.037582e+01  4.131820e-03 
   78811471   7.082196e+01   2.701605e-01   7.082196e+01   2.701605e-01 223200607010400450       7749       5127     0 2453917.669803  1.037458e+01  4.141710e-03  1.037458e+01  4.141710e-03 
   78811536   7.211021e+01   2.710091e-01   7.211021e+01   2.710091e-01 223200607010401510       7754       5100     0 2453917.670556  1.035501e+01  4.080495e-03  1.035501e+01  4.080495e-03 
   78811587   7.017020e+01   2.679797e-01   7.017020e+01   2.679797e-01 223200607010402420       7755       5098     0 2453917.671146  1.038462e+01  4.146437e-03  1.038462e+01  4.146437e-03 
   78897862   1.033486e+02   7.974545e-01   1.033486e+02   7.974545e-01 223200607020400340       7764       5093     0 2453918.669699  9.964239e+00  8.377748e-03  9.964239e+00  8.377748e-03 
   78897916   4.261082e+01   4.027818e-01   4.261082e+01   4.027818e-01 223200607020401280       7764       5091     0 2453918.670324  1.092620e+01  1.026303e-02  1.092620e+01  1.026303e-02 
   78984204   7.011979e+01   2.612319e-01   7.011979e+01   2.612319e-01 223200607030359350       7770       5081     0 2453919.669028  1.038540e+01  4.044934e-03  1.038540e+01  4.044934e-03 
   78984258   7.017602e+01   2.600776e-01   7.017602e+01   2.600776e-01 223200607030400290       7773       5079     0 2453919.669653  1.038453e+01  4.023834e-03  1.038453e+01  4.023834e-03 
   78984316   7.065748e+01   2.601734e-01   7.065748e+01   2.601734e-01 223200607030401270       7773       5077     0 2453919.670324  1.037710e+01  3.997887e-03  1.037710e+01  3.997887e-03 
   78984371   7.091362e+01   2.609897e-01   7.091362e+01   2.609897e-01 223200607030402220       7774       5075     0 2453919.670961  1.037318e+01  3.995945e-03  1.037318e+01  3.995945e-03 
   79070528   7.229213e+01   2.614304e-01   7.229213e+01   2.614304e-01 223200607040358180       7767       5060     0 2453920.668148  1.035227e+01  3.926367e-03  1.035227e+01  3.926367e-03 
   79070574   7.202261e+01   2.611862e-01   7.202261e+01   2.611862e-01 223200607040359040       7768       5059     0 2453920.668681  1.035633e+01  3.937380e-03  1.035633e+01  3.937380e-03 
   79070640   7.249023e+01   2.625188e-01   7.249023e+01   2.625188e-01 223200607040400090       7769       5057     0 2453920.669444  1.034930e+01  3.931939e-03  1.034930e+01  3.931939e-03 
   79070692   7.259627e+01   2.622080e-01   7.259627e+01   2.622080e-01 223200607040401020       7770       5055     0 2453920.670046  1.034771e+01  3.921548e-03  1.034771e+01  3.921548e-03 
   79415957   7.118647e+01   2.627907e-01   7.118647e+01   2.627907e-01 223200607080355190       7765       5045     0 2453924.666169  1.036901e+01  4.008099e-03  1.036901e+01  4.008099e-03 
   79416114   7.077267e+01   2.618625e-01   7.077267e+01   2.618625e-01 223200607080357570       7766       5067     0 2453924.667986  1.037534e+01  4.017294e-03  1.037534e+01  4.017294e-03 
   79416181   7.068388e+01   2.602746e-01   7.068388e+01   2.602746e-01 223200607080359030       7772       5039     0 2453924.668762  1.037670e+01  3.997948e-03  1.037670e+01  3.997948e-03 
   79416239   7.078771e+01   2.607702e-01   7.078771e+01   2.607702e-01 223200607080400010       7773       5037     0 2453924.669433  1.037510e+01  3.999686e-03  1.037510e+01  3.999686e-03 
   79502444   7.129546e+01   2.799867e-01   7.129546e+01   2.799867e-01 223200607090356460       7777       5038     0 2453925.667176  1.036734e+01  4.263844e-03  1.036734e+01  4.263844e-03 
   79502496   7.077972e+01   2.789742e-01   7.077972e+01   2.789742e-01 223200607090357380       7777       5036     0 2453925.667778  1.037523e+01  4.279382e-03  1.037523e+01  4.279382e-03 
   79502565   7.067966e+01   2.777818e-01   7.067966e+01   2.777818e-01 223200607090358470       7778       5033     0 2453925.668576  1.037676e+01  4.267123e-03  1.037676e+01  4.267123e-03 
   79502719   7.041274e+01   2.768549e-01   7.041274e+01   2.768549e-01 223200607090401200       7775       5016     0 2453925.670359  1.038087e+01  4.269007e-03  1.038087e+01  4.269007e-03 
   80278197   7.124692e+01   2.938618e-01   7.124692e+01   2.938618e-01 223200607180325470       7807       4995     0 2453934.645799  1.036808e+01  4.478194e-03  1.036808e+01  4.478194e-03 
   80278259   7.081305e+01   2.937537e-01   7.081305e+01   2.937537e-01 223200607180326500       7812       4967     0 2453934.646516  1.037472e+01  4.503975e-03  1.037472e+01  4.503975e-03 
   80278334   7.923982e+01   3.348125e-01   7.923982e+01   3.348125e-01 223200607180328050       7806       4990     0 2453934.647384  1.025264e+01  4.587583e-03  1.025264e+01  4.587583e-03 
   80278412   5.834370e+01   3.629549e-01   5.834370e+01   3.629549e-01 223200607180329220       7812       4963     0 2453934.648287  1.058502e+01  6.754366e-03  1.058502e+01  6.754366e-03 
   80364289   7.149344e+01   2.697206e-01   7.149344e+01   2.697206e-01 223200607190320380       7804       4978     0 2453935.642234  1.036433e+01  4.096131e-03  1.036433e+01  4.096131e-03 
   80364345   7.093188e+01   2.685053e-01   7.093188e+01   2.685053e-01 223200607190321350       7804       4977     0 2453935.642882  1.037290e+01  4.109957e-03  1.037290e+01  4.109957e-03 
   80364405   7.075224e+01   2.679222e-01   7.075224e+01   2.679222e-01 223200607190322340       7804       4975     0 2453935.643576  1.037565e+01  4.111444e-03  1.037565e+01  4.111444e-03 
   80364466   7.098275e+01   2.682943e-01   7.098275e+01   2.682943e-01 223200607190323360       7805       4974     0 2453935.644282  1.037212e+01  4.103784e-03  1.037212e+01  4.103784e-03 
   80450504   7.092873e+01   2.597810e-01   7.092873e+01   2.597810e-01 223200607200317340       7808       4970     0 2453936.640093  1.037294e+01  3.976593e-03  1.037294e+01  3.976593e-03 
   80450565   7.125327e+01   2.603999e-01   7.125327e+01   2.603999e-01 223200607200318350       7808       4968     0 2453936.640799  1.036799e+01  3.967911e-03  1.036799e+01  3.967911e-03 
   80450629   7.060432e+01   2.593339e-01   7.060432e+01   2.593339e-01 223200607200319380       7808       4966     0 2453936.641539  1.037792e+01  3.987988e-03  1.037792e+01  3.987988e-03 
   80450686   7.048573e+01   2.588532e-01   7.048573e+01   2.588532e-01 223200607200320360       7808       4964     0 2453936.642199  1.037975e+01  3.987293e-03  1.037975e+01  3.987293e-03 
   80967436   7.013371e+01   2.588570e-01   7.013371e+01   2.588570e-01 223200607260253020       7767       5005     0 2453942.623102  1.038518e+01  4.007366e-03  1.038518e+01  4.007366e-03 
   80967495   6.969984e+01   2.567200e-01   6.969984e+01   2.567200e-01 223200607260254000       7768       5003     0 2453942.623785  1.039192e+01  3.999022e-03  1.039192e+01  3.999022e-03 
   80967555   6.976746e+01   2.563234e-01   6.976746e+01   2.563234e-01 223200607260255010       7769       5001     0 2453942.624479  1.039087e+01  3.988973e-03  1.039087e+01  3.988973e-03 
   80967611   6.972377e+01   2.562020e-01   6.972377e+01   2.562020e-01 223200607260255560       7770       4999     0 2453942.625127  1.039155e+01  3.989584e-03  1.039155e+01  3.989584e-03 
   81053656   7.037938e+01   2.671549e-01   7.037938e+01   2.671549e-01 223200607270250020       7764       5001     0 2453943.621019  1.038139e+01  4.121388e-03  1.038139e+01  4.121388e-03 
   81053718   7.177031e+01   2.750019e-01   7.177031e+01   2.750019e-01 223200607270251040       7764       4999     0 2453943.621736  1.036014e+01  4.160224e-03  1.036014e+01  4.160224e-03 
   81053774   6.912509e+01   2.667834e-01   6.912509e+01   2.667834e-01 223200607270251590       7765       4997     0 2453943.622384  1.040091e+01  4.190337e-03  1.040091e+01  4.190337e-03 
   81053836   7.033958e+01   2.657573e-01   7.033958e+01   2.657573e-01 223200607270253010       7766       4994     0 2453943.623102  1.038200e+01  4.102148e-03  1.038200e+01  4.102148e-03 
   81139833   1.555197e+02   2.222015e+00   1.555197e+02   2.222015e+00 223200607280246190       7781       4993     0 2453944.618438  9.520536e+00  1.551269e-02  9.520536e+00  1.551269e-02 
   81139892   1.343254e+02   3.482081e+00   1.343254e+02   3.482081e+00 223200607280247170       7781       4990     0 2453944.619120  9.679605e+00  2.814534e-02  9.679605e+00  2.814534e-02 
   81139946   1.512809e+02   2.351167e+00   1.512809e+02   2.351167e+00 223200607280248110       7782       4989     0 2453944.619745  9.550540e+00  1.687428e-02  9.550540e+00  1.687428e-02 
   82346068   7.086755e+01   4.462844e-01   7.086755e+01   4.462844e-01 223200608110150170       7776       5033     0 2453958.579491  1.037388e+01  6.837386e-03  1.037388e+01  6.837386e-03 
   82346124   7.084048e+01   4.472510e-01   7.084048e+01   4.472510e-01 223200608110151120       7779       5031     0 2453958.580139  1.037430e+01  6.854814e-03  1.037430e+01  6.854814e-03 
   82346179   7.040472e+01   4.458375e-01   7.040472e+01   4.458375e-01 223200608110152070       7779       5027     0 2453958.580775  1.038100e+01  6.875443e-03  1.038100e+01  6.875443e-03 
   82346238   7.029496e+01   4.431842e-01   7.029496e+01   4.431842e-01 223200608110153070       7780       5026     0 2453958.581458  1.038269e+01  6.845197e-03  1.038269e+01  6.845197e-03 
   82518423   6.924290e+01   3.345773e-01   6.924290e+01   3.345773e-01 223200608130142530       7781       5003     0 2453960.574340  1.039906e+01  5.246227e-03  1.039906e+01  5.246227e-03 
   82518482   6.972133e+01   3.345769e-01   6.972133e+01   3.345769e-01 223200608130143520       7782       5001     0 2453960.575023  1.039159e+01  5.210221e-03  1.039159e+01  5.210221e-03 
   82518544   6.976292e+01   3.345199e-01   6.976292e+01   3.345199e-01 223200608130144550       7781       4996     0 2453960.575741  1.039094e+01  5.206227e-03  1.039094e+01  5.206227e-03 
   82518622   6.952309e+01   3.343281e-01   6.952309e+01   3.343281e-01 223200608130146120       7776       5017     0 2453960.576644  1.039468e+01  5.221191e-03  1.039468e+01  5.221191e-03 
   82604604   6.917659e+01   2.970009e-01   6.917659e+01   2.970009e-01 223200608140139160       7779       5023     0 2453961.571806  1.040010e+01  4.661486e-03  1.040010e+01  4.661486e-03 
   82604660   6.950394e+01   3.014250e-01   6.950394e+01   3.014250e-01 223200608140140120       7786       5019     0 2453961.572454  1.039498e+01  4.708642e-03  1.039498e+01  4.708642e-03 
   82604717   6.852575e+01   3.029993e-01   6.852575e+01   3.029993e-01 223200608140141080       7799       5017     0 2453961.573113  1.041037e+01  4.800801e-03  1.041037e+01  4.800801e-03 
   82604771   6.905577e+01   3.073600e-01   6.905577e+01   3.073600e-01 223200608140142030       7798       5014     0 2453961.573738  1.040200e+01  4.832515e-03  1.040200e+01  4.832515e-03 
   82863077   7.149988e+01   2.758587e-01   7.149988e+01   2.758587e-01 223200608170127120       7769       5032     0 2453964.563391  1.036424e+01  4.188969e-03  1.036424e+01  4.188969e-03 
   82863145   7.150339e+01   2.762214e-01   7.150339e+01   2.762214e-01 223200608170128190       7778       5000     0 2453964.564178  1.036418e+01  4.194271e-03  1.036418e+01  4.194271e-03 
   82863201   7.109671e+01   2.752215e-01   7.109671e+01   2.752215e-01 223200608170129150       7779       4998     0 2453964.564826  1.037038e+01  4.202993e-03  1.037038e+01  4.202993e-03 
   82863261   7.119437e+01   2.750819e-01   7.119437e+01   2.750819e-01 223200608170130160       7779       4996     0 2453964.565521  1.036889e+01  4.195099e-03  1.036889e+01  4.195099e-03 
   82949250   7.079896e+01   2.612580e-01   7.079896e+01   2.612580e-01 223200608180123250       7775       4979     0 2453965.560764  1.037493e+01  4.006531e-03  1.037493e+01  4.006531e-03 
   82949312   7.045415e+01   2.612672e-01   7.045415e+01   2.612672e-01 223200608180124270       7777       4978     0 2453965.561481  1.038023e+01  4.026281e-03  1.038023e+01  4.026281e-03 
   82949375   7.095790e+01   2.607031e-01   7.095790e+01   2.607031e-01 223200608180125310       7777       4974     0 2453965.562211  1.037250e+01  3.989066e-03  1.037250e+01  3.989066e-03 
   82949466   7.018826e+01   2.606298e-01   7.018826e+01   2.606298e-01 223200608180127020       7772       4994     0 2453965.563264  1.038434e+01  4.031674e-03  1.038434e+01  4.031674e-03 
   83724675   7.113842e+01   2.597694e-01   7.113842e+01   2.597694e-01 223200608270047250       7753       5030     0 2453974.535590  1.036974e+01  3.964694e-03  1.036974e+01  3.964694e-03 
   83724739   7.107699e+01   2.595575e-01   7.107699e+01   2.595575e-01 223200608270048280       7757       4996     0 2453974.536331  1.037068e+01  3.964883e-03  1.037068e+01  3.964883e-03 
   83724814   7.100469e+01   2.595460e-01   7.100469e+01   2.595460e-01 223200608270049440       7753       5017     0 2453974.537199  1.037178e+01  3.968744e-03  1.037178e+01  3.968744e-03 
   83724876   7.140179e+01   2.592850e-01   7.140179e+01   2.592850e-01 223200608270050460       7758       4989     0 2453974.537917  1.036573e+01  3.942703e-03  1.036573e+01  3.942703e-03 
   83810841   7.129485e+01   2.591676e-01   7.129485e+01   2.591676e-01 223200608280043330       7758       5019     0 2453975.532882  1.036735e+01  3.946830e-03  1.036735e+01  3.946830e-03 
   83810893   7.081041e+01   2.588271e-01   7.081041e+01   2.588271e-01 223200608280044250       7760       5017     0 2453975.533484  1.037476e+01  3.968610e-03  1.037476e+01  3.968610e-03 
   83810964   7.076075e+01   2.575032e-01   7.076075e+01   2.575032e-01 223200608280045350       7759       5012     0 2453975.534306  1.037552e+01  3.951082e-03  1.037552e+01  3.951082e-03 
   83811021   7.099672e+01   2.580457e-01   7.099672e+01   2.580457e-01 223200608280046320       7759       5010     0 2453975.534965  1.037190e+01  3.946247e-03  1.037190e+01  3.946247e-03 
   84328673   6.995696e+01   3.694721e-01   6.995696e+01   3.694721e-01 223200609030034170       7749       4949     0 2453981.526308  1.038792e+01  5.734249e-03  1.038792e+01  5.734249e-03 
   84328745   7.064185e+01   3.736854e-01   7.064185e+01   3.736854e-01 223200609030035280       7744       4969     0 2453981.527141  1.037735e+01  5.743412e-03  1.037735e+01  5.743412e-03 
   84328812   6.820433e+01   3.880825e-01   6.820433e+01   3.880825e-01 223200609030036350       7745       4935     0 2453981.527917  1.041547e+01  6.177858e-03  1.041547e+01  6.177858e-03 
   84328869   6.946627e+01   3.758598e-01   6.946627e+01   3.758598e-01 223200609030037320       7747       4934     0 2453981.528576  1.039557e+01  5.874593e-03  1.039557e+01  5.874593e-03 
   84500180   7.033064e+01   4.975730e-01   7.033064e+01   4.975730e-01 223200609050012480       7756       5014     0 2453983.511343  1.038214e+01  7.681359e-03  1.038214e+01  7.681359e-03 
   84500240   7.079754e+01   4.930124e-01   7.079754e+01   4.930124e-01 223200609050013480       7757       5011     0 2453983.512037  1.037495e+01  7.560761e-03  1.037495e+01  7.560761e-03 
   84500302   7.135120e+01   4.906677e-01   7.135120e+01   4.906677e-01 223200609050014500       7757       5007     0 2453983.512755  1.036650e+01  7.466413e-03  1.036650e+01  7.466413e-03 
   84500380   7.138650e+01   4.973392e-01   7.138650e+01   4.973392e-01 223200609050016080       7752       5028     0 2453983.513657  1.036596e+01  7.564190e-03  1.036596e+01  7.564190e-03 
   84844853   7.034572e+01   6.515163e-01   7.034572e+01   6.515163e-01 223200609082357310       7766       5022     0 2453987.500613  1.038191e+01  1.005573e-02  1.038191e+01  1.005573e-02 
   84844909   7.007307e+01   6.524345e-01   7.007307e+01   6.524345e-01 223200609082358260       7767       5018     0 2453987.501262  1.038612e+01  1.010908e-02  1.038612e+01  1.010908e-02 
   84844966   7.037952e+01   6.490504e-01   7.037952e+01   6.490504e-01 223200609082359230       7766       5015     0 2453987.501921  1.038138e+01  1.001285e-02  1.038138e+01  1.001285e-02 
   84845028   6.954919e+01   6.495196e-01   6.954919e+01   6.495196e-01 223200609090000260       7766       5012     0 2453987.502639  1.039427e+01  1.013972e-02  1.039427e+01  1.013972e-02 
   85017153   7.135221e+01   3.968165e-01   7.135221e+01   3.968165e-01 223200609102349160       7743       4975     0 2453989.494826  1.036648e+01  6.038208e-03  1.036648e+01  6.038208e-03 
   85017220   6.828367e+01   4.838814e-01   6.828367e+01   4.838814e-01 223200609102350220       7744       4972     0 2453989.495602  1.041421e+01  7.693925e-03  1.041421e+01  7.693925e-03 
   85017279   7.053308e+01   4.420774e-01   7.053308e+01   4.420774e-01 223200609102351210       7745       4970     0 2453989.496285  1.037902e+01  6.805050e-03  1.037902e+01  6.805050e-03 
   85017337   7.122156e+01   4.494180e-01   7.122156e+01   4.494180e-01 223200609102352200       7742       4963     0 2453989.496956  1.036847e+01  6.851172e-03  1.036847e+01  6.851172e-03 
   85361745   7.105683e+01   2.564016e-01   7.105683e+01   2.564016e-01 223200609142332380       7745       4928     0 2453993.483160  1.037099e+01  3.917787e-03  1.037099e+01  3.917787e-03 
   85361802   7.097104e+01   2.560026e-01   7.097104e+01   2.560026e-01 223200609142333360       7746       4925     0 2453993.483819  1.037230e+01  3.916419e-03  1.037230e+01  3.916419e-03 
   85361863   7.049577e+01   2.560748e-01   7.049577e+01   2.560748e-01 223200609142334370       7747       4922     0 2453993.484525  1.037959e+01  3.943935e-03  1.037959e+01  3.943935e-03 
   85361938   7.047636e+01   2.549167e-01   7.047636e+01   2.549167e-01 223200609142335520       7741       4943     0 2453993.485394  1.037989e+01  3.927179e-03  1.037989e+01  3.927179e-03 
   85620642   7.151341e+01   2.757979e-01   7.151341e+01   2.757979e-01 223200609172327440       7714       4935     0 2453996.479653  1.036403e+01  4.187254e-03  1.036403e+01  4.187254e-03 
   85620701   7.087531e+01   2.739452e-01   7.087531e+01   2.739452e-01 223200609172328430       7715       4931     0 2453996.480336  1.037376e+01  4.196572e-03  1.037376e+01  4.196572e-03 
   85620764   7.149260e+01   2.745975e-01   7.149260e+01   2.745975e-01 223200609172329460       7715       4929     0 2453996.481065  1.036435e+01  4.170242e-03  1.036435e+01  4.170242e-03 
   85620818   7.166859e+01   2.753915e-01   7.166859e+01   2.753915e-01 223200609172330410       7715       4925     0 2453996.481690  1.036168e+01  4.172030e-03  1.036168e+01  4.172030e-03 
   85706438   7.139617e+01   2.761141e-01   7.139617e+01   2.761141e-01 223200609182317440       7718       4909     0 2453997.472662  1.036581e+01  4.198939e-03  1.036581e+01  4.198939e-03 
   85706501   7.189496e+01   2.779471e-01   7.189496e+01   2.779471e-01 223200609182318460       7722       4885     0 2453997.473391  1.035825e+01  4.197489e-03  1.035825e+01  4.197489e-03 
   85706556   7.119127e+01   2.750077e-01   7.119127e+01   2.750077e-01 223200609182319410       7723       4883     0 2453997.474028  1.036893e+01  4.194149e-03  1.036893e+01  4.194149e-03 
   85706633   7.100622e+01   2.749981e-01   7.100622e+01   2.749981e-01 223200609182320580       7718       4906     0 2453997.474919  1.037176e+01  4.204934e-03  1.037176e+01  4.204934e-03 
   85878752   7.095364e+01   2.671076e-01   7.095364e+01   2.671076e-01 223200609202309430       7720       4961     0 2453999.467037  1.037256e+01  4.087308e-03  1.037256e+01  4.087308e-03 
   85878809   7.061145e+01   2.663746e-01   7.061145e+01   2.663746e-01 223200609202310400       7722       4958     0 2453999.467697  1.037781e+01  4.095845e-03  1.037781e+01  4.095845e-03 
   85878870   7.048997e+01   2.664705e-01   7.048997e+01   2.664705e-01 223200609202311410       7723       4956     0 2453999.468403  1.037968e+01  4.104380e-03  1.037968e+01  4.104380e-03 
   85878930   7.193027e+01   2.690787e-01   7.193027e+01   2.690787e-01 223200609202312420       7723       4953     0 2453999.469097  1.035772e+01  4.061565e-03  1.035772e+01  4.061565e-03 
   85964875   7.130769e+01   2.560475e-01   7.130769e+01   2.560475e-01 223200609212305090       7734       4956     0 2454000.463831  1.036716e+01  3.898612e-03  1.036716e+01  3.898612e-03 
   85965028   7.146261e+01   2.561136e-01   7.146261e+01   2.561136e-01 223200609212307420       7736       4948     0 2454000.465602  1.036480e+01  3.891166e-03  1.036480e+01  3.891166e-03 
   85965091   7.102142e+01   2.554233e-01   7.102142e+01   2.554233e-01 223200609212308460       7737       4946     0 2454000.466331  1.037153e+01  3.904783e-03  1.037153e+01  3.904783e-03 
   85965147   7.199524e+01   2.565736e-01   7.199524e+01   2.565736e-01 223200609212309410       7737       4944     0 2454000.466979  1.035674e+01  3.869314e-03  1.035674e+01  3.869314e-03 
   86404988   7.123627e+01   2.613979e-01   7.123627e+01   2.613979e-01 223200609270120390       7598       4603     0 2454005.557731  1.036825e+01  3.984068e-03  1.036825e+01  3.984068e-03 
   86405049   7.122022e+01   2.609466e-01   7.122022e+01   2.609466e-01 223200609270121400       7602       4576     0 2454005.558438  1.036849e+01  3.978086e-03  1.036849e+01  3.978086e-03 
   86405117   7.206197e+01   2.621856e-01   7.206197e+01   2.621856e-01 223200609270122490       7600       4574     0 2454005.559225  1.035573e+01  3.950286e-03  1.035573e+01  3.950286e-03 
   86405178   7.168801e+01   2.622591e-01   7.168801e+01   2.622591e-01 223200609270123490       7600       4572     0 2454005.559931  1.036138e+01  3.972006e-03  1.036138e+01  3.972006e-03 
   87688158   7.146765e+01   2.411249e-01   7.146765e+01   2.411249e-01 223200610112147440       7399       4759     0 2454020.409236  1.036473e+01  3.663180e-03  1.036473e+01  3.663180e-03 
   87688232   7.127435e+01   2.405868e-01   7.127435e+01   2.405868e-01 223200610112148580       7403       4730     0 2454020.410093  1.036767e+01  3.664920e-03  1.036767e+01  3.664920e-03 
   87688286   7.165932e+01   2.411268e-01   7.165932e+01   2.411268e-01 223200610112149520       7403       4728     0 2454020.410718  1.036182e+01  3.653412e-03  1.036182e+01  3.653412e-03 
   87860503   7.237595e+01   2.551246e-01   7.237595e+01   2.551246e-01 223200610132140170       7362       4781     0 2454022.403970  1.035101e+01  3.827224e-03  1.035101e+01  3.827224e-03 
   87860570   7.336679e+01   2.571896e-01   7.336679e+01   2.571896e-01 223200610132141240       7362       4777     0 2454022.404745  1.033625e+01  3.806096e-03  1.033625e+01  3.806096e-03 
   87860626   7.268654e+01   2.561507e-01   7.268654e+01   2.561507e-01 223200610132142200       7362       4774     0 2454022.405394  1.034636e+01  3.826198e-03  1.034636e+01  3.826198e-03 
   87860686   7.271811e+01   2.556368e-01   7.271811e+01   2.556368e-01 223200610132143190       7361       4772     0 2454022.406088  1.034589e+01  3.816864e-03  1.034589e+01  3.816864e-03 
   88033115   7.234615e+01   2.492528e-01   7.234615e+01   2.492528e-01 223200610152137170       7358       4811     0 2454024.401794  1.035146e+01  3.740679e-03  1.035146e+01  3.740679e-03 
   88033176   7.171935e+01   2.482515e-01   7.171935e+01   2.482515e-01 223200610152138180       7358       4806     0 2454024.402500  1.036091e+01  3.758214e-03  1.036091e+01  3.758214e-03 
   88033231   7.198942e+01   2.482184e-01   7.198942e+01   2.482184e-01 223200610152139130       7356       4802     0 2454024.403137  1.035683e+01  3.743615e-03  1.035683e+01  3.743615e-03 
   88033290   7.216263e+01   2.482559e-01   7.216263e+01   2.482559e-01 223200610152140120       7356       4798     0 2454024.403819  1.035422e+01  3.735193e-03  1.035422e+01  3.735193e-03 
   88377437   7.228644e+01   2.493571e-01   7.228644e+01   2.493571e-01 223200610192116140       7342       4827     0 2454028.387002  1.035236e+01  3.745336e-03  1.035236e+01  3.745336e-03 
   88377489   7.191874e+01   2.494987e-01   7.191874e+01   2.494987e-01 223200610192117070       7341       4823     0 2454028.387604  1.035789e+01  3.766621e-03  1.035789e+01  3.766621e-03 
   88377574   7.196383e+01   2.498066e-01   7.196383e+01   2.498066e-01 223200610192118310       7336       4845     0 2454028.388588  1.035721e+01  3.768907e-03  1.035721e+01  3.768907e-03 
   88377636   7.170693e+01   2.492116e-01   7.170693e+01   2.492116e-01 223200610192119340       7336       4841     0 2454028.389306  1.036110e+01  3.773401e-03  1.036110e+01  3.773401e-03 
   88463602   7.117236e+01   2.403124e-01   7.117236e+01   2.403124e-01 223200610202112230       7366       4781     0 2454029.384282  1.036922e+01  3.665985e-03  1.036922e+01  3.665985e-03 
   88463674   7.158406e+01   2.402411e-01   7.158406e+01   2.402411e-01 223200610202113350       7363       4776     0 2454029.385116  1.036296e+01  3.643818e-03  1.036296e+01  3.643818e-03 
   88463737   7.176276e+01   2.413444e-01   7.176276e+01   2.413444e-01 223200610202114380       7363       4774     0 2454029.385845  1.036025e+01  3.651438e-03  1.036025e+01  3.651438e-03 
   88463796   7.119254e+01   2.394991e-01   7.119254e+01   2.394991e-01 223200610202115380       7362       4772     0 2454029.386528  1.036891e+01  3.652543e-03  1.036891e+01  3.652543e-03 
   88551550   7.268427e+01   2.507843e-01   7.268427e+01   2.507843e-01 223200610212138150       7360       4722     0 2454030.402199  1.034640e+01  3.746156e-03  1.034640e+01  3.746156e-03 
   88551682   7.220536e+01   2.516547e-01   7.220536e+01   2.516547e-01 223200610212140270       7357       4712     0 2454030.403727  1.035358e+01  3.784090e-03  1.035358e+01  3.784090e-03 
   88551754   7.216478e+01   2.520957e-01   7.216478e+01   2.520957e-01 223200610212141400       7351       4732     0 2454030.404560  1.035419e+01  3.792852e-03  1.035419e+01  3.792852e-03 
   88637760   6.520393e+01   1.729560e+00   6.520393e+01   1.729560e+00 223200610222135100       7352       4755     0 2454031.400000  1.046432e+01  2.879968e-02  1.046432e+01  2.879968e-02 
   88640073   9.166668e+01   2.630816e+00   9.166668e+01   2.630816e+00 223200610222213430       7351       4629     0 2454031.426771  1.009447e+01  3.116053e-02  1.009447e+01  3.116053e-02 
   88722102   7.192342e+01   2.440175e-01   7.192342e+01   2.440175e-01 223200610232100550       7349       4813     0 2454032.376181  1.035782e+01  3.683635e-03  1.035782e+01  3.683635e-03 
   88722156   7.107281e+01   2.427769e-01   7.107281e+01   2.427769e-01 223200610232101500       7350       4810     0 2454032.376806  1.037074e+01  3.708768e-03  1.037074e+01  3.708768e-03 
   88722218   7.137567e+01   2.433167e-01   7.137567e+01   2.433167e-01 223200610232102520       7349       4807     0 2454032.377523  1.036612e+01  3.701243e-03  1.036612e+01  3.701243e-03 
   88722285   7.177044e+01   2.439276e-01   7.177044e+01   2.439276e-01 223200610232103590       7350       4804     0 2454032.378299  1.036014e+01  3.690126e-03  1.036014e+01  3.690126e-03 
   88980547   7.233270e+01   2.554626e-01   7.233270e+01   2.554626e-01 223200610262048320       7347       4872     0 2454035.367442  1.035166e+01  3.834586e-03  1.035166e+01  3.834586e-03 
   88980601   7.194101e+01   2.547102e-01   7.194101e+01   2.547102e-01 223200610262049260       7348       4868     0 2454035.368067  1.035756e+01  3.844109e-03  1.035756e+01  3.844109e-03 
   88980661   7.177016e+01   2.539664e-01   7.177016e+01   2.539664e-01 223200610262050270       7348       4866     0 2454035.368762  1.036014e+01  3.842007e-03  1.036014e+01  3.842007e-03 
   88980725   7.181316e+01   2.543665e-01   7.181316e+01   2.543665e-01 223200610262051300       7344       4857     0 2454035.369502  1.035949e+01  3.845755e-03  1.035949e+01  3.845755e-03 
   89066663   7.166389e+01   2.527246e-01   7.166389e+01   2.527246e-01 223200610272043520       7368       4843     0 2454036.364155  1.036175e+01  3.828890e-03  1.036175e+01  3.828890e-03 
   89066726   7.077958e+01   2.515597e-01   7.077958e+01   2.515597e-01 223200610272044550       7368       4840     0 2454036.364884  1.037523e+01  3.858860e-03  1.037523e+01  3.858860e-03 
   89066782   7.091602e+01   2.522462e-01   7.091602e+01   2.522462e-01 223200610272045520       7367       4836     0 2454036.365532  1.037314e+01  3.861946e-03  1.037314e+01  3.861946e-03 
   89066847   7.106496e+01   2.523703e-01   7.106496e+01   2.523703e-01 223200610272046560       7367       4834     0 2454036.366285  1.037086e+01  3.855747e-03  1.037086e+01  3.855747e-03 
   89152861   7.465377e+01   3.263439e-01   7.465377e+01   3.263439e-01 223200610282040350       7353       4855     0 2454037.361817  1.031737e+01  4.746238e-03  1.031737e+01  4.746238e-03 
   89152934   6.485865e+01   2.832209e-01   6.485865e+01   2.832209e-01 223200610282041480       7356       4823     0 2454037.362662  1.047008e+01  4.741145e-03  1.047008e+01  4.741145e-03 
   89152995   6.909031e+01   2.724213e-01   6.909031e+01   2.724213e-01 223200610282042490       7356       4820     0 2454037.363368  1.040146e+01  4.281044e-03  1.040146e+01  4.281044e-03 
   89238982   7.246351e+01   2.788585e-01   7.246351e+01   2.788585e-01 223200610292035590       7349       4813     0 2454038.358588  1.034970e+01  4.178212e-03  1.034970e+01  4.178212e-03 
   89239037   7.184563e+01   2.785621e-01   7.184563e+01   2.785621e-01 223200610292036550       7350       4810     0 2454038.359225  1.035900e+01  4.209664e-03  1.035900e+01  4.209664e-03 
   89239084   7.260660e+01   2.786036e-01   7.260660e+01   2.786036e-01 223200610292037410       7348       4802     0 2454038.359769  1.034756e+01  4.166164e-03  1.034756e+01  4.166164e-03 
   89239162   7.205648e+01   2.777957e-01   7.205648e+01   2.777957e-01 223200610292038590       7348       4800     0 2454038.360671  1.035582e+01  4.185799e-03  1.035582e+01  4.185799e-03 
   89411357   6.869036e+01   3.075349e-01   6.869036e+01   3.075349e-01 223200610312029020       7342       4814     0 2454040.353669  1.040776e+01  4.860986e-03  1.040776e+01  4.860986e-03 
   89411430   6.808214e+01   3.080244e-01   6.808214e+01   3.080244e-01 223200610312030160       7337       4833     0 2454040.354514  1.041742e+01  4.912220e-03  1.041742e+01  4.912220e-03 
   89411500   6.797352e+01   3.102728e-01   6.797352e+01   3.102728e-01 223200610312031250       7341       4802     0 2454040.355324  1.041915e+01  4.955984e-03  1.041915e+01  4.955984e-03 
   89411557   6.901045e+01   3.089896e-01   6.901045e+01   3.089896e-01 223200610312032230       7341       4799     0 2454040.355984  1.040271e+01  4.861327e-03  1.040271e+01  4.861327e-03 
   89506216   7.076920e+01   3.501480e-01   7.076920e+01   3.501480e-01 223200611012250050       7269       4436     0 2454041.451574  1.037539e+01  5.371965e-03  1.037539e+01  5.371965e-03 
   89506289   7.155622e+01   3.518151e-01   7.155622e+01   3.518151e-01 223200611012251190       7272       4407     0 2454041.452419  1.036338e+01  5.338177e-03  1.036338e+01  5.338177e-03 
   89506346   7.142679e+01   3.525982e-01   7.142679e+01   3.525982e-01 223200611012252160       7272       4404     0 2454041.453079  1.036535e+01  5.359753e-03  1.036535e+01  5.359753e-03 
   89506408   7.149840e+01   3.541110e-01   7.149840e+01   3.541110e-01 223200611012253170       7271       4402     0 2454041.453796  1.036426e+01  5.377358e-03  1.036426e+01  5.377358e-03 
   89842117   7.342211e+01   4.418450e-01   7.342211e+01   4.418450e-01 223200611052008420       7353       4816     0 2454045.339317  1.033543e+01  6.533846e-03  1.033543e+01  6.533846e-03 
   89842175   7.174946e+01   4.426399e-01   7.174946e+01   4.426399e-01 223200611052009400       7354       4812     0 2454045.339988  1.036045e+01  6.698196e-03  1.036045e+01  6.698196e-03 
   89842248   7.229769e+01   4.439975e-01   7.229769e+01   4.439975e-01 223200611052010530       7353       4808     0 2454045.340833  1.035219e+01  6.667790e-03  1.035219e+01  6.667790e-03 
   89842307   7.277820e+01   4.443995e-01   7.277820e+01   4.443995e-01 223200611052011520       7354       4806     0 2454045.341516  1.034500e+01  6.629764e-03  1.034500e+01  6.629764e-03 
   89928301   7.062866e+01   3.576244e-01   7.062866e+01   3.576244e-01 223200611062005110       7356       4833     0 2454046.336817  1.037755e+01  5.497586e-03  1.037755e+01  5.497586e-03 
   89928370   7.005446e+01   3.569557e-01   7.005446e+01   3.569557e-01 223200611062006190       7356       4829     0 2454046.337616  1.038641e+01  5.532283e-03  1.038641e+01  5.532283e-03 
   89928424   7.209530e+01   3.600165e-01   7.209530e+01   3.600165e-01 223200611062007140       7356       4827     0 2454046.338241  1.035523e+01  5.421772e-03  1.035523e+01  5.421772e-03 
   89928488   7.242304e+01   3.624391e-01   7.242304e+01   3.624391e-01 223200611062008180       7356       4824     0 2454046.338981  1.035031e+01  5.433556e-03  1.035031e+01  5.433556e-03 
   90014489   5.962638e+01   2.978417e-01   5.962638e+01   2.978417e-01 223200611072001430       7363       4841     0 2454047.334363  1.056140e+01  5.423415e-03  1.056140e+01  5.423415e-03 
   90014543   6.810712e+01   2.819826e-01   6.810712e+01   2.819826e-01 223200611072002370       7363       4838     0 2454047.334988  1.041702e+01  4.495269e-03  1.041702e+01  4.495269e-03 
   90014632   7.238847e+01   2.869056e-01   7.238847e+01   2.869056e-01 223200611072004050       7358       4859     0 2454047.336019  1.035083e+01  4.303239e-03  1.035083e+01  4.303239e-03 
   90014694   7.127880e+01   2.893435e-01   7.127880e+01   2.893435e-01 223200611072005080       7356       4855     0 2454047.336736  1.036760e+01  4.407366e-03  1.036760e+01  4.407366e-03 
   90272978   7.587766e+01   2.736001e-01   7.587766e+01   2.736001e-01 223200611101950030       7360       4824     0 2454050.326134  1.029972e+01  3.914968e-03  1.029972e+01  3.914968e-03 
   90273032   7.519649e+01   2.735555e-01   7.519649e+01   2.735555e-01 223200611101950570       7360       4821     0 2454050.326759  1.030951e+01  3.949787e-03  1.030951e+01  3.949787e-03 
   90273080   7.500056e+01   2.756988e-01   7.500056e+01   2.756988e-01 223200611101951450       7359       4817     0 2454050.327315  1.031234e+01  3.991134e-03  1.031234e+01  3.991134e-03 
   90273145   7.524774e+01   2.729870e-01   7.524774e+01   2.729870e-01 223200611101952500       7358       4815     0 2454050.328067  1.030877e+01  3.938895e-03  1.030877e+01  3.938895e-03 
   90617592   7.099316e+01   2.474605e-01   7.099316e+01   2.474605e-01 223200611141933540       7349       4849     0 2454054.314722  1.037196e+01  3.784559e-03  1.037196e+01  3.784559e-03 
   90617654   7.167823e+01   2.483259e-01   7.167823e+01   2.483259e-01 223200611141934560       7349       4845     0 2454054.315440  1.036153e+01  3.761496e-03  1.036153e+01  3.761496e-03 
   90617714   7.216199e+01   2.491931e-01   7.216199e+01   2.491931e-01 223200611141935570       7355       4817     0 2454054.316134  1.035423e+01  3.749327e-03  1.035423e+01  3.749327e-03 
   90617765   7.105736e+01   2.472840e-01   7.105736e+01   2.472840e-01 223200611141936470       7354       4815     0 2454054.316725  1.037098e+01  3.778443e-03  1.037098e+01  3.778443e-03 
   93120134   7.150215e+01   3.168872e-01   7.150215e+01   3.168872e-01 223200612131844400       8019       4658     0 2454083.279329  1.036420e+01  4.811843e-03  1.036420e+01  4.811843e-03 
   93120193   7.146803e+01   3.058294e-01   7.146803e+01   3.058294e-01 223200612131845380       8020       4657     0 2454083.280012  1.036472e+01  4.646149e-03  1.036472e+01  4.646149e-03 
   93120269   7.063805e+01   2.914416e-01   7.063805e+01   2.914416e-01 223200612131846550       8015       4677     0 2454083.280891  1.037740e+01  4.479594e-03  1.037740e+01  4.479594e-03 
   93120333   7.104189e+01   2.840262e-01   7.104189e+01   2.840262e-01 223200612131847580       8020       4651     0 2454083.281632  1.037121e+01  4.340800e-03  1.037121e+01  4.340800e-03 
   93292968   7.181136e+01   3.518530e-01   7.181136e+01   3.518530e-01 223200612151845190       7993       4630     0 2454085.279722  1.035952e+01  5.319784e-03  1.035952e+01  5.319784e-03 
   93293022   7.130157e+01   3.382210e-01   7.130157e+01   3.382210e-01 223200612151846130       7992       4628     0 2454085.280347  1.036725e+01  5.150237e-03  1.036725e+01  5.150237e-03 
   93293076   7.202224e+01   3.265416e-01   7.202224e+01   3.265416e-01 223200612151847070       7992       4626     0 2454085.280972  1.035633e+01  4.922636e-03  1.035633e+01  4.922636e-03 
   93293130   7.133144e+01   3.149057e-01   7.133144e+01   3.149057e-01 223200612151848010       7992       4624     0 2454085.281597  1.036680e+01  4.793199e-03  1.036680e+01  4.793199e-03 
   93467309   7.377393e+01   2.563048e-01   7.377393e+01   2.563048e-01 223200612171911070       8345       4454     0 2454087.297558  1.033024e+01  3.772069e-03  1.033024e+01  3.772069e-03 
   93467365   7.254306e+01   2.537614e-01   7.254306e+01   2.537614e-01 223200612171912030       8343       4451     0 2454087.298206  1.034851e+01  3.798006e-03  1.034851e+01  3.798006e-03 
   93467425   7.259676e+01   2.532498e-01   7.259676e+01   2.532498e-01 223200612171913020       8342       4449     0 2454087.298900  1.034771e+01  3.787544e-03  1.034771e+01  3.787544e-03 
   93467495   7.297357e+01   2.540009e-01   7.297357e+01   2.540009e-01 223200612171914130       8335       4469     0 2454087.299711  1.034209e+01  3.779161e-03  1.034209e+01  3.779161e-03 
   93556666   7.228420e+01   2.558273e-01   7.228420e+01   2.558273e-01 223200612182000260       7405       4388     0 2454088.331782  1.035239e+01  3.842636e-03  1.035239e+01  3.842636e-03 
   93556724   7.182564e+01   2.541684e-01   7.182564e+01   2.541684e-01 223200612182001250       7404       4386     0 2454088.332454  1.035930e+01  3.842093e-03  1.035930e+01  3.842093e-03 
   93556793   7.200107e+01   2.545794e-01   7.200107e+01   2.545794e-01 223200612182002330       7403       4384     0 2454088.333252  1.035665e+01  3.838930e-03  1.035665e+01  3.838930e-03 
   93556857   7.098984e+01   2.538554e-01   7.098984e+01   2.538554e-01 223200612182003370       7402       4382     0 2454088.333993  1.037201e+01  3.882541e-03  1.037201e+01  3.882541e-03 
   93725366   7.090375e+01   3.189144e-01   7.090375e+01   3.189144e-01 223200612201852110       7464       4544     0 2454090.284329  1.037333e+01  4.883496e-03  1.037333e+01  4.883496e-03 
   93725425   7.180617e+01   3.101630e-01   7.180617e+01   3.101630e-01 223200612201853100       7463       4541     0 2454090.285012  1.035960e+01  4.689797e-03  1.035960e+01  4.689797e-03 
   93725482   7.095618e+01   3.009611e-01   7.095618e+01   3.009611e-01 223200612201854080       7462       4539     0 2454090.285671  1.037252e+01  4.605173e-03  1.037252e+01  4.605173e-03 
   93725544   7.071312e+01   2.920897e-01   7.071312e+01   2.920897e-01 223200612201855100       7462       4537     0 2454090.286389  1.037625e+01  4.484789e-03  1.037625e+01  4.484789e-03 
   94935171   7.094802e+01   4.764682e-01   7.094802e+01   4.764682e-01 223200701031856070       7405       4390     0 2454104.286701  1.037265e+01  7.291544e-03  1.037265e+01  7.291544e-03 
   94935237   7.016426e+01   4.700011e-01   7.016426e+01   4.700011e-01 223200701031857140       7404       4389     0 2454104.287465  1.038471e+01  7.272920e-03  1.038471e+01  7.272920e-03 
   94935295   7.068107e+01   4.633543e-01   7.068107e+01   4.633543e-01 223200701031858120       7404       4387     0 2454104.288137  1.037674e+01  7.117639e-03  1.037674e+01  7.117639e-03 
   94935360   7.160513e+01   4.586130e-01   7.160513e+01   4.586130e-01 223200701031859170       7402       4385     0 2454104.288889  1.036264e+01  6.953894e-03  1.036264e+01  6.953894e-03 
   95021601   7.182928e+01   3.881276e-01   7.182928e+01   3.881276e-01 223200701041856390       7401       4405     0 2454105.287049  1.035925e+01  5.866766e-03  1.035925e+01  5.866766e-03 
   95021673   7.081238e+01   3.718949e-01   7.081238e+01   3.718949e-01 223200701041857500       7405       4379     0 2454105.287882  1.037473e+01  5.702127e-03  1.037473e+01  5.702127e-03 
   95021738   7.106493e+01   3.624695e-01   7.106493e+01   3.624695e-01 223200701041858560       7404       4377     0 2454105.288634  1.037086e+01  5.537860e-03  1.037086e+01  5.537860e-03 
   95021794   7.075179e+01   3.540869e-01   7.075179e+01   3.540869e-01 223200701041859510       7404       4375     0 2454105.289282  1.037566e+01  5.433732e-03  1.037566e+01  5.433732e-03 
   95107902   7.219286e+01   3.546451e-01   7.219286e+01   3.546451e-01 223200701051855020       7379       4372     0 2454106.285903  1.035376e+01  5.333664e-03  1.035376e+01  5.333664e-03 
   95107958   7.174425e+01   3.386865e-01   7.174425e+01   3.386865e-01 223200701051855570       7378       4370     0 2454106.286551  1.036053e+01  5.125504e-03  1.036053e+01  5.125504e-03 
   95108012   7.192565e+01   3.267581e-01   7.192565e+01   3.267581e-01 223200701051856510       7377       4368     0 2454106.287176  1.035779e+01  4.932515e-03  1.035779e+01  4.932515e-03 
   95108066   7.219293e+01   3.165441e-01   7.219293e+01   3.165441e-01 223200701051857460       7377       4366     0 2454106.287801  1.035376e+01  4.760640e-03  1.035376e+01  4.760640e-03 
   95280691   7.123853e+01   3.314475e-01   7.123853e+01   3.314475e-01 223200701071854540       7356       4354     0 2454108.285775  1.036821e+01  5.051562e-03  1.036821e+01  5.051562e-03 
   95280820   7.301805e+01   3.086219e-01   7.301805e+01   3.086219e-01 223200701071857030       7375       4377     0 2454108.287269  1.034142e+01  4.589046e-03  1.034142e+01  4.589046e-03 
   95280876   7.174256e+01   2.980527e-01   7.174256e+01   2.980527e-01 223200701071857590       7373       4374     0 2454108.287917  1.036056e+01  4.510680e-03  1.036056e+01  4.510680e-03 
   95280932   7.008109e+01   2.874781e-01   7.008109e+01   2.874781e-01 223200701071858540       7372       4372     0 2454108.288565  1.038600e+01  4.453789e-03  1.038600e+01  4.453789e-03 
   95367153   7.155417e+01   3.555857e-01   7.155417e+01   3.555857e-01 223200701081855580       7359       4344     0 2454109.286493  1.036341e+01  5.395543e-03  1.036341e+01  5.395543e-03 
   95367209   7.160443e+01   3.417096e-01   7.160443e+01   3.417096e-01 223200701081856530       7358       4343     0 2454109.287141  1.036265e+01  5.181352e-03  1.036265e+01  5.181352e-03 
   95367264   7.133319e+01   3.285633e-01   7.133319e+01   3.285633e-01 223200701081857490       7357       4341     0 2454109.287778  1.036677e+01  5.000959e-03  1.036677e+01  5.000959e-03 
   95367320   7.184837e+01   3.176407e-01   7.184837e+01   3.176407e-01 223200701081858450       7356       4340     0 2454109.288426  1.035896e+01  4.800042e-03  1.035896e+01  4.800042e-03 
   95453539   7.204547e+01   3.509152e-01   7.204547e+01   3.509152e-01 223200701091855450       7361       4340     0 2454110.286331  1.035598e+01  5.288363e-03  1.035598e+01  5.288363e-03 
   95453595   7.161398e+01   3.369813e-01   7.161398e+01   3.369813e-01 223200701091856400       7361       4339     0 2454110.286979  1.036250e+01  5.108975e-03  1.036250e+01  5.108975e-03 
   95453649   7.050182e+01   3.234474e-01   7.050182e+01   3.234474e-01 223200701091857350       7360       4338     0 2454110.287604  1.037950e+01  4.981144e-03  1.037950e+01  4.981144e-03 
   95453705   7.230235e+01   3.149605e-01   7.230235e+01   3.149605e-01 223200701091858300       7358       4337     0 2454110.288252  1.035212e+01  4.729656e-03  1.035212e+01  4.729656e-03 
   95539929   7.129761e+01   3.458469e-01   7.129761e+01   3.458469e-01 223200701101855350       7358       4334     0 2454111.286215  1.036731e+01  5.266654e-03  1.036731e+01  5.266654e-03 
   95539983   7.167619e+01   3.349750e-01   7.167619e+01   3.349750e-01 223200701101856300       7357       4333     0 2454111.286840  1.036156e+01  5.074150e-03  1.036156e+01  5.074150e-03 
   95540037   7.077855e+01   3.235292e-01   7.077855e+01   3.235292e-01 223200701101857240       7357       4331     0 2454111.287465  1.037525e+01  4.962925e-03  1.037525e+01  4.962925e-03 
   95540093   7.210291e+01   3.160628e-01   7.210291e+01   3.160628e-01 223200701101858190       7356       4330     0 2454111.288113  1.035512e+01  4.759336e-03  1.035512e+01  4.759336e-03 
   95626312   7.098738e+01   3.528758e-01   7.098738e+01   3.528758e-01 223200701111855210       7340       4313     0 2454112.286019  1.037205e+01  5.397175e-03  1.037205e+01  5.397175e-03 
   95626368   7.066576e+01   3.383599e-01   7.066576e+01   3.383599e-01 223200701111856160       7340       4313     0 2454112.286667  1.037698e+01  5.198712e-03  1.037698e+01  5.198712e-03 
   95626422   7.087549e+01   3.262169e-01   7.087549e+01   3.262169e-01 223200701111857110       7339       4311     0 2454112.287292  1.037376e+01  4.997309e-03  1.037376e+01  4.997309e-03 
   95626478   7.059104e+01   3.154367e-01   7.059104e+01   3.154367e-01 223200701111858070       7338       4311     0 2454112.287940  1.037813e+01  4.851639e-03  1.037813e+01  4.851639e-03 
   95712695   7.160222e+01   3.376015e-01   7.160222e+01   3.376015e-01 223200701121855050       7369       4308     0 2454113.285822  1.036268e+01  5.119219e-03  1.036268e+01  5.119219e-03 
   95712751   7.152599e+01   3.257771e-01   7.152599e+01   3.257771e-01 223200701121856000       7368       4307     0 2454113.286470  1.036384e+01  4.945185e-03  1.036384e+01  4.945185e-03 
   95712805   7.155477e+01   3.159470e-01   7.155477e+01   3.159470e-01 223200701121856550       7367       4306     0 2454113.287095  1.036340e+01  4.794037e-03  1.036340e+01  4.794037e-03 
   95712859   7.027325e+01   3.054285e-01   7.027325e+01   3.054285e-01 223200701121857490       7367       4304     0 2454113.287720  1.038303e+01  4.718949e-03  1.038303e+01  4.718949e-03 
   95799117   7.131046e+01   3.205007e-01   7.131046e+01   3.205007e-01 223200701131855270       7365       4323     0 2454114.286076  1.036712e+01  4.879795e-03  1.036712e+01  4.879795e-03 
   95799171   7.210991e+01   3.115142e-01   7.210991e+01   3.115142e-01 223200701131856210       7364       4322     0 2454114.286701  1.035501e+01  4.690388e-03  1.035501e+01  4.690388e-03 
   95799295   7.099775e+01   2.931081e-01   7.099775e+01   2.931081e-01 223200701131858250       7366       4326     0 2454114.288137  1.037189e+01  4.482384e-03  1.037189e+01  4.482384e-03 
   95799349   6.980388e+01   2.852565e-01   6.980388e+01   2.852565e-01 223200701131859190       7365       4324     0 2454114.288762  1.039030e+01  4.436923e-03  1.039030e+01  4.436923e-03 
   95885587   6.995689e+01   3.087592e-01   6.995689e+01   3.087592e-01 223200701141856390       7360       4301     0 2454115.286887  1.038792e+01  4.791982e-03  1.038792e+01  4.791982e-03 
   95885643   7.013982e+01   3.007325e-01   7.013982e+01   3.007325e-01 223200701141857340       7360       4300     0 2454115.287535  1.038509e+01  4.655234e-03  1.038509e+01  4.655234e-03 
   95885697   7.122018e+01   2.946175e-01   7.122018e+01   2.946175e-01 223200701141858290       7360       4299     0 2454115.288160  1.036849e+01  4.491395e-03  1.036849e+01  4.491395e-03 
   95885829   7.034674e+01   2.796099e-01   7.034674e+01   2.796099e-01 223200701141900410       7357       4300     0 2454115.289687  1.038189e+01  4.315532e-03  1.038189e+01  4.315532e-03 
  105941756   7.275197e+01   3.780474e-01   7.275197e+01   3.780474e-01 223200705110414520       7339       5135     0 2454231.677731  1.034539e+01  5.641926e-03  1.034539e+01  5.641926e-03 
  105941812   7.262337e+01   3.922425e-01   7.262337e+01   3.922425e-01 223200705110415490       7342       5134     0 2454231.678380  1.034731e+01  5.864136e-03  1.034731e+01  5.864136e-03 
  105941871   7.239159e+01   4.073699e-01   7.239159e+01   4.073699e-01 223200705110416470       7344       5133     0 2454231.679063  1.035078e+01  6.109795e-03  1.035078e+01  6.109795e-03 
  105941926   7.305109e+01   4.289544e-01   7.305109e+01   4.289544e-01 223200705110417430       7346       5133     0 2454231.679699  1.034093e+01  6.375441e-03  1.034093e+01  6.375441e-03 
  106027811   7.375690e+01   3.011900e-01   7.375690e+01   3.011900e-01 223200705120409040       7363       5111     0 2454232.673738  1.033049e+01  4.433675e-03  1.033049e+01  4.433675e-03 
  106027937   7.375414e+01   3.083342e-01   7.375414e+01   3.083342e-01 223200705120411090       7350       5123     0 2454232.675197  1.033053e+01  4.539010e-03  1.033053e+01  4.539010e-03 
  106027991   7.470274e+01   3.159707e-01   7.470274e+01   3.159707e-01 223200705120412040       7353       5123     0 2454232.675822  1.031666e+01  4.592362e-03  1.031666e+01  4.592362e-03 
  106028045   7.518665e+01   3.224091e-01   7.518665e+01   3.224091e-01 223200705120412580       7355       5122     0 2454232.676447  1.030965e+01  4.655779e-03  1.030965e+01  4.655779e-03 
  106114066   7.422237e+01   3.131957e-01   7.422237e+01   3.131957e-01 223200705130406340       7339       5135     0 2454233.672060  1.032366e+01  4.581491e-03  1.032366e+01  4.581491e-03 
  106114120   7.442748e+01   3.150430e-01   7.442748e+01   3.150430e-01 223200705130407290       7343       5134     0 2454233.672685  1.032067e+01  4.595812e-03  1.032067e+01  4.595812e-03 
  106114176   7.529392e+01   3.186381e-01   7.529392e+01   3.186381e-01 223200705130408240       7345       5134     0 2454233.673333  1.030810e+01  4.594769e-03  1.030810e+01  4.594769e-03 
  106114230   7.529887e+01   3.230095e-01   7.529887e+01   3.230095e-01 223200705130409190       7347       5134     0 2454233.673958  1.030803e+01  4.657499e-03  1.030803e+01  4.657499e-03 
  124569524   6.336379e+01   3.615465e-01   6.336379e+01   3.615465e-01 221200712121841060      12812       3617     0 2454447.276898  1.049540e+01  6.195107e-03  1.049540e+01  6.195107e-03 
  124569717   7.461060e+01   3.441461e-01   7.461060e+01   3.441461e-01 223200712121844190       6631       8971     0 2454447.279132  1.031800e+01  5.008044e-03  1.031800e+01  5.008044e-03 
  124570451   7.711134e+01   2.322405e-01   7.711134e+01   2.322405e-01 222200712121856320       9150      24988     0 2454447.287627  1.028220e+01  3.269984e-03  1.028220e+01  3.269984e-03 
  124571583   7.571285e+01   2.077583e-01   7.571285e+01   2.077583e-01 222200712121915250       9167      24940     0 2454447.300729  1.030208e+01  2.979303e-03  1.030208e+01  2.979303e-03 
  124571647   6.859732e+01   1.960546e-01   6.859732e+01   1.960546e-01 221200712121916280      12764       3744     0 2454447.301470  1.040923e+01  3.103100e-03  1.040923e+01  3.103100e-03 
  124571707   7.347248e+01   2.167340e-01   7.347248e+01   2.167340e-01 223200712121917280       6644       8931     0 2454447.302164  1.033469e+01  3.202788e-03  1.033469e+01  3.202788e-03 
  124572791   7.633170e+01   2.093567e-01   7.633170e+01   2.093567e-01 222200712121935320       9141      24959     0 2454447.314711  1.029324e+01  2.977884e-03  1.029324e+01  2.977884e-03 
  124572982   6.887763e+01   1.976848e-01   6.887763e+01   1.976848e-01 221200712121938430      12803       3814     0 2454447.316921  1.040480e+01  3.116169e-03  1.040480e+01  3.116169e-03 
