\OBJNAME = '1SWASP J001118.44-730813.7'
\OBSSTART = '2006-05-11T04:14:48'
\OBSSTOP = '2007-12-12T19:39:43'
\TSTART = 74405751
\TSTOP = 124573044
\JD_REF = 2453005.5
\RA_OBJ = '2.826867'
\DEC_OBJ = '-73.13715'
\WASP_MAG = 12.77304
\HJD_START = 2453866.677674
\HJD_STOP = 2454447.317639
\fixlen = T
\NUMRECORDS = 370
\
\ This file was produced by the NASA Exoplanet Archive  http://exoplanetarchive.ipac.caltech.edu 
\ Sat Sep 14, 23:37:07 2013
\ Documentation for the SuperWASP dataset can be found at http://exoplanetarchive.ipac.caltech.edu/docs/SuperWASPMission.html
\
|TMID      |FLUX2         |FLUX2_ERR     |TAMFLUX2      |TAMFLUX2_ERR  |IMAGEID           |CCDX      |CCDY      |FLAG |           HJD|         MAG2|     MAG2_ERR|      TAMMAG2|  TAMMAG2_ERR|
|int       |float         |float         |float         |float         |char              |int       |int       |int  |        double|        float|        float|        float|        float|
|sec       |micro Vega    |micro Vega    |micro Vega    |micro Vega    |                  |1/16 pixel|1/16 pixel|     |           day|          mag|          mag|          mag|          mag|
|null      |null          |null          |null          |null          |null              |null      |null      |null |          null|         null|         null|         null|         null|
   74405751   8.298730e+00   2.328464e-01   8.298730e+00   2.328464e-01 223200605110414480       6813       3457     0 2453866.677674  1.270247e+01  3.046378e-02  1.270247e+01  3.046378e-02 
   74405804   8.686077e+00   2.524609e-01   8.686077e+00   2.524609e-01 223200605110415410       6817       3454     0 2453866.678287  1.265294e+01  3.155704e-02  1.265294e+01  3.155704e-02 
   74405888   9.293873e+00   2.868968e-01   9.293873e+00   2.868968e-01 223200605110417040       6822       3453     0 2453866.679259  1.257951e+01  3.351620e-02  1.257951e+01  3.351620e-02 
   74405953   8.730003e+00   3.167370e-01   8.730003e+00   3.167370e-01 223200605110418100       6830       3428     0 2453866.680012  1.264746e+01  3.939220e-02  1.264746e+01  3.939220e-02 
   74491863   9.370495e+00   2.592585e-01   9.370495e+00   2.592585e-01 223200605120409570       6835       3389     0 2453867.674340  1.257059e+01  3.003975e-02  1.257059e+01  3.003975e-02 
   74492001   9.524901e+00   2.749552e-01   9.524901e+00   2.749552e-01 223200605120412150       6843       3385     0 2453867.675937  1.255285e+01  3.134205e-02  1.255285e+01  3.134205e-02 
   74492054   9.223289e+00   2.837273e-01   9.223289e+00   2.837273e-01 223200605120413070       6846       3384     0 2453867.676551  1.258779e+01  3.339959e-02  1.258779e+01  3.339959e-02 
   74750386   8.762065e+00   3.488635e-01   8.762065e+00   3.488635e-01 223200605150358270       6831       3392     0 2453870.666505  1.264348e+01  4.322897e-02  1.264348e+01  4.322897e-02 
   74750446   9.452909e+00   3.537770e-01   9.452909e+00   3.537770e-01 223200605150359270       6836       3388     0 2453870.667199  1.256109e+01  4.063403e-02  1.256109e+01  4.063403e-02 
   74750500   9.157451e+00   3.558750e-01   9.157451e+00   3.558750e-01 223200605150400210       6840       3388     0 2453870.667824  1.259556e+01  4.219381e-02  1.259556e+01  4.219381e-02 
   74750559   8.735973e+00   3.548566e-01   8.735973e+00   3.548566e-01 223200605150401200       6843       3386     0 2453870.668507  1.264672e+01  4.410293e-02  1.264672e+01  4.410293e-02 
   75613646   7.889186e+00   1.467293e-01   7.889186e+00   1.467293e-01 223200605250345300       6909       3402     0 2453880.657940  1.275742e+01  2.019345e-02  1.275742e+01  2.019345e-02 
   75613709   7.727537e+00   1.455530e-01   7.727537e+00   1.455530e-01 223200605250346340       6919       3375     0 2453880.658669  1.277990e+01  2.045060e-02  1.277990e+01  2.045060e-02 
   75613767   7.848783e+00   1.457476e-01   7.848783e+00   1.457476e-01 223200605250347310       6922       3373     0 2453880.659340  1.276299e+01  2.016160e-02  1.276299e+01  2.016160e-02 
   75613835   7.501119e+00   1.448809e-01   7.501119e+00   1.448809e-01 223200605250348400       6920       3395     0 2453880.660127  1.281219e+01  2.097061e-02  1.281219e+01  2.097061e-02 
   75700101   7.915288e+00   1.429514e-01   7.915288e+00   1.429514e-01 223200605260346210       6929       3392     0 2453881.658576  1.275383e+01  1.960864e-02  1.275383e+01  1.960864e-02 
   75700164   7.353360e+00   1.427645e-01   7.353360e+00   1.427645e-01 223200605260347250       6936       3362     0 2453881.659306  1.283379e+01  2.107950e-02  1.283379e+01  2.107950e-02 
   75700231   7.585971e+00   1.426883e-01   7.585971e+00   1.426883e-01 223200605260348310       6935       3385     0 2453881.660081  1.279997e+01  2.042222e-02  1.279997e+01  2.042222e-02 
   75700300   8.068226e+00   1.427988e-01   8.068226e+00   1.427988e-01 223200605260349400       6941       3356     0 2453881.660880  1.273306e+01  1.921641e-02  1.273306e+01  1.921641e-02 
   76132320   6.667624e+00   1.203458e-01   6.667624e+00   1.203458e-01 223200605310349440       6992       3363     0 2453886.661111  1.294007e+01  1.959683e-02  1.294007e+01  1.959683e-02 
   76132387   6.706311e+00   1.211405e-01   6.706311e+00   1.211405e-01 223200605310350510       7000       3334     0 2453886.661887  1.293379e+01  1.961243e-02  1.293379e+01  1.961243e-02 
   76132436   6.765222e+00   1.215688e-01   6.765222e+00   1.215688e-01 223200605310351390       7001       3333     0 2453886.662454  1.292429e+01  1.951039e-02  1.292429e+01  1.951039e-02 
   76132498   6.740884e+00   1.209750e-01   6.740884e+00   1.209750e-01 223200605310352410       7004       3331     0 2453886.663171  1.292821e+01  1.948519e-02  1.292821e+01  1.948519e-02 
   76218791   6.965860e+00   1.232520e-01   6.965860e+00   1.232520e-01 223200606010350510       7011       3326     0 2453887.661933  1.289256e+01  1.921079e-02  1.289256e+01  1.921079e-02 
   76218859   6.529646e+00   1.226773e-01   6.529646e+00   1.226773e-01 223200606010351580       7010       3347     0 2453887.662720  1.296278e+01  2.039860e-02  1.296278e+01  2.039860e-02 
   76218929   7.030529e+00   1.245471e-01   7.030529e+00   1.245471e-01 223200606010353090       7014       3345     0 2453887.663530  1.288253e+01  1.923408e-02  1.288253e+01  1.923408e-02 
   76219015   6.916220e+00   1.249268e-01   6.916220e+00   1.249268e-01 223200606010354350       7022       3319     0 2453887.664525  1.290033e+01  1.961158e-02  1.290033e+01  1.961158e-02 
   76478197   7.163593e+00   1.329715e-01   7.163593e+00   1.329715e-01 223200606040354060       7022       3318     0 2453890.664317  1.286217e+01  2.015364e-02  1.286217e+01  2.015364e-02 
   76478270   7.504296e+00   1.344600e-01   7.504296e+00   1.344600e-01 223200606040355190       7022       3339     0 2453890.665162  1.281172e+01  1.945401e-02  1.281172e+01  1.945401e-02 
   76478346   7.785840e+00   1.365656e-01   7.785840e+00   1.365656e-01 223200606040356360       7030       3310     0 2453890.666042  1.277174e+01  1.904416e-02  1.277174e+01  1.904416e-02 
   76478399   7.970334e+00   1.371194e-01   7.970334e+00   1.371194e-01 223200606040357280       7032       3308     0 2453890.666655  1.274631e+01  1.867877e-02  1.274631e+01  1.867877e-02 
   76564539   7.450503e+00   3.030066e-01   7.450503e+00   3.030066e-01 223200606050353060       7049       3302     0 2453891.663646  1.281954e+01  4.415626e-02  1.281954e+01  4.415626e-02 
   76564598   6.934848e+00   2.949609e-01   6.934848e+00   2.949609e-01 223200606050354050       7053       3301     0 2453891.664329  1.289741e+01  4.617993e-02  1.289741e+01  4.617993e-02 
   76564658   7.669507e+00   2.927980e-01   7.669507e+00   2.927980e-01 223200606050355050       7055       3298     0 2453891.665023  1.278808e+01  4.145020e-02  1.278808e+01  4.145020e-02 
   76564716   7.844433e+00   2.687204e-01   7.844433e+00   2.687204e-01 223200606050356020       7058       3298     0 2453891.665694  1.276360e+01  3.719331e-02  1.276360e+01  3.719331e-02 
   76650910   6.834788e+00   1.222541e-01   6.834788e+00   1.222541e-01 223200606060352330       7037       3298     0 2453892.663310  1.291319e+01  1.942066e-02  1.291319e+01  1.942066e-02 
   76651044   6.838704e+00   1.260770e-01   6.838704e+00   1.260770e-01 223200606060354480       7044       3297     0 2453892.664861  1.291257e+01  2.001649e-02  1.291257e+01  2.001649e-02 
   76651100   6.904632e+00   1.257603e-01   6.904632e+00   1.257603e-01 223200606060355430       7047       3295     0 2453892.665509  1.290215e+01  1.977556e-02  1.290215e+01  1.977556e-02 
   76651176   6.496961e+00   1.238102e-01   6.496961e+00   1.238102e-01 223200606060357000       7044       3316     0 2453892.666389  1.296822e+01  2.069054e-02  1.296822e+01  2.069054e-02 
   76737404   7.201867e+00   1.301334e-01   7.201867e+00   1.301334e-01 223200606070354040       7048       3301     0 2453893.664398  1.285639e+01  1.961867e-02  1.285639e+01  1.961867e-02 
   76737457   7.148872e+00   1.280794e-01   7.148872e+00   1.280794e-01 223200606070354570       7050       3299     0 2453893.665012  1.286441e+01  1.945216e-02  1.286441e+01  1.945216e-02 
   76737512   7.103909e+00   1.268174e-01   7.103909e+00   1.268174e-01 223200606070355530       7052       3296     0 2453893.665648  1.287126e+01  1.938239e-02  1.287126e+01  1.938239e-02 
   76737568   7.516064e+00   1.275085e-01   7.516064e+00   1.275085e-01 223200606070356480       7054       3295     0 2453893.666296  1.281002e+01  1.841936e-02  1.281002e+01  1.841936e-02 
   76823794   6.631346e+00   1.249205e-01   6.631346e+00   1.249205e-01 223200606080353510       7074       3300     0 2453894.664282  1.294600e+01  2.045304e-02  1.294600e+01  2.045304e-02 
   76823853   7.069366e+00   1.269878e-01   7.069366e+00   1.269878e-01 223200606080354510       7077       3297     0 2453894.664965  1.287655e+01  1.950327e-02  1.287655e+01  1.950327e-02 
   76823912   7.342327e+00   1.281188e-01   7.342327e+00   1.281188e-01 223200606080355500       7080       3295     0 2453894.665648  1.283542e+01  1.894545e-02  1.283542e+01  1.894545e-02 
   76823998   6.857928e+00   1.264773e-01   6.857928e+00   1.264773e-01 223200606080357160       7078       3316     0 2453894.666644  1.290952e+01  2.002375e-02  1.290952e+01  2.002375e-02 
   76910220   6.524322e+00   1.229038e-01   6.524322e+00   1.229038e-01 223200606090354140       7070       3287     0 2453895.664583  1.296366e+01  2.045294e-02  1.296366e+01  2.045294e-02 
   76910274   6.623763e+00   1.232407e-01   6.623763e+00   1.232407e-01 223200606090355080       7073       3285     0 2453895.665208  1.294724e+01  2.020111e-02  1.294724e+01  2.020111e-02 
   76910358   6.728372e+00   1.242290e-01   6.728372e+00   1.242290e-01 223200606090356320       7071       3306     0 2453895.666181  1.293023e+01  2.004651e-02  1.293023e+01  2.004651e-02 
   76910430   6.845715e+00   1.233789e-01   6.845715e+00   1.233789e-01 223200606090357440       7077       3280     0 2453895.667014  1.291145e+01  1.956807e-02  1.291145e+01  1.956807e-02 
   76996575   8.104194e+00   2.317120e-01   8.104194e+00   2.317120e-01 223200606100353270       7075       3287     0 2453896.664062  1.272823e+01  3.104306e-02  1.272823e+01  3.104306e-02 
   76996640   7.996833e+00   2.283118e-01   7.996833e+00   2.283118e-01 223200606100354320       7079       3284     0 2453896.664815  1.274271e+01  3.099818e-02  1.274271e+01  3.099818e-02 
   76996701   8.076127e+00   2.255658e-01   8.076127e+00   2.255658e-01 223200606100355320       7081       3282     0 2453896.665521  1.273199e+01  3.032466e-02  1.273199e+01  3.032466e-02 
   76996756   8.255663e+00   2.219077e-01   8.255663e+00   2.219077e-01 223200606100356270       7083       3280     0 2453896.666157  1.270812e+01  2.918410e-02  1.270812e+01  2.918410e-02 
   77082995   8.912362e+00   3.807127e-01   8.912362e+00   3.807127e-01 223200606110353440       7088       3276     0 2453897.664294  1.262502e+01  4.637995e-02  1.262502e+01  4.637995e-02 
   77083072   8.995948e+00   3.778292e-01   8.995948e+00   3.778292e-01 223200606110355000       7088       3298     0 2453897.665185  1.261488e+01  4.560101e-02  1.261488e+01  4.560101e-02 
   77083153   8.820565e+00   3.819897e-01   8.820565e+00   3.819897e-01 223200606110356210       7094       3270     0 2453897.666123  1.263626e+01  4.701982e-02  1.263626e+01  4.701982e-02 
   77083207   9.096026e+00   3.837659e-01   9.096026e+00   3.837659e-01 223200606110357160       7096       3268     0 2453897.666748  1.260287e+01  4.580792e-02  1.260287e+01  4.580792e-02 
   77169261   8.916080e+00   4.673413e-01   8.916080e+00   4.673413e-01 223200606120351270       7087       3294     0 2453898.662743  1.262457e+01  5.690968e-02  1.262457e+01  5.690968e-02 
   77169323   8.756348e+00   4.759876e-01   8.756348e+00   4.759876e-01 223200606120352290       7095       3268     0 2453898.663461  1.264419e+01  5.901991e-02  1.264419e+01  5.901991e-02 
   77169381   9.840635e+00   4.738021e-01   9.840635e+00   4.738021e-01 223200606120353260       7096       3266     0 2453898.664132  1.251744e+01  5.227569e-02  1.251744e+01  5.227569e-02 
   77169441   8.779988e+00   4.708062e-01   8.779988e+00   4.708062e-01 223200606120354260       7098       3263     0 2453898.664826  1.264126e+01  5.822026e-02  1.264126e+01  5.822026e-02 
   77514687   1.080055e+01   2.228937e+00   1.080055e+01   2.228937e+00 223200606160348210       7097       3234     0 2453902.660729  1.241639e+01  2.240669e-01  1.241639e+01  2.240669e-01 
   77514752   1.083050e+01   2.797720e+00   1.083050e+01   2.797720e+00 223200606160349260       7099       3232     0 2453902.661481  1.241338e+01  2.804670e-01  1.241338e+01  2.804670e-01 
   77601371   8.151587e+00   2.015438e-01   8.151587e+00   2.015438e-01 223200606170353030       7111       3218     0 2453903.664016  1.272189e+01  2.684437e-02  1.272189e+01  2.684437e-02 
   77601441   8.252059e+00   2.013461e-01   8.252059e+00   2.013461e-01 223200606170354120       7109       3240     0 2453903.664826  1.270859e+01  2.649151e-02  1.270859e+01  2.649151e-02 
   77601511   8.049601e+00   2.001006e-01   8.049601e+00   2.001006e-01 223200606170355220       7110       3238     0 2453903.665637  1.273556e+01  2.698981e-02  1.273556e+01  2.698981e-02 
   77601568   8.659348e+00   2.005457e-01   8.659348e+00   2.005457e-01 223200606170356190       7116       3211     0 2453903.666296  1.265629e+01  2.514513e-02  1.265629e+01  2.514513e-02 
   77687715   8.040149e+00   1.742892e-01   8.040149e+00   1.742892e-01 223200606180352030       7131       3212     0 2453904.663368  1.273684e+01  2.353597e-02  1.273684e+01  2.353597e-02 
   77687758   8.185681e+00   1.739820e-01   8.185681e+00   1.739820e-01 223200606180352470       7133       3210     0 2453904.663866  1.271736e+01  2.307679e-02  1.271736e+01  2.307679e-02 
   77687826   7.710908e+00   1.736790e-01   7.710908e+00   1.736790e-01 223200606180353550       7134       3209     0 2453904.664653  1.278224e+01  2.445500e-02  1.278224e+01  2.445500e-02 
   77687877   7.643441e+00   1.727672e-01   7.643441e+00   1.727672e-01 223200606180354460       7135       3207     0 2453904.665243  1.279178e+01  2.454134e-02  1.279178e+01  2.454134e-02 
   77774352   7.594358e+00   1.508317e-01   7.594358e+00   1.508317e-01 223200606190355570       7176       3193     0 2453905.666111  1.279877e+01  2.156390e-02  1.279877e+01  2.156390e-02 
   77774408   7.661501e+00   1.507501e-01   7.661501e+00   1.507501e-01 223200606190356530       7176       3193     0 2453905.666759  1.278922e+01  2.136337e-02  1.278922e+01  2.136337e-02 
   77774470   7.369638e+00   1.495751e-01   7.369638e+00   1.495751e-01 223200606190357560       7176       3192     0 2453905.667477  1.283138e+01  2.203632e-02  1.283138e+01  2.203632e-02 
   77774535   7.704222e+00   1.491017e-01   7.704222e+00   1.491017e-01 223200606190359000       7171       3216     0 2453905.668229  1.278318e+01  2.101260e-02  1.278318e+01  2.101260e-02 
   77860765   6.917903e+00   1.325257e-01   6.917903e+00   1.325257e-01 223200606200356080       7161       3187     0 2453906.666262  1.290006e+01  2.079944e-02  1.290006e+01  2.079944e-02 
   77860824   6.952698e+00   1.320941e-01   6.952698e+00   1.320941e-01 223200606200357080       7161       3186     0 2453906.666944  1.289462e+01  2.062795e-02  1.289462e+01  2.062795e-02 
   77860888   6.973874e+00   1.321301e-01   6.973874e+00   1.321301e-01 223200606200358110       7161       3187     0 2453906.667685  1.289131e+01  2.057092e-02  1.289131e+01  2.057092e-02 
   77860953   7.057344e+00   1.320884e-01   7.057344e+00   1.320884e-01 223200606200359170       7155       3212     0 2453906.668438  1.287840e+01  2.032119e-02  1.287840e+01  2.032119e-02 
   77947076   7.103579e+00   1.364923e-01   7.103579e+00   1.364923e-01 223200606210354360       7155       3186     0 2453907.665231  1.287131e+01  2.086204e-02  1.287131e+01  2.086204e-02 
   77947130   7.123379e+00   1.367950e-01   7.123379e+00   1.367950e-01 223200606210355300       7156       3187     0 2453907.665856  1.286829e+01  2.085019e-02  1.286829e+01  2.085019e-02 
   77947208   7.235257e+00   1.377656e-01   7.235257e+00   1.377656e-01 223200606210356480       7152       3211     0 2453907.666759  1.285137e+01  2.067344e-02  1.285137e+01  2.067344e-02 
   77947275   7.122784e+00   1.372458e-01   7.122784e+00   1.372458e-01 223200606210357550       7156       3187     0 2453907.667535  1.286838e+01  2.092065e-02  1.286838e+01  2.092065e-02 
   78119986   8.188358e+00   1.303988e-01   8.188358e+00   1.303988e-01 223200606230356210       7147       3166     0 2453909.666505  1.271701e+01  1.729030e-02  1.271701e+01  1.729030e-02 
   78120040   7.919976e+00   1.293786e-01   7.919976e+00   1.293786e-01 223200606230357150       7146       3167     0 2453909.667130  1.275319e+01  1.773636e-02  1.275319e+01  1.773636e-02 
   78120188   7.584324e+00   1.286781e-01   7.584324e+00   1.286781e-01 223200606230359440       7144       3175     0 2453909.668843  1.280021e+01  1.842101e-02  1.280021e+01  1.842101e-02 
   78120250   7.474967e+00   1.283967e-01   7.474967e+00   1.283967e-01 223200606230400460       7146       3154     0 2453909.669560  1.281598e+01  1.864964e-02  1.281598e+01  1.864964e-02 
   78206445   7.370354e+00   1.275582e-01   7.370354e+00   1.275582e-01 223200606240357190       7165       3152     0 2453910.667187  1.283128e+01  1.879083e-02  1.283128e+01  1.879083e-02 
   78206504   7.107904e+00   1.275112e-01   7.107904e+00   1.275112e-01 223200606240358180       7162       3156     0 2453910.667870  1.287065e+01  1.947747e-02  1.287065e+01  1.947747e-02 
   78206579   7.291643e+00   1.259618e-01   7.291643e+00   1.259618e-01 223200606240359320       7153       3184     0 2453910.668738  1.284294e+01  1.875597e-02  1.284294e+01  1.875597e-02 
   78206638   7.189119e+00   1.266188e-01   7.189119e+00   1.266188e-01 223200606240400310       7149       3169     0 2453910.669421  1.285831e+01  1.912266e-02  1.285831e+01  1.912266e-02 
   78292884   7.190512e+00   1.177107e-01   7.190512e+00   1.177107e-01 223200606250357560       7167       3135     0 2453911.667639  1.285810e+01  1.777387e-02  1.285810e+01  1.777387e-02 
   78292938   6.842286e+00   1.179488e-01   6.842286e+00   1.179488e-01 223200606250358490       7161       3142     0 2453911.668264  1.291200e+01  1.871622e-02  1.291200e+01  1.871622e-02 
   78292989   6.526299e+00   1.163155e-01   6.526299e+00   1.163155e-01 223200606250359400       7151       3156     0 2453911.668854  1.296333e+01  1.935069e-02  1.296333e+01  1.935069e-02 
   78293051   6.775204e+00   1.175099e-01   6.775204e+00   1.175099e-01 223200606250400430       7152       3154     0 2453911.669572  1.292269e+01  1.883120e-02  1.292269e+01  1.883120e-02 
   78724952   6.802495e+00   1.231925e-01   6.802495e+00   1.231925e-01 223200606300358520       7174       3138     0 2453916.668426  1.291833e+01  1.966263e-02  1.291833e+01  1.966263e-02 
   78725029   6.942666e+00   1.231225e-01   6.942666e+00   1.231225e-01 223200606300400090       7181       3110     0 2453916.669317  1.289618e+01  1.925470e-02  1.289618e+01  1.925470e-02 
   78725076   6.893365e+00   1.223175e-01   6.893365e+00   1.223175e-01 223200606300400570       7182       3108     0 2453916.669861  1.290392e+01  1.926562e-02  1.290392e+01  1.926562e-02 
   78725140   6.951705e+00   1.217439e-01   6.951705e+00   1.217439e-01 223200606300402000       7183       3106     0 2453916.670602  1.289477e+01  1.901435e-02  1.289477e+01  1.901435e-02 
   78811388   7.145235e+00   1.287826e-01   7.145235e+00   1.287826e-01 223200607010359260       7174       3103     0 2453917.668843  1.286496e+01  1.956891e-02  1.286496e+01  1.956891e-02 
   78811467   6.741385e+00   1.272188e-01   6.741385e+00   1.272188e-01 223200607010400450       7172       3124     0 2453917.669757  1.292813e+01  2.048934e-02  1.292813e+01  2.048934e-02 
   78811532   7.144099e+00   1.282259e-01   7.144099e+00   1.282259e-01 223200607010401510       7177       3097     0 2453917.670509  1.286513e+01  1.948741e-02  1.286513e+01  1.948741e-02 
   78811583   6.846916e+00   1.275158e-01   6.846916e+00   1.275158e-01 223200607010402420       7177       3095     0 2453917.671100  1.291126e+01  2.022064e-02  1.291126e+01  2.022064e-02 
   78897858   1.344228e+01   5.468170e-01   1.344228e+01   5.468170e-01 223200607020400340       7187       3091     0 2453918.669653  1.217882e+01  4.416668e-02  1.217882e+01  4.416668e-02 
   78897912   4.929068e+00   3.037634e-01   4.929068e+00   3.037634e-01 223200607020401280       7187       3089     0 2453918.670278  1.326809e+01  6.691085e-02  1.326809e+01  6.691085e-02 
   78984201   7.381804e+00   1.235175e-01   7.381804e+00   1.235175e-01 223200607030359350       7193       3079     0 2453919.668993  1.282959e+01  1.816737e-02  1.282959e+01  1.816737e-02 
   78984255   6.798029e+00   1.205326e-01   6.798029e+00   1.205326e-01 223200607030400290       7195       3076     0 2453919.669618  1.291904e+01  1.925074e-02  1.291904e+01  1.925074e-02 
   78984313   7.011359e+00   1.202595e-01   7.011359e+00   1.202595e-01 223200607030401270       7196       3074     0 2453919.670289  1.288549e+01  1.862271e-02  1.288549e+01  1.862271e-02 
   78984368   7.091431e+00   1.208265e-01   7.091431e+00   1.208265e-01 223200607030402220       7196       3072     0 2453919.670926  1.287317e+01  1.849926e-02  1.287317e+01  1.849926e-02 
   79070524   6.858109e+00   1.219173e-01   6.858109e+00   1.219173e-01 223200607040358180       7189       3058     0 2453920.668102  1.290949e+01  1.930132e-02  1.290949e+01  1.930132e-02 
   79070570   7.009668e+00   1.216282e-01   7.009668e+00   1.216282e-01 223200607040359040       7191       3056     0 2453920.668634  1.288576e+01  1.883920e-02  1.288576e+01  1.883920e-02 
   79070636   7.485210e+00   1.238860e-01   7.485210e+00   1.238860e-01 223200607040400090       7192       3054     0 2453920.669398  1.281449e+01  1.796984e-02  1.281449e+01  1.796984e-02 
   79070688   7.313617e+00   1.236836e-01   7.313617e+00   1.236836e-01 223200607040401020       7192       3052     0 2453920.670000  1.283967e+01  1.836140e-02  1.283967e+01  1.836140e-02 
   79415953   6.844223e+00   1.214734e-01   6.844223e+00   1.214734e-01 223200607080355190       7187       3042     0 2453924.666123  1.291169e+01  1.927005e-02  1.291169e+01  1.927005e-02 
   79416110   7.093131e+00   1.224703e-01   7.093131e+00   1.224703e-01 223200607080357570       7190       3064     0 2453924.667940  1.287290e+01  1.874644e-02  1.287290e+01  1.874644e-02 
   79416177   7.727245e+00   1.243290e-01   7.727245e+00   1.243290e-01 223200607080359030       7195       3037     0 2453924.668715  1.277994e+01  1.746923e-02  1.277994e+01  1.746923e-02 
   79416235   7.316863e+00   1.234634e-01   7.316863e+00   1.234634e-01 223200607080400010       7195       3034     0 2453924.669387  1.283919e+01  1.832057e-02  1.283919e+01  1.832057e-02 
   79502440   8.368632e+00   1.749373e-01   8.368632e+00   1.749373e-01 223200607090356460       7199       3035     0 2453925.667130  1.269336e+01  2.269623e-02  1.269336e+01  2.269623e-02 
   79502492   8.315665e+00   1.740922e-01   8.315665e+00   1.740922e-01 223200607090357380       7200       3033     0 2453925.667731  1.270026e+01  2.273046e-02  1.270026e+01  2.273046e-02 
   79502561   7.903161e+00   1.701104e-01   7.903161e+00   1.701104e-01 223200607090358470       7200       3030     0 2453925.668530  1.275550e+01  2.336985e-02  1.275550e+01  2.336985e-02 
   79502715   7.755990e+00   1.664676e-01   7.755990e+00   1.664676e-01 223200607090401200       7198       3013     0 2453925.670313  1.277591e+01  2.330335e-02  1.277591e+01  2.330335e-02 
   80278193   7.979512e+00   1.791200e-01   7.979512e+00   1.791200e-01 223200607180325470       7230       2992     0 2453934.645752  1.274506e+01  2.437214e-02  1.274506e+01  2.437214e-02 
   80278255   7.538512e+00   1.746274e-01   7.538512e+00   1.746274e-01 223200607180326500       7234       2965     0 2453934.646470  1.280679e+01  2.515085e-02  1.280679e+01  2.515085e-02 
   80278330   8.971862e+00   2.012455e-01   8.971862e+00   2.012455e-01 223200607180328050       7229       2987     0 2453934.647338  1.261779e+01  2.435395e-02  1.261779e+01  2.435395e-02 
   80278408   6.646470e+00   2.632619e-01   6.646470e+00   2.632619e-01 223200607180329220       7234       2960     0 2453934.648241  1.294352e+01  4.300537e-02  1.294352e+01  4.300537e-02 
   80364285   7.922522e+00   1.445269e-01   7.922522e+00   1.445269e-01 223200607190320380       7226       2975     0 2453935.642187  1.275284e+01  1.980666e-02  1.275284e+01  1.980666e-02 
   80364341   7.988384e+00   1.452905e-01   7.988384e+00   1.452905e-01 223200607190321350       7226       2974     0 2453935.642836  1.274385e+01  1.974714e-02  1.274385e+01  1.974714e-02 
   80364401   7.943569e+00   1.450333e-01   7.943569e+00   1.450333e-01 223200607190322340       7226       2972     0 2453935.643530  1.274996e+01  1.982338e-02  1.274996e+01  1.982338e-02 
   80364462   7.923235e+00   1.445817e-01   7.923235e+00   1.445817e-01 223200607190323360       7227       2971     0 2453935.644236  1.275274e+01  1.981238e-02  1.275274e+01  1.981238e-02 
   80450500   7.250991e+00   1.312204e-01   7.250991e+00   1.312204e-01 223200607200317340       7231       2967     0 2453936.640046  1.284901e+01  1.964851e-02  1.284901e+01  1.964851e-02 
   80450561   6.936410e+00   1.304754e-01   6.936410e+00   1.304754e-01 223200607200318350       7230       2966     0 2453936.640752  1.289716e+01  2.042301e-02  1.289716e+01  2.042301e-02 
   80450625   7.067686e+00   1.300933e-01   7.067686e+00   1.300933e-01 223200607200319380       7230       2964     0 2453936.641493  1.287681e+01  1.998497e-02  1.287681e+01  1.998497e-02 
   80450682   7.121025e+00   1.297570e-01   7.121025e+00   1.297570e-01 223200607200320360       7231       2962     0 2453936.642153  1.286864e+01  1.978400e-02  1.286864e+01  1.978400e-02 
   80967432   6.914341e+00   1.200413e-01   6.914341e+00   1.200413e-01 223200607260253020       7189       3003     0 2453942.623056  1.290062e+01  1.884975e-02  1.290062e+01  1.884975e-02 
   80967491   6.928936e+00   1.187161e-01   6.928936e+00   1.187161e-01 223200607260254000       7190       3000     0 2453942.623738  1.289833e+01  1.860240e-02  1.289833e+01  1.860240e-02 
   80967551   6.548713e+00   1.167359e-01   6.548713e+00   1.167359e-01 223200607260255010       7192       2998     0 2453942.624433  1.295961e+01  1.935415e-02  1.295961e+01  1.935415e-02 
   80967607   6.777590e+00   1.179623e-01   6.777590e+00   1.179623e-01 223200607260255560       7192       2996     0 2453942.625081  1.292231e+01  1.889705e-02  1.292231e+01  1.889705e-02 
   81053652   7.106470e+00   1.302016e-01   7.106470e+00   1.302016e-01 223200607270250020       7186       2999     0 2453943.620972  1.287086e+01  1.989245e-02  1.287086e+01  1.989245e-02 
   81053714   7.076079e+00   1.328064e-01   7.076079e+00   1.328064e-01 223200607270251040       7187       2996     0 2453943.621690  1.287552e+01  2.037757e-02  1.287552e+01  2.037757e-02 
   81053770   6.795974e+00   1.289879e-01   6.795974e+00   1.289879e-01 223200607270251590       7187       2994     0 2453943.622338  1.291937e+01  2.060740e-02  1.291937e+01  2.060740e-02 
   81053832   7.315044e+00   1.281987e-01   7.315044e+00   1.281987e-01 223200607270253010       7188       2991     0 2453943.623056  1.283946e+01  1.902797e-02  1.283946e+01  1.902797e-02 
   81139829   1.105765e+01   1.221629e+00   1.105765e+01   1.221629e+00 223200607280246190       7203       2990     0 2453944.618391  1.239084e+01  1.199507e-01  1.239084e+01  1.199507e-01 
   81139888   8.922090e+00   2.057726e+00   8.922090e+00   2.057726e+00 223200607280247170       7204       2987     0 2453944.619074  1.262383e+01  2.504072e-01  1.262383e+01  2.504072e-01 
   81139942   9.301659e+00   1.311970e+00   9.301659e+00   1.311970e+00 223200607280248110       7205       2986     0 2453944.619699  1.257860e+01  1.531403e-01  1.257860e+01  1.531403e-01 
   81139996   8.998973e+00   8.633494e-01   8.998973e+00   8.633494e-01 223200607280249060       7205       2984     0 2453944.620324  1.261452e+01  1.041644e-01  1.261452e+01  1.041644e-01 
   82346064   9.526028e+00   3.951000e-01   9.526028e+00   3.951000e-01 223200608110150170       7200       3030     0 2453958.579444  1.255272e+01  4.503198e-02  1.255272e+01  4.503198e-02 
   82346120   9.704402e+00   3.932841e-01   9.704402e+00   3.932841e-01 223200608110151120       7203       3028     0 2453958.580093  1.253258e+01  4.400109e-02  1.253258e+01  4.400109e-02 
   82346175   9.980029e+00   3.925971e-01   9.980029e+00   3.925971e-01 223200608110152070       7203       3024     0 2453958.580729  1.250217e+01  4.271113e-02  1.250217e+01  4.271113e-02 
   82346234   1.026490e+01   3.920808e-01   1.026490e+01   3.920808e-01 223200608110153070       7203       3022     0 2453958.581412  1.247161e+01  4.147121e-02  1.247161e+01  4.147121e-02 
   82518419   9.083153e+00   2.627043e-01   9.083153e+00   2.627043e-01 223200608130142530       7203       3001     0 2453960.574294  1.260441e+01  3.140193e-02  1.260441e+01  3.140193e-02 
   82518478   9.010574e+00   2.619721e-01   9.010574e+00   2.619721e-01 223200608130143520       7205       2998     0 2453960.574977  1.261312e+01  3.156664e-02  1.261312e+01  3.156664e-02 
   82518540   9.275298e+00   2.596420e-01   9.275298e+00   2.596420e-01 223200608130144550       7203       2993     0 2453960.575694  1.258168e+01  3.039296e-02  1.258168e+01  3.039296e-02 
   82518618   9.258971e+00   2.612775e-01   9.258971e+00   2.612775e-01 223200608130146120       7199       3014     0 2453960.576597  1.258359e+01  3.063834e-02  1.258359e+01  3.063834e-02 
   82604600   9.954096e+00   2.141379e-01   9.954096e+00   2.141379e-01 223200608140139160       7203       3020     0 2453961.571759  1.250500e+01  2.335703e-02  1.250500e+01  2.335703e-02 
   82604656   1.000149e+01   2.176483e-01   1.000149e+01   2.176483e-01 223200608140140120       7209       3016     0 2453961.572407  1.249984e+01  2.362742e-02  1.249984e+01  2.362742e-02 
   82604713   9.520909e+00   2.191527e-01   9.520909e+00   2.191527e-01 223200608140141080       7222       3014     0 2453961.573067  1.255330e+01  2.499161e-02  1.255330e+01  2.499161e-02 
   82604767   1.033280e+01   2.242640e-01   1.033280e+01   2.242640e-01 223200608140142030       7222       3011     0 2453961.573692  1.246446e+01  2.356501e-02  1.246446e+01  2.356501e-02 
   82863073   7.453616e+00   1.493415e-01   7.453616e+00   1.493415e-01 223200608170127120       7193       3029     0 2453964.563345  1.281908e+01  2.175401e-02  1.281908e+01  2.175401e-02 
   82863141   7.513747e+00   1.493937e-01   7.513747e+00   1.493937e-01 223200608170128190       7201       2997     0 2453964.564132  1.281036e+01  2.158746e-02  1.281036e+01  2.158746e-02 
   82863197   7.350403e+00   1.485181e-01   7.350403e+00   1.485181e-01 223200608170129150       7202       2995     0 2453964.564780  1.283422e+01  2.193786e-02  1.283422e+01  2.193786e-02 
   82863257   7.555809e+00   1.485180e-01   7.555809e+00   1.485180e-01 223200608170130160       7202       2993     0 2453964.565475  1.280430e+01  2.134145e-02  1.280430e+01  2.134145e-02 
   82949246   7.128044e+00   1.211652e-01   7.128044e+00   1.211652e-01 223200608180123250       7197       2976     0 2453965.560718  1.286757e+01  1.845582e-02  1.286757e+01  1.845582e-02 
   82949308   7.611604e+00   1.225902e-01   7.611604e+00   1.225902e-01 223200608180124270       7200       2975     0 2453965.561435  1.279631e+01  1.748660e-02  1.279631e+01  1.748660e-02 
   82949371   7.382107e+00   1.225182e-01   7.382107e+00   1.225182e-01 223200608180125310       7199       2972     0 2453965.562164  1.282955e+01  1.801964e-02  1.282955e+01  1.801964e-02 
   82949462   7.599417e+00   1.240728e-01   7.599417e+00   1.240728e-01 223200608180127020       7196       2991     0 2453965.563218  1.279805e+01  1.772646e-02  1.279805e+01  1.772646e-02 
   83724672   6.498846e+00   1.193526e-01   6.498846e+00   1.193526e-01 223200608270047250       7177       3027     0 2453974.535556  1.296791e+01  1.993983e-02  1.296791e+01  1.993983e-02 
   83724736   6.677242e+00   1.186276e-01   6.677242e+00   1.186276e-01 223200608270048280       7180       2993     0 2453974.536296  1.293851e+01  1.928921e-02  1.293851e+01  1.928921e-02 
   83724811   6.568147e+00   1.187959e-01   6.568147e+00   1.187959e-01 223200608270049440       7176       3014     0 2453974.537164  1.295639e+01  1.963742e-02  1.295639e+01  1.963742e-02 
   83724873   6.876050e+00   1.197195e-01   6.876050e+00   1.197195e-01 223200608270050460       7181       2986     0 2453974.537882  1.290665e+01  1.890391e-02  1.290665e+01  1.890391e-02 
   83810838   6.914948e+00   1.171928e-01   6.914948e+00   1.171928e-01 223200608280043330       7182       3016     0 2453975.532847  1.290053e+01  1.840085e-02  1.290053e+01  1.840085e-02 
   83810890   6.432966e+00   1.150044e-01   6.432966e+00   1.150044e-01 223200608280044250       7183       3014     0 2453975.533449  1.297897e+01  1.941015e-02  1.297897e+01  1.941015e-02 
   83810961   6.536143e+00   1.135057e-01   6.536143e+00   1.135057e-01 223200608280045350       7182       3009     0 2453975.534271  1.296170e+01  1.885480e-02  1.296170e+01  1.885480e-02 
   83811018   7.171762e+00   1.160071e-01   7.171762e+00   1.160071e-01 223200608280046320       7182       3007     0 2453975.534931  1.286094e+01  1.756243e-02  1.286094e+01  1.756243e-02 
   84328670   8.279965e+00   2.866928e-01   8.279965e+00   2.866928e-01 223200609030034170       7172       2946     0 2453981.526273  1.270493e+01  3.759362e-02  1.270493e+01  3.759362e-02 
   84328742   8.650376e+00   2.925615e-01   8.650376e+00   2.925615e-01 223200609030035280       7168       2966     0 2453981.527106  1.265741e+01  3.672045e-02  1.265741e+01  3.672045e-02 
   84328809   8.293657e+00   3.062097e-01   8.293657e+00   3.062097e-01 223200609030036350       7168       2932     0 2453981.527882  1.270313e+01  4.008655e-02  1.270313e+01  4.008655e-02 
   84328866   8.148158e+00   2.924933e-01   8.148158e+00   2.924933e-01 223200609030037320       7169       2931     0 2453981.528542  1.272235e+01  3.897466e-02  1.272235e+01  3.897466e-02 
   84500177   8.346836e+00   4.456407e-01   8.346836e+00   4.456407e-01 223200609050012480       7179       3011     0 2453983.511308  1.269620e+01  5.796806e-02  1.269620e+01  5.796806e-02 
   84500237   8.898560e+00   4.418234e-01   8.898560e+00   4.418234e-01 223200609050013480       7180       3008     0 2453983.512002  1.262670e+01  5.390820e-02  1.262670e+01  5.390820e-02 
   84500299   8.868524e+00   4.441736e-01   8.868524e+00   4.441736e-01 223200609050014500       7180       3004     0 2453983.512720  1.263037e+01  5.437851e-02  1.263037e+01  5.437851e-02 
   84500377   8.950720e+00   4.467088e-01   8.950720e+00   4.467088e-01 223200609050016080       7176       3025     0 2453983.513623  1.262035e+01  5.418666e-02  1.262035e+01  5.418666e-02 
   84844850   8.442108e+00   6.167521e-01   8.442108e+00   6.167521e-01 223200609082357310       7189       3020     0 2453987.500579  1.268387e+01  7.932052e-02  1.268387e+01  7.932052e-02 
   84844906   8.128737e+00   6.148487e-01   8.128737e+00   6.148487e-01 223200609082358260       7190       3015     0 2453987.501227  1.272494e+01  8.212417e-02  1.272494e+01  8.212417e-02 
   84844963   8.506629e+00   6.134354e-01   8.506629e+00   6.134354e-01 223200609082359230       7189       3012     0 2453987.501887  1.267561e+01  7.829557e-02  1.267561e+01  7.829557e-02 
   84845025   9.177491e+00   6.124331e-01   9.177491e+00   6.124331e-01 223200609090000260       7189       3009     0 2453987.502604  1.259319e+01  7.245369e-02  1.259319e+01  7.245369e-02 
   85017150   9.376643e+00   3.329762e-01   9.376643e+00   3.329762e-01 223200609102349160       7165       2972     0 2453989.494792  1.256988e+01  3.855597e-02  1.256988e+01  3.855597e-02 
   85017217   8.721107e+00   4.302612e-01   8.721107e+00   4.302612e-01 223200609102350220       7167       2969     0 2453989.495567  1.264857e+01  5.356565e-02  1.264857e+01  5.356565e-02 
   85017276   9.032411e+00   3.806740e-01   9.032411e+00   3.806740e-01 223200609102351210       7167       2967     0 2453989.496250  1.261049e+01  4.575888e-02  1.261049e+01  4.575888e-02 
   85017334   9.559817e+00   3.848885e-01   9.559817e+00   3.848885e-01 223200609102352200       7165       2960     0 2453989.496921  1.254888e+01  4.371306e-02  1.254888e+01  4.371306e-02 
   85361742   6.894569e+00   1.170904e-01   6.894569e+00   1.170904e-01 223200609142332380       7168       2925     0 2453993.483125  1.290373e+01  1.843912e-02  1.290373e+01  1.843912e-02 
   85361799   6.718966e+00   1.173564e-01   6.718966e+00   1.173564e-01 223200609142333360       7169       2922     0 2453993.483785  1.293174e+01  1.896401e-02  1.293174e+01  1.896401e-02 
   85361860   6.685061e+00   1.175983e-01   6.685061e+00   1.175983e-01 223200609142334370       7170       2919     0 2453993.484491  1.293724e+01  1.909947e-02  1.293724e+01  1.909947e-02 
   85361935   6.788824e+00   1.167217e-01   6.788824e+00   1.167217e-01 223200609142335520       7165       2940     0 2453993.485359  1.292051e+01  1.866736e-02  1.292051e+01  1.866736e-02 
   85620640   7.057023e+00   1.310590e-01   7.057023e+00   1.310590e-01 223200609172327440       7138       2932     0 2453996.479630  1.287845e+01  2.016374e-02  1.287845e+01  2.016374e-02 
   85620699   7.790694e+00   1.331790e-01   7.790694e+00   1.331790e-01 223200609172328430       7138       2928     0 2453996.480313  1.277106e+01  1.856032e-02  1.277106e+01  1.856032e-02 
   85620762   8.082750e+00   1.350221e-01   8.082750e+00   1.350221e-01 223200609172329460       7138       2925     0 2453996.481042  1.273110e+01  1.813726e-02  1.273110e+01  1.813726e-02 
   85620816   7.896079e+00   1.356328e-01   7.896079e+00   1.356328e-01 223200609172330410       7138       2922     0 2453996.481667  1.275647e+01  1.865002e-02  1.275647e+01  1.865002e-02 
   85706436   7.768123e+00   1.327751e-01   7.768123e+00   1.327751e-01 223200609182317440       7141       2905     0 2453997.472639  1.277421e+01  1.855779e-02  1.277421e+01  1.855779e-02 
   85706499   7.494007e+00   1.321536e-01   7.494007e+00   1.321536e-01 223200609182318460       7146       2882     0 2453997.473368  1.281321e+01  1.914655e-02  1.281321e+01  1.914655e-02 
   85706554   7.758694e+00   1.314916e-01   7.758694e+00   1.314916e-01 223200609182319410       7146       2880     0 2453997.474005  1.277553e+01  1.840073e-02  1.277553e+01  1.840073e-02 
   85706631   7.364847e+00   1.305339e-01   7.364847e+00   1.305339e-01 223200609182320580       7142       2902     0 2453997.474896  1.283209e+01  1.924356e-02  1.283209e+01  1.924356e-02 
   85878750   7.470257e+00   1.299851e-01   7.470257e+00   1.299851e-01 223200609202309430       7143       2958     0 2453999.467014  1.281666e+01  1.889226e-02  1.281666e+01  1.889226e-02 
   85878807   7.568061e+00   1.310661e-01   7.568061e+00   1.310661e-01 223200609202310400       7145       2955     0 2453999.467674  1.280254e+01  1.880319e-02  1.280254e+01  1.880319e-02 
   85878868   7.314373e+00   1.305638e-01   7.314373e+00   1.305638e-01 223200609202311410       7146       2952     0 2453999.468380  1.283956e+01  1.938079e-02  1.283956e+01  1.938079e-02 
   85878928   7.411848e+00   1.308936e-01   7.411848e+00   1.308936e-01 223200609202312420       7146       2949     0 2453999.469074  1.282518e+01  1.917422e-02  1.282518e+01  1.917422e-02 
   85964873   6.840038e+00   1.198305e-01   6.840038e+00   1.198305e-01 223200609212305090       7157       2953     0 2454000.463808  1.291235e+01  1.902106e-02  1.291235e+01  1.902106e-02 
   85965026   6.846582e+00   1.193638e-01   6.846582e+00   1.193638e-01 223200609212307420       7159       2945     0 2454000.465579  1.291131e+01  1.892886e-02  1.291131e+01  1.892886e-02 
   85965089   6.511098e+00   1.182817e-01   6.511098e+00   1.182817e-01 223200609212308460       7160       2942     0 2454000.466308  1.296586e+01  1.972373e-02  1.296586e+01  1.972373e-02 
   85965145   6.934391e+00   1.196155e-01   6.934391e+00   1.196155e-01 223200609212309410       7161       2940     0 2454000.466956  1.289748e+01  1.872859e-02  1.289748e+01  1.872859e-02 
   86404986   6.572878e+00   1.218788e-01   6.572878e+00   1.218788e-01 223200609270120390       7022       2599     0 2454005.557708  1.295561e+01  2.013254e-02  1.295561e+01  2.013254e-02 
   86405047   6.972527e+00   1.223987e-01   6.972527e+00   1.223987e-01 223200609270121400       7026       2572     0 2454005.558414  1.289152e+01  1.905954e-02  1.289152e+01  1.905954e-02 
   86405115   6.638638e+00   1.223085e-01   6.638638e+00   1.223085e-01 223200609270122490       7024       2570     0 2454005.559201  1.294480e+01  2.000339e-02  1.294480e+01  2.000339e-02 
   86405176   6.476576e+00   1.223918e-01   6.476576e+00   1.223918e-01 223200609270123490       7024       2568     0 2454005.559907  1.297164e+01  2.051788e-02  1.297164e+01  2.051788e-02 
   87688157   6.293681e+00   1.022099e-01   6.293681e+00   1.022099e-01 223200610112147440       6821       2756     0 2454020.409225  1.300274e+01  1.763250e-02  1.300274e+01  1.763250e-02 
   87688231   6.246289e+00   1.019697e-01   6.246289e+00   1.019697e-01 223200610112148580       6825       2728     0 2454020.410081  1.301095e+01  1.772454e-02  1.301095e+01  1.772454e-02 
   87688285   6.252555e+00   1.023415e-01   6.252555e+00   1.023415e-01 223200610112149520       6824       2725     0 2454020.410706  1.300986e+01  1.777134e-02  1.300986e+01  1.777134e-02 
   87860502   6.660186e+00   1.142972e-01   6.660186e+00   1.142972e-01 223200610132140170       6784       2778     0 2454022.403958  1.294128e+01  1.863267e-02  1.294128e+01  1.863267e-02 
   87860569   6.455406e+00   1.132085e-01   6.455406e+00   1.132085e-01 223200610132141240       6784       2774     0 2454022.404734  1.297519e+01  1.904064e-02  1.297519e+01  1.904064e-02 
   87860625   6.583509e+00   1.129592e-01   6.583509e+00   1.129592e-01 223200610132142200       6783       2771     0 2454022.405382  1.295386e+01  1.862902e-02  1.295386e+01  1.862902e-02 
   87860685   6.547414e+00   1.120720e-01   6.547414e+00   1.120720e-01 223200610132143190       6783       2769     0 2454022.406076  1.295983e+01  1.858459e-02  1.295983e+01  1.858459e-02 
   88033114   6.371770e+00   1.086598e-01   6.371770e+00   1.086598e-01 223200610152137170       6780       2809     0 2454024.401782  1.298935e+01  1.851546e-02  1.298935e+01  1.851546e-02 
   88033175   6.437891e+00   1.081078e-01   6.437891e+00   1.081078e-01 223200610152138180       6780       2804     0 2454024.402488  1.297814e+01  1.823220e-02  1.297814e+01  1.823220e-02 
   88033230   6.520861e+00   1.081525e-01   6.520861e+00   1.081525e-01 223200610152139130       6778       2799     0 2454024.403125  1.296424e+01  1.800767e-02  1.296424e+01  1.800767e-02 
   88033289   6.506038e+00   1.080335e-01   6.506038e+00   1.080335e-01 223200610152140120       6778       2795     0 2454024.403808  1.296671e+01  1.802884e-02  1.296671e+01  1.802884e-02 
   88377437   6.597545e+00   1.109640e-01   6.597545e+00   1.109640e-01 223200610192116140       6764       2824     0 2454028.387002  1.295154e+01  1.826104e-02  1.295154e+01  1.826104e-02 
   88377489   6.669915e+00   1.119430e-01   6.669915e+00   1.119430e-01 223200610192117070       6763       2820     0 2454028.387604  1.293970e+01  1.822227e-02  1.293970e+01  1.822227e-02 
   88377574   6.611266e+00   1.122498e-01   6.611266e+00   1.122498e-01 223200610192118310       6759       2841     0 2454028.388588  1.294929e+01  1.843431e-02  1.294929e+01  1.843431e-02 
   88377636   6.617769e+00   1.117814e-01   6.617769e+00   1.117814e-01 223200610192119340       6758       2838     0 2454028.389306  1.294822e+01  1.833934e-02  1.294822e+01  1.833934e-02 
   88463602   6.466535e+00   1.081902e-01   6.466535e+00   1.081902e-01 223200610202112230       6787       2779     0 2454029.384282  1.297332e+01  1.816528e-02  1.297332e+01  1.816528e-02 
   88463674   6.552848e+00   1.079334e-01   6.552848e+00   1.079334e-01 223200610202113350       6785       2774     0 2454029.385116  1.295892e+01  1.788347e-02  1.295892e+01  1.788347e-02 
   88463737   6.616379e+00   1.082653e-01   6.616379e+00   1.082653e-01 223200610202114380       6784       2772     0 2454029.385845  1.294845e+01  1.776621e-02  1.294845e+01  1.776621e-02 
   88463796   6.664214e+00   1.075505e-01   6.664214e+00   1.075505e-01 223200610202115380       6784       2769     0 2454029.386528  1.294063e+01  1.752222e-02  1.294063e+01  1.752222e-02 
   88551550   6.732012e+00   1.154719e-01   6.732012e+00   1.154719e-01 223200610212138150       6782       2719     0 2454030.402199  1.292964e+01  1.862333e-02  1.292964e+01  1.862333e-02 
   88551682   6.763401e+00   1.165917e-01   6.763401e+00   1.165917e-01 223200610212140270       6779       2709     0 2454030.403727  1.292459e+01  1.871666e-02  1.292459e+01  1.871666e-02 
   88551754   6.670615e+00   1.175426e-01   6.670615e+00   1.175426e-01 223200610212141400       6774       2729     0 2454030.404560  1.293959e+01  1.913178e-02  1.293959e+01  1.913178e-02 
   88637685   1.176539e+01   1.461027e+00   1.176539e+01   1.461027e+00 223200610222133550       6780       2731     0 2454031.399132  1.232348e+01  1.348272e-01  1.232348e+01  1.348272e-01 
   88637760   9.962449e+00   1.452883e+00   9.962449e+00   1.452883e+00 223200610222135100       6775       2752     0 2454031.400000  1.250408e+01  1.583400e-01  1.250408e+01  1.583400e-01 
   88722102   6.605161e+00   1.111362e-01   6.605161e+00   1.111362e-01 223200610232100550       6771       2810     0 2454032.376181  1.295029e+01  1.826829e-02  1.295029e+01  1.826829e-02 
   88722156   6.694881e+00   1.116447e-01   6.694881e+00   1.116447e-01 223200610232101500       6772       2807     0 2454032.376806  1.293564e+01  1.810594e-02  1.293564e+01  1.810594e-02 
   88722218   6.481378e+00   1.109196e-01   6.481378e+00   1.109196e-01 223200610232102520       6771       2804     0 2454032.377523  1.297083e+01  1.858089e-02  1.297083e+01  1.858089e-02 
   88722285   6.834048e+00   1.117425e-01   6.834048e+00   1.117425e-01 223200610232103590       6772       2801     0 2454032.378299  1.291331e+01  1.775277e-02  1.291331e+01  1.775277e-02 
   88980547   6.945514e+00   1.238346e-01   6.945514e+00   1.238346e-01 223200610262048320       6771       2868     0 2454035.367442  1.289574e+01  1.935813e-02  1.289574e+01  1.935813e-02 
   88980601   7.061308e+00   1.236551e-01   7.061308e+00   1.236551e-01 223200610262049260       6771       2865     0 2454035.368067  1.287779e+01  1.901309e-02  1.287779e+01  1.901309e-02 
   88980661   7.184031e+00   1.238121e-01   7.184031e+00   1.238121e-01 223200610262050270       6771       2862     0 2454035.368762  1.285908e+01  1.871202e-02  1.285908e+01  1.871202e-02 
   88980725   6.794262e+00   1.227779e-01   6.794262e+00   1.227779e-01 223200610262051300       6767       2853     0 2454035.369502  1.291964e+01  1.962021e-02  1.291964e+01  1.962021e-02 
   89066663   6.985435e+00   1.332553e-01   6.985435e+00   1.332553e-01 223200610272043520       6792       2840     0 2454036.364155  1.288952e+01  2.071175e-02  1.288952e+01  2.071175e-02 
   89066726   7.011834e+00   1.344896e-01   7.011834e+00   1.344896e-01 223200610272044550       6791       2837     0 2454036.364884  1.288542e+01  2.082490e-02  1.288542e+01  2.082490e-02 
   89066782   7.225344e+00   1.353516e-01   7.225344e+00   1.353516e-01 223200610272045520       6790       2833     0 2454036.365532  1.285285e+01  2.033905e-02  1.285285e+01  2.033905e-02 
   89066847   7.139763e+00   1.349272e-01   7.139763e+00   1.349272e-01 223200610272046560       6790       2831     0 2454036.366285  1.286579e+01  2.051831e-02  1.286579e+01  2.051831e-02 
   89152861   8.251135e+00   2.058137e-01   8.251135e+00   2.058137e-01 223200610282040350       6776       2851     0 2454037.361817  1.270872e+01  2.708236e-02  1.270872e+01  2.708236e-02 
   89152934   7.076381e+00   1.876850e-01   7.076381e+00   1.876850e-01 223200610282041480       6778       2820     0 2454037.362662  1.287547e+01  2.879680e-02  1.287547e+01  2.879680e-02 
   89152995   7.500648e+00   1.633024e-01   7.500648e+00   1.633024e-01 223200610282042490       6778       2818     0 2454037.363368  1.281225e+01  2.363849e-02  1.281225e+01  2.363849e-02 
   89238982   8.091539e+00   1.775231e-01   8.091539e+00   1.775231e-01 223200610292035590       6771       2810     0 2454038.358588  1.272992e+01  2.382043e-02  1.272992e+01  2.382043e-02 
   89239037   8.025797e+00   1.780842e-01   8.025797e+00   1.780842e-01 223200610292036550       6771       2807     0 2454038.359225  1.273878e+01  2.409146e-02  1.273878e+01  2.409146e-02 
   89239084   8.034909e+00   1.753302e-01   8.034909e+00   1.753302e-01 223200610292037410       6770       2799     0 2454038.359769  1.273755e+01  2.369199e-02  1.273755e+01  2.369199e-02 
   89239162   8.281075e+00   1.764004e-01   8.281075e+00   1.764004e-01 223200610292038590       6770       2797     0 2454038.360671  1.270478e+01  2.312803e-02  1.270478e+01  2.312803e-02 
   89411357   8.855314e+00   2.543687e-01   8.855314e+00   2.543687e-01 223200610312029020       6764       2811     0 2454040.353669  1.263199e+01  3.118785e-02  1.263199e+01  3.118785e-02 
   89411430   8.969885e+00   2.532433e-01   8.969885e+00   2.532433e-01 223200610312030160       6760       2830     0 2454040.354514  1.261803e+01  3.065328e-02  1.261803e+01  3.065328e-02 
   89411500   9.060067e+00   2.562647e-01   9.060067e+00   2.562647e-01 223200610312031250       6763       2799     0 2454040.355324  1.260717e+01  3.071024e-02  1.260717e+01  3.071024e-02 
   89411557   9.005576e+00   2.559060e-01   9.005576e+00   2.559060e-01 223200610312032230       6763       2796     0 2454040.355984  1.261372e+01  3.085282e-02  1.261372e+01  3.085282e-02 
   89506216   8.183684e+00   2.761286e-01   8.183684e+00   2.761286e-01 223200611012250050       6692       2433     0 2454041.451574  1.271763e+01  3.663435e-02  1.271763e+01  3.663435e-02 
   89506289   8.893523e+00   2.805630e-01   8.893523e+00   2.805630e-01 223200611012251190       6695       2403     0 2454041.452419  1.262732e+01  3.425172e-02  1.262732e+01  3.425172e-02 
   89506346   8.656456e+00   2.798780e-01   8.656456e+00   2.798780e-01 223200611012252160       6694       2401     0 2454041.453079  1.265665e+01  3.510382e-02  1.265665e+01  3.510382e-02 
   89506408   8.278706e+00   2.803920e-01   8.278706e+00   2.803920e-01 223200611012253170       6693       2399     0 2454041.453796  1.270509e+01  3.677300e-02  1.270509e+01  3.677300e-02 
   89842118   9.806006e+00   3.915839e-01   9.806006e+00   3.915839e-01 223200611052008420       6775       2813     0 2454045.339329  1.252127e+01  4.335693e-02  1.252127e+01  4.335693e-02 
   89842176   8.688156e+00   3.909253e-01   8.688156e+00   3.909253e-01 223200611052009400       6775       2809     0 2454045.340000  1.265268e+01  4.885309e-02  1.265268e+01  4.885309e-02 
   89842249   9.063489e+00   3.928327e-01   9.063489e+00   3.928327e-01 223200611052010530       6775       2805     0 2454045.340845  1.260676e+01  4.705849e-02  1.260676e+01  4.705849e-02 
   89842308   8.645522e+00   3.922970e-01   8.645522e+00   3.922970e-01 223200611052011520       6775       2803     0 2454045.341528  1.265802e+01  4.926626e-02  1.265802e+01  4.926626e-02 
   89928302   8.819141e+00   2.985272e-01   8.819141e+00   2.985272e-01 223200611062005110       6778       2830     0 2454046.336829  1.263643e+01  3.675220e-02  1.263643e+01  3.675220e-02 
   89928371   8.765721e+00   2.995168e-01   8.765721e+00   2.995168e-01 223200611062006190       6778       2826     0 2454046.337627  1.264303e+01  3.709875e-02  1.264303e+01  3.709875e-02 
   89928425   8.813088e+00   2.998668e-01   8.813088e+00   2.998668e-01 223200611062007140       6778       2824     0 2454046.338252  1.263718e+01  3.694248e-02  1.263718e+01  3.694248e-02 
   89928489   8.318214e+00   2.998767e-01   8.318214e+00   2.998767e-01 223200611062008180       6778       2821     0 2454046.338993  1.269992e+01  3.914158e-02  1.269992e+01  3.914158e-02 
   90014490   6.839447e+00   2.151866e-01   6.839447e+00   2.151866e-01 223200611072001430       6785       2838     0 2454047.334375  1.291245e+01  3.416018e-02  1.291245e+01  3.416018e-02 
   90014544   7.446020e+00   1.841706e-01   7.446020e+00   1.841706e-01 223200611072002370       6785       2835     0 2454047.335000  1.282019e+01  2.685481e-02  1.282019e+01  2.685481e-02 
   90014633   7.633598e+00   1.838755e-01   7.633598e+00   1.838755e-01 223200611072004050       6781       2855     0 2454047.336030  1.279318e+01  2.615294e-02  1.279318e+01  2.615294e-02 
   90014695   7.856423e+00   1.876535e-01   7.856423e+00   1.876535e-01 223200611072005080       6780       2852     0 2454047.336748  1.276194e+01  2.593328e-02  1.276194e+01  2.593328e-02 
   90272979   6.780209e+00   1.241247e-01   6.780209e+00   1.241247e-01 223200611101950030       6782       2821     0 2454050.326146  1.292189e+01  1.987654e-02  1.292189e+01  1.987654e-02 
   90273033   6.844153e+00   1.238845e-01   6.844153e+00   1.238845e-01 223200611101950570       6782       2818     0 2454050.326771  1.291170e+01  1.965273e-02  1.291170e+01  1.965273e-02 
   90273081   7.106969e+00   1.272810e-01   7.106969e+00   1.272810e-01 223200611101951450       6781       2814     0 2454050.327326  1.287079e+01  1.944486e-02  1.287079e+01  1.944486e-02 
   90273146   7.044367e+00   1.245869e-01   7.044367e+00   1.245869e-01 223200611101952500       6780       2812     0 2454050.328079  1.288039e+01  1.920243e-02  1.288039e+01  1.920243e-02 
   90617594   6.792845e+00   1.154923e-01   6.792845e+00   1.154923e-01 223200611141933540       6771       2846     0 2454054.314745  1.291987e+01  1.845981e-02  1.291987e+01  1.845981e-02 
   90617656   6.845572e+00   1.159773e-01   6.845572e+00   1.159773e-01 223200611141934560       6772       2842     0 2454054.315463  1.291148e+01  1.839455e-02  1.291148e+01  1.839455e-02 
   90617716   6.804656e+00   1.157783e-01   6.804656e+00   1.157783e-01 223200611141935570       6777       2814     0 2454054.316157  1.291798e+01  1.847339e-02  1.291798e+01  1.847339e-02 
   90617767   6.943604e+00   1.164037e-01   6.943604e+00   1.164037e-01 223200611141936470       6776       2813     0 2454054.316748  1.289604e+01  1.820153e-02  1.289604e+01  1.820153e-02 
   93120137   8.273019e+00   2.351464e-01   8.273019e+00   2.351464e-01 223200612131844400       7443       2655     0 2454083.279363  1.270584e+01  3.086030e-02  1.270584e+01  3.086030e-02 
   93120196   8.132532e+00   2.211666e-01   8.132532e+00   2.211666e-01 223200612131845380       7444       2654     0 2454083.280046  1.272444e+01  2.952702e-02  1.272444e+01  2.952702e-02 
   93120272   8.058155e+00   2.017191e-01   8.058155e+00   2.017191e-01 223200612131846550       7440       2674     0 2454083.280926  1.273441e+01  2.717923e-02  1.273441e+01  2.717923e-02 
   93120336   7.807607e+00   1.922962e-01   7.807607e+00   1.922962e-01 223200612131847580       7444       2647     0 2454083.281667  1.276871e+01  2.674105e-02  1.276871e+01  2.674105e-02 
   93292971   8.392747e+00   2.837245e-01   8.392747e+00   2.837245e-01 223200612151845190       7417       2627     0 2454085.279757  1.269024e+01  3.670444e-02  1.269024e+01  3.670444e-02 
   93293025   8.346816e+00   2.661337e-01   8.346816e+00   2.661337e-01 223200612151846130       7416       2625     0 2454085.280382  1.269620e+01  3.461823e-02  1.269620e+01  3.461823e-02 
   93293079   8.204698e+00   2.501762e-01   8.204698e+00   2.501762e-01 223200612151847070       7416       2623     0 2454085.281007  1.271484e+01  3.310620e-02  1.271484e+01  3.310620e-02 
   93293133   8.218271e+00   2.372792e-01   8.218271e+00   2.372792e-01 223200612151848010       7416       2621     0 2454085.281632  1.271305e+01  3.134765e-02  1.271305e+01  3.134765e-02 
   93467312   6.965229e+00   1.257120e-01   6.965229e+00   1.257120e-01 223200612171911070       7768       2451     0 2454087.297593  1.289266e+01  1.959598e-02  1.289266e+01  1.959598e-02 
   93467368   6.904869e+00   1.241250e-01   6.904869e+00   1.241250e-01 223200612171912030       7766       2448     0 2454087.298241  1.290211e+01  1.951775e-02  1.290211e+01  1.951775e-02 
   93467428   6.827977e+00   1.226601e-01   6.827977e+00   1.226601e-01 223200612171913020       7765       2446     0 2454087.298935  1.291427e+01  1.950460e-02  1.291427e+01  1.950460e-02 
   93467498   6.947578e+00   1.217723e-01   6.947578e+00   1.217723e-01 223200612171914130       7758       2466     0 2454087.299745  1.289542e+01  1.903010e-02  1.289542e+01  1.903010e-02 
   93556670   6.591830e+00   1.152807e-01   6.591830e+00   1.152807e-01 223200612182000260       6828       2385     0 2454088.331829  1.295249e+01  1.898787e-02  1.295249e+01  1.898787e-02 
   93556728   6.714377e+00   1.156153e-01   6.714377e+00   1.156153e-01 223200612182001250       6827       2383     0 2454088.332500  1.293249e+01  1.869543e-02  1.293249e+01  1.869543e-02 
   93556797   6.607711e+00   1.159704e-01   6.607711e+00   1.159704e-01 223200612182002330       6826       2380     0 2454088.333299  1.294987e+01  1.905557e-02  1.294987e+01  1.905557e-02 
   93556861   6.683915e+00   1.169210e-01   6.683915e+00   1.169210e-01 223200612182003370       6825       2379     0 2454088.334039  1.293742e+01  1.899273e-02  1.293742e+01  1.899273e-02 
   93725369   8.122900e+00   2.368208e-01   8.122900e+00   2.368208e-01 223200612201852110       6886       2541     0 2454090.284363  1.272572e+01  3.165444e-02  1.272572e+01  3.165444e-02 
   93725428   8.258653e+00   2.235328e-01   8.258653e+00   2.235328e-01 223200612201853100       6886       2538     0 2454090.285046  1.270773e+01  2.938719e-02  1.270773e+01  2.938719e-02 
   93725485   8.184411e+00   2.116318e-01   8.184411e+00   2.116318e-01 223200612201854080       6885       2536     0 2454090.285706  1.271753e+01  2.807497e-02  1.271753e+01  2.807497e-02 
   93725547   7.984197e+00   1.995239e-01   7.984197e+00   1.995239e-01 223200612201855100       6884       2534     0 2454090.286424  1.274442e+01  2.713248e-02  1.274442e+01  2.713248e-02 
   94935175   8.722301e+00   4.252748e-01   8.722301e+00   4.252748e-01 223200701031856070       6827       2387     0 2454104.286748  1.264842e+01  5.293761e-02  1.264842e+01  5.293761e-02 
   94935241   8.651694e+00   4.192823e-01   8.651694e+00   4.192823e-01 223200701031857140       6827       2386     0 2454104.287512  1.265725e+01  5.261762e-02  1.265725e+01  5.261762e-02 
   94935299   8.343561e+00   4.128482e-01   8.343561e+00   4.128482e-01 223200701031858120       6826       2384     0 2454104.288183  1.269662e+01  5.372356e-02  1.269662e+01  5.372356e-02 
   94935364   8.409590e+00   4.086447e-01   8.409590e+00   4.086447e-01 223200701031859170       6825       2382     0 2454104.288935  1.268806e+01  5.275904e-02  1.268806e+01  5.275904e-02 
   95021604   8.468489e+00   3.197711e-01   8.468489e+00   3.197711e-01 223200701041856390       6824       2402     0 2454105.287083  1.268048e+01  4.099767e-02  1.268048e+01  4.099767e-02 
   95021676   8.265626e+00   3.028382e-01   8.265626e+00   3.028382e-01 223200701041857500       6828       2376     0 2454105.287917  1.270681e+01  3.977963e-02  1.270681e+01  3.977963e-02 
   95021741   8.410187e+00   2.884903e-01   8.410187e+00   2.884903e-01 223200701041858560       6827       2374     0 2454105.288669  1.268799e+01  3.724358e-02  1.268799e+01  3.724358e-02 
   95021797   8.314178e+00   2.783782e-01   8.314178e+00   2.783782e-01 223200701041859510       6826       2373     0 2454105.289317  1.270045e+01  3.635313e-02  1.270045e+01  3.635313e-02 
   95107906   8.397772e+00   2.767009e-01   8.397772e+00   2.767009e-01 223200701051855020       6801       2369     0 2454106.285949  1.268959e+01  3.577440e-02  1.268959e+01  3.577440e-02 
   95107962   8.328959e+00   2.587565e-01   8.328959e+00   2.587565e-01 223200701051855570       6801       2367     0 2454106.286597  1.269852e+01  3.373079e-02  1.269852e+01  3.373079e-02 
   95108016   8.496222e+00   2.446943e-01   8.496222e+00   2.446943e-01 223200701051856510       6800       2365     0 2454106.287222  1.267694e+01  3.126971e-02  1.267694e+01  3.126971e-02 
   95108070   8.000779e+00   2.317631e-01   8.000779e+00   2.317631e-01 223200701051857460       6799       2363     0 2454106.287847  1.274217e+01  3.145125e-02  1.274217e+01  3.145125e-02 
   95280694   7.823670e+00   2.493594e-01   7.823670e+00   2.493594e-01 223200701071854540       6779       2351     0 2454108.285810  1.276647e+01  3.460517e-02  1.276647e+01  3.460517e-02 
   95280823   7.914729e+00   2.170354e-01   7.914729e+00   2.170354e-01 223200701071857030       6797       2374     0 2454108.287303  1.275391e+01  2.977285e-02  1.275391e+01  2.977285e-02 
   95280879   7.728933e+00   2.024691e-01   7.728933e+00   2.024691e-01 223200701071857590       6796       2371     0 2454108.287951  1.277970e+01  2.844233e-02  1.277970e+01  2.844233e-02 
   95280935   7.836506e+00   1.913895e-01   7.836506e+00   1.913895e-01 223200701071858540       6795       2369     0 2454108.288600  1.276469e+01  2.651682e-02  1.276469e+01  2.651682e-02 
   95367157   8.079708e+00   2.805733e-01   8.079708e+00   2.805733e-01 223200701081855580       6781       2341     0 2454109.286539  1.273151e+01  3.770305e-02  1.273151e+01  3.770305e-02 
   95367213   8.053556e+00   2.622837e-01   8.053556e+00   2.622837e-01 223200701081856530       6781       2340     0 2454109.287187  1.273503e+01  3.535977e-02  1.273503e+01  3.535977e-02 
   95367268   8.538980e+00   2.466386e-01   8.538980e+00   2.466386e-01 223200701081857490       6779       2338     0 2454109.287824  1.267148e+01  3.136035e-02  1.267148e+01  3.136035e-02 
   95367324   8.115407e+00   2.315638e-01   8.115407e+00   2.315638e-01 223200701081858450       6779       2337     0 2454109.288472  1.272672e+01  3.098034e-02  1.272672e+01  3.098034e-02 
   95453543   8.010417e+00   2.685863e-01   8.010417e+00   2.685863e-01 223200701091855450       6784       2337     0 2454110.286377  1.274086e+01  3.640446e-02  1.274086e+01  3.640446e-02 
   95453599   8.257741e+00   2.524011e-01   8.257741e+00   2.524011e-01 223200701091856400       6783       2336     0 2454110.287025  1.270785e+01  3.318607e-02  1.270785e+01  3.318607e-02 
   95453653   8.447102e+00   2.375683e-01   8.447102e+00   2.375683e-01 223200701091857350       6782       2335     0 2454110.287650  1.268323e+01  3.053562e-02  1.268323e+01  3.053562e-02 
   95453709   7.888265e+00   2.251330e-01   7.888265e+00   2.251330e-01 223200701091858300       6781       2334     0 2454110.288299  1.275755e+01  3.098729e-02  1.275755e+01  3.098729e-02 
   95539932   8.081565e+00   2.706918e-01   8.081565e+00   2.706918e-01 223200701101855350       6781       2331     0 2454111.286250  1.273126e+01  3.636684e-02  1.273126e+01  3.636684e-02 
   95539986   8.173759e+00   2.555096e-01   8.173759e+00   2.555096e-01 223200701101856300       6780       2330     0 2454111.286875  1.271895e+01  3.393996e-02  1.271895e+01  3.393996e-02 
   95540040   8.090661e+00   2.408411e-01   8.090661e+00   2.408411e-01 223200701101857240       6780       2328     0 2454111.287500  1.273004e+01  3.232008e-02  1.273004e+01  3.232008e-02 
   95540096   8.192720e+00   2.280125e-01   8.192720e+00   2.280125e-01 223200701101858190       6778       2327     0 2454111.288148  1.271643e+01  3.021735e-02  1.271643e+01  3.021735e-02 
   95626316   7.714048e+00   2.811542e-01   7.714048e+00   2.811542e-01 223200701111855210       6763       2310     0 2454112.286065  1.278179e+01  3.957200e-02  1.278179e+01  3.957200e-02 
   95626372   8.213034e+00   2.637411e-01   8.213034e+00   2.637411e-01 223200701111856160       6762       2310     0 2454112.286713  1.271374e+01  3.486584e-02  1.271374e+01  3.486584e-02 
   95626426   8.144318e+00   2.474548e-01   8.144318e+00   2.474548e-01 223200701111857110       6761       2308     0 2454112.287338  1.272286e+01  3.298884e-02  1.272286e+01  3.298884e-02 
   95626482   7.993166e+00   2.336524e-01   7.993166e+00   2.336524e-01 223200701111858070       6761       2308     0 2454112.287986  1.274320e+01  3.173783e-02  1.274320e+01  3.173783e-02 
   95712699   8.566564e+00   2.607193e-01   8.566564e+00   2.607193e-01 223200701121855050       6791       2305     0 2454113.285868  1.266798e+01  3.304398e-02  1.266798e+01  3.304398e-02 
   95712755   8.274195e+00   2.453968e-01   8.274195e+00   2.453968e-01 223200701121856000       6791       2305     0 2454113.286516  1.270569e+01  3.220097e-02  1.270569e+01  3.220097e-02 
   95712809   8.153427e+00   2.322143e-01   8.153427e+00   2.322143e-01 223200701121856550       6790       2303     0 2454113.287141  1.272165e+01  3.092250e-02  1.272165e+01  3.092250e-02 
   95712863   8.254661e+00   2.206489e-01   8.254661e+00   2.206489e-01 223200701121857490       6790       2302     0 2454113.287766  1.270825e+01  2.902206e-02  1.270825e+01  2.902206e-02 
   95799121   8.039021e+00   2.318117e-01   8.039021e+00   2.318117e-01 223200701131855270       6787       2320     0 2454114.286123  1.273699e+01  3.130819e-02  1.273699e+01  3.130819e-02 
   95799175   7.845929e+00   2.190530e-01   7.845929e+00   2.190530e-01 223200701131856210       6787       2319     0 2454114.286748  1.276339e+01  3.031313e-02  1.276339e+01  3.031313e-02 
   95799299   7.463050e+00   1.950747e-01   7.463050e+00   1.950747e-01 223200701131858250       6788       2323     0 2454114.288183  1.281771e+01  2.837987e-02  1.281771e+01  2.837987e-02 
   95799353   7.709313e+00   1.854045e-01   7.709313e+00   1.854045e-01 223200701131859190       6788       2321     0 2454114.288808  1.278246e+01  2.611141e-02  1.278246e+01  2.611141e-02 
   95885591   7.951428e+00   2.200323e-01   7.951428e+00   2.200323e-01 223200701141856390       6783       2299     0 2454115.286933  1.274889e+01  3.004465e-02  1.274889e+01  3.004465e-02 
   95885647   7.630583e+00   2.084540e-01   7.630583e+00   2.084540e-01 223200701141857340       6783       2297     0 2454115.287581  1.279361e+01  2.966049e-02  1.279361e+01  2.966049e-02 
   95885701   7.842366e+00   1.980318e-01   7.842366e+00   1.980318e-01 223200701141858290       6782       2296     0 2454115.288206  1.276388e+01  2.741661e-02  1.276388e+01  2.741661e-02 
   95885833   7.205083e+00   1.759776e-01   7.205083e+00   1.759776e-01 223200701141900410       6780       2297     0 2454115.289734  1.285590e+01  2.651821e-02  1.285590e+01  2.651821e-02 
  105941755   9.116487e+00   3.030749e-01   9.116487e+00   3.030749e-01 223200705110414520       6756       3134     0 2454231.677720  1.260043e+01  3.609510e-02  1.260043e+01  3.609510e-02 
  105941811   9.374671e+00   3.230512e-01   9.374671e+00   3.230512e-01 223200705110415490       6759       3133     0 2454231.678368  1.257011e+01  3.741461e-02  1.257011e+01  3.741461e-02 
  105941870   9.638766e+00   3.408639e-01   9.638766e+00   3.408639e-01 223200705110416470       6762       3132     0 2454231.679051  1.253995e+01  3.839595e-02  1.253995e+01  3.839595e-02 
  105941925   9.204024e+00   3.632926e-01   9.204024e+00   3.632926e-01 223200705110417430       6764       3132     0 2454231.679688  1.259006e+01  4.285530e-02  1.259006e+01  4.285530e-02 
  106027809   8.054743e+00   1.938859e-01   8.054743e+00   1.938859e-01 223200705120409040       6781       3110     0 2454232.673715  1.273487e+01  2.613487e-02  1.273487e+01  2.613487e-02 
  106027935   8.349840e+00   2.046673e-01   8.349840e+00   2.046673e-01 223200705120411090       6768       3122     0 2454232.675174  1.269580e+01  2.661314e-02  1.269580e+01  2.661314e-02 
  106027989   8.814986e+00   2.145614e-01   8.814986e+00   2.145614e-01 223200705120412040       6770       3121     0 2454232.675799  1.263695e+01  2.642748e-02  1.263695e+01  2.642748e-02 
  106028043   8.705019e+00   2.256999e-01   8.705019e+00   2.256999e-01 223200705120412580       6773       3121     0 2454232.676424  1.265058e+01  2.815059e-02  1.265058e+01  2.815059e-02 
  106114064   8.450776e+00   1.961877e-01   8.450776e+00   1.961877e-01 223200705130406340       6757       3134     0 2454233.672037  1.268276e+01  2.520584e-02  1.268276e+01  2.520584e-02 
  106114118   8.548491e+00   2.018013e-01   8.548491e+00   2.018013e-01 223200705130407290       6760       3133     0 2454233.672662  1.267028e+01  2.563069e-02  1.267028e+01  2.563069e-02 
  106114174   8.316031e+00   2.043031e-01   8.316031e+00   2.043031e-01 223200705130408240       6763       3133     0 2454233.673310  1.270021e+01  2.667379e-02  1.270021e+01  2.667379e-02 
  106114228   8.413826e+00   2.093954e-01   8.413826e+00   2.093954e-01 223200705130409190       6765       3132     0 2454233.673935  1.268752e+01  2.702088e-02  1.268752e+01  2.702088e-02 
  124569527   8.681457e+00   3.108646e-01   8.681457e+00   3.108646e-01 221200712121841060      13527       5576     0 2454447.276933  1.265352e+01  3.887806e-02  1.265352e+01  3.887806e-02 
  124569720   8.962921e+00   2.805927e-01   8.962921e+00   2.805927e-01 223200712121844190       6171       6940     0 2454447.279167  1.261888e+01  3.399012e-02  1.261888e+01  3.399012e-02 
  124570454   1.013349e+01   1.543593e-01   1.013349e+01   1.543593e-01 222200712121856320       9244      22906     0 2454447.287662  1.248560e+01  1.653863e-02  1.248560e+01  1.653863e-02 
  124571650   9.007419e+00   1.076136e-01   9.007419e+00   1.076136e-01 221200712121916280      13477       5704     0 2454447.301505  1.261350e+01  1.297157e-02  1.261350e+01  1.297157e-02 
  124571710   6.978107e+00   1.016458e-01   6.978107e+00   1.016458e-01 223200712121917280       6185       6900     0 2454447.302199  1.289066e+01  1.581530e-02  1.289066e+01  1.581530e-02 
  124572794   1.030856e+01   1.174987e-01   1.030856e+01   1.174987e-01 222200712121935320       9239      22877     0 2454447.314745  1.246700e+01  1.237544e-02  1.246700e+01  1.237544e-02 
  124572985   8.918674e+00   1.053120e-01   8.918674e+00   1.053120e-01 221200712121938430      13516       5773     0 2454447.316956  1.262425e+01  1.282045e-02  1.262425e+01  1.282045e-02 
  124573044   7.016795e+00   1.007547e-01   7.016795e+00   1.007547e-01 223200712121939430       6170       6827     0 2454447.317639  1.288465e+01  1.559022e-02  1.288465e+01  1.559022e-02 
