\OBJNAME = '1SWASP J001545.84-731749.5'
\OBSSTART = '2006-05-11T04:14:48'
\OBSSTOP = '2007-12-12T19:39:43'
\TSTART = 74405750
\TSTOP = 124573046
\JD_REF = 2453005.5
\RA_OBJ = '3.941033'
\DEC_OBJ = '-73.297086'
\WASP_MAG = 13.9182
\HJD_START = 2453866.677662
\HJD_STOP = 2454447.317662
\fixlen = T
\NUMRECORDS = 472
\
\ This file was produced by the NASA Exoplanet Archive  http://exoplanetarchive.ipac.caltech.edu 
\ Mon Sep 16, 19:15:46 2013
\ Documentation for the SuperWASP dataset can be found at http://exoplanetarchive.ipac.caltech.edu/docs/SuperWASPMission.html
\
|TMID      |FLUX2         |FLUX2_ERR     |TAMFLUX2      |TAMFLUX2_ERR  |IMAGEID           |CCDX      |CCDY      |FLAG |           HJD|         MAG2|     MAG2_ERR|      TAMMAG2|  TAMMAG2_ERR|
|int       |float         |float         |float         |float         |char              |int       |int       |int  |        double|        float|        float|        float|        float|
|sec       |micro Vega    |micro Vega    |micro Vega    |micro Vega    |                  |1/16 pixel|1/16 pixel|     |           day|          mag|          mag|          mag|          mag|
|null      |null          |null          |null          |null          |null              |null      |null      |null |          null|         null|         null|         null|         null|
   74405750   2.774933e+00   2.181407e-01   2.774933e+00   2.181407e-01 223200605110414480       6402       2068     0 2453866.677662  1.389187e+01  8.535127e-02  1.389187e+01  8.535127e-02 
   74405803   2.981283e+00   2.395823e-01   2.981283e+00   2.395823e-01 223200605110415410       6406       2065     0 2453866.678275  1.381399e+01  8.725240e-02  1.381399e+01  8.725240e-02 
   74405887   2.894079e+00   2.669007e-01   2.894079e+00   2.669007e-01 223200605110417040       6411       2064     0 2453866.679248  1.384622e+01  1.001302e-01  1.384622e+01  1.001302e-01 
   74405952   2.890237e+00   3.029870e-01   2.890237e+00   3.029870e-01 223200605110418100       6419       2039     0 2453866.680000  1.384767e+01  1.138194e-01  1.384767e+01  1.138194e-01 
   74491863   3.242052e+00   2.381817e-01   3.242052e+00   2.381817e-01 223200605120409570       6422       2000     0 2453867.674340  1.372295e+01  7.976533e-02  1.372295e+01  7.976533e-02 
   74492001   2.804723e+00   2.473611e-01   2.804723e+00   2.473611e-01 223200605120412150       6431       1997     0 2453867.675937  1.388027e+01  9.575626e-02  1.388027e+01  9.575626e-02 
   74492054   3.219043e+00   2.592537e-01   3.219043e+00   2.592537e-01 223200605120413070       6434       1996     0 2453867.676551  1.373068e+01  8.744280e-02  1.373068e+01  8.744280e-02 
   74750385   3.275772e+00   3.368739e-01   3.275772e+00   3.368739e-01 223200605150358270       6419       2004     0 2453870.666493  1.371172e+01  1.116554e-01  1.371172e+01  1.116554e-01 
   74750445   3.433433e+00   3.366762e-01   3.433433e+00   3.366762e-01 223200605150359270       6423       1999     0 2453870.667187  1.366068e+01  1.064657e-01  1.366068e+01  1.064657e-01 
   74750499   3.073739e+00   3.333206e-01   3.073739e+00   3.333206e-01 223200605150400210       6428       1999     0 2453870.667813  1.378083e+01  1.177392e-01  1.378083e+01  1.177392e-01 
   74750558   3.025190e+00   3.317119e-01   3.025190e+00   3.317119e-01 223200605150401200       6430       1998     0 2453870.668495  1.379812e+01  1.190513e-01  1.379812e+01  1.190513e-01 
   75613645   2.362848e+00   1.253085e-01   2.362848e+00   1.253085e-01 223200605250345300       6498       2013     0 2453880.657928  1.406641e+01  5.757985e-02  1.406641e+01  5.757985e-02 
   75613708   2.526687e+00   1.267035e-01   2.526687e+00   1.267035e-01 223200605250346340       6507       1986     0 2453880.658657  1.399362e+01  5.444561e-02  1.399362e+01  5.444561e-02 
   75613766   2.579671e+00   1.248733e-01   2.579671e+00   1.248733e-01 223200605250347310       6510       1985     0 2453880.659329  1.397109e+01  5.255707e-02  1.397109e+01  5.255707e-02 
   75613834   2.472727e+00   1.265058e-01   2.472727e+00   1.265058e-01 223200605250348400       6508       2006     0 2453880.660116  1.401706e+01  5.554692e-02  1.401706e+01  5.554692e-02 
   75700099   2.498459e+00   1.254144e-01   2.498459e+00   1.254144e-01 223200605260346210       6518       2003     0 2453881.658553  1.400582e+01  5.450058e-02  1.400582e+01  5.450058e-02 
   75700162   2.554338e+00   1.245206e-01   2.554338e+00   1.245206e-01 223200605260347250       6525       1974     0 2453881.659282  1.398180e+01  5.292840e-02  1.398180e+01  5.292840e-02 
   75700229   2.594571e+00   1.229893e-01   2.594571e+00   1.229893e-01 223200605260348310       6523       1997     0 2453881.660058  1.396484e+01  5.146682e-02  1.396484e+01  5.146682e-02 
   75700298   2.509387e+00   1.214900e-01   2.509387e+00   1.214900e-01 223200605260349400       6529       1968     0 2453881.660856  1.400108e+01  5.256527e-02  1.400108e+01  5.256527e-02 
   76132319   2.286367e+00   1.036689e-01   2.286367e+00   1.036689e-01 223200605310349440       6581       1975     0 2453886.661100  1.410214e+01  4.922982e-02  1.410214e+01  4.922982e-02 
   76132386   2.273955e+00   1.039479e-01   2.273955e+00   1.039479e-01 223200605310350510       6589       1945     0 2453886.661875  1.410805e+01  4.963175e-02  1.410805e+01  4.963175e-02 
   76132435   2.274848e+00   1.042725e-01   2.274848e+00   1.042725e-01 223200605310351390       6590       1944     0 2453886.662442  1.410762e+01  4.976722e-02  1.410762e+01  4.976722e-02 
   76132497   2.186974e+00   1.033925e-01   2.186974e+00   1.033925e-01 223200605310352410       6592       1943     0 2453886.663160  1.415039e+01  5.133001e-02  1.415039e+01  5.133001e-02 
   76218789   2.271790e+00   1.065820e-01   2.271790e+00   1.065820e-01 223200606010350510       6600       1937     0 2453887.661910  1.410908e+01  5.093797e-02  1.410908e+01  5.093797e-02 
   76218857   2.177965e+00   1.058158e-01   2.177965e+00   1.058158e-01 223200606010351580       6600       1958     0 2453887.662697  1.415487e+01  5.275037e-02  1.415487e+01  5.275037e-02 
   76218927   2.291022e+00   1.068245e-01   2.291022e+00   1.068245e-01 223200606010353090       6603       1956     0 2453887.663507  1.409993e+01  5.062527e-02  1.409993e+01  5.062527e-02 
   76219013   2.258243e+00   1.069486e-01   2.258243e+00   1.069486e-01 223200606010354350       6610       1930     0 2453887.664502  1.411557e+01  5.141981e-02  1.411557e+01  5.141981e-02 
   76478195   2.447871e+00   1.148630e-01   2.447871e+00   1.148630e-01 223200606040354060       6611       1929     0 2453890.664294  1.402803e+01  5.094687e-02  1.402803e+01  5.094687e-02 
   76478268   2.458872e+00   1.144522e-01   2.458872e+00   1.144522e-01 223200606040355190       6611       1950     0 2453890.665139  1.402316e+01  5.053753e-02  1.402316e+01  5.053753e-02 
   76478344   2.444838e+00   1.155080e-01   2.444838e+00   1.155080e-01 223200606040356360       6619       1921     0 2453890.666019  1.402938e+01  5.129651e-02  1.402938e+01  5.129651e-02 
   76478397   2.596334e+00   1.152638e-01   2.596334e+00   1.152638e-01 223200606040357280       6621       1919     0 2453890.666632  1.396410e+01  4.820124e-02  1.396410e+01  4.820124e-02 
   76564537   2.712369e+00   2.788982e-01   2.712369e+00   2.788982e-01 223200606050353060       6638       1913     0 2453891.663623  1.391663e+01  1.116408e-01  1.391663e+01  1.116408e-01 
   76564596   2.357893e+00   2.689721e-01   2.357893e+00   2.689721e-01 223200606050354050       6642       1913     0 2453891.664306  1.406869e+01  1.238537e-01  1.406869e+01  1.238537e-01 
   76564656   2.545075e+00   2.721678e-01   2.545075e+00   2.721678e-01 223200606050355050       6644       1909     0 2453891.665000  1.398575e+01  1.161080e-01  1.398575e+01  1.161080e-01 
   76564714   2.558973e+00   2.462582e-01   2.558973e+00   2.462582e-01 223200606050356020       6646       1909     0 2453891.665671  1.397984e+01  1.044842e-01  1.397984e+01  1.044842e-01 
   76650908   2.206311e+00   1.031133e-01   2.206311e+00   1.031133e-01 223200606060352330       6626       1909     0 2453892.663287  1.414083e+01  5.074273e-02  1.414083e+01  5.074273e-02 
   76651042   2.426200e+00   1.075382e-01   2.426200e+00   1.075382e-01 223200606060354480       6633       1908     0 2453892.664838  1.403768e+01  4.812402e-02  1.403768e+01  4.812402e-02 
   76651098   2.401337e+00   1.059468e-01   2.401337e+00   1.059468e-01 223200606060355430       6636       1906     0 2453892.665486  1.404887e+01  4.790277e-02  1.404887e+01  4.790277e-02 
   76651174   2.258796e+00   1.053064e-01   2.258796e+00   1.053064e-01 223200606060357000       6634       1927     0 2453892.666366  1.411531e+01  5.061785e-02  1.411531e+01  5.061785e-02 
   76737402   2.152102e+00   1.100928e-01   2.152102e+00   1.100928e-01 223200606070354040       6637       1912     0 2453893.664375  1.416784e+01  5.554208e-02  1.416784e+01  5.554208e-02 
   76737455   2.336646e+00   1.088198e-01   2.336646e+00   1.088198e-01 223200606070354570       6639       1910     0 2453893.664988  1.407852e+01  5.056395e-02  1.407852e+01  5.056395e-02 
   76737510   2.237292e+00   1.072610e-01   2.237292e+00   1.072610e-01 223200606070355530       6641       1908     0 2453893.665625  1.412569e+01  5.205289e-02  1.412569e+01  5.205289e-02 
   76737566   2.239583e+00   1.078183e-01   2.239583e+00   1.078183e-01 223200606070356480       6643       1906     0 2453893.666273  1.412458e+01  5.226984e-02  1.412458e+01  5.226984e-02 
   76823792   2.434048e+00   1.081740e-01   2.434048e+00   1.081740e-01 223200606080353510       6663       1911     0 2453894.664259  1.403418e+01  4.825246e-02  1.403418e+01  4.825246e-02 
   76823851   2.405768e+00   1.089435e-01   2.405768e+00   1.089435e-01 223200606080354510       6667       1908     0 2453894.664942  1.404687e+01  4.916697e-02  1.404687e+01  4.916697e-02 
   76823910   2.387525e+00   1.079614e-01   2.387525e+00   1.079614e-01 223200606080355500       6669       1906     0 2453894.665625  1.405513e+01  4.909606e-02  1.405513e+01  4.909606e-02 
   76823996   2.306696e+00   1.090095e-01   2.306696e+00   1.090095e-01 223200606080357160       6668       1927     0 2453894.666620  1.409252e+01  5.130972e-02  1.409252e+01  5.130972e-02 
   76910218   2.192026e+00   1.046876e-01   2.192026e+00   1.046876e-01 223200606090354140       6659       1898     0 2453895.664560  1.414789e+01  5.185320e-02  1.414789e+01  5.185320e-02 
   76910272   2.192126e+00   1.049056e-01   2.192126e+00   1.049056e-01 223200606090355080       6662       1896     0 2453895.665185  1.414784e+01  5.195880e-02  1.414784e+01  5.195880e-02 
   76910356   2.336061e+00   1.057631e-01   2.336061e+00   1.057631e-01 223200606090356320       6661       1916     0 2453895.666157  1.407879e+01  4.915589e-02  1.407879e+01  4.915589e-02 
   76910428   2.348037e+00   1.045811e-01   2.348037e+00   1.045811e-01 223200606090357440       6667       1890     0 2453895.666991  1.407324e+01  4.835866e-02  1.407324e+01  4.835866e-02 
   76996573   2.640885e+00   2.180400e-01   2.640885e+00   2.180400e-01 223200606100353270       6665       1899     0 2453896.664039  1.394563e+01  8.964223e-02  1.394563e+01  8.964223e-02 
   76996638   2.976970e+00   2.155220e-01   2.976970e+00   2.155220e-01 223200606100354320       6669       1895     0 2453896.664792  1.381556e+01  7.860371e-02  1.381556e+01  7.860371e-02 
   76996699   2.988794e+00   2.117159e-01   2.988794e+00   2.117159e-01 223200606100355320       6670       1893     0 2453896.665498  1.381126e+01  7.691012e-02  1.381126e+01  7.691012e-02 
   76996754   2.611416e+00   2.068512e-01   2.611416e+00   2.068512e-01 223200606100356270       6672       1891     0 2453896.666134  1.395781e+01  8.600188e-02  1.395781e+01  8.600188e-02 
   77082993   2.963610e+00   3.663243e-01   2.963610e+00   3.663243e-01 223200606110353440       6677       1887     0 2453897.664271  1.382045e+01  1.342056e-01  1.382045e+01  1.342056e-01 
   77083070   3.075761e+00   3.672297e-01   3.075761e+00   3.672297e-01 223200606110355000       6678       1908     0 2453897.665162  1.378012e+01  1.296317e-01  1.378012e+01  1.296317e-01 
   77083151   3.150308e+00   3.658013e-01   3.150308e+00   3.658013e-01 223200606110356210       6684       1881     0 2453897.666100  1.375412e+01  1.260718e-01  1.375412e+01  1.260718e-01 
   77083205   3.029632e+00   3.664313e-01   3.029632e+00   3.664313e-01 223200606110357160       6685       1879     0 2453897.666725  1.379653e+01  1.313193e-01  1.379653e+01  1.313193e-01 
   77169259   3.012027e+00   4.571711e-01   3.012027e+00   4.571711e-01 223200606120351270       6677       1905     0 2453898.662720  1.380285e+01  1.647956e-01  1.380285e+01  1.647956e-01 
   77169321   2.735090e+00   4.607053e-01   2.735090e+00   4.607053e-01 223200606120352290       6684       1879     0 2453898.663438  1.390757e+01  1.828848e-01  1.390757e+01  1.828848e-01 
   77169379   2.467375e+00   4.550017e-01   2.467375e+00   4.550017e-01 223200606120353260       6686       1877     0 2453898.664109  1.401941e+01  2.002182e-01  1.401941e+01  2.002182e-01 
   77169439   3.509913e+00   4.494856e-01   3.509913e+00   4.494856e-01 223200606120354260       6687       1874     0 2453898.664803  1.363676e+01  1.390418e-01  1.363676e+01  1.390418e-01 
   77514684   1.437869e+00   2.084825e+00   1.437869e+00   2.084825e+00 223200606160348210       6687       1845     0 2453902.660694  1.460570e+01  1.574258e+00  1.460570e+01  1.574258e+00 
   77514749   4.647161e+00   2.621068e+00   4.647161e+00   2.621068e+00 223200606160349260       6688       1843     0 2453902.661447  1.333203e+01  6.123734e-01  1.333203e+01  6.123734e-01 
   77601369   2.684628e+00   1.857011e-01   2.684628e+00   1.857011e-01 223200606170353030       6701       1829     0 2453903.663993  1.392779e+01  7.510283e-02  1.392779e+01  7.510283e-02 
   77601439   2.655813e+00   1.856413e-01   2.655813e+00   1.856413e-01 223200606170354120       6699       1850     0 2453903.664803  1.393951e+01  7.589324e-02  1.393951e+01  7.589324e-02 
   77601509   2.955144e+00   1.858377e-01   2.955144e+00   1.858377e-01 223200606170355220       6700       1848     0 2453903.665613  1.382355e+01  6.827803e-02  1.382355e+01  6.827803e-02 
   77601566   2.878898e+00   1.823587e-01   2.878898e+00   1.823587e-01 223200606170356190       6705       1822     0 2453903.666273  1.385193e+01  6.877428e-02  1.385193e+01  6.877428e-02 
   77687713   2.787428e+00   1.558149e-01   2.787428e+00   1.558149e-01 223200606180352030       6721       1823     0 2453904.663345  1.388699e+01  6.069196e-02  1.388699e+01  6.069196e-02 
   77687756   2.523142e+00   1.556088e-01   2.523142e+00   1.556088e-01 223200606180352470       6722       1821     0 2453904.663843  1.399515e+01  6.696045e-02  1.399515e+01  6.696045e-02 
   77687824   2.978835e+00   1.582369e-01   2.978835e+00   1.582369e-01 223200606180353550       6724       1819     0 2453904.664630  1.381488e+01  5.767493e-02  1.381488e+01  5.767493e-02 
   77687875   2.783643e+00   1.577065e-01   2.783643e+00   1.577065e-01 223200606180354460       6725       1818     0 2453904.665220  1.388847e+01  6.151230e-02  1.388847e+01  6.151230e-02 
   77774349   2.461855e+00   1.324782e-01   2.461855e+00   1.324782e-01 223200606190355570       6766       1803     0 2453905.666076  1.402184e+01  5.842621e-02  1.402184e+01  5.842621e-02 
   77774405   2.557862e+00   1.324536e-01   2.557862e+00   1.324536e-01 223200606190356530       6766       1803     0 2453905.666725  1.398031e+01  5.622279e-02  1.398031e+01  5.622279e-02 
   77774467   2.676537e+00   1.332222e-01   2.676537e+00   1.332222e-01 223200606190357560       6766       1802     0 2453905.667442  1.393107e+01  5.404174e-02  1.393107e+01  5.404174e-02 
   77774532   2.501367e+00   1.329681e-01   2.501367e+00   1.329681e-01 223200606190359000       6761       1827     0 2453905.668194  1.400456e+01  5.771594e-02  1.400456e+01  5.771594e-02 
   77860763   2.448201e+00   1.159021e-01   2.448201e+00   1.159021e-01 223200606200356080       6750       1798     0 2453906.666238  1.402788e+01  5.140080e-02  1.402788e+01  5.140080e-02 
   77860822   2.488075e+00   1.154225e-01   2.488075e+00   1.154225e-01 223200606200357080       6751       1797     0 2453906.666921  1.401034e+01  5.036779e-02  1.401034e+01  5.036779e-02 
   77860886   2.447327e+00   1.154336e-01   2.447327e+00   1.154336e-01 223200606200358110       6751       1797     0 2453906.667662  1.402827e+01  5.121132e-02  1.402827e+01  5.121132e-02 
   77860951   2.311564e+00   1.152969e-01   2.311564e+00   1.152969e-01 223200606200359170       6746       1822     0 2453906.668414  1.409024e+01  5.415489e-02  1.409024e+01  5.415489e-02 
   77947073   2.214519e+00   1.193603e-01   2.214519e+00   1.193603e-01 223200606210354360       6745       1796     0 2453907.665197  1.413680e+01  5.852027e-02  1.413680e+01  5.852027e-02 
   77947127   2.392318e+00   1.191946e-01   2.392318e+00   1.191946e-01 223200606210355300       6745       1798     0 2453907.665822  1.405295e+01  5.409581e-02  1.405295e+01  5.409581e-02 
   77947205   2.264882e+00   1.195059e-01   2.264882e+00   1.195059e-01 223200606210356480       6742       1821     0 2453907.666725  1.411239e+01  5.728877e-02  1.411239e+01  5.728877e-02 
   77947272   2.373720e+00   1.199925e-01   2.373720e+00   1.199925e-01 223200606210357550       6746       1798     0 2453907.667500  1.406143e+01  5.488462e-02  1.406143e+01  5.488462e-02 
   78119983   2.167527e+00   1.025055e-01   2.167527e+00   1.025055e-01 223200606230356210       6736       1777     0 2453909.666470  1.416009e+01  5.134621e-02  1.416009e+01  5.134621e-02 
   78120037   2.136466e+00   1.026091e-01   2.136466e+00   1.026091e-01 223200606230357150       6736       1778     0 2453909.667095  1.417576e+01  5.214535e-02  1.417576e+01  5.214535e-02 
   78120185   2.448556e+00   1.052498e-01   2.448556e+00   1.052498e-01 223200606230359440       6734       1786     0 2453909.668808  1.402773e+01  4.666992e-02  1.402773e+01  4.666992e-02 
   78120247   2.318942e+00   1.044919e-01   2.318942e+00   1.044919e-01 223200606230400460       6736       1764     0 2453909.669525  1.408677e+01  4.892363e-02  1.408677e+01  4.892363e-02 
   78206443   2.393490e+00   1.106741e-01   2.393490e+00   1.106741e-01 223200606240357190       6755       1762     0 2453910.667164  1.405242e+01  5.020421e-02  1.405242e+01  5.020421e-02 
   78206502   2.333145e+00   1.097418e-01   2.333145e+00   1.097418e-01 223200606240358180       6752       1766     0 2453910.667847  1.408015e+01  5.106886e-02  1.408015e+01  5.106886e-02 
   78206577   2.437763e+00   1.102186e-01   2.437763e+00   1.102186e-01 223200606240359320       6744       1795     0 2453910.668715  1.403252e+01  4.908957e-02  1.403252e+01  4.908957e-02 
   78206636   2.622598e+00   1.110027e-01   2.622598e+00   1.110027e-01 223200606240400310       6739       1780     0 2453910.669398  1.395317e+01  4.595444e-02  1.395317e+01  4.595444e-02 
   78292882   2.281951e+00   1.010474e-01   2.281951e+00   1.010474e-01 223200606250357560       6757       1745     0 2453911.667616  1.410423e+01  4.807778e-02  1.410423e+01  4.807778e-02 
   78292936   2.150980e+00   9.992170e-02   2.150980e+00   9.992170e-02 223200606250358490       6751       1753     0 2453911.668241  1.416841e+01  5.043700e-02  1.416841e+01  5.043700e-02 
   78292987   2.184292e+00   1.007613e-01   2.184292e+00   1.007613e-01 223200606250359400       6741       1766     0 2453911.668831  1.415172e+01  5.008514e-02  1.415172e+01  5.008514e-02 
   78293049   2.262644e+00   1.017507e-01   2.262644e+00   1.017507e-01 223200606250400430       6742       1765     0 2453911.669549  1.411346e+01  4.882554e-02  1.411346e+01  4.882554e-02 
   78724949   2.126320e+00   1.015994e-01   2.126320e+00   1.015994e-01 223200606300358520       6765       1748     0 2453916.668391  1.418093e+01  5.187860e-02  1.418093e+01  5.187860e-02 
   78725026   2.246389e+00   1.021972e-01   2.246389e+00   1.021972e-01 223200606300400090       6771       1720     0 2453916.669282  1.412129e+01  4.939463e-02  1.412129e+01  4.939463e-02 
   78725073   2.251494e+00   1.024440e-01   2.251494e+00   1.024440e-01 223200606300400570       6772       1718     0 2453916.669826  1.411882e+01  4.940167e-02  1.411882e+01  4.940167e-02 
   78725137   2.168333e+00   1.017726e-01   2.168333e+00   1.017726e-01 223200606300402000       6773       1717     0 2453916.670567  1.415969e+01  5.096015e-02  1.415969e+01  5.096015e-02 
   78811385   2.297346e+00   1.059714e-01   2.297346e+00   1.059714e-01 223200607010359260       6765       1713     0 2453917.668808  1.409693e+01  5.008274e-02  1.409693e+01  5.008274e-02 
   78811464   2.153784e+00   1.064369e-01   2.153784e+00   1.064369e-01 223200607010400450       6762       1734     0 2453917.669722  1.416700e+01  5.365573e-02  1.416700e+01  5.365573e-02 
   78811529   2.310206e+00   1.055898e-01   2.310206e+00   1.055898e-01 223200607010401510       6767       1708     0 2453917.670475  1.409087e+01  4.962459e-02  1.409087e+01  4.962459e-02 
   78811580   2.316808e+00   1.064345e-01   2.316808e+00   1.064345e-01 223200607010402420       6768       1706     0 2453917.671065  1.408778e+01  4.987906e-02  1.408778e+01  4.987906e-02 
   78897855   5.320312e+00   5.353492e-01   5.320312e+00   5.353492e-01 223200607020400340       6777       1701     0 2453918.669618  1.318516e+01  1.092511e-01  1.318516e+01  1.092511e-01 
   78897909   1.873641e+00   3.048472e-01   1.873641e+00   3.048472e-01 223200607020401280       6777       1699     0 2453918.670243  1.431828e+01  1.766533e-01  1.431828e+01  1.766533e-01 
   78984198   2.222803e+00   1.009838e-01   2.222803e+00   1.009838e-01 223200607030359350       6783       1689     0 2453919.668958  1.413275e+01  4.932609e-02  1.413275e+01  4.932609e-02 
   78984252   2.175465e+00   1.001761e-01   2.175465e+00   1.001761e-01 223200607030400290       6785       1687     0 2453919.669583  1.415612e+01  4.999630e-02  1.415612e+01  4.999630e-02 
   78984310   2.106955e+00   9.895643e-02   2.106955e+00   9.895643e-02 223200607030401270       6786       1685     0 2453919.670255  1.419086e+01  5.099347e-02  1.419086e+01  5.099347e-02 
   79070522   2.190791e+00   1.004985e-01   2.190791e+00   1.004985e-01 223200607040358180       6779       1668     0 2453920.668079  1.414850e+01  4.980633e-02  1.414850e+01  4.980633e-02 
   79070568   2.205970e+00   9.969213e-02   2.205970e+00   9.969213e-02 223200607040359040       6781       1667     0 2453920.668611  1.414100e+01  4.906674e-02  1.414100e+01  4.906674e-02 
   79070634   2.065272e+00   9.805913e-02   2.065272e+00   9.805913e-02 223200607040400090       6782       1665     0 2453920.669375  1.421256e+01  5.155093e-02  1.421256e+01  5.155093e-02 
   79070686   2.214868e+00   9.852903e-02   2.214868e+00   9.852903e-02 223200607040401020       6782       1662     0 2453920.669977  1.413663e+01  4.829945e-02  1.413663e+01  4.829945e-02 
   79415950   2.201334e+00   1.011753e-01   2.201334e+00   1.011753e-01 223200607080355190       6778       1653     0 2453924.666088  1.414328e+01  4.990160e-02  1.414328e+01  4.990160e-02 
   79416107   2.200797e+00   1.001933e-01   2.200797e+00   1.001933e-01 223200607080357570       6781       1674     0 2453924.667905  1.414355e+01  4.942930e-02  1.414355e+01  4.942930e-02 
   79416174   2.251355e+00   9.905288e-02   2.251355e+00   9.905288e-02 223200607080359030       6785       1647     0 2453924.668681  1.411889e+01  4.776931e-02  1.411889e+01  4.776931e-02 
   79416232   1.992064e+00   9.858178e-02   1.992064e+00   9.858178e-02 223200607080400010       6785       1644     0 2453924.669352  1.425174e+01  5.373031e-02  1.425174e+01  5.373031e-02 
   79502438   2.607116e+00   1.556960e-01   2.607116e+00   1.556960e-01 223200607090356460       6790       1646     0 2453925.667106  1.395960e+01  6.483999e-02  1.395960e+01  6.483999e-02 
   79502490   2.869512e+00   1.555424e-01   2.869512e+00   1.555424e-01 223200607090357380       6790       1644     0 2453925.667708  1.385548e+01  5.885273e-02  1.385548e+01  5.885273e-02 
   79502559   2.792915e+00   1.512913e-01   2.792915e+00   1.512913e-01 223200607090358470       6791       1641     0 2453925.668507  1.388486e+01  5.881419e-02  1.388486e+01  5.881419e-02 
   79502713   2.505752e+00   1.480263e-01   2.505752e+00   1.480263e-01 223200607090401200       6788       1623     0 2453925.670289  1.400266e+01  6.413964e-02  1.400266e+01  6.413964e-02 
   80278190   2.669227e+00   1.667970e-01   2.669227e+00   1.667970e-01 223200607180325470       6821       1602     0 2453934.645718  1.393404e+01  6.784668e-02  1.393404e+01  6.784668e-02 
   80278252   2.775551e+00   1.602770e-01   2.775551e+00   1.602770e-01 223200607180326500       6824       1575     0 2453934.646435  1.389163e+01  6.269715e-02  1.389163e+01  6.269715e-02 
   80278327   3.129137e+00   1.833528e-01   3.129137e+00   1.833528e-01 223200607180328050       6820       1597     0 2453934.647303  1.376144e+01  6.361928e-02  1.376144e+01  6.361928e-02 
   80278405   2.297755e+00   2.494009e-01   2.297755e+00   2.494009e-01 223200607180329220       6825       1570     0 2453934.648206  1.409674e+01  1.178475e-01  1.409674e+01  1.178475e-01 
   80364282   2.588770e+00   1.219819e-01   2.588770e+00   1.219819e-01 223200607190320380       6817       1585     0 2453935.642153  1.396727e+01  5.115968e-02  1.396727e+01  5.115968e-02 
   80364338   2.427840e+00   1.217298e-01   2.427840e+00   1.217298e-01 223200607190321350       6816       1584     0 2453935.642801  1.403695e+01  5.443808e-02  1.403695e+01  5.443808e-02 
   80364398   2.411032e+00   1.215953e-01   2.411032e+00   1.215953e-01 223200607190322340       6817       1583     0 2453935.643495  1.404449e+01  5.475699e-02  1.404449e+01  5.475699e-02 
   80364459   2.395178e+00   1.213360e-01   2.395178e+00   1.213360e-01 223200607190323360       6817       1581     0 2453935.644201  1.405166e+01  5.500192e-02  1.405166e+01  5.500192e-02 
   80450498   2.417954e+00   1.121064e-01   2.417954e+00   1.121064e-01 223200607200317340       6821       1577     0 2453936.640023  1.404138e+01  5.033944e-02  1.404138e+01  5.033944e-02 
   80450559   2.187505e+00   1.115306e-01   2.187505e+00   1.115306e-01 223200607200318350       6821       1576     0 2453936.640729  1.415013e+01  5.535681e-02  1.415013e+01  5.535681e-02 
   80450623   2.358132e+00   1.119013e-01   2.358132e+00   1.119013e-01 223200607200319380       6821       1574     0 2453936.641470  1.406858e+01  5.152201e-02  1.406858e+01  5.152201e-02 
   80450680   2.326735e+00   1.116540e-01   2.326735e+00   1.116540e-01 223200607200320360       6821       1572     0 2453936.642130  1.408313e+01  5.210188e-02  1.408313e+01  5.210188e-02 
   80967429   2.081358e+00   9.788772e-02   2.081358e+00   9.788772e-02 223200607260253020       6779       1613     0 2453942.623021  1.420413e+01  5.106310e-02  1.420413e+01  5.106310e-02 
   80967488   2.306785e+00   9.800842e-02   2.306785e+00   9.800842e-02 223200607260254000       6781       1611     0 2453942.623704  1.409248e+01  4.612986e-02  1.409248e+01  4.612986e-02 
   80967548   2.286669e+00   9.787194e-02   2.286669e+00   9.787194e-02 223200607260255010       6782       1609     0 2453942.624398  1.410199e+01  4.647087e-02  1.410199e+01  4.647087e-02 
   80967604   2.047978e+00   9.690031e-02   2.047978e+00   9.690031e-02 223200607260255560       6783       1606     0 2453942.625046  1.422169e+01  5.137191e-02  1.422169e+01  5.137191e-02 
   81053649   2.348052e+00   1.093113e-01   2.348052e+00   1.093113e-01 223200607270250020       6776       1609     0 2453943.620938  1.407323e+01  5.054557e-02  1.407323e+01  5.054557e-02 
   81053711   2.230220e+00   1.120365e-01   2.230220e+00   1.120365e-01 223200607270251040       6777       1606     0 2453943.621655  1.412913e+01  5.454284e-02  1.412913e+01  5.454284e-02 
   81053767   2.207647e+00   1.095460e-01   2.207647e+00   1.095460e-01 223200607270251590       6778       1604     0 2453943.622303  1.414018e+01  5.387569e-02  1.414018e+01  5.387569e-02 
   81053829   2.357836e+00   1.075046e-01   2.357836e+00   1.075046e-01 223200607270253010       6778       1602     0 2453943.623021  1.406872e+01  4.950391e-02  1.406872e+01  4.950391e-02 
   81139939   2.043028e+00   7.472247e-01   2.043028e+00   7.472247e-01 223200607280248110       6795       1596     0 2453944.619664  1.422431e+01  3.971027e-01  1.422431e+01  3.971027e-01 
   81139993   1.613659e+00   4.857784e-01   1.613659e+00   4.857784e-01 223200607280249060       6795       1594     0 2453944.620289  1.448047e+01  3.268528e-01  1.448047e+01  3.268528e-01 
   82346061   2.358498e+00   3.658041e-01   2.358498e+00   3.658041e-01 224200608110150170      24929        807     0 2453958.579410  1.406841e+01  1.683988e-01  1.406841e+01  1.683988e-01 
   82346061   3.461779e+00   3.778329e-01   3.461779e+00   3.778329e-01 223200608110150170       6791       1640     0 2453958.579410  1.365175e+01  1.185021e-01  1.365175e+01  1.185021e-01 
   82346117   3.268972e+00   3.667639e-01   3.268972e+00   3.667639e-01 224200608110151120      24924        808     0 2453958.580058  1.371397e+01  1.218151e-01  1.371397e+01  1.218151e-01 
   82346117   3.296098e+00   3.782279e-01   3.296098e+00   3.782279e-01 223200608110151120       6794       1638     0 2453958.580058  1.370500e+01  1.245889e-01  1.370500e+01  1.245889e-01 
   82346172   2.725765e+00   3.671020e-01   2.725765e+00   3.671020e-01 224200608110152070      24923        809     0 2453958.580694  1.391128e+01  1.462259e-01  1.391128e+01  1.462259e-01 
   82346172   3.258585e+00   3.781865e-01   3.258585e+00   3.781865e-01 223200608110152070       6794       1634     0 2453958.580694  1.371743e+01  1.260094e-01  1.371743e+01  1.260094e-01 
   82346231   3.111990e+00   3.656567e-01   3.111990e+00   3.656567e-01 224200608110153070      24922        811     0 2453958.581377  1.376740e+01  1.275737e-01  1.376740e+01  1.275737e-01 
   82346231   3.272793e+00   3.750354e-01   3.272793e+00   3.750354e-01 223200608110153070       6795       1632     0 2453958.581377  1.371270e+01  1.244170e-01  1.371270e+01  1.244170e-01 
   82518416   4.657835e+00   3.741455e-01   4.657835e+00   3.741455e-01 224200608130142530      24887        889     0 2453960.574259  1.332954e+01  8.721321e-02  1.332954e+01  8.721321e-02 
   82518416   2.952630e+00   2.439943e-01   2.952630e+00   2.439943e-01 223200608130142530       6794       1611     0 2453960.574259  1.382448e+01  8.972150e-02  1.382448e+01  8.972150e-02 
   82518475   4.733393e+00   3.739652e-01   4.733393e+00   3.739652e-01 224200608130143530      24883        890     0 2453960.574942  1.331207e+01  8.577967e-02  1.331207e+01  8.577967e-02 
   82518475   3.393496e+00   2.445066e-01   3.393496e+00   2.445066e-01 223200608130143520       6795       1608     0 2453960.574942  1.367338e+01  7.822923e-02  1.367338e+01  7.822923e-02 
   82518537   3.923154e+00   3.709333e-01   3.923154e+00   3.709333e-01 224200608130144550      24882        891     0 2453960.575660  1.351591e+01  1.026564e-01  1.351591e+01  1.026564e-01 
   82518537   3.137601e+00   2.434042e-01   3.137601e+00   2.434042e-01 223200608130144550       6794       1603     0 2453960.575660  1.375851e+01  8.422793e-02  1.375851e+01  8.422793e-02 
   82518615   4.497849e+00   3.749066e-01   4.497849e+00   3.749066e-01 224200608130146120      24884        870     0 2453960.576563  1.336749e+01  9.049906e-02  1.336749e+01  9.049906e-02 
   82518615   3.303986e+00   2.435392e-01   3.303986e+00   2.435392e-01 223200608130146120       6790       1624     0 2453960.576563  1.370240e+01  8.003069e-02  1.370240e+01  8.003069e-02 
   82604598   2.981483e+00   1.971164e-01   2.981483e+00   1.971164e-01 224200608140139160      24861        900     0 2453961.571736  1.381392e+01  7.178213e-02  1.381392e+01  7.178213e-02 
   82604598   2.757634e+00   1.954629e-01   2.757634e+00   1.954629e-01 223200608140139160       6794       1630     0 2453961.571736  1.389866e+01  7.695794e-02  1.389866e+01  7.695794e-02 
   82604654   3.489724e+00   1.999082e-01   3.489724e+00   1.999082e-01 224200608140140120      24857        899     0 2453961.572384  1.364302e+01  6.219640e-02  1.364302e+01  6.219640e-02 
   82604654   2.772572e+00   1.966539e-01   2.772572e+00   1.966539e-01 223200608140140120       6801       1626     0 2453961.572384  1.389279e+01  7.700973e-02  1.389279e+01  7.700973e-02 
   82604711   3.185519e+00   1.992596e-01   3.185519e+00   1.992596e-01 224200608140141080      24853        896     0 2453961.573044  1.374205e+01  6.791487e-02  1.374205e+01  6.791487e-02 
   82604711   2.756897e+00   2.003410e-01   2.756897e+00   2.003410e-01 223200608140141080       6813       1624     0 2453961.573044  1.389895e+01  7.889963e-02  1.389895e+01  7.889963e-02 
   82604765   3.264858e+00   2.004360e-01   3.264858e+00   2.004360e-01 224200608140142030      24853        898     0 2453961.573669  1.371534e+01  6.665571e-02  1.371534e+01  6.665571e-02 
   82604765   2.748135e+00   2.034723e-01   2.748135e+00   2.034723e-01 223200608140142030       6813       1622     0 2453961.573669  1.390240e+01  8.038836e-02  1.390240e+01  8.038836e-02 
   82863071   3.210521e+00   1.338183e-01   3.210521e+00   1.338183e-01 224200608170127120      24872        874     0 2453964.563322  1.373356e+01  4.525490e-02  1.373356e+01  4.525490e-02 
   82863071   2.536178e+00   1.293518e-01   2.536178e+00   1.293518e-01 223200608170127120       6784       1639     0 2453964.563322  1.398955e+01  5.537562e-02  1.398955e+01  5.537562e-02 
   82863139   2.620825e+00   1.298727e-01   2.620825e+00   1.298727e-01 223200608170128190       6792       1607     0 2453964.564109  1.395391e+01  5.380291e-02  1.395391e+01  5.380291e-02 
   82863195   3.057539e+00   1.327308e-01   3.057539e+00   1.327308e-01 224200608170129150      24861        898     0 2453964.564757  1.378657e+01  4.713306e-02  1.378657e+01  4.713306e-02 
   82863195   2.578704e+00   1.305034e-01   2.578704e+00   1.305034e-01 223200608170129150       6792       1605     0 2453964.564757  1.397150e+01  5.494728e-02  1.397150e+01  5.494728e-02 
   82863255   3.091075e+00   1.331609e-01   3.091075e+00   1.331609e-01 224200608170130160      24860        899     0 2453964.565451  1.377473e+01  4.677274e-02  1.377473e+01  4.677274e-02 
   82863255   2.499615e+00   1.303759e-01   2.499615e+00   1.303759e-01 223200608170130160       6793       1603     0 2453964.565451  1.400532e+01  5.663046e-02  1.400532e+01  5.663046e-02 
   82949243   3.144642e+00   1.074573e-01   3.144642e+00   1.074573e-01 224200608180123250      24932        846     0 2453965.560683  1.375607e+01  3.710143e-02  1.375607e+01  3.710143e-02 
   82949243   2.204916e+00   1.003394e-01   2.204916e+00   1.003394e-01 223200608180123250       6788       1586     0 2453965.560683  1.414152e+01  4.940895e-02  1.414152e+01  4.940895e-02 
   82949305   3.208689e+00   1.066693e-01   3.208689e+00   1.066693e-01 224200608180124270      24927        847     0 2453965.561400  1.373418e+01  3.609422e-02  1.373418e+01  3.609422e-02 
   82949305   2.219518e+00   1.011649e-01   2.219518e+00   1.011649e-01 223200608180124270       6790       1585     0 2453965.561400  1.413435e+01  4.948764e-02  1.413435e+01  4.948764e-02 
   82949368   3.155567e+00   1.067799e-01   3.155567e+00   1.067799e-01 224200608180125310      24926        850     0 2453965.562130  1.375231e+01  3.673990e-02  1.375231e+01  3.673990e-02 
   82949368   2.095786e+00   1.002316e-01   2.095786e+00   1.002316e-01 223200608180125310       6790       1582     0 2453965.562130  1.419663e+01  5.192582e-02  1.419663e+01  5.192582e-02 
   82949459   3.340892e+00   1.080935e-01   3.340892e+00   1.080935e-01 224200608180127020      24929        829     0 2453965.563183  1.369034e+01  3.512876e-02  1.369034e+01  3.512876e-02 
   82949459   2.126663e+00   1.001506e-01   2.126663e+00   1.001506e-01 223200608180127020       6786       1601     0 2453965.563183  1.418075e+01  5.113057e-02  1.418075e+01  5.113057e-02 
   83724669   3.057685e+00   1.055079e-01   3.057685e+00   1.055079e-01 224200608270047250      24909        883     0 2453974.535521  1.378652e+01  3.746434e-02  1.378652e+01  3.746434e-02 
   83724669   2.202874e+00   9.915804e-02   2.202874e+00   9.915804e-02 223200608270047250       6768       1637     0 2453974.535521  1.414253e+01  4.887246e-02  1.414253e+01  4.887246e-02 
   83724733   3.165807e+00   1.066705e-01   3.165807e+00   1.066705e-01 224200608270048280      24902        907     0 2453974.536262  1.374879e+01  3.658355e-02  1.374879e+01  3.658355e-02 
   83724733   2.185820e+00   9.884395e-02   2.185820e+00   9.884395e-02 223200608270048280       6771       1604     0 2453974.536262  1.415096e+01  4.909774e-02  1.415096e+01  4.909774e-02 
   83724808   3.252122e+00   1.064937e-01   3.252122e+00   1.064937e-01 224200608270049440      24905        885     0 2453974.537130  1.371958e+01  3.555353e-02  1.371958e+01  3.555353e-02 
   83724808   2.228917e+00   9.917949e-02   2.228917e+00   9.917949e-02 223200608270049440       6767       1624     0 2453974.537130  1.412977e+01  4.831186e-02  1.412977e+01  4.831186e-02 
   83724870   2.855595e+00   1.050439e-01   2.855595e+00   1.050439e-01 224200608270050460      24901        909     0 2453974.537847  1.386076e+01  3.993925e-02  1.386076e+01  3.993925e-02 
   83724870   2.136904e+00   9.836370e-02   2.136904e+00   9.836370e-02 223200608270050460       6771       1596     0 2453974.537847  1.417554e+01  4.997763e-02  1.417554e+01  4.997763e-02 
   83810836   3.356316e+00   1.018840e-01   3.356316e+00   1.018840e-01 224200608280043330      24905        887     0 2453975.532824  1.368534e+01  3.295861e-02  1.368534e+01  3.295861e-02 
   83810836   2.095506e+00   9.488983e-02   2.095506e+00   9.488983e-02 223200608280043330       6772       1626     0 2453975.532824  1.419678e+01  4.916507e-02  1.419678e+01  4.916507e-02 
   83810888   3.111678e+00   1.010146e-01   3.111678e+00   1.010146e-01 224200608280044250      24903        889     0 2453975.533426  1.376751e+01  3.524643e-02  1.376751e+01  3.524643e-02 
   83810888   2.208939e+00   9.511245e-02   2.208939e+00   9.511245e-02 223200608280044250       6773       1624     0 2453975.533426  1.413954e+01  4.674977e-02  1.413954e+01  4.674977e-02 
   83810959   1.965479e+00   9.356625e-02   1.965479e+00   9.356625e-02 223200608280045350       6773       1619     0 2453975.534248  1.426633e+01  5.168644e-02  1.426633e+01  5.168644e-02 
   83810960   3.114525e+00   1.009784e-01   3.114525e+00   1.009784e-01 224200608280045360      24903        891     0 2453975.534259  1.376652e+01  3.520160e-02  1.376652e+01  3.520160e-02 
   83811016   3.020344e+00   1.007993e-01   3.020344e+00   1.007993e-01 224200608280046320      24902        892     0 2453975.534907  1.379986e+01  3.623487e-02  1.379986e+01  3.623487e-02 
   83811016   1.995679e+00   9.381983e-02   1.995679e+00   9.381983e-02 223200608280046320       6773       1617     0 2453975.534907  1.424977e+01  5.104224e-02  1.424977e+01  5.104224e-02 
   84328668   3.269625e+00   2.707325e-01   3.269625e+00   2.707325e-01 224200609030034170      24909        949     0 2453981.526250  1.371375e+01  8.990178e-02  1.371375e+01  8.990178e-02 
   84328668   2.895733e+00   2.706881e-01   2.895733e+00   2.706881e-01 223200609030034170       6762       1556     0 2453981.526250  1.384560e+01  1.014931e-01  1.384560e+01  1.014931e-01 
   84328740   3.056032e+00   2.679393e-01   3.056032e+00   2.679393e-01 224200609030035290      24911        926     0 2453981.527083  1.378711e+01  9.519284e-02  1.378711e+01  9.519284e-02 
   84328740   3.028746e+00   2.750767e-01   3.028746e+00   2.750767e-01 223200609030035280       6758       1576     0 2453981.527083  1.379684e+01  9.860905e-02  1.379684e+01  9.860905e-02 
   84328807   2.878499e+00   2.893454e-01   2.878499e+00   2.893454e-01 223200609030036350       6759       1542     0 2453981.527859  1.385209e+01  1.091381e-01  1.385209e+01  1.091381e-01 
   84328864   3.138704e+00   2.860650e-01   3.138704e+00   2.860650e-01 224200609030037320      24908        950     0 2453981.528519  1.375812e+01  9.895554e-02  1.375812e+01  9.895554e-02 
   84328864   2.688624e+00   2.789967e-01   2.688624e+00   2.789967e-01 223200609030037320       6760       1541     0 2453981.528519  1.392618e+01  1.126665e-01  1.392618e+01  1.126665e-01 
   84500175   2.864994e+00   4.002775e-01   2.864994e+00   4.002775e-01 224200609050012480      24909        898     0 2453983.511285  1.385719e+01  1.516922e-01  1.385719e+01  1.516922e-01 
   84500175   3.563582e+00   4.284041e-01   3.563582e+00   4.284041e-01 223200609050012480       6770       1621     0 2453983.511285  1.362028e+01  1.305247e-01  1.362028e+01  1.305247e-01 
   84500235   3.572339e+00   4.050785e-01   3.572339e+00   4.050785e-01 224200609050013480      24905        898     0 2453983.511979  1.361762e+01  1.231154e-01  1.361762e+01  1.231154e-01 
   84500235   3.363107e+00   4.248595e-01   3.363107e+00   4.248595e-01 223200609050013480       6771       1618     0 2453983.511979  1.368315e+01  1.371610e-01  1.368315e+01  1.371610e-01 
   84500297   3.097482e+00   4.043265e-01   3.097482e+00   4.043265e-01 224200609050014500      24902        900     0 2453983.512697  1.377248e+01  1.417259e-01  1.377248e+01  1.417259e-01 
   84500297   3.270536e+00   4.240136e-01   3.270536e+00   4.240136e-01 223200609050014500       6771       1614     0 2453983.512697  1.371345e+01  1.407624e-01  1.371345e+01  1.407624e-01 
   84500375   2.945527e+00   4.029120e-01   2.945527e+00   4.029120e-01 224200609050016080      24905        878     0 2453983.513600  1.382709e+01  1.485159e-01  1.382709e+01  1.485159e-01 
   84500375   3.035190e+00   4.221213e-01   3.035190e+00   4.221213e-01 223200609050016080       6768       1635     0 2453983.513600  1.379454e+01  1.510001e-01  1.379454e+01  1.510001e-01 
   84844848   3.108828e+00   5.877262e-01   3.108828e+00   5.877262e-01 223200609082357310       6780       1630     0 2453987.500556  1.376851e+01  2.052600e-01  1.376851e+01  2.052600e-01 
   84844904   3.841020e+00   5.942968e-01   3.841020e+00   5.942968e-01 223200609082358260       6782       1625     0 2453987.501204  1.353888e+01  1.679897e-01  1.353888e+01  1.679897e-01 
   84844905   2.635895e+00   5.617229e-01   2.635895e+00   5.617229e-01 224200609082358270      24908        870     0 2453987.501215  1.394768e+01  2.313768e-01  1.394768e+01  2.313768e-01 
   84844961   2.882986e+00   5.604807e-01   2.882986e+00   5.604807e-01 224200609082359230      24908        871     0 2453987.501863  1.385039e+01  2.110785e-01  1.385039e+01  2.110785e-01 
   84844961   3.032750e+00   5.915391e-01   3.032750e+00   5.915391e-01 223200609082359230       6781       1622     0 2453987.501863  1.379541e+01  2.117740e-01  1.379541e+01  2.117740e-01 
   84845023   2.943843e+00   5.600210e-01   2.943843e+00   5.600210e-01 224200609090000260      24907        872     0 2453987.502581  1.382771e+01  2.065454e-01  1.382771e+01  2.065454e-01 
   84845023   2.818618e+00   5.876194e-01   2.818618e+00   5.876194e-01 223200609090000260       6781       1620     0 2453987.502581  1.387491e+01  2.263527e-01  1.387491e+01  2.263527e-01 
   85017148   3.388690e+00   3.020652e-01   3.388690e+00   3.020652e-01 224200609102349160      24920        913     0 2453989.494769  1.367492e+01  9.678203e-02  1.367492e+01  9.678203e-02 
   85017148   3.163326e+00   3.183417e-01   3.163326e+00   3.183417e-01 223200609102349160       6756       1582     0 2453989.494769  1.374964e+01  1.092636e-01  1.374964e+01  1.092636e-01 
   85017215   2.690112e+00   3.907485e-01   2.690112e+00   3.907485e-01 224200609102350220      24918        913     0 2453989.495544  1.392557e+01  1.577077e-01  1.392557e+01  1.577077e-01 
   85017215   3.364055e+00   4.134361e-01   3.364055e+00   4.134361e-01 223200609102350220       6757       1579     0 2453989.495544  1.368284e+01  1.334354e-01  1.368284e+01  1.334354e-01 
   85017274   3.377563e+00   3.574508e-01   3.377563e+00   3.574508e-01 224200609102351210      24916        914     0 2453989.496227  1.367849e+01  1.149049e-01  1.367849e+01  1.149049e-01 
   85017274   2.974809e+00   3.653024e-01   2.974809e+00   3.653024e-01 223200609102351210       6758       1577     0 2453989.496227  1.381635e+01  1.333274e-01  1.381635e+01  1.333274e-01 
   85017332   3.072644e+00   3.469090e-01   3.072644e+00   3.469090e-01 224200609102352200      24916        915     0 2453989.496898  1.378122e+01  1.225827e-01  1.378122e+01  1.225827e-01 
   85017332   3.154411e+00   3.706468e-01   3.154411e+00   3.706468e-01 223200609102352200       6756       1570     0 2453989.496898  1.375270e+01  1.275757e-01  1.375270e+01  1.275757e-01 
   85361741   3.203237e+00   1.042743e-01   3.203237e+00   1.042743e-01 224200609142332380      24893        895     0 2453993.483113  1.373603e+01  3.534387e-02  1.373603e+01  3.534387e-02 
   85361741   2.214196e+00   9.780765e-02   2.214196e+00   9.780765e-02 223200609142332380       6759       1535     0 2453993.483113  1.413696e+01  4.796038e-02  1.413696e+01  4.796038e-02 
   85361794   3.157711e+00   1.054846e-01   3.157711e+00   1.054846e-01 224200609142333310      24889        896     0 2453993.483727  1.375157e+01  3.626960e-02  1.375157e+01  3.626960e-02 
   85361798   2.143941e+00   9.770173e-02   2.143941e+00   9.770173e-02 223200609142333360       6760       1532     0 2453993.483773  1.417197e+01  4.947834e-02  1.417197e+01  4.947834e-02 
   85361859   3.148847e+00   1.056812e-01   3.148847e+00   1.056812e-01 224200609142334370      24887        897     0 2453993.484479  1.375462e+01  3.643946e-02  1.375462e+01  3.643946e-02 
   85361859   2.210825e+00   9.758790e-02   2.210825e+00   9.758790e-02 223200609142334370       6761       1529     0 2453993.484479  1.413861e+01  4.792559e-02  1.413861e+01  4.792559e-02 
   85361934   3.160924e+00   1.056365e-01   3.160924e+00   1.056365e-01 224200609142335520      24889        874     0 2453993.485347  1.375046e+01  3.628489e-02  1.375046e+01  3.628489e-02 
   85361934   2.144076e+00   9.635264e-02   2.144076e+00   9.635264e-02 223200609142335520       6756       1550     0 2453993.485347  1.417190e+01  4.879208e-02  1.417190e+01  4.879208e-02 
   85620638   3.358072e+00   1.220873e-01   3.358072e+00   1.220873e-01 224200609172327440      24923        858     0 2453996.479606  1.368478e+01  3.947357e-02  1.368478e+01  3.947357e-02 
   85620638   2.342558e+00   1.107181e-01   2.342558e+00   1.107181e-01 223200609172327440       6729       1541     0 2453996.479606  1.407577e+01  5.131615e-02  1.407577e+01  5.131615e-02 
   85620697   3.350249e+00   1.227535e-01   3.350249e+00   1.227535e-01 224200609172328430      24920        859     0 2453996.480289  1.368731e+01  3.978166e-02  1.368731e+01  3.978166e-02 
   85620697   2.270555e+00   1.107401e-01   2.270555e+00   1.107401e-01 223200609172328430       6729       1538     0 2453996.480289  1.410967e+01  5.295399e-02  1.410967e+01  5.295399e-02 
   85620760   3.290621e+00   1.230838e-01   3.290621e+00   1.230838e-01 224200609172329460      24920        861     0 2453996.481019  1.370681e+01  4.061148e-02  1.370681e+01  4.061148e-02 
   85620760   2.271296e+00   1.110232e-01   2.271296e+00   1.110232e-01 223200609172329460       6729       1535     0 2453996.481019  1.410932e+01  5.307204e-02  1.410932e+01  5.307204e-02 
   85620814   3.371046e+00   1.234502e-01   3.371046e+00   1.234502e-01 224200609172330410      24919        863     0 2453996.481644  1.368059e+01  3.976062e-02  1.368059e+01  3.976062e-02 
   85620814   2.356061e+00   1.118449e-01   2.356061e+00   1.118449e-01 223200609172330410       6729       1532     0 2453996.481644  1.406953e+01  5.154134e-02  1.406953e+01  5.154134e-02 
   85706434   2.219367e+00   1.071939e-01   2.219367e+00   1.071939e-01 223200609182317440       6733       1515     0 2453997.472616  1.413443e+01  5.244051e-02  1.413443e+01  5.244051e-02 
   85706497   3.414952e+00   1.211913e-01   3.414952e+00   1.211913e-01 224200609182318460      24916        838     0 2453997.473345  1.366654e+01  3.853122e-02  1.366654e+01  3.853122e-02 
   85706497   2.228126e+00   1.072081e-01   2.228126e+00   1.072081e-01 223200609182318460       6736       1492     0 2453997.473345  1.413015e+01  5.224127e-02  1.413015e+01  5.224127e-02 
   85706552   3.449845e+00   1.206320e-01   3.449845e+00   1.206320e-01 224200609182319420      24913        840     0 2453997.473981  1.365550e+01  3.796547e-02  1.365550e+01  3.796547e-02 
   85706552   2.205362e+00   1.055943e-01   2.205362e+00   1.055943e-01 223200609182319410       6737       1490     0 2453997.473981  1.414130e+01  5.198602e-02  1.414130e+01  5.198602e-02 
   85706629   3.283618e+00   1.204935e-01   3.283618e+00   1.204935e-01 224200609182320580      24916        819     0 2453997.474873  1.370912e+01  3.984160e-02  1.370912e+01  3.984160e-02 
   85706629   2.333453e+00   1.076867e-01   2.333453e+00   1.076867e-01 223200609182320580       6733       1512     0 2453997.474873  1.408000e+01  5.010591e-02  1.408000e+01  5.010591e-02 
   85878748   3.270361e+00   1.147812e-01   3.270361e+00   1.147812e-01 224200609202309430      24898        859     0 2453999.466991  1.371351e+01  3.810667e-02  1.371351e+01  3.810667e-02 
   85878748   2.398087e+00   1.065182e-01   2.398087e+00   1.065182e-01 223200609202309430       6734       1568     0 2453999.466991  1.405034e+01  4.822641e-02  1.405034e+01  4.822641e-02 
   85878805   3.229369e+00   1.148610e-01   3.229369e+00   1.148610e-01 224200609202310410      24891        861     0 2453999.467650  1.372721e+01  3.861719e-02  1.372721e+01  3.861719e-02 
   85878805   2.350905e+00   1.070652e-01   2.350905e+00   1.070652e-01 223200609202310400       6736       1565     0 2453999.467650  1.407191e+01  4.944690e-02  1.407191e+01  4.944690e-02 
   85878866   3.278211e+00   1.156237e-01   3.278211e+00   1.156237e-01 224200609202311410      24888        863     0 2453999.468356  1.371091e+01  3.829443e-02  1.371091e+01  3.829443e-02 
   85878866   2.281963e+00   1.078219e-01   2.281963e+00   1.078219e-01 223200609202311410       6737       1562     0 2453999.468356  1.410423e+01  5.130084e-02  1.410423e+01  5.130084e-02 
   85878926   3.249428e+00   1.165648e-01   3.249428e+00   1.165648e-01 224200609202312420      24887        866     0 2453999.469051  1.372048e+01  3.894811e-02  1.372048e+01  3.894811e-02 
   85878926   2.385032e+00   1.093768e-01   2.385032e+00   1.093768e-01 223200609202312420       6737       1559     0 2453999.469051  1.405626e+01  4.979171e-02  1.405626e+01  4.979171e-02 
   85964871   3.096183e+00   1.098298e-01   3.096183e+00   1.098298e-01 224200609212305090      24891        880     0 2454000.463785  1.377293e+01  3.851408e-02  1.377293e+01  3.851408e-02 
   85964871   2.142538e+00   9.956533e-02   2.142538e+00   9.956533e-02 223200609212305090       6748       1562     0 2454000.463785  1.417268e+01  5.045514e-02  1.417268e+01  5.045514e-02 
   85965024   3.056413e+00   1.103745e-01   3.056413e+00   1.103745e-01 224200609212307420      24886        883     0 2454000.465556  1.378697e+01  3.920870e-02  1.378697e+01  3.920870e-02 
   85965024   2.266154e+00   9.893107e-02   2.266154e+00   9.893107e-02 223200609212307420       6750       1555     0 2454000.465556  1.411178e+01  4.739899e-02  1.411178e+01  4.739899e-02 
   85965087   3.407626e+00   1.107440e-01   3.407626e+00   1.107440e-01 224200609212308460      24884        884     0 2454000.466285  1.366887e+01  3.528533e-02  1.366887e+01  3.528533e-02 
   85965087   1.988337e+00   9.708250e-02   1.988337e+00   9.708250e-02 223200609212308460       6751       1552     0 2454000.466285  1.425378e+01  5.301233e-02  1.425378e+01  5.301233e-02 
   85965143   3.238204e+00   1.106276e-01   3.238204e+00   1.106276e-01 224200609212309410      24883        886     0 2454000.466933  1.372424e+01  3.709242e-02  1.372424e+01  3.709242e-02 
   85965143   2.266716e+00   9.812742e-02   2.266716e+00   9.812742e-02 223200609212309410       6752       1550     0 2454000.466933  1.411151e+01  4.700229e-02  1.411151e+01  4.700229e-02 
   86404985   3.072114e+00   1.091270e-01   3.072114e+00   1.091270e-01 224200609270120390      24993       1098     0 2454005.557697  1.378141e+01  3.856743e-02  1.378141e+01  3.856743e-02 
   86404985   2.305087e+00   1.035073e-01   2.305087e+00   1.035073e-01 223200609270120390       6614       1209     0 2454005.557697  1.409328e+01  4.875392e-02  1.409328e+01  4.875392e-02 
   86405046   2.176629e+00   1.031362e-01   2.176629e+00   1.031362e-01 223200609270121400       6617       1182     0 2454005.558403  1.415554e+01  5.144609e-02  1.415554e+01  5.144609e-02 
   86405114   3.155895e+00   1.090893e-01   3.155895e+00   1.090893e-01 224200609270122490      24989       1120     0 2454005.559190  1.375219e+01  3.753057e-02  1.375219e+01  3.753057e-02 
   86405114   2.313707e+00   1.043672e-01   2.313707e+00   1.043672e-01 223200609270122490       6616       1180     0 2454005.559190  1.408923e+01  4.897581e-02  1.408923e+01  4.897581e-02 
   86405173   3.121310e+00   1.093408e-01   3.121310e+00   1.093408e-01 224200609270123480      24989       1120     0 2454005.559873  1.376416e+01  3.803394e-02  1.376416e+01  3.803394e-02 
   86405175   2.190779e+00   1.041390e-01   2.190779e+00   1.041390e-01 223200609270123490       6615       1178     0 2454005.559896  1.414850e+01  5.161080e-02  1.414850e+01  5.161080e-02 
   87688156   2.095939e+00   8.417019e-02   2.095939e+00   8.417019e-02 223200610112147440       6411       1366     0 2454020.409213  1.419655e+01  4.360191e-02  1.419655e+01  4.360191e-02 
   87688230   2.049129e+00   8.373513e-02   2.049129e+00   8.373513e-02 223200610112148580       6414       1338     0 2454020.410069  1.422108e+01  4.436743e-02  1.422108e+01  4.436743e-02 
   87688284   2.027000e+00   8.413687e-02   2.027000e+00   8.413687e-02 223200610112149520       6414       1335     0 2454020.410694  1.423287e+01  4.506697e-02  1.423287e+01  4.506697e-02 
   87860502   2.349174e+00   9.582282e-02   2.349174e+00   9.582282e-02 223200610132140170       6374       1388     0 2454022.403958  1.407271e+01  4.428734e-02  1.407271e+01  4.428734e-02 
   87860569   2.042088e+00   9.396774e-02   2.042088e+00   9.396774e-02 223200610132141240       6374       1384     0 2454022.404734  1.422481e+01  4.996090e-02  1.422481e+01  4.996090e-02 
   87860625   2.300246e+00   9.488557e-02   2.300246e+00   9.488557e-02 223200610132142200       6373       1381     0 2454022.405382  1.409556e+01  4.478697e-02  1.409556e+01  4.478697e-02 
   87860685   2.113879e+00   9.408782e-02   2.113879e+00   9.408782e-02 223200610132143190       6373       1379     0 2454022.406076  1.418730e+01  4.832580e-02  1.418730e+01  4.832580e-02 
   88033114   2.017407e+00   8.912193e-02   2.017407e+00   8.912193e-02 223200610152137170       6370       1419     0 2454024.401782  1.423802e+01  4.796417e-02  1.423802e+01  4.796417e-02 
   88033175   2.036651e+00   8.934018e-02   2.036651e+00   8.934018e-02 223200610152138180       6370       1414     0 2454024.402488  1.422771e+01  4.762732e-02  1.422771e+01  4.762732e-02 
   88033230   2.064882e+00   8.810876e-02   2.064882e+00   8.810876e-02 223200610152139130       6368       1409     0 2454024.403125  1.421276e+01  4.632866e-02  1.421276e+01  4.632866e-02 
   88033289   2.027453e+00   8.769771e-02   2.027453e+00   8.769771e-02 223200610152140120       6368       1406     0 2454024.403808  1.423262e+01  4.696381e-02  1.423262e+01  4.696381e-02 
   88377437   2.240492e+00   9.244747e-02   2.240492e+00   9.244747e-02 223200610192116140       6354       1434     0 2454028.387002  1.412414e+01  4.479994e-02  1.412414e+01  4.479994e-02 
   88377489   2.235795e+00   9.367216e-02   2.235795e+00   9.367216e-02 223200610192117070       6354       1430     0 2454028.387604  1.412642e+01  4.548879e-02  1.412642e+01  4.548879e-02 
   88377574   2.300149e+00   9.361731e-02   2.300149e+00   9.361731e-02 223200610192118310       6349       1451     0 2454028.388588  1.409561e+01  4.419021e-02  1.409561e+01  4.419021e-02 
   88377636   2.181343e+00   9.335607e-02   2.181343e+00   9.335607e-02 223200610192119340       6349       1448     0 2454028.389306  1.415319e+01  4.646697e-02  1.415319e+01  4.646697e-02 
   88463602   2.132305e+00   9.067763e-02   2.132305e+00   9.067763e-02 223200610202112230       6377       1389     0 2454029.384282  1.417788e+01  4.617178e-02  1.417788e+01  4.617178e-02 
   88463674   2.106528e+00   9.055592e-02   2.106528e+00   9.055592e-02 223200610202113350       6375       1384     0 2454029.385116  1.419108e+01  4.667406e-02  1.419108e+01  4.667406e-02 
   88463737   2.107740e+00   9.090156e-02   2.107740e+00   9.090156e-02 223200610202114380       6374       1382     0 2454029.385845  1.419046e+01  4.682526e-02  1.419046e+01  4.682526e-02 
   88463796   2.045967e+00   9.042103e-02   2.045967e+00   9.042103e-02 223200610202115380       6374       1379     0 2454029.386528  1.422275e+01  4.798402e-02  1.422275e+01  4.798402e-02 
   88551550   2.141615e+00   9.850876e-02   2.141615e+00   9.850876e-02 223200610212138150       6372       1329     0 2454030.402199  1.417315e+01  4.994124e-02  1.417315e+01  4.994124e-02 
   88551682   2.268865e+00   9.916492e-02   2.268865e+00   9.916492e-02 223200610212140270       6369       1319     0 2454030.403727  1.411048e+01  4.745427e-02  1.411048e+01  4.745427e-02 
   88551754   2.310916e+00   9.968095e-02   2.310916e+00   9.968095e-02 223200610212141400       6364       1339     0 2454030.404560  1.409054e+01  4.683319e-02  1.409054e+01  4.683319e-02 
   88637685   2.235355e+00   1.364979e+00   2.235355e+00   1.364979e+00 223200610222133550       6370       1341     0 2454031.399132  1.412663e+01  6.629872e-01  1.412663e+01  6.629872e-01 
   88637760   4.809283e+00   1.365095e+00   4.809283e+00   1.365095e+00 223200610222135100       6366       1361     0 2454031.400000  1.329480e+01  3.081828e-01  1.329480e+01  3.081828e-01 
   88637822   1.037818e+00   2.127022e+00   1.037818e+00   2.127022e+00 223200610222136110       6365       1359     0 2454031.400718  1.495970e+01  2.225239e+00  1.495970e+01  2.225239e+00 
   88640073   1.393316e+00   2.102217e+00   1.393316e+00   2.102217e+00 223200610222213430       6363       1236     0 2454031.426771  1.463988e+01  1.638150e+00  1.463988e+01  1.638150e+00 
   88722102   2.182667e+00   9.361079e-02   2.182667e+00   9.361079e-02 223200610232100550       6361       1420     0 2454032.376181  1.415253e+01  4.656550e-02  1.415253e+01  4.656550e-02 
   88722156   2.266065e+00   9.388009e-02   2.266065e+00   9.388009e-02 223200610232101500       6361       1417     0 2454032.376806  1.411182e+01  4.498078e-02  1.411182e+01  4.498078e-02 
   88722218   2.292989e+00   9.400091e-02   2.292989e+00   9.400091e-02 223200610232102520       6361       1414     0 2454032.377523  1.409900e+01  4.450982e-02  1.409900e+01  4.450982e-02 
   88722285   2.267831e+00   9.422345e-02   2.267831e+00   9.422345e-02 223200610232103590       6362       1411     0 2454032.378299  1.411097e+01  4.511014e-02  1.411097e+01  4.511014e-02 
   88980547   2.227895e+00   1.059283e-01   2.227895e+00   1.059283e-01 223200610262048320       6362       1478     0 2454035.367442  1.413026e+01  5.162296e-02  1.413026e+01  5.162296e-02 
   88980601   2.299402e+00   1.062171e-01   2.299402e+00   1.062171e-01 223200610262049260       6362       1475     0 2454035.368067  1.409596e+01  5.015396e-02  1.409596e+01  5.015396e-02 
   88980661   2.526228e+00   1.058967e-01   2.526228e+00   1.058967e-01 223200610262050270       6362       1472     0 2454035.368762  1.399382e+01  4.551303e-02  1.399382e+01  4.551303e-02 
   88980725   2.316000e+00   1.054451e-01   2.316000e+00   1.054451e-01 223200610262051300       6358       1463     0 2454035.369502  1.408815e+01  4.943262e-02  1.408815e+01  4.943262e-02 
   89066663   2.452666e+00   1.171566e-01   2.452666e+00   1.171566e-01 223200610272043520       6383       1449     0 2454036.364155  1.402590e+01  5.186257e-02  1.402590e+01  5.186257e-02 
   89066726   2.568867e+00   1.184769e-01   2.568867e+00   1.184769e-01 223200610272044550       6382       1447     0 2454036.364884  1.397565e+01  5.007467e-02  1.397565e+01  5.007467e-02 
   89066782   2.454984e+00   1.175891e-01   2.454984e+00   1.175891e-01 223200610272045520       6381       1443     0 2454036.365532  1.402488e+01  5.200488e-02  1.402488e+01  5.200488e-02 
   89066847   2.477454e+00   1.173975e-01   2.477454e+00   1.173975e-01 223200610272046560       6381       1441     0 2454036.366285  1.401499e+01  5.144928e-02  1.401499e+01  5.144928e-02 
   89152861   2.884303e+00   1.896986e-01   2.884303e+00   1.896986e-01 223200610282040350       6366       1461     0 2454037.361817  1.384990e+01  7.140838e-02  1.384990e+01  7.140838e-02 
   89152934   2.562769e+00   1.787852e-01   2.562769e+00   1.787852e-01 223200610282041480       6368       1430     0 2454037.362662  1.397823e+01  7.574397e-02  1.397823e+01  7.574397e-02 
   89238982   2.626633e+00   1.607911e-01   2.626633e+00   1.607911e-01 223200610292035590       6360       1420     0 2454038.358588  1.395150e+01  6.646430e-02  1.395150e+01  6.646430e-02 
   89239037   2.938601e+00   1.614941e-01   2.938601e+00   1.614941e-01 223200610292036550       6361       1417     0 2454038.359225  1.382965e+01  5.966806e-02  1.382965e+01  5.966806e-02 
   89239084   2.798675e+00   1.612532e-01   2.798675e+00   1.612532e-01 223200610292037410       6360       1409     0 2454038.359769  1.388262e+01  6.255784e-02  1.388262e+01  6.255784e-02 
   89239162   2.929677e+00   1.611139e-01   2.929677e+00   1.611139e-01 223200610292038590       6359       1407     0 2454038.360671  1.383295e+01  5.970892e-02  1.383295e+01  5.970892e-02 
   89411357   3.535312e+00   2.531544e-01   3.535312e+00   2.531544e-01 223200610312029020       6354       1421     0 2454040.353669  1.362893e+01  7.774699e-02  1.362893e+01  7.774699e-02 
   89411430   3.418245e+00   2.501203e-01   3.418245e+00   2.501203e-01 223200610312030160       6350       1440     0 2454040.354514  1.366549e+01  7.944594e-02  1.366549e+01  7.944594e-02 
   89411500   3.465032e+00   2.553554e-01   3.465032e+00   2.553554e-01 223200610312031250       6353       1409     0 2454040.355324  1.365073e+01  8.001357e-02  1.365073e+01  8.001357e-02 
   89411557   3.332475e+00   2.532178e-01   3.332475e+00   2.532178e-01 223200610312032230       6353       1406     0 2454040.355984  1.369308e+01  8.249987e-02  1.369308e+01  8.249987e-02 
   89506217   3.257393e+00   2.617294e-01   3.257393e+00   2.617294e-01 223200611012250050       6283       1042     0 2454041.451586  1.371782e+01  8.723849e-02  1.371782e+01  8.723849e-02 
   89506290   2.843404e+00   2.635168e-01   2.843404e+00   2.635168e-01 223200611012251190       6285       1013     0 2454041.452431  1.386540e+01  1.006226e-01  1.386540e+01  1.006226e-01 
   89506347   3.031123e+00   2.624036e-01   3.031123e+00   2.624036e-01 223200611012252160       6285       1011     0 2454041.453090  1.379599e+01  9.399227e-02  1.379599e+01  9.399227e-02 
   89506409   3.011641e+00   2.635793e-01   3.011641e+00   2.635793e-01 223200611012253170       6284       1009     0 2454041.453808  1.380299e+01  9.502415e-02  1.380299e+01  9.502415e-02 
   89842118   3.156911e+00   3.684662e-01   3.156911e+00   3.684662e-01 223200611052008420       6365       1423     0 2454045.339329  1.375184e+01  1.267247e-01  1.375184e+01  1.267247e-01 
   89842176   3.638185e+00   3.727974e-01   3.638185e+00   3.727974e-01 223200611052009400       6365       1419     0 2454045.340000  1.359779e+01  1.112536e-01  1.359779e+01  1.112536e-01 
   89842249   2.984494e+00   3.758848e-01   2.984494e+00   3.758848e-01 223200611052010530       6365       1415     0 2454045.340845  1.381282e+01  1.367445e-01  1.381282e+01  1.367445e-01 
   89928302   2.792032e+00   2.812575e-01   2.792032e+00   2.812575e-01 223200611062005110       6368       1440     0 2454046.336829  1.388520e+01  1.093729e-01  1.388520e+01  1.093729e-01 
   89928371   2.968057e+00   2.836858e-01   2.968057e+00   2.836858e-01 223200611062006190       6368       1436     0 2454046.337627  1.381882e+01  1.037746e-01  1.381882e+01  1.037746e-01 
   89928425   3.197163e+00   2.863899e-01   3.197163e+00   2.863899e-01 223200611062007140       6368       1434     0 2454046.338252  1.373809e+01  9.725654e-02  1.373809e+01  9.725654e-02 
   89928489   3.211342e+00   2.881548e-01   3.211342e+00   2.881548e-01 223200611062008180       6368       1431     0 2454046.338993  1.373328e+01  9.742381e-02  1.373328e+01  9.742381e-02 
   90014490   2.378114e+00   1.936889e-01   2.378114e+00   1.936889e-01 223200611072001430       6375       1448     0 2454047.334375  1.405942e+01  8.842969e-02  1.405942e+01  8.842969e-02 
   90014544   2.621825e+00   1.740694e-01   2.621825e+00   1.740694e-01 223200611072002370       6376       1445     0 2454047.335000  1.395349e+01  7.208493e-02  1.395349e+01  7.208493e-02 
   90014633   2.680106e+00   1.696211e-01   2.680106e+00   1.696211e-01 223200611072004050       6371       1465     0 2454047.336030  1.392962e+01  6.871534e-02  1.392962e+01  6.871534e-02 
   90014695   2.833156e+00   1.741145e-01   2.833156e+00   1.741145e-01 223200611072005080       6370       1461     0 2454047.336748  1.386932e+01  6.672528e-02  1.386932e+01  6.672528e-02 
   90272979   2.254455e+00   1.031350e-01   2.254455e+00   1.031350e-01 223200611101950030       6372       1431     0 2454050.326146  1.411740e+01  4.966959e-02  1.411740e+01  4.966959e-02 
   90273033   2.206294e+00   1.028710e-01   2.206294e+00   1.028710e-01 223200611101950570       6372       1428     0 2454050.326771  1.414084e+01  5.062389e-02  1.414084e+01  5.062389e-02 
   90273081   2.165147e+00   1.043843e-01   2.165147e+00   1.043843e-01 223200611101951450       6371       1425     0 2454050.327326  1.416128e+01  5.234480e-02  1.416128e+01  5.234480e-02 
   90273146   2.230959e+00   1.014654e-01   2.230959e+00   1.014654e-01 223200611101952500       6370       1422     0 2454050.328079  1.412877e+01  4.938012e-02  1.412877e+01  4.938012e-02 
   90617595   2.271806e+00   9.769005e-02   2.271806e+00   9.769005e-02 223200611141933540       6362       1456     0 2454054.314757  1.410907e+01  4.668797e-02  1.410907e+01  4.668797e-02 
   90617657   2.279902e+00   9.777863e-02   2.279902e+00   9.777863e-02 223200611141934560       6362       1452     0 2454054.315475  1.410521e+01  4.656436e-02  1.410521e+01  4.656436e-02 
   90617717   2.311665e+00   9.646761e-02   2.311665e+00   9.646761e-02 223200611141935570       6366       1425     0 2454054.316169  1.409019e+01  4.530880e-02  1.409019e+01  4.530880e-02 
   90617768   2.287001e+00   9.658723e-02   2.287001e+00   9.658723e-02 223200611141936470       6366       1423     0 2454054.316759  1.410183e+01  4.585421e-02  1.410183e+01  4.585421e-02 
   93120139   2.552020e+00   2.223066e-01   2.552020e+00   2.223066e-01 223200612131844400       7034       1265     0 2454083.279387  1.398279e+01  9.457890e-02  1.398279e+01  9.457890e-02 
   93120198   2.888958e+00   2.074160e-01   2.888958e+00   2.074160e-01 223200612131845380       7035       1264     0 2454083.280069  1.384815e+01  7.795192e-02  1.384815e+01  7.795192e-02 
   93120274   2.571309e+00   1.902866e-01   2.571309e+00   1.902866e-01 223200612131846550       7032       1284     0 2454083.280949  1.397461e+01  8.034886e-02  1.397461e+01  8.034886e-02 
   93120338   2.643702e+00   1.782011e-01   2.643702e+00   1.782011e-01 223200612131847580       7035       1257     0 2454083.281690  1.394447e+01  7.318526e-02  1.394447e+01  7.318526e-02 
   93292973   2.836281e+00   2.684377e-01   2.836281e+00   2.684377e-01 223200612151845190       7008       1237     0 2454085.279780  1.386813e+01  1.027591e-01  1.386813e+01  1.027591e-01 
   93293027   2.564178e+00   2.495106e-01   2.564178e+00   2.495106e-01 223200612151846130       7008       1235     0 2454085.280405  1.397763e+01  1.056493e-01  1.397763e+01  1.056493e-01 
   93293081   2.659614e+00   2.328907e-01   2.659614e+00   2.328907e-01 223200612151847070       7007       1233     0 2454085.281030  1.393795e+01  9.507346e-02  1.393795e+01  9.507346e-02 
   93293135   2.844517e+00   2.191497e-01   2.844517e+00   2.191497e-01 223200612151848010       7007       1231     0 2454085.281655  1.386498e+01  8.364851e-02  1.386498e+01  8.364851e-02 
   93467315   2.477711e+00   1.082592e-01   2.477711e+00   1.082592e-01 223200612171911070       7358       1061     0 2454087.297627  1.401487e+01  4.743948e-02  1.401487e+01  4.743948e-02 
   93467371   2.212104e+00   1.057160e-01   2.212104e+00   1.057160e-01 223200612171912030       7356       1058     0 2454087.298275  1.413799e+01  5.188731e-02  1.413799e+01  5.188731e-02 
   93467431   2.323967e+00   1.046939e-01   2.323967e+00   1.046939e-01 223200612171913020       7355       1056     0 2454087.298970  1.408442e+01  4.891220e-02  1.408442e+01  4.891220e-02 
   93467501   2.270925e+00   1.049744e-01   2.270925e+00   1.049744e-01 223200612171914130       7349       1076     0 2454087.299780  1.410949e+01  5.018874e-02  1.410949e+01  5.018874e-02 
   93556672   2.058011e+00   9.600411e-02   2.058011e+00   9.600411e-02 223200612182000260       6418        995     0 2454088.331852  1.421638e+01  5.064867e-02  1.421638e+01  5.064867e-02 
   93556730   2.129306e+00   9.580304e-02   2.129306e+00   9.580304e-02 223200612182001250       6418        993     0 2454088.332523  1.417941e+01  4.885029e-02  1.417941e+01  4.885029e-02 
   93556863   2.113675e+00   9.696733e-02   2.113675e+00   9.696733e-02 223200612182003370       6416        988     0 2454088.334062  1.418740e+01  4.980959e-02  1.418740e+01  4.980959e-02 
   93725372   2.892816e+00   2.191340e-01   2.892816e+00   2.191340e-01 223200612201852110       6477       1151     0 2454090.284398  1.384670e+01  8.224601e-02  1.384670e+01  8.224601e-02 
   93725431   2.750827e+00   2.073283e-01   2.750827e+00   2.073283e-01 223200612201853100       6476       1148     0 2454090.285081  1.390134e+01  8.183162e-02  1.390134e+01  8.183162e-02 
   93725488   2.597580e+00   1.962173e-01   2.597580e+00   1.962173e-01 223200612201854080       6475       1146     0 2454090.285741  1.396358e+01  8.201516e-02  1.396358e+01  8.201516e-02 
   93725550   2.733484e+00   1.849436e-01   2.733484e+00   1.849436e-01 223200612201855100       6475       1144     0 2454090.286458  1.390821e+01  7.345959e-02  1.390821e+01  7.345959e-02 
   94935178   2.456624e+00   3.649355e-01   2.456624e+00   3.649355e-01 224200701031856070      24136        758     0 2454104.286782  1.402415e+01  1.612884e-01  1.402415e+01  1.612884e-01 
   94935178   3.345737e+00   4.095223e-01   3.345737e+00   4.095223e-01 223200701031856070       6418        997     0 2454104.286782  1.368877e+01  1.328959e-01  1.368877e+01  1.328959e-01 
   94935244   3.043926e+00   3.609456e-01   3.043926e+00   3.609456e-01 224200701031857140      24136        758     0 2454104.287546  1.379142e+01  1.287459e-01  1.379142e+01  1.287459e-01 
   94935244   3.403760e+00   4.017711e-01   3.403760e+00   4.017711e-01 223200701031857140       6417        996     0 2454104.287546  1.367010e+01  1.281579e-01  1.367010e+01  1.281579e-01 
   94935302   3.075713e+00   3.565607e-01   3.075713e+00   3.565607e-01 224200701031858120      24136        758     0 2454104.288218  1.378014e+01  1.258675e-01  1.378014e+01  1.258675e-01 
   94935302   2.927738e+00   3.923056e-01   2.927738e+00   3.923056e-01 223200701031858120       6416        994     0 2454104.288218  1.383367e+01  1.454849e-01  1.383367e+01  1.454849e-01 
   94935367   3.239452e+00   3.517703e-01   3.239452e+00   3.517703e-01 224200701031859170      24137        758     0 2454104.288970  1.372382e+01  1.178999e-01  1.372382e+01  1.178999e-01 
   94935367   3.001080e+00   3.853154e-01   3.001080e+00   3.853154e-01 223200701031859170       6415        992     0 2454104.288970  1.380681e+01  1.394006e-01  1.380681e+01  1.394006e-01 
   95021607   3.072245e+00   2.772226e-01   3.072245e+00   2.772226e-01 224200701041856390      24139        744     0 2454105.287118  1.378136e+01  9.797126e-02  1.378136e+01  9.797126e-02 
   95021607   2.931151e+00   3.013006e-01   2.931151e+00   3.013006e-01 223200701041856390       6415       1012     0 2454105.287118  1.383240e+01  1.116060e-01  1.383240e+01  1.116060e-01 
   95021679   2.889168e+00   2.866808e-01   2.889168e+00   2.866808e-01 223200701041857500       6418        986     0 2454105.287951  1.384807e+01  1.077337e-01  1.384807e+01  1.077337e-01 
   95021744   2.902089e+00   2.509058e-01   2.902089e+00   2.509058e-01 224200701041858560      24135        767     0 2454105.288704  1.384322e+01  9.386978e-02  1.384322e+01  9.386978e-02 
   95021744   3.128145e+00   2.733870e-01   3.128145e+00   2.733870e-01 223200701041858560       6417        984     0 2454105.288704  1.376178e+01  9.488924e-02  1.376178e+01  9.488924e-02 
   95021800   3.311203e+00   2.438913e-01   3.311203e+00   2.438913e-01 224200701041859510      24136        767     0 2454105.289352  1.370004e+01  7.997172e-02  1.370004e+01  7.997172e-02 
   95021800   2.903545e+00   2.631050e-01   2.903545e+00   2.631050e-01 223200701041859510       6417        983     0 2454105.289352  1.384268e+01  9.838445e-02  1.384268e+01  9.838445e-02 
   95107908   3.157420e+00   2.369602e-01   3.157420e+00   2.369602e-01 224200701051855020      24158        780     0 2454106.285972  1.375167e+01  8.148338e-02  1.375167e+01  8.148338e-02 
   95107908   3.258767e+00   2.659278e-01   3.258767e+00   2.659278e-01 223200701051855020       6392        979     0 2454106.285972  1.371737e+01  8.860050e-02  1.371737e+01  8.860050e-02 
   95107964   3.304030e+00   2.244683e-01   3.304030e+00   2.244683e-01 224200701051855570      24158        780     0 2454106.286620  1.370239e+01  7.376271e-02  1.370239e+01  7.376271e-02 
   95107964   2.796963e+00   2.473476e-01   2.796963e+00   2.473476e-01 223200701051855570       6391        977     0 2454106.286620  1.388328e+01  9.601671e-02  1.388328e+01  9.601671e-02 
   95108018   2.849518e+00   2.121334e-01   2.849518e+00   2.121334e-01 224200701051856510      24158        780     0 2454106.287245  1.386307e+01  8.082831e-02  1.386307e+01  8.082831e-02 
   95108018   2.728265e+00   2.317585e-01   2.728265e+00   2.317585e-01 223200701051856510       6390        975     0 2454106.287245  1.391028e+01  9.223062e-02  1.391028e+01  9.223062e-02 
   95108072   3.046310e+00   2.014549e-01   3.046310e+00   2.014549e-01 224200701051857460      24159        780     0 2454106.287870  1.379056e+01  7.180085e-02  1.379056e+01  7.180085e-02 
   95108072   2.419589e+00   2.176367e-01   2.419589e+00   2.176367e-01 223200701051857460       6389        973     0 2454106.287870  1.404065e+01  9.765990e-02  1.404065e+01  9.765990e-02 
   95280696   3.421771e+00   2.139976e-01   3.421771e+00   2.139976e-01 224200701071854530      24179        767     0 2454108.285833  1.366437e+01  6.790219e-02  1.366437e+01  6.790219e-02 
   95280697   3.110611e+00   2.324251e-01   3.110611e+00   2.324251e-01 223200701071854540       6369        961     0 2454108.285845  1.376789e+01  8.112658e-02  1.376789e+01  8.112658e-02 
   95280826   3.041952e+00   1.898572e-01   3.041952e+00   1.898572e-01 224200701071857030      24167        711     0 2454108.287338  1.379212e+01  6.776424e-02  1.379212e+01  6.776424e-02 
   95280826   2.665747e+00   2.023982e-01   2.665747e+00   2.023982e-01 223200701071857030       6388        984     0 2454108.287338  1.393545e+01  8.243533e-02  1.393545e+01  8.243533e-02 
   95280882   3.450751e+00   1.807061e-01   3.450751e+00   1.807061e-01 224200701071857590      24169        712     0 2454108.287986  1.365522e+01  5.685715e-02  1.365522e+01  5.685715e-02 
   95280882   2.749127e+00   1.885011e-01   2.749127e+00   1.885011e-01 223200701071857590       6386        981     0 2454108.287986  1.390201e+01  7.444661e-02  1.390201e+01  7.444661e-02 
   95280938   3.166389e+00   1.716041e-01   3.166389e+00   1.716041e-01 224200701071858540      24169        712     0 2454108.288634  1.374859e+01  5.884225e-02  1.374859e+01  5.884225e-02 
   95280938   2.946150e+00   1.756641e-01   2.946150e+00   1.756641e-01 223200701071858540       6385        979     0 2454108.288634  1.382686e+01  6.473720e-02  1.382686e+01  6.473720e-02 
   95367160   2.828221e+00   2.337851e-01   2.828221e+00   2.337851e-01 224200701081855580      24176        789     0 2454109.286574  1.387122e+01  8.974893e-02  1.387122e+01  8.974893e-02 
   95367160   3.272758e+00   2.674047e-01   3.272758e+00   2.674047e-01 223200701081855580       6371        951     0 2454109.286574  1.371272e+01  8.871173e-02  1.371272e+01  8.871173e-02 
   95367214   2.880811e+00   2.198074e-01   2.880811e+00   2.198074e-01 224200701081856520      24176        788     0 2454109.287199  1.385121e+01  8.284254e-02  1.385121e+01  8.284254e-02 
   95367216   2.759658e+00   2.489157e-01   2.759658e+00   2.489157e-01 223200701081856530       6371        950     0 2454109.287222  1.389786e+01  9.793160e-02  1.389786e+01  9.793160e-02 
   95367271   2.856571e+00   2.070727e-01   2.856571e+00   2.070727e-01 224200701081857490      24176        788     0 2454109.287859  1.386039e+01  7.870524e-02  1.386039e+01  7.870524e-02 
   95367271   2.645395e+00   2.307052e-01   2.645395e+00   2.307052e-01 223200701081857490       6370        948     0 2454109.287859  1.394377e+01  9.468748e-02  1.394377e+01  9.468748e-02 
   95367327   3.180468e+00   1.959993e-01   3.180468e+00   1.959993e-01 224200701081858450      24176        787     0 2454109.288507  1.374377e+01  6.690973e-02  1.374377e+01  6.690973e-02 
   95367327   3.047601e+00   2.156520e-01   3.047601e+00   2.156520e-01 223200701081858450       6369        947     0 2454109.288507  1.379010e+01  7.682832e-02  1.379010e+01  7.682832e-02 
   95453545   2.903084e+00   2.345525e-01   2.903084e+00   2.345525e-01 224200701091855450      24171        809     0 2454110.286400  1.384285e+01  8.772153e-02  1.384285e+01  8.772153e-02 
   95453545   2.709992e+00   2.575402e-01   2.709992e+00   2.575402e-01 223200701091855450       6374        947     0 2454110.286400  1.391758e+01  1.031818e-01  1.391758e+01  1.031818e-01 
   95453601   3.063631e+00   2.217630e-01   3.063631e+00   2.217630e-01 224200701091856400      24170        808     0 2454110.287049  1.378441e+01  7.859202e-02  1.378441e+01  7.859202e-02 
   95453601   2.665942e+00   2.406087e-01   2.665942e+00   2.406087e-01 223200701091856400       6374        946     0 2454110.287049  1.393537e+01  9.799109e-02  1.393537e+01  9.799109e-02 
   95453655   3.165138e+00   2.099040e-01   3.165138e+00   2.099040e-01 224200701091857350      24170        808     0 2454110.287674  1.374902e+01  7.200353e-02  1.374902e+01  7.200353e-02 
   95453655   2.585307e+00   2.244380e-01   2.585307e+00   2.244380e-01 223200701091857350       6373        945     0 2454110.287674  1.396872e+01  9.425623e-02  1.396872e+01  9.425623e-02 
   95453711   2.675090e+00   1.990727e-01   2.675090e+00   1.990727e-01 224200701091858300      24171        807     0 2454110.288322  1.393165e+01  8.079772e-02  1.393165e+01  8.079772e-02 
   95453711   2.852203e+00   2.098235e-01   2.852203e+00   2.098235e-01 223200701091858300       6371        944     0 2454110.288322  1.386205e+01  7.987291e-02  1.386205e+01  7.987291e-02 
   95539935   2.953665e+00   2.276194e-01   2.953665e+00   2.276194e-01 224200701101855350      24176        816     0 2454111.286285  1.382410e+01  8.367079e-02  1.382410e+01  8.367079e-02 
   95539935   2.871063e+00   2.539227e-01   2.871063e+00   2.539227e-01 223200701101855350       6371        941     0 2454111.286285  1.385489e+01  9.602507e-02  1.385489e+01  9.602507e-02 
   95539989   3.290799e+00   2.156008e-01   3.290799e+00   2.156008e-01 224200701101856300      24175        815     0 2454111.286910  1.370675e+01  7.113362e-02  1.370675e+01  7.113362e-02 
   95539989   2.833434e+00   2.384160e-01   2.833434e+00   2.384160e-01 223200701101856300       6371        940     0 2454111.286910  1.386922e+01  9.135834e-02  1.386922e+01  9.135834e-02 
   95540043   2.888738e+00   2.043443e-01   2.888738e+00   2.043443e-01 224200701101857240      24175        815     0 2454111.287535  1.384823e+01  7.680336e-02  1.384823e+01  7.680336e-02 
   95540043   3.031360e+00   2.248620e-01   3.031360e+00   2.248620e-01 223200701101857240       6370        938     0 2454111.287535  1.379591e+01  8.053865e-02  1.379591e+01  8.053865e-02 
   95540099   3.115113e+00   1.943383e-01   3.115113e+00   1.943383e-01 224200701101858190      24176        814     0 2454111.288183  1.376632e+01  6.773458e-02  1.376632e+01  6.773458e-02 
   95540099   2.519058e+00   2.110104e-01   2.519058e+00   2.110104e-01 223200701101858190       6369        937     0 2454111.288183  1.399690e+01  9.094764e-02  1.399690e+01  9.094764e-02 
   95626318   3.321227e+00   2.483872e-01   3.321227e+00   2.483872e-01 224200701111855200      24197        805     0 2454112.286088  1.369675e+01  8.120011e-02  1.369675e+01  8.120011e-02 
   95626319   3.071888e+00   2.660553e-01   3.071888e+00   2.660553e-01 223200701111855210       6353        920     0 2454112.286100  1.378149e+01  9.403562e-02  1.378149e+01  9.403562e-02 
   95626375   3.506020e+00   2.349294e-01   3.506020e+00   2.349294e-01 224200701111856160      24197        805     0 2454112.286748  1.363796e+01  7.275265e-02  1.363796e+01  7.275265e-02 
   95626375   2.975623e+00   2.486115e-01   2.975623e+00   2.486115e-01 223200701111856160       6352        920     0 2454112.286748  1.381606e+01  9.071290e-02  1.381606e+01  9.071290e-02 
   95626429   3.281750e+00   2.222784e-01   3.281750e+00   2.222784e-01 224200701111857110      24197        804     0 2454112.287373  1.370974e+01  7.353898e-02  1.370974e+01  7.353898e-02 
   95626429   2.924019e+00   2.324121e-01   2.924019e+00   2.324121e-01 223200701111857110       6352        918     0 2454112.287373  1.383505e+01  8.629875e-02  1.383505e+01  8.629875e-02 
   95626485   3.254501e+00   2.108714e-01   3.254501e+00   2.108714e-01 224200701111858070      24197        804     0 2454112.288021  1.371879e+01  7.034919e-02  1.371879e+01  7.034919e-02 
   95626485   2.839849e+00   2.182315e-01   2.839849e+00   2.182315e-01 223200701111858070       6351        918     0 2454112.288021  1.386676e+01  8.343495e-02  1.386676e+01  8.343495e-02 
   95712702   2.806409e+00   2.431748e-01   2.806409e+00   2.431748e-01 223200701121855050       6382        915     0 2454113.285903  1.387962e+01  9.407916e-02  1.387962e+01  9.407916e-02 
   95712704   3.042991e+00   2.314405e-01   3.042991e+00   2.314405e-01 224200701121855060      24169        806     0 2454113.285926  1.379175e+01  8.257803e-02  1.379175e+01  8.257803e-02 
   95712758   3.664449e+00   2.199604e-01   3.664449e+00   2.199604e-01 224200701121856000      24169        805     0 2454113.286551  1.358998e+01  6.517208e-02  1.358998e+01  6.517208e-02 
   95712758   2.959265e+00   2.285941e-01   2.959265e+00   2.285941e-01 223200701121856000       6381        915     0 2454113.286551  1.382204e+01  8.387005e-02  1.382204e+01  8.387005e-02 
   95712812   3.122540e+00   2.087272e-01   3.122540e+00   2.087272e-01 224200701121856550      24169        805     0 2454113.287176  1.376373e+01  7.257666e-02  1.376373e+01  7.257666e-02 
   95712812   2.575034e+00   2.148315e-01   2.575034e+00   2.148315e-01 223200701121856550       6380        913     0 2454113.287176  1.397304e+01  9.058177e-02  1.397304e+01  9.058177e-02 
   95712866   2.808476e+00   2.030214e-01   2.808476e+00   2.030214e-01 223200701121857490       6380        912     0 2454113.287801  1.387882e+01  7.848684e-02  1.387882e+01  7.848684e-02 
   95712868   2.982208e+00   1.985690e-01   2.982208e+00   1.985690e-01 224200701121857500      24169        805     0 2454113.287824  1.381365e+01  7.229351e-02  1.381365e+01  7.229351e-02 
   95799123   3.019943e+00   2.018844e-01   3.019943e+00   2.018844e-01 224200701131855270      24169        821     0 2454114.286146  1.380000e+01  7.258217e-02  1.380000e+01  7.258217e-02 
   95799123   2.625107e+00   2.188340e-01   2.625107e+00   2.188340e-01 223200701131855270       6378        931     0 2454114.286146  1.395213e+01  9.050938e-02  1.395213e+01  9.050938e-02 
   95799177   3.126391e+00   1.922431e-01   3.126391e+00   1.922431e-01 224200701131856210      24169        821     0 2454114.286771  1.376239e+01  6.676260e-02  1.376239e+01  6.676260e-02 
   95799177   2.589465e+00   2.055628e-01   2.589465e+00   2.055628e-01 223200701131856210       6377        929     0 2454114.286771  1.396697e+01  8.619066e-02  1.396697e+01  8.619066e-02 
   95799301   3.111268e+00   1.703467e-01   3.111268e+00   1.703467e-01 224200701131858250      24160        828     0 2454114.288206  1.376766e+01  5.944592e-02  1.376766e+01  5.944592e-02 
   95799301   2.703789e+00   1.810183e-01   2.703789e+00   1.810183e-01 223200701131858250       6379        933     0 2454114.288206  1.392007e+01  7.269013e-02  1.392007e+01  7.269013e-02 
   95799355   3.111165e+00   1.634912e-01   3.111165e+00   1.634912e-01 224200701131859190      24161        828     0 2454114.288831  1.376769e+01  5.705547e-02  1.376769e+01  5.705547e-02 
   95799355   2.438151e+00   1.709308e-01   2.438151e+00   1.709308e-01 223200701131859190       6378        931     0 2454114.288831  1.403235e+01  7.611768e-02  1.403235e+01  7.611768e-02 
   95885593   2.990987e+00   1.929482e-01   2.990987e+00   1.929482e-01 224200701141856390      24172        827     0 2454115.286956  1.381046e+01  7.004097e-02  1.381046e+01  7.004097e-02 
   95885593   2.614332e+00   2.051136e-01   2.614332e+00   2.051136e-01 223200701141856390       6373        909     0 2454115.286956  1.395660e+01  8.518432e-02  1.395660e+01  8.518432e-02 
   95885648   3.025370e+00   1.846036e-01   3.025370e+00   1.846036e-01 224200701141857330      24171        826     0 2454115.287593  1.379805e+01  6.625026e-02  1.379805e+01  6.625026e-02 
   95885649   2.867319e+00   1.936305e-01   2.867319e+00   1.936305e-01 223200701141857340       6373        908     0 2454115.287604  1.385631e+01  7.332021e-02  1.385631e+01  7.332021e-02 
   95885703   3.119021e+00   1.767039e-01   3.119021e+00   1.767039e-01 224200701141858280      24171        825     0 2454115.288229  1.376495e+01  6.151115e-02  1.376495e+01  6.151115e-02 
   95885703   2.738182e+00   1.826753e-01   2.738182e+00   1.826753e-01 223200701141858290       6373        907     0 2454115.288229  1.390634e+01  7.243414e-02  1.390634e+01  7.243414e-02 
   95885834   3.097751e+00   1.591299e-01   3.097751e+00   1.591299e-01 224200701141900400      24174        822     0 2454115.289745  1.377238e+01  5.577393e-02  1.377238e+01  5.577393e-02 
   95885835   2.498067e+00   1.593886e-01   2.498067e+00   1.593886e-01 223200701141900410       6370        907     0 2454115.289757  1.400599e+01  6.927539e-02  1.400599e+01  6.927539e-02 
  105941754   2.558921e+00   2.827848e-01   2.558921e+00   2.827848e-01 223200705110414520       6343       1745     0 2454231.677708  1.397986e+01  1.199845e-01  1.397986e+01  1.199845e-01 
  105941810   3.168266e+00   2.983870e-01   3.168266e+00   2.983870e-01 223200705110415490       6346       1744     0 2454231.678356  1.374795e+01  1.022549e-01  1.374795e+01  1.022549e-01 
  105941924   2.740170e+00   3.363366e-01   2.740170e+00   3.363366e-01 223200705110417430       6351       1743     0 2454231.679676  1.390556e+01  1.332670e-01  1.390556e+01  1.332670e-01 
  106027809   2.801627e+00   1.739532e-01   2.801627e+00   1.739532e-01 223200705120409040       6368       1721     0 2454232.673715  1.388147e+01  6.741367e-02  1.388147e+01  6.741367e-02 
  106027935   3.056668e+00   1.889385e-01   3.056668e+00   1.889385e-01 223200705120411090       6355       1733     0 2454232.675174  1.378688e+01  6.711169e-02  1.378688e+01  6.711169e-02 
  106027989   3.056686e+00   1.976389e-01   3.056686e+00   1.976389e-01 223200705120412040       6357       1733     0 2454232.675799  1.378687e+01  7.020169e-02  1.378687e+01  7.020169e-02 
  106028043   3.030236e+00   2.080025e-01   3.030236e+00   2.080025e-01 223200705120412580       6360       1732     0 2454232.676424  1.379631e+01  7.452774e-02  1.379631e+01  7.452774e-02 
  106114063   2.831043e+00   1.740083e-01   2.831043e+00   1.740083e-01 223200705130406340       6344       1745     0 2454233.672025  1.387013e+01  6.673434e-02  1.387013e+01  6.673434e-02 
  106114117   2.979541e+00   1.772904e-01   2.979541e+00   1.772904e-01 223200705130407290       6347       1744     0 2454233.672650  1.381463e+01  6.460435e-02  1.381463e+01  6.460435e-02 
  106114173   2.577095e+00   1.793806e-01   2.577095e+00   1.793806e-01 223200705130408240       6350       1744     0 2454233.673299  1.397217e+01  7.557371e-02  1.397217e+01  7.557371e-02 
  106114227   2.997938e+00   1.854810e-01   2.997938e+00   1.854810e-01 223200705130409190       6352       1744     0 2454233.673924  1.380794e+01  6.717420e-02  1.380794e+01  6.717420e-02 
  124569529   3.039788e+00   2.897373e-01   3.039788e+00   2.897373e-01 221200712121841060      14031       6934     0 2454447.276956  1.379289e+01  1.034873e-01  1.379289e+01  1.034873e-01 
  124569722   3.044093e+00   2.663838e-01   3.044093e+00   2.663838e-01 223200712121844190       5843       5531     0 2454447.279190  1.379136e+01  9.501140e-02  1.379136e+01  9.501140e-02 
  124570456   3.860132e+00   1.411414e-01   3.860132e+00   1.411414e-01 222200712121856320       9302      21460     0 2454447.287685  1.353349e+01  3.969888e-02  1.353349e+01  3.969888e-02 
  124571588   3.462031e+00   1.032256e-01   3.462031e+00   1.032256e-01 222200712121915250       9322      21412     0 2454447.300787  1.365167e+01  3.237294e-02  1.365167e+01  3.237294e-02 
  124571652   3.038682e+00   9.106425e-02   3.038682e+00   9.106425e-02 221200712121916280      13981       7062     0 2454447.301528  1.379329e+01  3.253783e-02  1.379329e+01  3.253783e-02 
  124571712   2.371668e+00   8.517424e-02   2.371668e+00   8.517424e-02 223200712121917280       5858       5490     0 2454447.302222  1.406237e+01  3.899242e-02  1.406237e+01  3.899242e-02 
  124572796   3.713346e+00   1.016398e-01   3.713346e+00   1.016398e-01 222200712121935320       9299      21431     0 2454447.314769  1.357559e+01  2.971833e-02  1.357559e+01  2.971833e-02 
  124572987   3.013139e+00   8.884586e-02   3.013139e+00   8.884586e-02 221200712121938430      14019       7132     0 2454447.316979  1.380245e+01  3.201428e-02  1.380245e+01  3.201428e-02 
  124573046   2.297064e+00   8.455516e-02   2.297064e+00   8.455516e-02 223200712121939430       5843       5417     0 2454447.317662  1.409707e+01  3.996620e-02  1.409707e+01  3.996620e-02 
