\OBJNAME = '1SWASP J001207.76-720625.1'
\OBSSTART = '2006-05-11T04:14:48'
\OBSSTOP = '2007-12-12T19:39:43'
\TSTART = 74405744
\TSTOP = 124573047
\JD_REF = 2453005.5
\RA_OBJ = '3.032336'
\DEC_OBJ = '-72.106986'
\WASP_MAG = 11.29241
\HJD_START = 2453866.677593
\HJD_STOP = 2454447.317674
\fixlen = T
\NUMRECORDS = 373
\
\ This file was produced by the NASA Exoplanet Archive  http://exoplanetarchive.ipac.caltech.edu 
\ Mon Sep 16, 18:03:57 2013
\ Documentation for the SuperWASP dataset can be found at http://exoplanetarchive.ipac.caltech.edu/docs/SuperWASPMission.html
\
|TMID      |FLUX2         |FLUX2_ERR     |TAMFLUX2      |TAMFLUX2_ERR  |IMAGEID           |CCDX      |CCDY      |FLAG |           HJD|         MAG2|     MAG2_ERR|      TAMMAG2|  TAMMAG2_ERR|
|int       |float         |float         |float         |float         |char              |int       |int       |int  |        double|        float|        float|        float|        float|
|sec       |micro Vega    |micro Vega    |micro Vega    |micro Vega    |                  |1/16 pixel|1/16 pixel|     |           day|          mag|          mag|          mag|          mag|
|null      |null          |null          |null          |null          |null              |null      |null      |null |          null|         null|         null|         null|         null|
   74405744   3.171186e+01   2.543464e-01   3.171186e+01   2.543464e-01 223200605110414480      10940       3965     0 2453866.677593  1.124695e+01  8.708228e-03  1.124695e+01  8.708228e-03 
   74405797   3.186197e+01   2.718827e-01   3.186197e+01   2.718827e-01 223200605110415410      10944       3962     0 2453866.678206  1.124182e+01  9.264774e-03  1.124182e+01  9.264774e-03 
   74405881   3.194214e+01   2.982754e-01   3.194214e+01   2.982754e-01 223200605110417040      10949       3960     0 2453866.679178  1.123909e+01  1.013863e-02  1.123909e+01  1.013863e-02 
   74405946   3.234822e+01   3.228077e-01   3.234822e+01   3.228077e-01 223200605110418100      10958       3934     0 2453866.679931  1.122537e+01  1.083476e-02  1.122537e+01  1.083476e-02 
   74491857   3.348693e+01   2.812994e-01   3.348693e+01   2.812994e-01 223200605120409570      10962       3892     0 2453867.674271  1.118781e+01  9.120512e-03  1.118781e+01  9.120512e-03 
   74491995   3.347715e+01   2.910743e-01   3.347715e+01   2.910743e-01 223200605120412150      10971       3889     0 2453867.675868  1.118813e+01  9.440199e-03  1.118813e+01  9.440199e-03 
   74492048   3.375855e+01   2.972860e-01   3.375855e+01   2.972860e-01 223200605120413070      10974       3888     0 2453867.676481  1.117904e+01  9.561290e-03  1.117904e+01  9.561290e-03 
   74750379   3.223933e+01   3.577871e-01   3.223933e+01   3.577871e-01 223200605150358270      10958       3896     0 2453870.666424  1.122903e+01  1.204937e-02  1.122903e+01  1.204937e-02 
   74750439   3.285038e+01   3.549439e-01   3.285038e+01   3.549439e-01 223200605150359270      10963       3891     0 2453870.667118  1.120865e+01  1.173127e-02  1.120865e+01  1.173127e-02 
   74750493   3.227836e+01   3.573228e-01   3.227836e+01   3.573228e-01 223200605150400210      10967       3891     0 2453870.667743  1.122772e+01  1.201919e-02  1.122772e+01  1.201919e-02 
   74750552   3.221264e+01   3.563739e-01   3.221264e+01   3.563739e-01 223200605150401200      10970       3889     0 2453870.668426  1.122993e+01  1.201173e-02  1.122993e+01  1.201173e-02 
   75613641   2.985551e+01   1.892035e-01   2.985551e+01   1.892035e-01 223200605250345300      11036       3908     0 2453880.657882  1.131244e+01  6.880667e-03  1.131244e+01  6.880667e-03 
   75613704   2.918860e+01   1.880063e-01   2.918860e+01   1.880063e-01 223200605250346340      11045       3879     0 2453880.658611  1.133697e+01  6.993344e-03  1.133697e+01  6.993344e-03 
   75613762   2.942117e+01   1.880057e-01   2.942117e+01   1.880057e-01 223200605250347310      11049       3878     0 2453880.659282  1.132835e+01  6.938042e-03  1.132835e+01  6.938042e-03 
   75613830   2.951025e+01   1.881678e-01   2.951025e+01   1.881678e-01 223200605250348400      11046       3901     0 2453880.660069  1.132507e+01  6.923062e-03  1.132507e+01  6.923062e-03 
   75700095   2.939568e+01   1.864277e-01   2.939568e+01   1.864277e-01 223200605260346210      11055       3898     0 2453881.658507  1.132929e+01  6.885776e-03  1.132929e+01  6.885776e-03 
   75700158   2.950885e+01   1.868307e-01   2.950885e+01   1.868307e-01 223200605260347250      11063       3867     0 2453881.659236  1.132512e+01  6.874193e-03  1.132512e+01  6.874193e-03 
   75700225   2.954215e+01   1.863288e-01   2.954215e+01   1.863288e-01 223200605260348310      11061       3892     0 2453881.660012  1.132389e+01  6.847999e-03  1.132389e+01  6.847999e-03 
   75700294   2.952581e+01   1.857633e-01   2.952581e+01   1.857633e-01 223200605260349400      11068       3861     0 2453881.660810  1.132450e+01  6.830994e-03  1.132450e+01  6.830994e-03 
   76132315   2.879577e+01   1.681972e-01   2.879577e+01   1.681972e-01 223200605310349440      11118       3871     0 2453886.661053  1.135168e+01  6.341849e-03  1.135168e+01  6.341849e-03 
   76132382   2.897690e+01   1.696981e-01   2.897690e+01   1.696981e-01 223200605310350510      11126       3840     0 2453886.661829  1.134487e+01  6.358445e-03  1.134487e+01  6.358445e-03 
   76132431   2.950745e+01   1.712235e-01   2.950745e+01   1.712235e-01 223200605310351390      11128       3839     0 2453886.662396  1.132517e+01  6.300245e-03  1.132517e+01  6.300245e-03 
   76132493   2.923526e+01   1.703991e-01   2.923526e+01   1.703991e-01 223200605310352410      11130       3838     0 2453886.663113  1.133523e+01  6.328287e-03  1.133523e+01  6.328287e-03 
   76218786   2.947426e+01   1.724668e-01   2.947426e+01   1.724668e-01 223200606010350510      11137       3832     0 2453887.661875  1.132639e+01  6.353142e-03  1.132639e+01  6.353142e-03 
   76218854   2.938853e+01   1.701782e-01   2.938853e+01   1.701782e-01 223200606010351580      11136       3855     0 2453887.662662  1.132956e+01  6.287122e-03  1.132956e+01  6.287122e-03 
   76218924   2.984707e+01   1.722837e-01   2.984707e+01   1.722837e-01 223200606010353090      11140       3853     0 2453887.663472  1.131275e+01  6.267127e-03  1.131275e+01  6.267127e-03 
   76219010   2.923349e+01   1.709442e-01   2.923349e+01   1.709442e-01 223200606010354350      11148       3825     0 2453887.664468  1.133530e+01  6.348916e-03  1.133530e+01  6.348916e-03 
   76478192   2.889857e+01   1.785491e-01   2.889857e+01   1.785491e-01 223200606040354060      11148       3825     0 2453890.664259  1.134781e+01  6.708217e-03  1.134781e+01  6.708217e-03 
   76478265   2.887650e+01   1.807774e-01   2.887650e+01   1.807774e-01 223200606040355190      11148       3847     0 2453890.665104  1.134864e+01  6.797129e-03  1.134864e+01  6.797129e-03 
   76478341   2.963310e+01   1.826702e-01   2.963310e+01   1.826702e-01 223200606040356360      11156       3817     0 2453890.665984  1.132056e+01  6.692932e-03  1.132056e+01  6.692932e-03 
   76478394   2.916161e+01   1.810851e-01   2.916161e+01   1.810851e-01 223200606040357280      11158       3815     0 2453890.666597  1.133797e+01  6.742129e-03  1.133797e+01  6.742129e-03 
   76564535   2.855228e+01   3.444028e-01   2.855228e+01   3.444028e-01 223200606050353060      11175       3809     0 2453891.663600  1.136090e+01  1.309639e-02  1.136090e+01  1.309639e-02 
   76564594   2.931904e+01   3.359689e-01   2.931904e+01   3.359689e-01 223200606050354050      11179       3808     0 2453891.664282  1.133213e+01  1.244157e-02  1.133213e+01  1.244157e-02 
   76564654   3.061571e+01   3.396506e-01   3.061571e+01   3.396506e-01 223200606050355050      11182       3805     0 2453891.664977  1.128514e+01  1.204519e-02  1.128514e+01  1.204519e-02 
   76564712   2.961138e+01   3.157280e-01   2.961138e+01   3.157280e-01 223200606050356020      11184       3805     0 2453891.665648  1.132135e+01  1.157658e-02  1.132135e+01  1.157658e-02 
   76650906   2.887766e+01   1.760151e-01   2.887766e+01   1.760151e-01 223200606060352330      11163       3805     0 2453892.663264  1.134859e+01  6.617802e-03  1.134859e+01  6.617802e-03 
   76651040   2.862441e+01   1.782948e-01   2.862441e+01   1.782948e-01 223200606060354480      11170       3804     0 2453892.664815  1.135816e+01  6.762822e-03  1.135816e+01  6.762822e-03 
   76651096   2.923613e+01   1.793456e-01   2.923613e+01   1.793456e-01 223200606060355430      11173       3802     0 2453892.665463  1.133520e+01  6.660345e-03  1.133520e+01  6.660345e-03 
   76651172   2.839704e+01   1.757779e-01   2.839704e+01   1.757779e-01 223200606060357000      11170       3825     0 2453892.666343  1.136682e+01  6.720736e-03  1.136682e+01  6.720736e-03 
   76737400   2.918482e+01   1.795610e-01   2.918482e+01   1.795610e-01 223200606070354040      11174       3809     0 2453893.664352  1.133711e+01  6.680066e-03  1.133711e+01  6.680066e-03 
   76737453   2.892411e+01   1.773358e-01   2.892411e+01   1.773358e-01 223200606070354570      11176       3806     0 2453893.664965  1.134685e+01  6.656749e-03  1.134685e+01  6.656749e-03 
   76737508   2.869695e+01   1.767590e-01   2.869695e+01   1.767590e-01 223200606070355530      11178       3804     0 2453893.665602  1.135541e+01  6.687623e-03  1.135541e+01  6.687623e-03 
   76737564   2.890564e+01   1.777235e-01   2.890564e+01   1.777235e-01 223200606070356480      11180       3803     0 2453893.666250  1.134754e+01  6.675564e-03  1.134754e+01  6.675564e-03 
   76823790   2.916709e+01   1.733383e-01   2.916709e+01   1.733383e-01 223200606080353510      11200       3808     0 2453894.664236  1.133777e+01  6.452488e-03  1.133777e+01  6.452488e-03 
   76823849   2.907774e+01   1.743265e-01   2.907774e+01   1.743265e-01 223200606080354510      11203       3805     0 2453894.664919  1.134110e+01  6.509216e-03  1.134110e+01  6.509216e-03 
   76823909   2.924269e+01   1.756534e-01   2.924269e+01   1.756534e-01 223200606080355500      11206       3803     0 2453894.665613  1.133496e+01  6.521762e-03  1.133496e+01  6.521762e-03 
   76823995   2.932747e+01   1.748001e-01   2.932747e+01   1.748001e-01 223200606080357160      11204       3826     0 2453894.666609  1.133181e+01  6.471321e-03  1.133181e+01  6.471321e-03 
   76910217   2.853635e+01   1.742851e-01   2.853635e+01   1.742851e-01 223200606090354140      11196       3795     0 2453895.664549  1.136150e+01  6.631133e-03  1.136150e+01  6.631133e-03 
   76910271   2.896505e+01   1.750719e-01   2.896505e+01   1.750719e-01 223200606090355080      11199       3793     0 2453895.665174  1.134531e+01  6.562480e-03  1.134531e+01  6.562480e-03 
   76910355   2.868998e+01   1.768571e-01   2.868998e+01   1.768571e-01 223200606090356320      11197       3815     0 2453895.666146  1.135567e+01  6.692959e-03  1.135567e+01  6.692959e-03 
   76910427   2.894957e+01   1.751532e-01   2.894957e+01   1.751532e-01 223200606090357440      11203       3788     0 2453895.666979  1.134589e+01  6.569039e-03  1.134589e+01  6.569039e-03 
   76996572   3.035715e+01   2.487641e-01   3.035715e+01   2.487641e-01 223200606100353270      11201       3796     0 2453896.664028  1.129435e+01  8.897186e-03  1.129435e+01  8.897186e-03 
   76996637   3.086118e+01   2.473354e-01   3.086118e+01   2.473354e-01 223200606100354320      11205       3792     0 2453896.664780  1.127647e+01  8.701610e-03  1.127647e+01  8.701610e-03 
   76996698   3.094031e+01   2.460261e-01   3.094031e+01   2.460261e-01 223200606100355320      11207       3790     0 2453896.665486  1.127369e+01  8.633411e-03  1.127369e+01  8.633411e-03 
   76996753   3.029267e+01   2.435942e-01   3.029267e+01   2.435942e-01 223200606100356270      11209       3789     0 2453896.666123  1.129666e+01  8.730826e-03  1.129666e+01  8.730826e-03 
   77082992   3.194520e+01   3.819277e-01   3.194520e+01   3.819277e-01 223200606110353440      11214       3784     0 2453897.664259  1.123899e+01  1.298080e-02  1.123899e+01  1.298080e-02 
   77083069   3.236974e+01   3.756063e-01   3.236974e+01   3.756063e-01 223200606110355000      11213       3807     0 2453897.665150  1.122465e+01  1.259852e-02  1.122465e+01  1.259852e-02 
   77083150   3.246520e+01   3.788472e-01   3.246520e+01   3.788472e-01 223200606110356210      11220       3779     0 2453897.666088  1.122145e+01  1.266986e-02  1.122145e+01  1.266986e-02 
   77083204   3.217056e+01   3.796694e-01   3.217056e+01   3.796694e-01 223200606110357160      11222       3777     0 2453897.666713  1.123135e+01  1.281365e-02  1.123135e+01  1.281365e-02 
   77169258   3.205579e+01   4.596557e-01   3.205579e+01   4.596557e-01 223200606120351270      11213       3804     0 2453898.662708  1.123523e+01  1.556869e-02  1.123523e+01  1.556869e-02 
   77169320   3.272086e+01   4.606761e-01   3.272086e+01   4.606761e-01 223200606120352290      11221       3776     0 2453898.663426  1.121294e+01  1.528610e-02  1.121294e+01  1.528610e-02 
   77169378   3.212080e+01   4.612216e-01   3.212080e+01   4.612216e-01 223200606120353260      11222       3774     0 2453898.664097  1.123303e+01  1.559011e-02  1.123303e+01  1.559011e-02 
   77169438   3.269837e+01   4.626546e-01   3.269837e+01   4.626546e-01 223200606120354260      11224       3771     0 2453898.664792  1.121369e+01  1.536231e-02  1.121369e+01  1.536231e-02 
   77514684   3.404470e+01   2.096078e+00   3.404470e+01   2.096078e+00 223200606160348210      11223       3744     0 2453902.660694  1.116988e+01  6.684730e-02  1.116988e+01  6.684730e-02 
   77514749   2.756735e+01   2.666823e+00   2.756735e+01   2.666823e+00 223200606160349260      11225       3741     0 2453902.661447  1.139901e+01  1.050328e-01  1.139901e+01  1.050328e-01 
   77601369   3.050395e+01   2.266392e-01   3.050395e+01   2.266392e-01 223200606170353030      11237       3727     0 2453903.663993  1.128911e+01  8.066866e-03  1.128911e+01  8.066866e-03 
   77601439   2.995841e+01   2.264986e-01   2.995841e+01   2.264986e-01 223200606170354120      11235       3751     0 2453903.664803  1.130870e+01  8.208665e-03  1.130870e+01  8.208665e-03 
   77601509   3.054925e+01   2.267238e-01   3.054925e+01   2.267238e-01 223200606170355220      11236       3749     0 2453903.665613  1.128750e+01  8.057910e-03  1.128750e+01  8.057910e-03 
   77601566   3.025838e+01   2.266313e-01   3.025838e+01   2.266313e-01 223200606170356190      11242       3721     0 2453903.666273  1.129789e+01  8.132050e-03  1.129789e+01  8.132050e-03 
   77687713   3.000783e+01   2.059331e-01   3.000783e+01   2.059331e-01 223200606180352030      11257       3722     0 2453904.663345  1.130691e+01  7.451049e-03  1.130691e+01  7.451049e-03 
   77687756   3.032410e+01   2.063226e-01   3.032410e+01   2.063226e-01 223200606180352470      11259       3720     0 2453904.663843  1.129553e+01  7.387284e-03  1.129553e+01  7.387284e-03 
   77687824   3.037034e+01   2.064919e-01   3.037034e+01   2.064919e-01 223200606180353550      11260       3719     0 2453904.664630  1.129388e+01  7.382089e-03  1.129388e+01  7.382089e-03 
   77687875   2.990654e+01   2.048190e-01   2.990654e+01   2.048190e-01 223200606180354460      11261       3717     0 2453904.665220  1.131058e+01  7.435837e-03  1.131058e+01  7.435837e-03 
   77774349   3.010466e+01   1.893789e-01   3.010466e+01   1.893789e-01 223200606190355570      11303       3702     0 2453905.666076  1.130342e+01  6.830050e-03  1.130342e+01  6.830050e-03 
   77774405   2.979247e+01   1.886840e-01   2.979247e+01   1.886840e-01 223200606190356530      11303       3702     0 2453905.666725  1.131473e+01  6.876294e-03  1.131473e+01  6.876294e-03 
   77774467   2.990542e+01   1.889333e-01   2.990542e+01   1.889333e-01 223200606190357560      11302       3701     0 2453905.667442  1.131063e+01  6.859374e-03  1.131063e+01  6.859374e-03 
   77774532   2.991457e+01   1.865081e-01   2.991457e+01   1.865081e-01 223200606190359000      11297       3727     0 2453905.668194  1.131029e+01  6.769253e-03  1.131029e+01  6.769253e-03 
   77860763   2.931623e+01   1.769778e-01   2.931623e+01   1.769778e-01 223200606200356080      11286       3697     0 2453906.666238  1.133223e+01  6.554454e-03  1.133223e+01  6.554454e-03 
   77860822   2.949337e+01   1.771154e-01   2.949337e+01   1.771154e-01 223200606200357080      11287       3696     0 2453906.666921  1.132569e+01  6.520155e-03  1.132569e+01  6.520155e-03 
   77860886   2.925219e+01   1.766960e-01   2.925219e+01   1.766960e-01 223200606200358110      11287       3697     0 2453906.667662  1.133460e+01  6.558345e-03  1.133460e+01  6.558345e-03 
   77860951   2.934555e+01   1.764182e-01   2.934555e+01   1.764182e-01 223200606200359170      11281       3723     0 2453906.668414  1.133114e+01  6.527202e-03  1.133114e+01  6.527202e-03 
   77947074   2.896135e+01   1.819824e-01   2.896135e+01   1.819824e-01 223200606210354360      11281       3696     0 2453907.665208  1.134545e+01  6.822387e-03  1.134545e+01  6.822387e-03 
   77947128   2.964159e+01   1.834158e-01   2.964159e+01   1.834158e-01 223200606210355300      11281       3697     0 2453907.665833  1.132025e+01  6.718327e-03  1.132025e+01  6.718327e-03 
   77947206   2.931834e+01   1.843205e-01   2.931834e+01   1.843205e-01 223200606210356480      11278       3722     0 2453907.666736  1.133215e+01  6.825903e-03  1.133215e+01  6.825903e-03 
   77947273   2.963942e+01   1.837421e-01   2.963942e+01   1.837421e-01 223200606210357550      11282       3697     0 2453907.667512  1.132033e+01  6.730769e-03  1.132033e+01  6.730769e-03 
   78119984   2.906077e+01   1.817441e-01   2.906077e+01   1.817441e-01 223200606230356210      11273       3676     0 2453909.666481  1.134173e+01  6.790144e-03  1.134173e+01  6.790144e-03 
   78120038   2.914412e+01   1.816096e-01   2.914412e+01   1.816096e-01 223200606230357150      11272       3678     0 2453909.667106  1.133862e+01  6.765714e-03  1.133862e+01  6.765714e-03 
   78120186   2.917625e+01   1.818392e-01   2.917625e+01   1.818392e-01 223200606230359440      11270       3687     0 2453909.668819  1.133743e+01  6.766807e-03  1.133743e+01  6.766807e-03 
   78120248   2.922076e+01   1.819521e-01   2.922076e+01   1.819521e-01 223200606230400460      11272       3664     0 2453909.669537  1.133577e+01  6.760695e-03  1.133577e+01  6.760695e-03 
   78206443   2.880720e+01   1.752153e-01   2.880720e+01   1.752153e-01 223200606240357190      11291       3663     0 2453910.667164  1.135125e+01  6.603844e-03  1.135125e+01  6.603844e-03 
   78206502   2.921351e+01   1.761125e-01   2.921351e+01   1.761125e-01 223200606240358180      11289       3666     0 2453910.667847  1.133604e+01  6.545340e-03  1.133604e+01  6.545340e-03 
   78206577   2.872785e+01   1.730589e-01   2.872785e+01   1.730589e-01 223200606240359320      11279       3697     0 2453910.668715  1.135424e+01  6.540584e-03  1.135424e+01  6.540584e-03 
   78206636   2.900589e+01   1.755378e-01   2.900589e+01   1.755378e-01 223200606240400310      11276       3680     0 2453910.669398  1.134378e+01  6.570680e-03  1.134378e+01  6.570680e-03 
   78292883   2.829295e+01   1.689070e-01   2.829295e+01   1.689070e-01 223200606250357560      11293       3646     0 2453911.667627  1.137080e+01  6.481794e-03  1.137080e+01  6.481794e-03 
   78292937   2.830682e+01   1.690401e-01   2.830682e+01   1.690401e-01 223200606250358490      11287       3653     0 2453911.668252  1.137027e+01  6.483723e-03  1.137027e+01  6.483723e-03 
   78292988   2.860543e+01   1.692643e-01   2.860543e+01   1.692643e-01 223200606250359400      11277       3666     0 2453911.668843  1.135888e+01  6.424548e-03  1.135888e+01  6.424548e-03 
   78293050   2.808963e+01   1.684135e-01   2.808963e+01   1.684135e-01 223200606250400430      11277       3665     0 2453911.669560  1.137864e+01  6.509637e-03  1.137864e+01  6.509637e-03 
   78724951   2.885209e+01   1.762016e-01   2.885209e+01   1.762016e-01 223200606300358520      11300       3650     0 2453916.668414  1.134956e+01  6.630684e-03  1.134956e+01  6.630684e-03 
   78725028   2.861252e+01   1.759440e-01   2.861252e+01   1.759440e-01 223200606300400090      11307       3622     0 2453916.669306  1.135861e+01  6.676428e-03  1.135861e+01  6.676428e-03 
   78725075   2.845004e+01   1.753271e-01   2.845004e+01   1.753271e-01 223200606300400570      11308       3620     0 2453916.669850  1.136479e+01  6.691013e-03  1.136479e+01  6.691013e-03 
   78725139   2.841358e+01   1.746305e-01   2.841358e+01   1.746305e-01 223200606300402000      11308       3618     0 2453916.670590  1.136619e+01  6.672982e-03  1.136619e+01  6.672982e-03 
   78811387   2.879091e+01   1.813994e-01   2.879091e+01   1.813994e-01 223200607010359260      11300       3615     0 2453917.668831  1.135186e+01  6.840792e-03  1.135186e+01  6.840792e-03 
   78811466   2.869177e+01   1.820455e-01   2.869177e+01   1.820455e-01 223200607010400450      11297       3637     0 2453917.669745  1.135561e+01  6.888878e-03  1.135561e+01  6.888878e-03 
   78811531   2.876839e+01   1.816148e-01   2.876839e+01   1.816148e-01 223200607010401510      11302       3609     0 2453917.670498  1.135271e+01  6.854275e-03  1.135271e+01  6.854275e-03 
   78811582   2.863246e+01   1.811513e-01   2.863246e+01   1.811513e-01 223200607010402420      11303       3607     0 2453917.671088  1.135785e+01  6.869239e-03  1.135785e+01  6.869239e-03 
   78897798   3.639447e+01   3.605161e-01   3.639447e+01   3.605161e-01 223200607020359350      11311       3605     0 2453918.668958  1.109741e+01  1.075512e-02  1.109741e+01  1.075512e-02 
   78897857   3.925024e+01   6.345503e-01   3.925024e+01   6.345503e-01 223200607020400340      11313       3603     0 2453918.669641  1.101539e+01  1.755293e-02  1.101539e+01  1.755293e-02 
   78897911   2.239704e+01   3.554401e-01   2.239704e+01   3.554401e-01 223200607020401280      11312       3601     0 2453918.670266  1.162452e+01  1.723065e-02  1.162452e+01  1.723065e-02 
   78897984   2.723692e+01   2.493600e-01   2.723692e+01   2.493600e-01 223200607020402420      11308       3623     0 2453918.671111  1.141210e+01  9.940187e-03  1.141210e+01  9.940187e-03 
   78984200   2.873500e+01   1.763762e-01   2.873500e+01   1.763762e-01 223200607030359350      11319       3590     0 2453919.668981  1.135397e+01  6.664302e-03  1.135397e+01  6.664302e-03 
   78984254   2.826092e+01   1.746348e-01   2.826092e+01   1.746348e-01 223200607030400290      11321       3588     0 2453919.669606  1.137203e+01  6.709193e-03  1.137203e+01  6.709193e-03 
   78984312   2.841546e+01   1.744581e-01   2.841546e+01   1.744581e-01 223200607030401270      11321       3586     0 2453919.670278  1.136611e+01  6.665953e-03  1.136611e+01  6.665953e-03 
   78984367   2.853632e+01   1.753076e-01   2.853632e+01   1.753076e-01 223200607030402220      11322       3584     0 2453919.670914  1.136150e+01  6.670044e-03  1.136150e+01  6.670044e-03 
   79070524   2.899881e+01   1.731693e-01   2.899881e+01   1.731693e-01 223200607040358180      11315       3569     0 2453920.668102  1.134405e+01  6.483607e-03  1.134405e+01  6.483607e-03 
   79070570   2.882782e+01   1.727399e-01   2.882782e+01   1.727399e-01 223200607040359040      11317       3568     0 2453920.668634  1.135047e+01  6.505889e-03  1.135047e+01  6.505889e-03 
   79070636   2.877955e+01   1.736510e-01   2.877955e+01   1.736510e-01 223200607040400090      11318       3566     0 2453920.669398  1.135229e+01  6.551174e-03  1.135229e+01  6.551174e-03 
   79070688   2.887964e+01   1.741559e-01   2.887964e+01   1.741559e-01 223200607040401020      11318       3564     0 2453920.670000  1.134852e+01  6.547451e-03  1.134852e+01  6.547451e-03 
   79415953   2.852895e+01   1.743885e-01   2.852895e+01   1.743885e-01 223200607080355190      11313       3555     0 2453924.666123  1.136179e+01  6.636788e-03  1.136179e+01  6.636788e-03 
   79416110   2.859630e+01   1.748872e-01   2.859630e+01   1.748872e-01 223200607080357570      11315       3578     0 2453924.667940  1.135923e+01  6.640091e-03  1.135923e+01  6.640091e-03 
   79416177   2.880518e+01   1.755293e-01   2.880518e+01   1.755293e-01 223200607080359030      11320       3549     0 2453924.668715  1.135132e+01  6.616144e-03  1.135132e+01  6.616144e-03 
   79416235   2.848322e+01   1.749946e-01   2.848322e+01   1.749946e-01 223200607080400010      11321       3546     0 2453924.669387  1.136353e+01  6.670544e-03  1.136353e+01  6.670544e-03 
   79502441   3.029698e+01   2.077258e-01   3.029698e+01   2.077258e-01 223200607090356460      11325       3548     0 2453925.667141  1.129650e+01  7.444181e-03  1.129650e+01  7.444181e-03 
   79502493   2.971135e+01   2.064193e-01   2.971135e+01   2.064193e-01 223200607090357380      11326       3546     0 2453925.667743  1.131769e+01  7.543167e-03  1.131769e+01  7.543167e-03 
   79502562   2.978481e+01   2.042409e-01   2.978481e+01   2.042409e-01 223200607090358470      11326       3543     0 2453925.668542  1.131501e+01  7.445153e-03  1.131501e+01  7.445153e-03 
   79502716   2.939035e+01   2.019389e-01   2.939035e+01   2.019389e-01 223200607090401200      11324       3526     0 2453925.670324  1.132949e+01  7.460038e-03  1.132949e+01  7.460038e-03 
   80278195   3.077955e+01   2.220512e-01   3.077955e+01   2.220512e-01 223200607180325470      11356       3505     0 2453934.645775  1.127934e+01  7.832794e-03  1.127934e+01  7.832794e-03 
   80278257   2.887667e+01   2.220239e-01   2.887667e+01   2.220239e-01 223200607180326500      11360       3477     0 2453934.646493  1.134863e+01  8.347923e-03  1.134863e+01  8.347923e-03 
   80278332   3.304626e+01   2.540908e-01   3.304626e+01   2.540908e-01 223200607180328050      11355       3501     0 2453934.647361  1.120219e+01  8.348195e-03  1.120219e+01  8.348195e-03 
   80278410   2.655850e+01   2.881321e-01   2.655850e+01   2.881321e-01 223200607180329220      11360       3472     0 2453934.648264  1.143949e+01  1.177915e-02  1.143949e+01  1.177915e-02 
   80364287   2.938008e+01   1.886249e-01   2.938008e+01   1.886249e-01 223200607190320380      11353       3487     0 2453935.642211  1.132987e+01  6.970626e-03  1.132987e+01  6.970626e-03 
   80364343   2.955560e+01   1.890916e-01   2.955560e+01   1.890916e-01 223200607190321350      11352       3486     0 2453935.642859  1.132340e+01  6.946376e-03  1.132340e+01  6.946376e-03 
   80364403   2.945805e+01   1.890164e-01   2.945805e+01   1.890164e-01 223200607190322340      11353       3485     0 2453935.643553  1.132699e+01  6.966606e-03  1.132699e+01  6.966606e-03 
   80364464   2.876107e+01   1.872614e-01   2.876107e+01   1.872614e-01 223200607190323360      11353       3483     0 2453935.644259  1.135299e+01  7.069179e-03  1.135299e+01  7.069179e-03 
   80450503   2.885846e+01   1.784582e-01   2.885846e+01   1.784582e-01 223200607200317340      11357       3479     0 2453936.640081  1.134932e+01  6.714120e-03  1.134932e+01  6.714120e-03 
   80450564   2.914259e+01   1.789161e-01   2.914259e+01   1.789161e-01 223200607200318350      11357       3478     0 2453936.640787  1.133868e+01  6.665721e-03  1.133868e+01  6.665721e-03 
   80450628   2.895399e+01   1.778724e-01   2.895399e+01   1.778724e-01 223200607200319380      11357       3476     0 2453936.641528  1.134573e+01  6.670002e-03  1.134573e+01  6.670002e-03 
   80450685   2.850875e+01   1.767368e-01   2.850875e+01   1.767368e-01 223200607200320360      11357       3474     0 2453936.642187  1.136255e+01  6.730921e-03  1.136255e+01  6.730921e-03 
   80967435   2.851904e+01   1.738809e-01   2.851904e+01   1.738809e-01 223200607260253020      11315       3515     0 2453942.623090  1.136216e+01  6.619769e-03  1.136216e+01  6.619769e-03 
   80967494   2.854489e+01   1.731263e-01   2.854489e+01   1.731263e-01 223200607260254000      11316       3513     0 2453942.623773  1.136118e+01  6.585070e-03  1.136118e+01  6.585070e-03 
   80967554   2.849716e+01   1.727069e-01   2.849716e+01   1.727069e-01 223200607260255010      11318       3511     0 2453942.624468  1.136300e+01  6.580121e-03  1.136300e+01  6.580121e-03 
   80967610   2.830827e+01   1.723262e-01   2.830827e+01   1.723262e-01 223200607260255560      11318       3508     0 2453942.625116  1.137022e+01  6.609429e-03  1.137022e+01  6.609429e-03 
   81053655   2.876774e+01   1.811497e-01   2.876774e+01   1.811497e-01 223200607270250020      11312       3511     0 2453943.621007  1.135274e+01  6.836876e-03  1.135274e+01  6.836876e-03 
   81053717   2.876133e+01   1.849540e-01   2.876133e+01   1.849540e-01 223200607270251040      11313       3508     0 2453943.621725  1.135298e+01  6.982014e-03  1.135298e+01  6.982014e-03 
   81053773   2.832590e+01   1.804164e-01   2.832590e+01   1.804164e-01 223200607270251590      11313       3506     0 2453943.622373  1.136954e+01  6.915415e-03  1.136954e+01  6.915415e-03 
   81053835   2.881075e+01   1.790340e-01   2.881075e+01   1.790340e-01 223200607270253010      11314       3504     0 2453943.623090  1.135111e+01  6.746938e-03  1.135111e+01  6.746938e-03 
   81139833   3.825530e+01   1.056469e+00   3.825530e+01   1.056469e+00 223200607280246190      11329       3503     0 2453944.618438  1.104327e+01  2.998410e-02  1.104327e+01  2.998410e-02 
   81139892   3.627921e+01   1.759866e+00   3.627921e+01   1.759866e+00 223200607280247170      11330       3500     0 2453944.619120  1.110086e+01  5.266811e-02  1.110086e+01  5.266811e-02 
   81139946   3.815396e+01   1.135298e+00   3.815396e+01   1.135298e+00 223200607280248110      11331       3499     0 2453944.619745  1.104615e+01  3.230697e-02  1.104615e+01  3.230697e-02 
   81140000   3.419887e+01   7.700602e-01   3.419887e+01   7.700602e-01 223200607280249060      11331       3496     0 2453944.620370  1.116497e+01  2.444774e-02  1.116497e+01  2.444774e-02 
   82346069   3.249378e+01   3.953903e-01   3.249378e+01   3.953903e-01 223200608110150170      11325       3545     0 2453958.579502  1.122050e+01  1.321148e-02  1.122050e+01  1.321148e-02 
   82346125   3.207539e+01   3.938025e-01   3.207539e+01   3.938025e-01 223200608110151120      11328       3543     0 2453958.580150  1.123457e+01  1.333007e-02  1.123457e+01  1.333007e-02 
   82346180   3.216029e+01   3.923307e-01   3.216029e+01   3.923307e-01 223200608110152070      11329       3540     0 2453958.580787  1.123170e+01  1.324519e-02  1.123170e+01  1.324519e-02 
   82346239   3.173536e+01   3.887157e-01   3.173536e+01   3.887157e-01 223200608110153070      11329       3538     0 2453958.581470  1.124614e+01  1.329886e-02  1.124614e+01  1.329886e-02 
   82518424   3.114816e+01   2.772333e-01   3.114816e+01   2.772333e-01 223200608130142530      11329       3513     0 2453960.574352  1.126642e+01  9.663597e-03  1.126642e+01  9.663597e-03 
   82518483   3.075546e+01   2.770772e-01   3.075546e+01   2.770772e-01 223200608130143520      11331       3511     0 2453960.575035  1.128019e+01  9.781476e-03  1.128019e+01  9.781476e-03 
   82518545   3.124943e+01   2.743217e-01   3.124943e+01   2.743217e-01 223200608130144550      11329       3506     0 2453960.575752  1.126289e+01  9.531120e-03  1.126289e+01  9.531120e-03 
   82518623   3.082436e+01   2.775172e-01   3.082436e+01   2.775172e-01 223200608130146120      11325       3528     0 2453960.576655  1.127776e+01  9.775109e-03  1.127776e+01  9.775109e-03 
   82604606   3.067976e+01   2.340787e-01   3.067976e+01   2.340787e-01 223200608140139160      11328       3534     0 2453961.571829  1.128287e+01  8.283919e-03  1.128287e+01  8.283919e-03 
   82604662   3.035710e+01   2.392583e-01   3.035710e+01   2.392583e-01 223200608140140120      11335       3531     0 2453961.572477  1.129435e+01  8.557217e-03  1.129435e+01  8.557217e-03 
   82604719   3.043971e+01   2.418834e-01   3.043971e+01   2.418834e-01 223200608140141080      11348       3528     0 2453961.573137  1.129140e+01  8.627626e-03  1.129140e+01  8.627626e-03 
   82604773   3.032240e+01   2.451126e-01   3.032240e+01   2.451126e-01 223200608140142030      11348       3526     0 2453961.573762  1.129559e+01  8.776632e-03  1.129559e+01  8.776632e-03 
   82863079   2.946515e+01   1.930138e-01   2.946515e+01   1.930138e-01 223200608170127120      11319       3543     0 2453964.563414  1.132673e+01  7.112228e-03  1.132673e+01  7.112228e-03 
   82863147   2.918921e+01   1.928198e-01   2.918921e+01   1.928198e-01 223200608170128190      11327       3510     0 2453964.564201  1.133694e+01  7.172247e-03  1.133694e+01  7.172247e-03 
   82863203   2.917747e+01   1.922034e-01   2.917747e+01   1.922034e-01 223200608170129150      11328       3508     0 2453964.564850  1.133738e+01  7.152191e-03  1.133738e+01  7.152191e-03 
   82863263   2.946053e+01   1.920087e-01   2.946053e+01   1.920087e-01 223200608170130160      11328       3506     0 2453964.565544  1.132690e+01  7.076301e-03  1.132690e+01  7.076301e-03 
   82949252   2.856303e+01   1.746323e-01   2.856303e+01   1.746323e-01 223200608180123250      11323       3489     0 2453965.560787  1.136049e+01  6.638133e-03  1.136049e+01  6.638133e-03 
   82949314   2.830948e+01   1.738285e-01   2.830948e+01   1.738285e-01 223200608180124270      11326       3488     0 2453965.561505  1.137017e+01  6.666763e-03  1.137017e+01  6.666763e-03 
   82949377   2.883630e+01   1.749634e-01   2.883630e+01   1.749634e-01 223200608180125310      11325       3484     0 2453965.562234  1.135015e+01  6.587697e-03  1.135015e+01  6.587697e-03 
   82949468   2.870531e+01   1.759747e-01   2.870531e+01   1.759747e-01 223200608180127020      11321       3505     0 2453965.563287  1.135509e+01  6.656007e-03  1.135509e+01  6.656007e-03 
   83724679   2.869934e+01   1.733894e-01   2.869934e+01   1.733894e-01 223200608270047250      11303       3541     0 2453974.535637  1.135532e+01  6.559588e-03  1.135532e+01  6.559588e-03 
   83724743   2.880348e+01   1.736359e-01   2.880348e+01   1.736359e-01 223200608270048280      11306       3506     0 2453974.536377  1.135139e+01  6.545160e-03  1.135139e+01  6.545160e-03 
   83724818   2.852447e+01   1.730503e-01   2.852447e+01   1.730503e-01 223200608270049440      11302       3529     0 2453974.537245  1.136196e+01  6.586895e-03  1.136196e+01  6.586895e-03 
   83724880   2.890112e+01   1.737726e-01   2.890112e+01   1.737726e-01 223200608270050460      11307       3499     0 2453974.537963  1.134771e+01  6.528186e-03  1.134771e+01  6.528186e-03 
   83810845   2.828595e+01   1.710012e-01   2.828595e+01   1.710012e-01 223200608280043330      11308       3530     0 2453975.532928  1.137107e+01  6.563785e-03  1.137107e+01  6.563785e-03 
   83810897   2.828888e+01   1.712240e-01   2.828888e+01   1.712240e-01 223200608280044250      11309       3527     0 2453975.533530  1.137096e+01  6.571655e-03  1.137096e+01  6.571655e-03 
   83810968   2.839355e+01   1.702377e-01   2.839355e+01   1.702377e-01 223200608280045350      11308       3523     0 2453975.534352  1.136695e+01  6.509714e-03  1.136695e+01  6.509714e-03 
   83811025   2.815941e+01   1.699546e-01   2.815941e+01   1.699546e-01 223200608280046320      11308       3521     0 2453975.535012  1.137594e+01  6.552928e-03  1.137594e+01  6.552928e-03 
   84328678   3.127634e+01   3.027861e-01   3.127634e+01   3.027861e-01 223200609030034170      11298       3459     0 2453981.526366  1.126196e+01  1.051104e-02  1.126196e+01  1.051104e-02 
   84328750   3.117116e+01   3.088675e-01   3.117116e+01   3.088675e-01 223200609030035280      11294       3480     0 2453981.527199  1.126562e+01  1.075833e-02  1.126562e+01  1.075833e-02 
   84328817   3.035339e+01   3.229962e-01   3.035339e+01   3.229962e-01 223200609030036350      11295       3445     0 2453981.527975  1.129448e+01  1.155357e-02  1.129448e+01  1.155357e-02 
   84328874   3.029002e+01   3.116463e-01   3.029002e+01   3.116463e-01 223200609030037320      11296       3444     0 2453981.528634  1.129675e+01  1.117090e-02  1.129675e+01  1.117090e-02 
   84500184   3.286710e+01   4.439237e-01   3.286710e+01   4.439237e-01 223200609050012480      11305       3525     0 2453983.511389  1.120810e+01  1.466469e-02  1.120810e+01  1.466469e-02 
   84500244   3.241732e+01   4.405568e-01   3.241732e+01   4.405568e-01 223200609050013480      11307       3521     0 2453983.512083  1.122306e+01  1.475539e-02  1.122306e+01  1.475539e-02 
   84500306   3.300339e+01   4.402527e-01   3.300339e+01   4.402527e-01 223200609050014500      11307       3518     0 2453983.512801  1.120360e+01  1.448336e-02  1.120360e+01  1.448336e-02 
   84500384   3.245893e+01   4.423358e-01   3.245893e+01   4.423358e-01 223200609050016080      11302       3541     0 2453983.513704  1.122166e+01  1.479598e-02  1.122166e+01  1.479598e-02 
   84844858   3.239719e+01   5.941308e-01   3.239719e+01   5.941308e-01 223200609082357310      11315       3534     0 2453987.500671  1.122373e+01  1.991134e-02  1.122373e+01  1.991134e-02 
   84844914   3.249868e+01   6.006154e-01   3.249868e+01   6.006154e-01 223200609082358260      11316       3529     0 2453987.501319  1.122034e+01  2.006580e-02  1.122034e+01  2.006580e-02 
   84844971   3.274227e+01   5.980755e-01   3.274227e+01   5.980755e-01 223200609082359230      11315       3526     0 2453987.501979  1.121223e+01  1.983230e-02  1.121223e+01  1.983230e-02 
   84845033   3.322965e+01   5.959092e-01   3.322965e+01   5.959092e-01 223200609090000260      11315       3524     0 2453987.502697  1.119619e+01  1.947064e-02  1.119619e+01  1.947064e-02 
   85017158   3.182777e+01   3.393972e-01   3.182777e+01   3.393972e-01 223200609102349160      11292       3485     0 2453989.494884  1.124298e+01  1.157785e-02  1.124298e+01  1.157785e-02 
   85017225   2.994390e+01   4.332369e-01   2.994390e+01   4.332369e-01 223200609102350220      11294       3482     0 2453989.495660  1.130923e+01  1.570879e-02  1.130923e+01  1.570879e-02 
   85017284   3.186631e+01   3.853457e-01   3.186631e+01   3.853457e-01 223200609102351210      11294       3480     0 2453989.496343  1.124167e+01  1.312939e-02  1.124167e+01  1.312939e-02 
   85017342   3.223732e+01   3.908156e-01   3.223732e+01   3.908156e-01 223200609102352200      11292       3473     0 2453989.497014  1.122910e+01  1.316251e-02  1.122910e+01  1.316251e-02 
   85361751   2.849563e+01   1.699522e-01   2.849563e+01   1.699522e-01 223200609142332380      11294       3439     0 2453993.483229  1.136305e+01  6.475514e-03  1.136305e+01  6.475514e-03 
   85361808   2.831517e+01   1.694434e-01   2.831517e+01   1.694434e-01 223200609142333360      11295       3436     0 2453993.483889  1.136995e+01  6.497276e-03  1.136995e+01  6.497276e-03 
   85361869   2.829140e+01   1.702760e-01   2.829140e+01   1.702760e-01 223200609142334370      11296       3433     0 2453993.484595  1.137086e+01  6.534687e-03  1.137086e+01  6.534687e-03 
   85361944   2.878277e+01   1.708495e-01   2.878277e+01   1.708495e-01 223200609142335520      11291       3455     0 2453993.485463  1.135217e+01  6.444762e-03  1.135217e+01  6.444762e-03 
   85620648   2.871487e+01   1.847465e-01   2.871487e+01   1.847465e-01 223200609172327440      11264       3446     0 2453996.479722  1.135473e+01  6.985462e-03  1.135473e+01  6.985462e-03 
   85620707   2.849539e+01   1.834308e-01   2.849539e+01   1.834308e-01 223200609172328430      11265       3443     0 2453996.480405  1.136306e+01  6.989136e-03  1.136306e+01  6.989136e-03 
   85620770   2.890439e+01   1.841278e-01   2.890439e+01   1.841278e-01 223200609172329460      11265       3440     0 2453996.481134  1.134759e+01  6.916421e-03  1.134759e+01  6.916421e-03 
   85620824   2.896009e+01   1.847005e-01   2.896009e+01   1.847005e-01 223200609172330410      11264       3437     0 2453996.481759  1.134550e+01  6.924591e-03  1.134550e+01  6.924591e-03 
   85706444   2.851632e+01   1.834741e-01   2.851632e+01   1.834741e-01 223200609182317440      11267       3421     0 2453997.472731  1.136227e+01  6.985654e-03  1.136227e+01  6.985654e-03 
   85706507   2.858801e+01   1.854286e-01   2.858801e+01   1.854286e-01 223200609182318460      11272       3396     0 2453997.473461  1.135954e+01  7.042369e-03  1.135954e+01  7.042369e-03 
   85706562   2.862996e+01   1.840933e-01   2.862996e+01   1.840933e-01 223200609182319410      11273       3394     0 2453997.474097  1.135795e+01  6.981409e-03  1.135795e+01  6.981409e-03 
   85706639   2.865560e+01   1.841406e-01   2.865560e+01   1.841406e-01 223200609182320580      11268       3418     0 2453997.474988  1.135698e+01  6.976954e-03  1.135698e+01  6.976954e-03 
   85878758   2.905114e+01   1.810726e-01   2.905114e+01   1.810726e-01 223200609202309430      11270       3473     0 2453999.467106  1.134209e+01  6.767300e-03  1.134209e+01  6.767300e-03 
   85878815   2.908730e+01   1.815793e-01   2.908730e+01   1.815793e-01 223200609202310400      11272       3470     0 2453999.467766  1.134074e+01  6.777802e-03  1.134074e+01  6.777802e-03 
   85878876   2.914038e+01   1.822230e-01   2.914038e+01   1.822230e-01 223200609202311410      11273       3467     0 2453999.468472  1.133876e+01  6.789438e-03  1.133876e+01  6.789438e-03 
   85878936   2.891729e+01   1.815384e-01   2.891729e+01   1.815384e-01 223200609202312420      11273       3464     0 2453999.469167  1.134711e+01  6.816112e-03  1.134711e+01  6.816112e-03 
   85964881   2.903646e+01   1.719059e-01   2.903646e+01   1.719059e-01 223200609212305090      11284       3468     0 2454000.463900  1.134264e+01  6.427956e-03  1.134264e+01  6.427956e-03 
   85965034   2.878927e+01   1.714422e-01   2.878927e+01   1.714422e-01 223200609212307420      11286       3460     0 2454000.465671  1.135192e+01  6.465659e-03  1.135192e+01  6.465659e-03 
   85965097   2.916889e+01   1.722972e-01   2.916889e+01   1.722972e-01 223200609212308460      11287       3457     0 2454000.466400  1.133770e+01  6.413338e-03  1.133770e+01  6.413338e-03 
   85965153   2.908822e+01   1.718021e-01   2.908822e+01   1.718021e-01 223200609212309410      11287       3455     0 2454000.467049  1.134071e+01  6.412643e-03  1.134071e+01  6.412643e-03 
   86404995   2.910749e+01   1.752313e-01   2.910749e+01   1.752313e-01 223200609270120390      11149       3117     0 2454005.557812  1.133999e+01  6.536310e-03  1.133999e+01  6.536310e-03 
   86405056   2.927025e+01   1.752044e-01   2.927025e+01   1.752044e-01 223200609270121400      11152       3089     0 2454005.558519  1.133393e+01  6.498969e-03  1.133393e+01  6.498969e-03 
   86405124   2.897156e+01   1.745297e-01   2.897156e+01   1.745297e-01 223200609270122490      11151       3087     0 2454005.559306  1.134507e+01  6.540686e-03  1.134507e+01  6.540686e-03 
   86405185   2.901424e+01   1.752191e-01   2.901424e+01   1.752191e-01 223200609270123490      11150       3085     0 2454005.560012  1.134347e+01  6.556862e-03  1.134347e+01  6.556862e-03 
   87688166   2.923336e+01   1.590729e-01   2.923336e+01   1.590729e-01 223200610112147440      10947       3267     0 2454020.409329  1.133530e+01  5.908038e-03  1.133530e+01  5.908038e-03 
   87688240   2.893829e+01   1.586418e-01   2.893829e+01   1.586418e-01 223200610112148580      10951       3238     0 2454020.410185  1.134632e+01  5.952105e-03  1.134632e+01  5.952105e-03 
   87688294   2.924035e+01   1.594475e-01   2.924035e+01   1.594475e-01 223200610112149520      10951       3235     0 2454020.410810  1.133504e+01  5.920535e-03  1.133504e+01  5.920535e-03 
   87860511   2.968607e+01   1.694095e-01   2.968607e+01   1.694095e-01 223200610132140170      10910       3289     0 2454022.404063  1.131862e+01  6.195992e-03  1.131862e+01  6.195992e-03 
   87860578   2.938838e+01   1.685607e-01   2.938838e+01   1.685607e-01 223200610132141240      10911       3285     0 2454022.404838  1.132956e+01  6.227396e-03  1.132956e+01  6.227396e-03 
   87860634   2.908266e+01   1.674337e-01   2.908266e+01   1.674337e-01 223200610132142200      10910       3283     0 2454022.405486  1.134091e+01  6.250784e-03  1.134091e+01  6.250784e-03 
   87860694   2.922253e+01   1.672994e-01   2.922253e+01   1.672994e-01 223200610132143190      10910       3280     0 2454022.406181  1.133571e+01  6.215876e-03  1.133571e+01  6.215876e-03 
   88033123   2.932852e+01   1.646392e-01   2.932852e+01   1.646392e-01 223200610152137170      10906       3320     0 2454024.401887  1.133177e+01  6.094932e-03  1.133177e+01  6.094932e-03 
   88033184   2.917712e+01   1.642211e-01   2.917712e+01   1.642211e-01 223200610152138180      10906       3315     0 2454024.402593  1.133739e+01  6.111001e-03  1.133739e+01  6.111001e-03 
   88033239   2.968118e+01   1.650248e-01   2.968118e+01   1.650248e-01 223200610152139130      10905       3311     0 2454024.403229  1.131880e+01  6.036621e-03  1.131880e+01  6.036621e-03 
   88033298   2.953028e+01   1.647585e-01   2.953028e+01   1.647585e-01 223200610152140120      10905       3307     0 2454024.403912  1.132433e+01  6.057678e-03  1.132433e+01  6.057678e-03 
   88377445   2.903293e+01   1.659409e-01   2.903293e+01   1.659409e-01 223200610192116140      10891       3336     0 2454028.387095  1.134277e+01  6.205667e-03  1.134277e+01  6.205667e-03 
   88377497   2.896316e+01   1.657717e-01   2.896316e+01   1.657717e-01 223200610192117070      10890       3332     0 2454028.387697  1.134539e+01  6.214273e-03  1.134539e+01  6.214273e-03 
   88377582   2.929525e+01   1.667375e-01   2.929525e+01   1.667375e-01 223200610192118310      10885       3355     0 2454028.388681  1.133301e+01  6.179622e-03  1.133301e+01  6.179622e-03 
   88377644   2.941268e+01   1.667871e-01   2.941268e+01   1.667871e-01 223200610192119340      10885       3351     0 2454028.389398  1.132866e+01  6.156780e-03  1.132866e+01  6.156780e-03 
   88463610   2.956771e+01   1.623347e-01   2.956771e+01   1.623347e-01 223200610202112230      10914       3289     0 2454029.384375  1.132296e+01  5.961008e-03  1.132296e+01  5.961008e-03 
   88463682   2.913044e+01   1.601170e-01   2.913044e+01   1.601170e-01 223200610202113350      10911       3285     0 2454029.385208  1.133913e+01  5.967828e-03  1.133913e+01  5.967828e-03 
   88463745   2.910938e+01   1.603045e-01   2.910938e+01   1.603045e-01 223200610202114380      10911       3282     0 2454029.385937  1.133992e+01  5.979139e-03  1.133992e+01  5.979139e-03 
   88463804   2.938818e+01   1.601193e-01   2.938818e+01   1.601193e-01 223200610202115380      10911       3280     0 2454029.386620  1.132957e+01  5.915575e-03  1.132957e+01  5.915575e-03 
   88551558   2.936262e+01   1.673770e-01   2.936262e+01   1.673770e-01 223200610212138150      10909       3231     0 2454030.402292  1.133051e+01  6.189088e-03  1.133051e+01  6.189088e-03 
   88551690   2.972687e+01   1.698413e-01   2.972687e+01   1.698413e-01 223200610212140270      10906       3221     0 2454030.403819  1.131713e+01  6.203261e-03  1.131713e+01  6.203261e-03 
   88551762   2.977717e+01   1.701508e-01   2.977717e+01   1.701508e-01 223200610212141400      10900       3242     0 2454030.404653  1.131529e+01  6.204067e-03  1.131529e+01  6.204067e-03 
   88637620   2.541557e+01   1.183422e+00   2.541557e+01   1.183422e+00 223200610222132420      10906       3275     0 2454031.398380  1.148725e+01  5.055518e-02  1.148725e+01  5.055518e-02 
   88637768   1.577964e+01   1.417287e+00   1.577964e+01   1.417287e+00 223200610222135100      10901       3265     0 2454031.400093  1.200476e+01  9.751839e-02  1.200476e+01  9.751839e-02 
   88637830   1.639741e+01   2.202100e+00   1.639741e+01   2.202100e+00 223200610222136110      10901       3263     0 2454031.400810  1.196306e+01  1.458101e-01  1.196306e+01  1.458101e-01 
   88640081   3.873061e+01   2.208253e+00   3.873061e+01   2.208253e+00 223200610222213430      10900       3139     0 2454031.426863  1.102986e+01  6.190423e-02  1.102986e+01  6.190423e-02 
   88722110   2.948675e+01   1.643127e-01   2.948675e+01   1.643127e-01 223200610232100550      10898       3321     0 2454032.376273  1.132593e+01  6.050205e-03  1.132593e+01  6.050205e-03 
   88722164   2.927899e+01   1.636452e-01   2.927899e+01   1.636452e-01 223200610232101500      10898       3318     0 2454032.376898  1.133361e+01  6.068384e-03  1.133361e+01  6.068384e-03 
   88722226   2.933724e+01   1.631711e-01   2.933724e+01   1.631711e-01 223200610232102520      10898       3315     0 2454032.377616  1.133145e+01  6.038790e-03  1.133145e+01  6.038790e-03 
   88722293   2.975560e+01   1.638644e-01   2.975560e+01   1.638644e-01 223200610232103590      10898       3312     0 2454032.378391  1.131608e+01  5.979182e-03  1.131608e+01  5.979182e-03 
   88980555   2.960678e+01   1.743804e-01   2.960678e+01   1.743804e-01 223200610262048320      10897       3383     0 2454035.367535  1.132152e+01  6.394879e-03  1.132152e+01  6.394879e-03 
   88980609   2.952126e+01   1.734874e-01   2.952126e+01   1.734874e-01 223200610262049260      10897       3379     0 2454035.368160  1.132466e+01  6.380562e-03  1.132466e+01  6.380562e-03 
   88980669   2.978516e+01   1.734325e-01   2.978516e+01   1.734325e-01 223200610262050270      10898       3377     0 2454035.368854  1.131500e+01  6.322030e-03  1.131500e+01  6.322030e-03 
   88980733   2.937802e+01   1.735914e-01   2.937802e+01   1.735914e-01 223200610262051300      10893       3368     0 2454035.369595  1.132994e+01  6.415518e-03  1.132994e+01  6.415518e-03 
   89066671   3.034643e+01   1.785786e-01   3.034643e+01   1.785786e-01 223200610272043520      10918       3354     0 2454036.364248  1.129473e+01  6.389218e-03  1.129473e+01  6.389218e-03 
   89066734   3.063851e+01   1.794235e-01   3.063851e+01   1.794235e-01 223200610272044550      10917       3351     0 2454036.364977  1.128433e+01  6.358250e-03  1.128433e+01  6.358250e-03 
   89066790   3.048758e+01   1.791625e-01   3.048758e+01   1.791625e-01 223200610272045520      10917       3347     0 2454036.365625  1.128969e+01  6.380433e-03  1.128969e+01  6.380433e-03 
   89066855   3.042716e+01   1.785433e-01   3.042716e+01   1.785433e-01 223200610272046560      10916       3345     0 2454036.366377  1.129185e+01  6.371006e-03  1.129185e+01  6.371006e-03 
   89152869   3.433714e+01   2.560981e-01   3.433714e+01   2.560981e-01 223200610282040350      10902       3364     0 2454037.361910  1.116059e+01  8.097820e-03  1.116059e+01  8.097820e-03 
   89152942   2.947461e+01   2.253741e-01   2.947461e+01   2.253741e-01 223200610282041480      10905       3331     0 2454037.362755  1.132638e+01  8.301981e-03  1.132638e+01  8.301981e-03 
   89153003   3.139112e+01   2.107111e-01   3.139112e+01   2.107111e-01 223200610282042490      10905       3329     0 2454037.363461  1.125798e+01  7.287967e-03  1.125798e+01  7.287967e-03 
   89238990   3.057972e+01   2.086592e-01   3.057972e+01   2.086592e-01 223200610292035590      10897       3321     0 2454038.358681  1.128642e+01  7.408491e-03  1.128642e+01  7.408491e-03 
   89239045   3.066651e+01   2.089008e-01   3.066651e+01   2.089008e-01 223200610292036550      10898       3318     0 2454038.359317  1.128334e+01  7.396080e-03  1.128334e+01  7.396080e-03 
   89239092   3.069940e+01   2.064011e-01   3.069940e+01   2.064011e-01 223200610292037410      10897       3310     0 2454038.359861  1.128218e+01  7.299749e-03  1.128218e+01  7.299749e-03 
   89239170   3.090549e+01   2.077446e-01   3.090549e+01   2.077446e-01 223200610292038590      10896       3308     0 2454038.360764  1.127491e+01  7.298268e-03  1.127491e+01  7.298268e-03 
   89411365   3.189252e+01   2.690112e-01   3.189252e+01   2.690112e-01 223200610312029020      10891       3322     0 2454040.353762  1.124078e+01  9.158140e-03  1.124078e+01  9.158140e-03 
   89411438   3.230538e+01   2.681345e-01   3.230538e+01   2.681345e-01 223200610312030160      10887       3343     0 2454040.354606  1.122681e+01  9.011637e-03  1.122681e+01  9.011637e-03 
   89411508   3.221024e+01   2.710421e-01   3.221024e+01   2.710421e-01 223200610312031250      10890       3311     0 2454040.355417  1.123001e+01  9.136263e-03  1.123001e+01  9.136263e-03 
   89411565   3.176925e+01   2.703653e-01   3.176925e+01   2.703653e-01 223200610312032230      10890       3307     0 2454040.356076  1.124498e+01  9.239955e-03  1.124498e+01  9.239955e-03 
   89506223   3.238718e+01   2.921415e-01   3.238718e+01   2.921415e-01 223200611012250050      10819       2948     0 2454041.451655  1.122407e+01  9.793682e-03  1.122407e+01  9.793682e-03 
   89506296   3.236496e+01   2.949905e-01   3.236496e+01   2.949905e-01 223200611012251190      10822       2917     0 2454041.452500  1.122481e+01  9.895980e-03  1.122481e+01  9.895980e-03 
   89506353   3.195990e+01   2.944953e-01   3.195990e+01   2.944953e-01 223200611012252160      10821       2915     0 2454041.453160  1.123849e+01  1.000458e-02  1.123849e+01  1.000458e-02 
   89506415   3.222672e+01   2.943424e-01   3.222672e+01   2.943424e-01 223200611012253170      10820       2912     0 2454041.453877  1.122946e+01  9.916595e-03  1.122946e+01  9.916595e-03 
   89842125   3.218345e+01   3.866997e-01   3.218345e+01   3.866997e-01 223200611052008420      10902       3324     0 2454045.339410  1.123092e+01  1.304569e-02  1.123092e+01  1.304569e-02 
   89842183   3.245968e+01   3.868801e-01   3.245968e+01   3.868801e-01 223200611052009400      10902       3320     0 2454045.340081  1.122164e+01  1.294071e-02  1.122164e+01  1.294071e-02 
   89842256   3.227625e+01   3.884836e-01   3.227625e+01   3.884836e-01 223200611052010530      10902       3316     0 2454045.340926  1.122779e+01  1.306819e-02  1.122779e+01  1.306819e-02 
   89842315   3.296772e+01   3.881597e-01   3.296772e+01   3.881597e-01 223200611052011520      10902       3314     0 2454045.341609  1.120478e+01  1.278343e-02  1.120478e+01  1.278343e-02 
   89928309   3.248732e+01   3.077931e-01   3.248732e+01   3.077931e-01 223200611062005110      10904       3342     0 2454046.336910  1.122072e+01  1.028658e-02  1.122072e+01  1.028658e-02 
   89928378   3.223523e+01   3.077882e-01   3.223523e+01   3.077882e-01 223200611062006190      10905       3338     0 2454046.337708  1.122917e+01  1.036686e-02  1.122917e+01  1.036686e-02 
   89928432   3.146655e+01   3.066641e-01   3.146655e+01   3.066641e-01 223200611062007140      10905       3336     0 2454046.338333  1.125538e+01  1.058131e-02  1.125538e+01  1.058131e-02 
   89928496   3.218288e+01   3.086406e-01   3.218288e+01   3.086406e-01 223200611062008180      10905       3333     0 2454046.339074  1.123094e+01  1.041247e-02  1.123094e+01  1.041247e-02 
   90014497   2.926610e+01   2.267983e-01   2.926610e+01   2.267983e-01 223200611072001430      10912       3350     0 2454047.334456  1.133409e+01  8.413969e-03  1.133409e+01  8.413969e-03 
   90014551   2.864012e+01   2.212176e-01   2.864012e+01   2.212176e-01 223200611072002370      10912       3347     0 2454047.335081  1.135756e+01  8.386306e-03  1.135756e+01  8.386306e-03 
   90014640   3.115803e+01   2.175434e-01   3.115803e+01   2.175434e-01 223200611072004050      10907       3369     0 2454047.336111  1.126608e+01  7.580568e-03  1.126608e+01  7.580568e-03 
   90014702   3.110669e+01   2.207003e-01   3.110669e+01   2.207003e-01 223200611072005080      10906       3365     0 2454047.336829  1.126787e+01  7.703268e-03  1.126787e+01  7.703268e-03 
   90272986   2.993566e+01   1.786088e-01   2.993566e+01   1.786088e-01 223200611101950030      10908       3333     0 2454050.326227  1.130953e+01  6.477985e-03  1.130953e+01  6.477985e-03 
   90273040   2.957120e+01   1.779947e-01   2.957120e+01   1.779947e-01 223200611101950570      10909       3330     0 2454050.326852  1.132283e+01  6.535275e-03  1.132283e+01  6.535275e-03 
   90273088   2.968262e+01   1.807507e-01   2.968262e+01   1.807507e-01 223200611101951450      10908       3326     0 2454050.327407  1.131874e+01  6.611556e-03  1.131874e+01  6.611556e-03 
   90273153   2.966648e+01   1.787940e-01   2.966648e+01   1.787940e-01 223200611101952500      10907       3323     0 2454050.328160  1.131933e+01  6.543542e-03  1.131933e+01  6.543542e-03 
   90617601   2.997715e+01   1.677681e-01   2.997715e+01   1.677681e-01 223200611141933540      10898       3359     0 2454054.314826  1.130802e+01  6.076380e-03  1.130802e+01  6.076380e-03 
   90617663   2.954728e+01   1.673867e-01   2.954728e+01   1.673867e-01 223200611141934560      10898       3355     0 2454054.315544  1.132371e+01  6.150767e-03  1.132371e+01  6.150767e-03 
   90617723   2.916633e+01   1.671700e-01   2.916633e+01   1.671700e-01 223200611141935570      10903       3326     0 2454054.316238  1.133780e+01  6.223039e-03  1.133780e+01  6.223039e-03 
   90617774   2.976787e+01   1.684328e-01   2.976787e+01   1.684328e-01 223200611141936470      10903       3324     0 2454054.316829  1.131563e+01  6.143345e-03  1.131563e+01  6.143345e-03 
   93120140   3.194079e+01   2.541178e-01   3.194079e+01   2.541178e-01 223200612131844400      11569       3171     0 2454083.279398  1.123914e+01  8.638039e-03  1.123914e+01  8.638039e-03 
   93120199   3.250262e+01   2.428291e-01   3.250262e+01   2.428291e-01 223200612131845380      11570       3169     0 2454083.280081  1.122020e+01  8.111631e-03  1.122020e+01  8.111631e-03 
   93120275   3.135455e+01   2.294738e-01   3.135455e+01   2.294738e-01 223200612131846550      11565       3191     0 2454083.280961  1.125925e+01  7.946179e-03  1.125925e+01  7.946179e-03 
   93120339   3.147101e+01   2.193296e-01   3.147101e+01   2.193296e-01 223200612131847580      11569       3163     0 2454083.281701  1.125522e+01  7.566801e-03  1.125522e+01  7.566801e-03 
   93292974   3.317012e+01   2.957880e-01   3.317012e+01   2.957880e-01 223200612151845190      11542       3143     0 2454085.279792  1.119813e+01  9.681873e-03  1.119813e+01  9.681873e-03 
   93293028   3.255245e+01   2.816565e-01   3.255245e+01   2.816565e-01 223200612151846130      11542       3141     0 2454085.280417  1.121854e+01  9.394245e-03  1.121854e+01  9.394245e-03 
   93293082   3.255232e+01   2.680674e-01   3.255232e+01   2.680674e-01 223200612151847070      11541       3139     0 2454085.281042  1.121854e+01  8.941036e-03  1.121854e+01  8.941036e-03 
   93293136   3.267330e+01   2.561263e-01   3.267330e+01   2.561263e-01 223200612151848010      11541       3136     0 2454085.281667  1.121452e+01  8.511127e-03  1.121452e+01  8.511127e-03 
   93467315   3.005668e+01   1.756771e-01   3.005668e+01   1.756771e-01 223200612171911070      11894       2965     0 2454087.297627  1.130515e+01  6.345999e-03  1.130515e+01  6.345999e-03 
   93467371   3.002402e+01   1.742229e-01   3.002402e+01   1.742229e-01 223200612171912030      11892       2962     0 2454087.298275  1.130633e+01  6.300316e-03  1.130633e+01  6.300316e-03 
   93467431   3.016222e+01   1.733738e-01   3.016222e+01   1.733738e-01 223200612171913020      11891       2959     0 2454087.298970  1.130134e+01  6.240883e-03  1.130134e+01  6.240883e-03 
   93467501   2.981651e+01   1.734530e-01   2.981651e+01   1.734530e-01 223200612171914130      11884       2981     0 2454087.299780  1.131386e+01  6.316127e-03  1.131386e+01  6.316127e-03 
   93556672   2.937964e+01   1.712140e-01   2.937964e+01   1.712140e-01 223200612182000260      10954       2899     0 2454088.331852  1.132988e+01  6.327302e-03  1.132988e+01  6.327302e-03 
   93556730   2.953398e+01   1.709449e-01   2.953398e+01   1.709449e-01 223200612182001250      10954       2898     0 2454088.332523  1.132419e+01  6.284345e-03  1.132419e+01  6.284345e-03 
   93556799   3.004544e+01   1.724052e-01   3.004544e+01   1.724052e-01 223200612182002330      10953       2895     0 2454088.333322  1.130555e+01  6.230139e-03  1.130555e+01  6.230139e-03 
   93556863   2.960345e+01   1.723844e-01   2.960345e+01   1.723844e-01 223200612182003370      10952       2893     0 2454088.334062  1.132164e+01  6.322391e-03  1.132164e+01  6.322391e-03 
   93725372   3.269416e+01   2.574088e-01   3.269416e+01   2.574088e-01 223200612201852110      11013       3055     0 2454090.284398  1.121382e+01  8.548286e-03  1.121382e+01  8.548286e-03 
   93725431   3.159882e+01   2.456307e-01   3.159882e+01   2.456307e-01 223200612201853100      11012       3052     0 2454090.285081  1.125082e+01  8.439905e-03  1.125082e+01  8.439905e-03 
   93725488   3.169515e+01   2.373058e-01   3.169515e+01   2.373058e-01 223200612201854080      11011       3050     0 2454090.285741  1.124752e+01  8.129078e-03  1.124752e+01  8.129078e-03 
   93725550   3.179142e+01   2.282245e-01   3.179142e+01   2.282245e-01 223200612201855100      11011       3047     0 2454090.286458  1.124423e+01  7.794320e-03  1.124423e+01  7.794320e-03 
   94935175   3.315991e+01   4.221243e-01   3.315991e+01   4.221243e-01 223200701031856070      10954       2901     0 2454104.286748  1.119847e+01  1.382142e-02  1.119847e+01  1.382142e-02 
   94935241   3.215952e+01   4.164543e-01   3.215952e+01   4.164543e-01 223200701031857140      10953       2899     0 2454104.287512  1.123173e+01  1.405995e-02  1.123173e+01  1.405995e-02 
   94935299   3.210232e+01   4.102402e-01   3.210232e+01   4.102402e-01 223200701031858120      10953       2898     0 2454104.288183  1.123366e+01  1.387483e-02  1.123366e+01  1.387483e-02 
   94935364   3.207463e+01   4.045888e-01   3.207463e+01   4.045888e-01 223200701031859170      10952       2895     0 2454104.288935  1.123460e+01  1.369550e-02  1.123460e+01  1.369550e-02 
   95021604   3.307710e+01   3.294027e-01   3.307710e+01   3.294027e-01 223200701041856390      10951       2917     0 2454105.287083  1.120118e+01  1.081248e-02  1.120118e+01  1.081248e-02 
   95021676   3.257611e+01   3.144475e-01   3.257611e+01   3.144475e-01 223200701041857500      10954       2889     0 2454105.287917  1.121775e+01  1.048032e-02  1.121775e+01  1.048032e-02 
   95021741   3.227594e+01   3.024556e-01   3.227594e+01   3.024556e-01 223200701041858560      10954       2888     0 2454105.288669  1.122780e+01  1.017439e-02  1.122780e+01  1.017439e-02 
   95021797   3.264689e+01   2.940779e-01   3.264689e+01   2.940779e-01 223200701041859510      10953       2886     0 2454105.289317  1.121539e+01  9.780170e-03  1.121539e+01  9.780170e-03 
   95107905   3.268651e+01   2.920096e-01   3.268651e+01   2.920096e-01 223200701051855020      10928       2883     0 2454106.285938  1.121408e+01  9.699611e-03  1.121408e+01  9.699611e-03 
   95107961   3.188503e+01   2.753641e-01   3.188503e+01   2.753641e-01 223200701051855570      10927       2880     0 2454106.286586  1.124103e+01  9.376622e-03  1.124103e+01  9.376622e-03 
   95108015   3.189680e+01   2.632371e-01   3.189680e+01   2.632371e-01 223200701051856510      10927       2879     0 2454106.287211  1.124063e+01  8.960369e-03  1.124063e+01  8.960369e-03 
   95108069   3.129735e+01   2.520058e-01   3.129735e+01   2.520058e-01 223200701051857460      10926       2877     0 2454106.287836  1.126123e+01  8.742363e-03  1.126123e+01  8.742363e-03 
   95280694   3.197813e+01   2.697454e-01   3.197813e+01   2.697454e-01 223200701071854540      10906       2864     0 2454108.285810  1.123787e+01  9.158551e-03  1.123787e+01  9.158551e-03 
   95280823   3.105468e+01   2.420702e-01   3.105468e+01   2.420702e-01 223200701071857030      10924       2888     0 2454108.287303  1.126968e+01  8.463308e-03  1.126968e+01  8.463308e-03 
   95280879   3.076218e+01   2.306053e-01   3.076218e+01   2.306053e-01 223200701071857590      10923       2885     0 2454108.287951  1.127996e+01  8.139129e-03  1.127996e+01  8.139129e-03 
   95280935   3.027927e+01   2.209210e-01   3.027927e+01   2.209210e-01 223200701071858540      10922       2883     0 2454108.288600  1.129714e+01  7.921683e-03  1.129714e+01  7.921683e-03 
   95367156   3.259024e+01   2.963875e-01   3.259024e+01   2.963875e-01 223200701081855580      10908       2855     0 2454109.286528  1.121728e+01  9.874112e-03  1.121728e+01  9.874112e-03 
   95367212   3.166758e+01   2.802539e-01   3.166758e+01   2.802539e-01 223200701081856530      10908       2853     0 2454109.287176  1.124846e+01  9.608655e-03  1.124846e+01  9.608655e-03 
   95367267   3.136781e+01   2.660784e-01   3.136781e+01   2.660784e-01 223200701081857490      10906       2852     0 2454109.287812  1.125879e+01  9.209825e-03  1.125879e+01  9.209825e-03 
   95367323   3.169066e+01   2.546155e-01   3.169066e+01   2.546155e-01 223200701081858450      10905       2851     0 2454109.288461  1.124767e+01  8.723273e-03  1.124767e+01  8.723273e-03 
   95453542   3.164185e+01   2.865130e-01   3.164185e+01   2.865130e-01 223200701091855450      10911       2851     0 2454110.286366  1.124935e+01  9.831242e-03  1.124935e+01  9.831242e-03 
   95453598   3.232476e+01   2.732647e-01   3.232476e+01   2.732647e-01 223200701091856400      10910       2850     0 2454110.287014  1.122616e+01  9.178548e-03  1.122616e+01  9.178548e-03 
   95453652   3.179461e+01   2.602290e-01   3.179461e+01   2.602290e-01 223200701091857350      10909       2849     0 2454110.287639  1.124412e+01  8.886446e-03  1.124412e+01  8.886446e-03 
   95453708   3.157710e+01   2.496956e-01   3.157710e+01   2.496956e-01 223200701091858300      10908       2847     0 2454110.288287  1.125157e+01  8.585475e-03  1.125157e+01  8.585475e-03 
   95539931   3.319283e+01   2.878640e-01   3.319283e+01   2.878640e-01 223200701101855350      10907       2845     0 2454111.286238  1.119739e+01  9.416054e-03  1.119739e+01  9.416054e-03 
   95539985   3.284382e+01   2.751372e-01   3.284382e+01   2.751372e-01 223200701101856300      10907       2844     0 2454111.286863  1.120887e+01  9.095394e-03  1.120887e+01  9.095394e-03 
   95540039   3.251555e+01   2.629015e-01   3.251555e+01   2.629015e-01 223200701101857240      10906       2842     0 2454111.287488  1.121977e+01  8.778651e-03  1.121977e+01  8.778651e-03 
   95540095   3.192747e+01   2.517203e-01   3.192747e+01   2.517203e-01 223200701101858190      10905       2841     0 2454111.288137  1.123959e+01  8.560114e-03  1.123959e+01  8.560114e-03 
   95626315   3.108181e+01   2.930628e-01   3.108181e+01   2.930628e-01 223200701111855210      10890       2824     0 2454112.286053  1.126873e+01  1.023718e-02  1.126873e+01  1.023718e-02 
   95626371   3.196283e+01   2.790652e-01   3.196283e+01   2.790652e-01 223200701111856160      10889       2824     0 2454112.286701  1.123839e+01  9.479518e-03  1.123839e+01  9.479518e-03 
   95626425   3.110588e+01   2.648014e-01   3.110588e+01   2.648014e-01 223200701111857110      10888       2822     0 2454112.287326  1.126789e+01  9.242800e-03  1.126789e+01  9.242800e-03 
   95626481   3.212330e+01   2.548819e-01   3.212330e+01   2.548819e-01 223200701111858070      10888       2822     0 2454112.287975  1.123295e+01  8.614791e-03  1.123295e+01  8.614791e-03 
   95712698   3.224192e+01   2.781011e-01   3.224192e+01   2.781011e-01 223200701121855050      10918       2818     0 2454113.285856  1.122895e+01  9.364998e-03  1.122895e+01  9.364998e-03 
   95712754   3.228060e+01   2.653937e-01   3.228060e+01   2.653937e-01 223200701121856000      10917       2818     0 2454113.286505  1.122765e+01  8.926369e-03  1.122765e+01  8.926369e-03 
   95712808   3.218030e+01   2.537629e-01   3.218030e+01   2.537629e-01 223200701121856550      10917       2817     0 2454113.287130  1.123102e+01  8.561777e-03  1.123102e+01  8.561777e-03 
   95712862   3.178350e+01   2.434878e-01   3.178350e+01   2.434878e-01 223200701121857490      10916       2815     0 2454113.287755  1.124450e+01  8.317663e-03  1.124450e+01  8.317663e-03 
   95799119   3.219277e+01   2.556739e-01   3.219277e+01   2.556739e-01 223200701131855270      10914       2834     0 2454114.286100  1.123060e+01  8.622911e-03  1.123060e+01  8.622911e-03 
   95799173   3.193539e+01   2.442005e-01   3.193539e+01   2.442005e-01 223200701131856210      10914       2833     0 2454114.286725  1.123932e+01  8.302333e-03  1.123932e+01  8.302333e-03 
   95799297   3.157391e+01   2.265050e-01   3.157391e+01   2.265050e-01 223200701131858250      10915       2836     0 2454114.288160  1.125168e+01  7.788884e-03  1.125168e+01  7.788884e-03 
   95799351   3.150748e+01   2.182903e-01   3.150748e+01   2.182903e-01 223200701131859190      10915       2834     0 2454114.288785  1.125397e+01  7.522231e-03  1.125397e+01  7.522231e-03 
   95885589   3.140798e+01   2.454491e-01   3.140798e+01   2.454491e-01 223200701141856390      10909       2812     0 2454115.286910  1.125740e+01  8.484910e-03  1.125740e+01  8.484910e-03 
   95885645   3.118438e+01   2.363238e-01   3.118438e+01   2.363238e-01 223200701141857340      10909       2811     0 2454115.287558  1.126516e+01  8.228036e-03  1.126516e+01  8.228036e-03 
   95885699   3.142375e+01   2.284196e-01   3.142375e+01   2.284196e-01 223200701141858290      10909       2810     0 2454115.288183  1.125686e+01  7.892257e-03  1.125686e+01  7.892257e-03 
   95885831   3.093854e+01   2.116442e-01   3.093854e+01   2.116442e-01 223200701141900410      10907       2811     0 2454115.289711  1.127375e+01  7.427324e-03  1.127375e+01  7.427324e-03 
  105941748   3.224312e+01   3.168365e-01   3.224312e+01   3.168365e-01 223200705110414520      10885       3636     0 2454231.677639  1.122891e+01  1.066901e-02  1.122891e+01  1.066901e-02 
  105941804   3.223519e+01   3.340906e-01   3.223519e+01   3.340906e-01 223200705110415490      10888       3635     0 2454231.678287  1.122917e+01  1.125278e-02  1.122917e+01  1.125278e-02 
  105941863   3.228157e+01   3.479716e-01   3.228157e+01   3.479716e-01 223200705110416470      10890       3634     0 2454231.678970  1.122761e+01  1.170348e-02  1.122761e+01  1.170348e-02 
  105941918   3.248093e+01   3.659957e-01   3.248093e+01   3.659957e-01 223200705110417430      10892       3634     0 2454231.679606  1.122093e+01  1.223414e-02  1.122093e+01  1.223414e-02 
  106027803   3.090918e+01   2.246574e-01   3.090918e+01   2.246574e-01 223200705120409040      10909       3612     0 2454232.673646  1.127478e+01  7.891492e-03  1.127478e+01  7.891492e-03 
  106027929   3.137506e+01   2.363853e-01   3.137506e+01   2.363853e-01 223200705120411090      10896       3624     0 2454232.675104  1.125854e+01  8.180157e-03  1.125854e+01  8.180157e-03 
  106027983   3.164193e+01   2.443968e-01   3.164193e+01   2.443968e-01 223200705120412040      10899       3624     0 2454232.675729  1.124934e+01  8.386067e-03  1.124934e+01  8.386067e-03 
  106028037   3.232758e+01   2.533608e-01   3.232758e+01   2.533608e-01 223200705120412580      10901       3623     0 2454232.676354  1.122607e+01  8.509264e-03  1.122607e+01  8.509264e-03 
  106114057   3.095085e+01   2.323976e-01   3.095085e+01   2.323976e-01 223200705130406340      10885       3636     0 2454233.671956  1.127332e+01  8.152388e-03  1.127332e+01  8.152388e-03 
  106114111   3.183143e+01   2.377185e-01   3.183143e+01   2.377185e-01 223200705130407290      10889       3635     0 2454233.672581  1.124286e+01  8.108355e-03  1.124286e+01  8.108355e-03 
  106114167   3.119989e+01   2.388622e-01   3.119989e+01   2.388622e-01 223200705130408240      10892       3635     0 2454233.673229  1.126462e+01  8.312279e-03  1.126462e+01  8.312279e-03 
  106114221   3.152400e+01   2.429769e-01   3.152400e+01   2.429769e-01 223200705130409190      10893       3635     0 2454233.673854  1.125340e+01  8.368536e-03  1.125340e+01  8.368536e-03 
  124569530   3.263367e+01   3.342269e-01   3.263367e+01   3.342269e-01 221200712121841060       9373       5352     0 2454447.276968  1.121584e+01  1.111991e-02  1.121584e+01  1.111991e-02 
  124569723   3.432074e+01   2.845481e-01   3.432074e+01   2.845481e-01 223200712121844190      10257       7690     0 2454447.279201  1.116111e+01  9.001710e-03  1.116111e+01  9.001710e-03 
  124570457   3.639865e+01   1.874149e-01   3.639865e+01   1.874149e-01 222200712121856320      12987      24710     0 2454447.287697  1.109729e+01  5.590423e-03  1.109729e+01  5.590423e-03 
  124571653   3.306124e+01   1.506114e-01   3.306124e+01   1.506114e-01 221200712121916280       9323       5477     0 2454447.301539  1.120170e+01  4.946120e-03  1.120170e+01  4.946120e-03 
  124571713   3.134101e+01   1.453782e-01   3.134101e+01   1.453782e-01 223200712121917280      10271       7653     0 2454447.302234  1.125972e+01  5.036307e-03  1.125972e+01  5.036307e-03 
  124572988   3.244321e+01   1.494003e-01   3.244321e+01   1.494003e-01 221200712121938430       9361       5545     0 2454447.316991  1.122219e+01  4.999809e-03  1.122219e+01  4.999809e-03 
  124573047   3.105988e+01   1.452277e-01   3.105988e+01   1.452277e-01 223200712121939430      10257       7580     0 2454447.317674  1.126950e+01  5.076632e-03  1.126950e+01  5.076632e-03 
