\OBJNAME = '1SWASP J001843.17-751441.0'
\OBSSTART = '2006-08-11T01:51:12'
\OBSSTOP = '2007-12-12T19:35:32'
\TSTART = 82346105
\TSTOP = 124572792
\JD_REF = 2453005.5
\RA_OBJ = '4.679911'
\DEC_OBJ = '-75.244747'
\WASP_MAG = 11.80958
\HJD_START = 2453958.579919
\HJD_STOP = 2454447.314722
\fixlen = T
\NUMRECORDS = 111
\
\ This file was produced by the NASA Exoplanet Archive  http://exoplanetarchive.ipac.caltech.edu 
\ Wed Sep 11, 22:49:07 2013
\ Documentation for the SuperWASP dataset can be found at http://exoplanetarchive.ipac.caltech.edu/docs/SuperWASPMission.html
\
|TMID      |FLUX2         |FLUX2_ERR     |TAMFLUX2      |TAMFLUX2_ERR  |IMAGEID           |CCDX      |CCDY      |FLAG |           HJD|         MAG2|     MAG2_ERR|      TAMMAG2|  TAMMAG2_ERR|
|int       |float         |float         |float         |float         |char              |int       |int       |int  |        double|        float|        float|        float|        float|
|sec       |micro Vega    |micro Vega    |micro Vega    |micro Vega    |                  |1/16 pixel|1/16 pixel|     |           day|          mag|          mag|          mag|          mag|
|null      |null          |null          |null          |null          |null              |null      |null      |null |          null|         null|         null|         null|         null|
   82346105   2.157576e+01   3.874404e-01   2.157576e+01   3.874404e-01 224200608110151120      32491       3073     0 2453958.579919  1.166508e+01  1.949686e-02  1.166508e+01  1.949686e-02 
   82346160   2.153583e+01   3.909434e-01   2.153583e+01   3.909434e-01 224200608110152070      32490       3074     0 2453958.580556  1.166710e+01  1.970962e-02  1.166710e+01  1.970962e-02 
   82346219   2.147064e+01   3.908471e-01   2.147064e+01   3.908471e-01 224200608110153070      32488       3076     0 2453958.581238  1.167039e+01  1.976458e-02  1.167039e+01  1.976458e-02 
   82518405   3.455650e+01   4.209172e-01   3.455650e+01   4.209172e-01 224200608130142530      32455       3147     0 2453960.574132  1.115368e+01  1.322491e-02  1.115368e+01  1.322491e-02 
   82518464   3.531866e+01   4.162885e-01   3.531866e+01   4.162885e-01 224200608130143530      32450       3149     0 2453960.574815  1.112999e+01  1.279723e-02  1.112999e+01  1.279723e-02 
   82518525   3.393488e+01   4.118812e-01   3.393488e+01   4.118812e-01 224200608130144550      32449       3151     0 2453960.575521  1.117338e+01  1.317806e-02  1.117338e+01  1.317806e-02 
   82518603   3.471044e+01   4.185886e-01   3.471044e+01   4.185886e-01 224200608130146120      32451       3131     0 2453960.576424  1.114885e+01  1.309342e-02  1.114885e+01  1.309342e-02 
   82604585   2.058492e+01   2.300639e-01   2.058492e+01   2.300639e-01 224200608140139160      32428       3159     0 2453961.571586  1.171613e+01  1.213459e-02  1.171613e+01  1.213459e-02 
   82604641   2.058778e+01   2.300578e-01   2.058778e+01   2.300578e-01 224200608140140120      32425       3158     0 2453961.572234  1.171598e+01  1.213258e-02  1.171598e+01  1.213258e-02 
   82604698   2.032963e+01   2.305133e-01   2.032963e+01   2.305133e-01 224200608140141080      32420       3155     0 2453961.572894  1.172968e+01  1.231098e-02  1.172968e+01  1.231098e-02 
   82604752   2.071606e+01   2.322349e-01   2.071606e+01   2.322349e-01 224200608140142030      32420       3157     0 2453961.573519  1.170923e+01  1.217155e-02  1.170923e+01  1.217155e-02 
   82863058   2.075697e+01   1.729607e-01   2.075697e+01   1.729607e-01 224200608170127120      32439       3135     0 2453964.563171  1.170709e+01  9.047098e-03  1.170709e+01  9.047098e-03 
   82863126   2.015855e+01   1.713880e-01   2.015855e+01   1.713880e-01 224200608170128190      32430       3156     0 2453964.563958  1.173885e+01  9.230961e-03  1.173885e+01  9.230961e-03 
   82863182   2.024229e+01   1.718580e-01   2.024229e+01   1.718580e-01 224200608170129150      32429       3156     0 2453964.564606  1.173435e+01  9.217982e-03  1.173435e+01  9.217982e-03 
   82949231   2.029978e+01   1.506953e-01   2.029978e+01   1.506953e-01 224200608180123250      32501       3104     0 2453965.560544  1.173127e+01  8.059984e-03  1.173127e+01  8.059984e-03 
   82949293   2.010817e+01   1.487456e-01   2.010817e+01   1.487456e-01 224200608180124270      32495       3105     0 2453965.561262  1.174157e+01  8.031516e-03  1.174157e+01  8.031516e-03 
   82949356   1.919386e+01   1.479779e-01   1.919386e+01   1.479779e-01 224200608180125310      32494       3107     0 2453965.561991  1.179209e+01  8.370670e-03  1.179209e+01  8.370670e-03 
   82949447   2.024766e+01   1.498666e-01   2.024766e+01   1.498666e-01 224200608180127020      32497       3089     0 2453965.563044  1.173406e+01  8.036298e-03  1.173406e+01  8.036298e-03 
   83724655   1.988741e+01   1.495336e-01   1.988741e+01   1.495336e-01 224200608270047250      32476       3144     0 2453974.535359  1.175355e+01  8.163689e-03  1.175355e+01  8.163689e-03 
   83724719   2.126783e+01   1.518565e-01   2.126783e+01   1.518565e-01 224200608270048280      32470       3165     0 2453974.536100  1.168069e+01  7.752399e-03  1.168069e+01  7.752399e-03 
   83724794   2.067417e+01   1.507859e-01   2.067417e+01   1.507859e-01 224200608270049440      32472       3146     0 2453974.536968  1.171143e+01  7.918782e-03  1.171143e+01  7.918782e-03 
   83724856   1.962654e+01   1.472713e-01   1.962654e+01   1.472713e-01 224200608270050460      32469       3168     0 2453974.537685  1.176789e+01  8.147048e-03  1.176789e+01  8.147048e-03 
   83810821   2.046864e+01   1.465375e-01   2.046864e+01   1.465375e-01 224200608280043330      32473       3146     0 2453975.532650  1.172228e+01  7.772946e-03  1.172228e+01  7.772946e-03 
   83810873   2.041698e+01   1.465277e-01   2.041698e+01   1.465277e-01 224200608280044250      32471       3148     0 2453975.533252  1.172502e+01  7.792091e-03  1.172502e+01  7.792091e-03 
   83810945   1.962079e+01   1.439826e-01   1.962079e+01   1.439826e-01 224200608280045360      32470       3150     0 2453975.534086  1.176821e+01  7.967449e-03  1.176821e+01  7.967449e-03 
   83811001   1.898732e+01   1.425629e-01   1.898732e+01   1.425629e-01 224200608280046320      32470       3151     0 2453975.534734  1.180384e+01  8.152085e-03  1.180384e+01  8.152085e-03 
   84328653   2.105263e+01   3.028736e-01   2.105263e+01   3.028736e-01 224200609030034170      32478       3206     0 2453981.526076  1.169173e+01  1.562000e-02  1.169173e+01  1.562000e-02 
   84328725   1.931663e+01   2.997430e-01   1.931663e+01   2.997430e-01 224200609030035290      32479       3186     0 2453981.526910  1.178517e+01  1.684781e-02  1.178517e+01  1.684781e-02 
   84328792   2.037963e+01   3.136082e-01   2.037963e+01   3.136082e-01 224200609030036350      32478       3207     0 2453981.527685  1.172701e+01  1.670771e-02  1.172701e+01  1.670771e-02 
   84328849   2.229231e+01   3.209268e-01   2.229231e+01   3.209268e-01 224200609030037320      32477       3208     0 2453981.528345  1.162961e+01  1.563064e-02  1.162961e+01  1.563064e-02 
   84500159   1.680610e+01   4.261813e-01   1.680610e+01   4.261813e-01 224200609050012480      32477       3157     0 2453983.511100  1.193633e+01  2.753298e-02  1.193633e+01  2.753298e-02 
   84500219   1.723811e+01   4.261847e-01   1.723811e+01   4.261847e-01 224200609050013480      32473       3158     0 2453983.511794  1.190878e+01  2.684319e-02  1.190878e+01  2.684319e-02 
   84500281   1.785329e+01   4.258894e-01   1.785329e+01   4.258894e-01 224200609050014500      32470       3158     0 2453983.512512  1.187070e+01  2.590027e-02  1.187070e+01  2.590027e-02 
   84500359   1.635563e+01   4.253461e-01   1.635563e+01   4.253461e-01 224200609050016080      32473       3139     0 2453983.513414  1.196583e+01  2.823586e-02  1.196583e+01  2.823586e-02 
   84844833   1.594488e+01   5.813525e-01   1.594488e+01   5.813525e-01 224200609082357310      32477       3127     0 2453987.500382  1.199345e+01  3.958622e-02  1.199345e+01  3.958622e-02 
   84844890   1.685849e+01   5.820566e-01   1.685849e+01   5.820566e-01 224200609082358270      32475       3129     0 2453987.501042  1.193295e+01  3.748629e-02  1.193295e+01  3.748629e-02 
   84844946   1.721016e+01   5.796897e-01   1.721016e+01   5.796897e-01 224200609082359230      32475       3130     0 2453987.501690  1.191054e+01  3.657097e-02  1.191054e+01  3.657097e-02 
   84845008   1.782080e+01   5.785725e-01   1.782080e+01   5.785725e-01 224200609090000260      32475       3132     0 2453987.502407  1.187268e+01  3.524979e-02  1.187268e+01  3.524979e-02 
   85017132   1.869551e+01   3.312119e-01   1.869551e+01   3.312119e-01 224200609102349160      32489       3171     0 2453989.494583  1.182066e+01  1.923510e-02  1.182066e+01  1.923510e-02 
   85017199   1.840148e+01   4.216748e-01   1.840148e+01   4.216748e-01 224200609102350220      32487       3172     0 2453989.495359  1.183787e+01  2.488002e-02  1.183787e+01  2.488002e-02 
   85017258   1.970840e+01   3.928217e-01   1.970840e+01   3.928217e-01 224200609102351210      32485       3173     0 2453989.496042  1.176337e+01  2.164063e-02  1.176337e+01  2.164063e-02 
   85017316   1.979652e+01   3.795083e-01   1.979652e+01   3.795083e-01 224200609102352200      32485       3173     0 2453989.496713  1.175853e+01  2.081413e-02  1.175853e+01  2.081413e-02 
   85361724   1.805516e+01   1.428167e-01   1.805516e+01   1.428167e-01 224200609142332380      32463       3154     0 2453993.482917  1.185850e+01  8.588230e-03  1.185850e+01  8.588230e-03 
   85361777   1.821462e+01   1.442633e-01   1.821462e+01   1.442633e-01 224200609142333310      32459       3154     0 2453993.483530  1.184895e+01  8.599269e-03  1.184895e+01  8.599269e-03 
   85361842   1.827925e+01   1.450749e-01   1.827925e+01   1.450749e-01 224200609142334370      32457       3156     0 2453993.484282  1.184510e+01  8.617071e-03  1.184510e+01  8.617071e-03 
   85361917   1.913533e+01   1.462791e-01   1.913533e+01   1.462791e-01 224200609142335520      32458       3136     0 2453993.485150  1.179541e+01  8.299888e-03  1.179541e+01  8.299888e-03 
   85620622   2.439164e+01   1.717646e-01   2.439164e+01   1.717646e-01 224200609172327440      32493       3119     0 2453996.479421  1.153190e+01  7.645724e-03  1.153190e+01  7.645724e-03 
   85620681   2.400754e+01   1.727915e-01   2.400754e+01   1.727915e-01 224200609172328430      32491       3120     0 2453996.480104  1.154913e+01  7.814490e-03  1.154913e+01  7.814490e-03 
   85620744   2.348060e+01   1.727960e-01   2.348060e+01   1.727960e-01 224200609172329460      32490       3122     0 2453996.480833  1.157323e+01  7.990064e-03  1.157323e+01  7.990064e-03 
   85620798   2.375401e+01   1.743834e-01   2.375401e+01   1.743834e-01 224200609172330410      32489       3124     0 2453996.481458  1.156066e+01  7.970655e-03  1.156066e+01  7.970655e-03 
   85706418   2.451243e+01   1.740693e-01   2.451243e+01   1.740693e-01 224200609182317440      32492       3077     0 2453997.472431  1.152653e+01  7.710130e-03  1.152653e+01  7.710130e-03 
   85706481   2.589069e+01   1.774960e-01   2.589069e+01   1.774960e-01 224200609182318460      32486       3098     0 2453997.473160  1.146714e+01  7.443391e-03  1.146714e+01  7.443391e-03 
   85706613   2.574989e+01   1.770627e-01   2.574989e+01   1.770627e-01 224200609182320580      32486       3081     0 2453997.474687  1.147306e+01  7.465820e-03  1.147306e+01  7.465820e-03 
   85878732   2.165268e+01   1.604414e-01   2.165268e+01   1.604414e-01 224200609202309430      32467       3121     0 2453999.466806  1.166122e+01  8.045088e-03  1.166122e+01  8.045088e-03 
   85878789   2.179698e+01   1.604734e-01   2.179698e+01   1.604734e-01 224200609202310410      32461       3122     0 2453999.467465  1.165401e+01  7.993422e-03  1.165401e+01  7.993422e-03 
   85878850   2.193644e+01   1.619418e-01   2.193644e+01   1.619418e-01 224200609202311410      32458       3124     0 2453999.468171  1.164708e+01  8.015277e-03  1.164708e+01  8.015277e-03 
   85878910   2.240942e+01   1.628537e-01   2.240942e+01   1.628537e-01 224200609202312420      32456       3127     0 2453999.468866  1.162392e+01  7.890290e-03  1.162392e+01  7.890290e-03 
   85964855   1.860202e+01   1.501324e-01   1.860202e+01   1.501324e-01 224200609212305090      32460       3141     0 2454000.463600  1.182610e+01  8.762745e-03  1.182610e+01  8.762745e-03 
   85965008   1.963818e+01   1.525744e-01   1.963818e+01   1.525744e-01 224200609212307420      32455       3143     0 2454000.465370  1.176725e+01  8.435411e-03  1.176725e+01  8.435411e-03 
   85965071   2.009095e+01   1.538176e-01   2.009095e+01   1.538176e-01 224200609212308460      32453       3145     0 2454000.466100  1.174250e+01  8.312494e-03  1.174250e+01  8.312494e-03 
   86404968   1.792772e+01   1.493128e-01   1.792772e+01   1.493128e-01 224200609270120390      32559       3368     0 2454005.557500  1.186619e+01  9.042692e-03  1.186619e+01  9.042692e-03 
   86405027   1.937031e+01   1.508732e-01   1.937031e+01   1.508732e-01 224200609270121390      32556       3389     0 2454005.558183  1.178216e+01  8.456709e-03  1.178216e+01  8.456709e-03 
   86405097   2.012241e+01   1.529944e-01   2.012241e+01   1.529944e-01 224200609270122490      32557       3388     0 2454005.558993  1.174080e+01  8.255082e-03  1.174080e+01  8.255082e-03 
   86405156   2.016564e+01   1.533743e-01   2.016564e+01   1.533743e-01 224200609270123480      32557       3388     0 2454005.559676  1.173847e+01  8.257839e-03  1.173847e+01  8.257839e-03 
   94935180   1.697142e+01   3.808411e-01   1.697142e+01   3.808411e-01 224200701031856070      31701       3034     0 2454104.286806  1.192570e+01  2.436417e-02  1.192570e+01  2.436417e-02 
   94935246   1.676529e+01   3.764375e-01   1.676529e+01   3.764375e-01 224200701031857140      31701       3033     0 2454104.287569  1.193897e+01  2.437853e-02  1.193897e+01  2.437853e-02 
   94935304   1.664580e+01   3.714408e-01   1.664580e+01   3.714408e-01 224200701031858120      31701       3033     0 2454104.288241  1.194674e+01  2.422761e-02  1.194674e+01  2.422761e-02 
   94935369   1.734883e+01   3.671122e-01   1.734883e+01   3.671122e-01 224200701031859170      31701       3033     0 2454104.288993  1.190182e+01  2.297494e-02  1.190182e+01  2.297494e-02 
   95021609   1.700340e+01   2.926797e-01   1.700340e+01   2.926797e-01 224200701041856390      31703       3022     0 2454105.287141  1.192366e+01  1.868885e-02  1.192366e+01  1.868885e-02 
   95021681   1.541709e+01   2.764019e-01   1.541709e+01   2.764019e-01 224200701041857500      31699       3043     0 2454105.287975  1.202999e+01  1.946545e-02  1.202999e+01  1.946545e-02 
   95021746   1.545263e+01   2.667045e-01   1.545263e+01   2.667045e-01 224200701041858560      31699       3043     0 2454105.288727  1.202749e+01  1.873932e-02  1.202749e+01  1.873932e-02 
   95021802   1.483829e+01   2.592512e-01   1.483829e+01   2.592512e-01 224200701041859510      31700       3043     0 2454105.289375  1.207154e+01  1.896979e-02  1.207154e+01  1.896979e-02 
   95107911   1.699017e+01   2.564675e-01   1.699017e+01   2.564675e-01 224200701051855020      31722       3055     0 2454106.286007  1.192451e+01  1.638930e-02  1.192451e+01  1.638930e-02 
   95107967   1.675615e+01   2.440378e-01   1.675615e+01   2.440378e-01 224200701051855570      31722       3055     0 2454106.286655  1.193956e+01  1.581280e-02  1.193956e+01  1.581280e-02 
   95108021   1.714496e+01   2.321360e-01   1.714496e+01   2.321360e-01 224200701051856510      31723       3055     0 2454106.287280  1.191466e+01  1.470049e-02  1.191466e+01  1.470049e-02 
   95108075   1.710703e+01   2.216087e-01   1.710703e+01   2.216087e-01 224200701051857460      31723       3056     0 2454106.287905  1.191706e+01  1.406495e-02  1.191706e+01  1.406495e-02 
   95280700   1.770508e+01   2.332152e-01   1.770508e+01   2.332152e-01 224200701071854530      31745       3044     0 2454108.285880  1.187976e+01  1.430161e-02  1.187976e+01  1.430161e-02 
   95280886   1.961577e+01   2.033971e-01   1.961577e+01   2.033971e-01 224200701071857590      31733       2990     0 2454108.288032  1.176849e+01  1.125810e-02  1.176849e+01  1.125810e-02 
   95280942   2.046207e+01   1.978782e-01   2.046207e+01   1.978782e-01 224200701071858540      31734       2989     0 2454108.288681  1.172263e+01  1.049963e-02  1.172263e+01  1.049963e-02 
   95367163   1.677278e+01   2.513408e-01   1.677278e+01   2.513408e-01 224200701081855580      31741       3066     0 2454109.286609  1.193849e+01  1.626986e-02  1.193849e+01  1.626986e-02 
   95367217   1.637691e+01   2.390057e-01   1.637691e+01   2.390057e-01 224200701081856520      31740       3065     0 2454109.287234  1.196442e+01  1.584536e-02  1.196442e+01  1.584536e-02 
   95367274   1.657361e+01   2.273700e-01   1.657361e+01   2.273700e-01 224200701081857490      31741       3065     0 2454109.287894  1.195146e+01  1.489505e-02  1.195146e+01  1.489505e-02 
   95367330   1.629664e+01   2.168723e-01   1.629664e+01   2.168723e-01 224200701081858450      31741       3064     0 2454109.288542  1.196976e+01  1.444880e-02  1.196976e+01  1.444880e-02 
   95453549   1.629844e+01   2.507985e-01   1.629844e+01   2.507985e-01 224200701091855450      31735       3086     0 2454110.286447  1.196964e+01  1.670724e-02  1.196964e+01  1.670724e-02 
   95453605   1.676329e+01   2.398882e-01   1.676329e+01   2.398882e-01 224200701091856400      31734       3085     0 2454110.287095  1.193910e+01  1.553729e-02  1.193910e+01  1.553729e-02 
   95453659   1.697959e+01   2.288067e-01   1.697959e+01   2.288067e-01 224200701091857350      31735       3085     0 2454110.287720  1.192518e+01  1.463078e-02  1.192518e+01  1.463078e-02 
   95453715   1.694262e+01   2.190346e-01   1.694262e+01   2.190346e-01 224200701091858300      31736       3085     0 2454110.288368  1.192755e+01  1.403648e-02  1.192755e+01  1.403648e-02 
   95539939   1.463162e+01   2.474119e-01   1.463162e+01   2.474119e-01 224200701101855350      31740       3094     0 2454111.286331  1.208677e+01  1.835920e-02  1.208677e+01  1.835920e-02 
   95539993   1.426807e+01   2.345759e-01   1.426807e+01   2.345759e-01 224200701101856300      31740       3093     0 2454111.286956  1.211409e+01  1.785023e-02  1.211409e+01  1.785023e-02 
   95540047   1.431184e+01   2.240584e-01   1.431184e+01   2.240584e-01 224200701101857240      31739       3092     0 2454111.287581  1.211076e+01  1.699776e-02  1.211076e+01  1.699776e-02 
   95540103   1.475355e+01   2.142170e-01   1.475355e+01   2.142170e-01 224200701101858190      31740       3092     0 2454111.288229  1.207776e+01  1.576461e-02  1.207776e+01  1.576461e-02 
   95626322   1.892739e+01   2.651387e-01   1.892739e+01   2.651387e-01 224200701111855200      31762       3084     0 2454112.286134  1.180727e+01  1.520927e-02  1.180727e+01  1.520927e-02 
   95626379   1.766315e+01   2.514780e-01   1.766315e+01   2.514780e-01 224200701111856160      31761       3083     0 2454112.286794  1.188233e+01  1.545815e-02  1.188233e+01  1.545815e-02 
   95626433   1.750688e+01   2.401589e-01   1.750688e+01   2.401589e-01 224200701111857110      31761       3082     0 2454112.287419  1.189198e+01  1.489416e-02  1.189198e+01  1.489416e-02 
   95626489   1.768483e+01   2.301765e-01   1.768483e+01   2.301765e-01 224200701111858070      31761       3082     0 2454112.288067  1.188100e+01  1.413142e-02  1.188100e+01  1.413142e-02 
   95712708   1.780079e+01   2.499167e-01   1.780079e+01   2.499167e-01 224200701121855060      31733       3084     0 2454113.285972  1.187390e+01  1.524339e-02  1.187390e+01  1.524339e-02 
   95712762   1.792522e+01   2.385059e-01   1.792522e+01   2.385059e-01 224200701121856000      31733       3084     0 2454113.286597  1.186634e+01  1.444642e-02  1.186634e+01  1.444642e-02 
   95712816   1.813670e+01   2.289825e-01   1.813670e+01   2.289825e-01 224200701121856550      31733       3083     0 2454113.287222  1.185360e+01  1.370786e-02  1.185360e+01  1.370786e-02 
   95712872   1.818355e+01   2.190944e-01   1.818355e+01   2.190944e-01 224200701121857500      31732       3083     0 2454113.287870  1.185080e+01  1.308213e-02  1.185080e+01  1.308213e-02 
   95799129   1.707208e+01   2.212579e-01   1.707208e+01   2.212579e-01 224200701131855270      31734       3099     0 2454114.286215  1.191928e+01  1.407143e-02  1.191928e+01  1.407143e-02 
   95799183   1.713619e+01   2.120275e-01   1.713619e+01   2.120275e-01 224200701131856210      31733       3099     0 2454114.286840  1.191521e+01  1.343395e-02  1.191521e+01  1.343395e-02 
   95799307   1.542306e+01   1.907296e-01   1.542306e+01   1.907296e-01 224200701131858250      31724       3107     0 2454114.288275  1.202957e+01  1.342683e-02  1.202957e+01  1.342683e-02 
   95799361   1.595361e+01   1.843142e-01   1.595361e+01   1.843142e-01 224200701131859190      31725       3107     0 2454114.288900  1.199285e+01  1.254371e-02  1.199285e+01  1.254371e-02 
   95885599   1.622646e+01   2.129606e-01   1.622646e+01   2.129606e-01 224200701141856390      31736       3106     0 2454115.287025  1.197444e+01  1.424956e-02  1.197444e+01  1.424956e-02 
   95885654   1.615402e+01   2.040379e-01   1.615402e+01   2.040379e-01 224200701141857330      31735       3105     0 2454115.287662  1.197930e+01  1.371375e-02  1.197930e+01  1.371375e-02 
   95885709   1.669209e+01   1.969588e-01   1.669209e+01   1.969588e-01 224200701141858280      31735       3104     0 2454115.288299  1.194372e+01  1.281122e-02  1.194372e+01  1.281122e-02 
   95885840   1.753773e+01   1.831811e-01   1.753773e+01   1.831811e-01 224200701141900400      31738       3101     0 2454115.289815  1.189007e+01  1.134053e-02  1.189007e+01  1.134053e-02 
  124569525   1.634366e+01   2.914883e-01   1.634366e+01   2.914883e-01 221200712121841060      21773       8448     0 2454447.276910  1.196663e+01  1.936411e-02  1.196663e+01  1.936411e-02 
  124570452   1.800532e+01   1.650556e-01   1.800532e+01   1.650556e-01 222200712121856320       2748      17088     0 2454447.287639  1.186150e+01  9.953028e-03  1.186150e+01  9.953028e-03 
  124571584   1.758593e+01   1.323735e-01   1.758593e+01   1.323735e-01 222200712121915250       2769      17035     0 2454447.300741  1.188709e+01  8.172623e-03  1.188709e+01  8.172623e-03 
  124572792   1.705286e+01   1.308891e-01   1.705286e+01   1.308891e-01 222200712121935320       2752      17048     0 2454447.314722  1.192051e+01  8.333589e-03  1.192051e+01  8.333589e-03 
