\OBJNAME = '1SWASP J001243.88-744330.6'
\OBSSTART = '2006-05-11T04:14:48'
\OBSSTOP = '2007-12-12T19:38:43'
\TSTART = 74405760
\TSTOP = 124572981
\JD_REF = 2453005.5
\RA_OBJ = '3.182836'
\DEC_OBJ = '-74.725167'
\WASP_MAG = 11.59306
\HJD_START = 2453866.677778
\HJD_STOP = 2454447.316910
\fixlen = T
\NUMRECORDS = 479
\
\ This file was produced by the NASA Exoplanet Archive  http://exoplanetarchive.ipac.caltech.edu 
\ Sun Sep 15, 22:11:36 2013
\ Documentation for the SuperWASP dataset can be found at http://exoplanetarchive.ipac.caltech.edu/docs/SuperWASPMission.html
\
|TMID      |FLUX2         |FLUX2_ERR     |TAMFLUX2      |TAMFLUX2_ERR  |IMAGEID           |CCDX      |CCDY      |FLAG |           HJD|         MAG2|     MAG2_ERR|      TAMMAG2|  TAMMAG2_ERR|
|int       |float         |float         |float         |float         |char              |int       |int       |int  |        double|        float|        float|        float|        float|
|sec       |micro Vega    |micro Vega    |micro Vega    |micro Vega    |                  |1/16 pixel|1/16 pixel|     |           day|          mag|          mag|          mag|          mag|
|null      |null          |null          |null          |null          |null              |null      |null      |null |          null|         null|         null|         null|         null|
   74405760   2.417555e+01   2.946393e-01   2.417555e+01   2.946393e-01 223200605110414480        581       1918     0 2453866.677778  1.154156e+01  1.323244e-02  1.154156e+01  1.323244e-02 
   74405813   2.484840e+01   3.181007e-01   2.484840e+01   3.181007e-01 223200605110415410        585       1915     0 2453866.678391  1.151175e+01  1.389927e-02  1.151175e+01  1.389927e-02 
   74405897   2.508074e+01   3.492816e-01   2.508074e+01   3.492816e-01 223200605110417040        591       1913     0 2453866.679363  1.150165e+01  1.512033e-02  1.150165e+01  1.512033e-02 
   74405962   2.557766e+01   3.872110e-01   2.557766e+01   3.872110e-01 223200605110418100        598       1890     0 2453866.680116  1.148035e+01  1.643663e-02  1.148035e+01  1.643663e-02 
   74491873   2.699054e+01   3.381708e-01   2.699054e+01   3.381708e-01 223200605120409570        601       1856     0 2453867.674456  1.142197e+01  1.360349e-02  1.142197e+01  1.360349e-02 
   74492011   2.719228e+01   3.492791e-01   2.719228e+01   3.492791e-01 223200605120412150        610       1852     0 2453867.676053  1.141389e+01  1.394610e-02  1.141389e+01  1.394610e-02 
   74492064   2.665227e+01   3.624157e-01   2.665227e+01   3.624157e-01 223200605120413070        613       1851     0 2453867.676667  1.143567e+01  1.476382e-02  1.143567e+01  1.476382e-02 
   74750395   2.558529e+01   4.264319e-01   2.558529e+01   4.264319e-01 223200605150358270        599       1860     0 2453870.666609  1.148002e+01  1.809611e-02  1.148002e+01  1.809611e-02 
   74750455   2.580729e+01   4.201299e-01   2.580729e+01   4.201299e-01 223200605150359270        604       1855     0 2453870.667303  1.147064e+01  1.767531e-02  1.147064e+01  1.767531e-02 
   74750509   2.534716e+01   4.171933e-01   2.534716e+01   4.171933e-01 223200605150400210        608       1855     0 2453870.667928  1.149018e+01  1.787038e-02  1.149018e+01  1.787038e-02 
   74750568   2.500962e+01   4.205115e-01   2.500962e+01   4.205115e-01 223200605150401200        611       1853     0 2453870.668611  1.150473e+01  1.825562e-02  1.150473e+01  1.825562e-02 
   75613653   2.179614e+01   2.036908e-01   2.179614e+01   2.036908e-01 223200605250345300        678       1865     0 2453880.658021  1.165405e+01  1.014653e-02  1.165405e+01  1.014653e-02 
   75613716   2.135889e+01   2.001753e-01   2.135889e+01   2.001753e-01 223200605250346340        687       1840     0 2453880.658750  1.167605e+01  1.017554e-02  1.167605e+01  1.017554e-02 
   75613774   2.144142e+01   2.006750e-01   2.144142e+01   2.006750e-01 223200605250347310        691       1838     0 2453880.659421  1.167187e+01  1.016168e-02  1.167187e+01  1.016168e-02 
   75613842   2.160114e+01   2.012321e-01   2.160114e+01   2.012321e-01 223200605250348400        689       1858     0 2453880.660208  1.166381e+01  1.011455e-02  1.166381e+01  1.011455e-02 
   75700108   2.170621e+01   2.009340e-01   2.170621e+01   2.009340e-01 223200605260346210        698       1855     0 2453881.658657  1.165854e+01  1.005067e-02  1.165854e+01  1.005067e-02 
   75700171   2.168929e+01   1.995420e-01   2.168929e+01   1.995420e-01 223200605260347250        705       1827     0 2453881.659387  1.165939e+01  9.988831e-03  1.165939e+01  9.988831e-03 
   75700238   2.168073e+01   2.002282e-01   2.168073e+01   2.002282e-01 223200605260348310        704       1848     0 2453881.660162  1.165982e+01  1.002715e-02  1.165982e+01  1.002715e-02 
   75700307   2.191436e+01   2.011739e-01   2.191436e+01   2.011739e-01 223200605260349400        710       1821     0 2453881.660961  1.164818e+01  9.967096e-03  1.164818e+01  9.967096e-03 
   76132326   2.103572e+01   1.807431e-01   2.103572e+01   1.807431e-01 223200605310349440        762       1824     0 2453886.661181  1.169261e+01  9.328893e-03  1.169261e+01  9.328893e-03 
   76132393   2.089069e+01   1.803275e-01   2.089069e+01   1.803275e-01 223200605310350510        770       1797     0 2453886.661956  1.170012e+01  9.372061e-03  1.170012e+01  9.372061e-03 
   76132442   2.119319e+01   1.811688e-01   2.119319e+01   1.811688e-01 223200605310351390        771       1796     0 2453886.662523  1.168451e+01  9.281390e-03  1.168451e+01  9.281390e-03 
   76132504   2.133619e+01   1.817982e-01   2.133619e+01   1.817982e-01 223200605310352410        773       1794     0 2453886.663241  1.167721e+01  9.251208e-03  1.167721e+01  9.251208e-03 
   76218797   2.105027e+01   1.828535e-01   2.105027e+01   1.828535e-01 223200606010350510        781       1789     0 2453887.662002  1.169186e+01  9.431293e-03  1.169186e+01  9.431293e-03 
   76218865   2.089436e+01   1.818584e-01   2.089436e+01   1.818584e-01 223200606010351580        781       1807     0 2453887.662789  1.169993e+01  9.449962e-03  1.169993e+01  9.449962e-03 
   76218935   2.113152e+01   1.819268e-01   2.113152e+01   1.819268e-01 223200606010353090        784       1806     0 2453887.663600  1.168767e+01  9.347425e-03  1.168767e+01  9.347425e-03 
   76219021   2.109232e+01   1.839126e-01   2.109232e+01   1.839126e-01 223200606010354350        791       1781     0 2453887.664595  1.168969e+01  9.467014e-03  1.168969e+01  9.467014e-03 
   76478202   2.125227e+01   1.947473e-01   2.125227e+01   1.947473e-01 223200606040354060        792       1780     0 2453890.664375  1.168149e+01  9.949287e-03  1.168149e+01  9.949287e-03 
   76478275   2.079744e+01   1.917502e-01   2.079744e+01   1.917502e-01 223200606040355190        792       1799     0 2453890.665220  1.170498e+01  1.001041e-02  1.170498e+01  1.001041e-02 
   76478351   2.110847e+01   1.918098e-01   2.110847e+01   1.918098e-01 223200606040356360        800       1772     0 2453890.666100  1.168886e+01  9.865972e-03  1.168886e+01  9.865972e-03 
   76478404   2.105936e+01   1.931210e-01   2.105936e+01   1.931210e-01 223200606040357280        802       1770     0 2453890.666713  1.169139e+01  9.956578e-03  1.169139e+01  9.956578e-03 
   76564544   2.195601e+01   3.703123e-01   2.195601e+01   3.703123e-01 223200606050353060        819       1764     0 2453891.663704  1.164612e+01  1.831220e-02  1.164612e+01  1.831220e-02 
   76564603   1.797665e+01   3.536251e-01   1.797665e+01   3.536251e-01 223200606050354050        823       1763     0 2453891.664387  1.186323e+01  2.135797e-02  1.186323e+01  2.135797e-02 
   76564663   1.597235e+01   3.490598e-01   1.597235e+01   3.490598e-01 223200606050355050        826       1760     0 2453891.665081  1.199158e+01  2.372776e-02  1.199158e+01  2.372776e-02 
   76564721   2.227243e+01   3.377754e-01   2.227243e+01   3.377754e-01 223200606050356020        827       1759     0 2453891.665752  1.163058e+01  1.646593e-02  1.163058e+01  1.646593e-02 
   76650915   2.065179e+01   1.864471e-01   2.065179e+01   1.864471e-01 223200606060352330        807       1760     0 2453892.663368  1.171261e+01  9.802208e-03  1.171261e+01  9.802208e-03 
   76651049   2.046252e+01   1.884066e-01   2.046252e+01   1.884066e-01 223200606060354480        814       1758     0 2453892.664919  1.172260e+01  9.996845e-03  1.172260e+01  9.996845e-03 
   76651105   2.020953e+01   1.866573e-01   2.020953e+01   1.866573e-01 223200606060355430        816       1756     0 2453892.665567  1.173611e+01  1.002801e-02  1.173611e+01  1.002801e-02 
   76651181   2.011994e+01   1.850742e-01   2.011994e+01   1.850742e-01 223200606060357000        815       1775     0 2453892.666447  1.174093e+01  9.987228e-03  1.174093e+01  9.987228e-03 
   76737409   2.102254e+01   1.913549e-01   2.102254e+01   1.913549e-01 223200606070354040        818       1762     0 2453893.664456  1.169329e+01  9.882807e-03  1.169329e+01  9.882807e-03 
   76737462   2.093086e+01   1.892630e-01   2.093086e+01   1.892630e-01 223200606070354570        820       1760     0 2453893.665069  1.169803e+01  9.817580e-03  1.169803e+01  9.817580e-03 
   76737517   2.103061e+01   1.898434e-01   2.103061e+01   1.898434e-01 223200606070355530        822       1757     0 2453893.665706  1.169287e+01  9.800979e-03  1.169287e+01  9.800979e-03 
   76737573   2.082410e+01   1.895055e-01   2.082410e+01   1.895055e-01 223200606070356480        824       1755     0 2453893.666354  1.170358e+01  9.880554e-03  1.170358e+01  9.880554e-03 
   76823799   2.091519e+01   1.851647e-01   2.091519e+01   1.851647e-01 223200606080353510        844       1760     0 2453894.664340  1.169885e+01  9.612188e-03  1.169885e+01  9.612188e-03 
   76823858   2.089690e+01   1.852228e-01   2.089690e+01   1.852228e-01 223200606080354510        848       1756     0 2453894.665023  1.169979e+01  9.623617e-03  1.169979e+01  9.623617e-03 
   76823917   2.106147e+01   1.868098e-01   2.106147e+01   1.868098e-01 223200606080355500        850       1754     0 2453894.665706  1.169128e+01  9.630233e-03  1.169128e+01  9.630233e-03 
   76824003   2.088859e+01   1.851483e-01   2.088859e+01   1.851483e-01 223200606080357160        849       1773     0 2453894.666701  1.170023e+01  9.623578e-03  1.170023e+01  9.623578e-03 
   76910225   2.068770e+01   1.857709e-01   2.068770e+01   1.857709e-01 223200606090354140        840       1747     0 2453895.664641  1.171072e+01  9.749698e-03  1.171072e+01  9.749698e-03 
   76910279   2.082680e+01   1.861636e-01   2.082680e+01   1.861636e-01 223200606090355080        843       1745     0 2453895.665266  1.170344e+01  9.705058e-03  1.170344e+01  9.705058e-03 
   76910363   2.090781e+01   1.886792e-01   2.090781e+01   1.886792e-01 223200606090356320        842       1763     0 2453895.666238  1.169923e+01  9.798090e-03  1.169923e+01  9.798090e-03 
   76910435   2.055840e+01   1.851101e-01   2.055840e+01   1.851101e-01 223200606090357440        847       1739     0 2453895.667072  1.171753e+01  9.776124e-03  1.171753e+01  9.776124e-03 
   76996579   2.293553e+01   2.803663e-01   2.293553e+01   2.803663e-01 223200606100353270        846       1748     0 2453896.664109  1.159873e+01  1.327220e-02  1.159873e+01  1.327220e-02 
   76996644   2.267822e+01   2.750048e-01   2.267822e+01   2.750048e-01 223200606100354320        850       1744     0 2453896.664861  1.161098e+01  1.316610e-02  1.161098e+01  1.316610e-02 
   76996705   2.263242e+01   2.737653e-01   2.263242e+01   2.737653e-01 223200606100355320        852       1742     0 2453896.665567  1.161317e+01  1.313328e-02  1.161317e+01  1.313328e-02 
   76996760   2.264521e+01   2.731512e-01   2.264521e+01   2.731512e-01 223200606100356270        853       1740     0 2453896.666204  1.161256e+01  1.309642e-02  1.161256e+01  1.309642e-02 
   77082999   2.558566e+01   4.585643e-01   2.558566e+01   4.585643e-01 223200606110353440        859       1736     0 2453897.664340  1.148001e+01  1.945941e-02  1.148001e+01  1.945941e-02 
   77083076   2.464088e+01   4.548530e-01   2.464088e+01   4.548530e-01 223200606110355000        859       1755     0 2453897.665231  1.152086e+01  2.004198e-02  1.152086e+01  2.004198e-02 
   77083157   2.496884e+01   4.466029e-01   2.496884e+01   4.466029e-01 223200606110356210        865       1730     0 2453897.666169  1.150650e+01  1.941999e-02  1.150650e+01  1.941999e-02 
   77083211   2.450696e+01   4.477601e-01   2.450696e+01   4.477601e-01 223200606110357160        866       1728     0 2453897.666794  1.152678e+01  1.983727e-02  1.152678e+01  1.983727e-02 
   77169265   2.538930e+01   5.485780e-01   2.538930e+01   5.485780e-01 223200606120351270        858       1751     0 2453898.662789  1.148837e+01  2.345922e-02  1.148837e+01  2.345922e-02 
   77169327   2.601550e+01   5.400525e-01   2.601550e+01   5.400525e-01 223200606120352290        865       1727     0 2453898.663507  1.146192e+01  2.253873e-02  1.146192e+01  2.253873e-02 
   77169385   2.490172e+01   5.412341e-01   2.490172e+01   5.412341e-01 223200606120353260        866       1725     0 2453898.664178  1.150943e+01  2.359835e-02  1.150943e+01  2.359835e-02 
   77169445   2.533581e+01   5.456281e-01   2.533581e+01   5.456281e-01 223200606120354260        868       1722     0 2453898.664873  1.149066e+01  2.338233e-02  1.149066e+01  2.338233e-02 
   77514689   2.437716e+01   2.707672e+00   2.437716e+01   2.707672e+00 223200606160348210        867       1693     0 2453902.660752  1.153254e+01  1.205976e-01  1.153254e+01  1.205976e-01 
   77514754   2.727333e+01   3.367517e+00   2.727333e+01   3.367517e+00 223200606160349260        869       1690     0 2453902.661505  1.141065e+01  1.340594e-01  1.141065e+01  1.340594e-01 
   77601374   2.273878e+01   2.474762e-01   2.273878e+01   2.474762e-01 223200606170353030        881       1676     0 2453903.664051  1.160808e+01  1.181659e-02  1.160808e+01  1.181659e-02 
   77601444   2.225501e+01   2.446408e-01   2.225501e+01   2.446408e-01 223200606170354120        879       1695     0 2453903.664861  1.163143e+01  1.193512e-02  1.163143e+01  1.193512e-02 
   77601514   2.191872e+01   2.441849e-01   2.191872e+01   2.441849e-01 223200606170355220        881       1693     0 2453903.665671  1.164796e+01  1.209565e-02  1.164796e+01  1.209565e-02 
   77601571   2.239086e+01   2.481303e-01   2.239086e+01   2.481303e-01 223200606170356190        886       1669     0 2453903.666331  1.162482e+01  1.203191e-02  1.162482e+01  1.203191e-02 
   77687717   2.203818e+01   2.255440e-01   2.203818e+01   2.255440e-01 223200606180352030        902       1669     0 2453904.663391  1.164206e+01  1.111172e-02  1.164206e+01  1.111172e-02 
   77687760   2.245343e+01   2.265611e-01   2.245343e+01   2.265611e-01 223200606180352470        903       1668     0 2453904.663889  1.162179e+01  1.095541e-02  1.162179e+01  1.095541e-02 
   77687828   2.189435e+01   2.246154e-01   2.189435e+01   2.246154e-01 223200606180353550        904       1666     0 2453904.664676  1.164917e+01  1.113867e-02  1.164917e+01  1.113867e-02 
   77687879   2.207707e+01   2.235105e-01   2.207707e+01   2.235105e-01 223200606180354460        906       1665     0 2453904.665266  1.164015e+01  1.099214e-02  1.164015e+01  1.099214e-02 
   77774354   2.222820e+01   2.057845e-01   2.222820e+01   2.057845e-01 223200606190355570        947       1650     0 2453905.666134  1.163274e+01  1.005158e-02  1.163274e+01  1.005158e-02 
   77774410   2.182195e+01   2.048878e-01   2.182195e+01   2.048878e-01 223200606190356530        947       1650     0 2453905.666782  1.165277e+01  1.019409e-02  1.165277e+01  1.019409e-02 
   77774472   2.210810e+01   2.051615e-01   2.210810e+01   2.051615e-01 223200606190357560        947       1649     0 2453905.667500  1.163862e+01  1.007558e-02  1.163862e+01  1.007558e-02 
   77774537   2.213784e+01   2.060951e-01   2.213784e+01   2.060951e-01 223200606190359000        942       1671     0 2453905.668252  1.163716e+01  1.010784e-02  1.163716e+01  1.010784e-02 
   77860767   2.084596e+01   1.862191e-01   2.084596e+01   1.862191e-01 223200606200356080        931       1644     0 2453906.666285  1.170245e+01  9.699027e-03  1.170245e+01  9.699027e-03 
   77860826   2.101316e+01   1.870818e-01   2.101316e+01   1.870818e-01 223200606200357080        932       1643     0 2453906.666968  1.169377e+01  9.666427e-03  1.169377e+01  9.666427e-03 
   77860890   2.096731e+01   1.865048e-01   2.096731e+01   1.865048e-01 223200606200358110        932       1644     0 2453906.667708  1.169614e+01  9.657688e-03  1.169614e+01  9.657688e-03 
   77860955   2.116932e+01   1.860572e-01   2.116932e+01   1.860572e-01 223200606200359170        927       1666     0 2453906.668461  1.168573e+01  9.542571e-03  1.168573e+01  9.542571e-03 
   77947077   2.088605e+01   1.954617e-01   2.088605e+01   1.954617e-01 223200606210354360        926       1642     0 2453907.665243  1.170036e+01  1.016088e-02  1.170036e+01  1.016088e-02 
   77947131   2.117963e+01   1.956725e-01   2.117963e+01   1.956725e-01 223200606210355300        926       1644     0 2453907.665868  1.168520e+01  1.003084e-02  1.168520e+01  1.003084e-02 
   77947209   2.087322e+01   1.955157e-01   2.087322e+01   1.955157e-01 223200606210356480        923       1665     0 2453907.666771  1.170103e+01  1.016993e-02  1.170103e+01  1.016993e-02 
   77947276   2.108383e+01   1.961017e-01   2.108383e+01   1.961017e-01 223200606210357550        927       1643     0 2453907.667546  1.169013e+01  1.009852e-02  1.169013e+01  1.009852e-02 
   78119987   2.112835e+01   1.961910e-01   2.112835e+01   1.961910e-01 223200606230356210        917       1623     0 2453909.666516  1.168784e+01  1.008183e-02  1.168784e+01  1.008183e-02 
   78120041   2.141503e+01   1.969392e-01   2.141503e+01   1.969392e-01 223200606230357150        916       1624     0 2453909.667141  1.167320e+01  9.984799e-03  1.167320e+01  9.984799e-03 
   78120189   2.145767e+01   1.962301e-01   2.145767e+01   1.962301e-01 223200606230359440        915       1629     0 2453909.668854  1.167104e+01  9.929076e-03  1.167104e+01  9.929076e-03 
   78120251   2.154834e+01   1.975833e-01   2.154834e+01   1.975833e-01 223200606230400460        917       1610     0 2453909.669572  1.166646e+01  9.955478e-03  1.166646e+01  9.955478e-03 
   78206446   2.057619e+01   1.826068e-01   2.057619e+01   1.826068e-01 223200606240357190        936       1608     0 2453910.667199  1.171659e+01  9.635583e-03  1.171659e+01  9.635583e-03 
   78206505   2.050829e+01   1.817965e-01   2.050829e+01   1.817965e-01 223200606240358180        933       1611     0 2453910.667882  1.172018e+01  9.624580e-03  1.172018e+01  9.624580e-03 
   78206580   2.060568e+01   1.824230e-01   2.060568e+01   1.824230e-01 223200606240359320        924       1638     0 2453910.668750  1.171503e+01  9.612101e-03  1.171503e+01  9.612101e-03 
   78206639   2.062143e+01   1.834940e-01   2.062143e+01   1.834940e-01 223200606240400310        920       1625     0 2453910.669433  1.171420e+01  9.661151e-03  1.171420e+01  9.661151e-03 
   78292885   1.954525e+01   1.723023e-01   1.954525e+01   1.723023e-01 223200606250357560        938       1590     0 2453911.667650  1.177240e+01  9.571407e-03  1.177240e+01  9.571407e-03 
   78292939   1.970342e+01   1.710354e-01   1.970342e+01   1.710354e-01 223200606250358490        932       1598     0 2453911.668275  1.176365e+01  9.424758e-03  1.176365e+01  9.424758e-03 
   78292990   1.965893e+01   1.721807e-01   1.965893e+01   1.721807e-01 223200606250359400        922       1611     0 2453911.668866  1.176610e+01  9.509345e-03  1.176610e+01  9.509345e-03 
   78293052   1.975811e+01   1.721844e-01   1.975811e+01   1.721844e-01 223200606250400430        922       1610     0 2453911.669583  1.176064e+01  9.461807e-03  1.176064e+01  9.461807e-03 
   78724951   2.112533e+01   1.892894e-01   2.112533e+01   1.892894e-01 223200606300358520        946       1590     0 2453916.668414  1.168799e+01  9.728560e-03  1.168799e+01  9.728560e-03 
   78725028   2.113055e+01   1.889877e-01   2.113055e+01   1.889877e-01 223200606300400090        952       1564     0 2453916.669306  1.168772e+01  9.710658e-03  1.168772e+01  9.710658e-03 
   78725075   2.109400e+01   1.888670e-01   2.109400e+01   1.888670e-01 223200606300400570        953       1563     0 2453916.669850  1.168960e+01  9.721266e-03  1.168960e+01  9.721266e-03 
   78725139   2.090713e+01   1.882744e-01   2.090713e+01   1.882744e-01 223200606300402000        954       1560     0 2453916.670590  1.169926e+01  9.777388e-03  1.169926e+01  9.777388e-03 
   78811387   2.108184e+01   1.932677e-01   2.108184e+01   1.932677e-01 223200607010359260        945       1557     0 2453917.668831  1.169023e+01  9.953519e-03  1.169023e+01  9.953519e-03 
   78811466   2.061506e+01   1.919407e-01   2.061506e+01   1.919407e-01 223200607010400450        943       1576     0 2453917.669745  1.171454e+01  1.010900e-02  1.171454e+01  1.010900e-02 
   78811531   2.026251e+01   1.896803e-01   2.026251e+01   1.896803e-01 223200607010401510        948       1552     0 2453917.670498  1.173327e+01  1.016377e-02  1.173327e+01  1.016377e-02 
   78811582   2.068099e+01   1.914202e-01   2.068099e+01   1.914202e-01 223200607010402420        949       1549     0 2453917.671088  1.171107e+01  1.004945e-02  1.171107e+01  1.004945e-02 
   78897911   1.254897e+01   2.770823e-01   1.254897e+01   2.770823e-01 223200607020401280        957       1542     0 2453918.670266  1.225348e+01  2.397322e-02  1.225348e+01  2.397322e-02 
   78897984   1.025684e+01   1.693061e-01   1.025684e+01   1.693061e-01 223200607020402420        954       1561     0 2453918.671111  1.247247e+01  1.792193e-02  1.247247e+01  1.792193e-02 
   78984199   2.020506e+01   1.822061e-01   2.020506e+01   1.822061e-01 223200607030359350        964       1533     0 2453919.668970  1.173635e+01  9.791034e-03  1.173635e+01  9.791034e-03 
   78984253   2.019071e+01   1.816182e-01   2.019071e+01   1.816182e-01 223200607030400290        966       1531     0 2453919.669595  1.173712e+01  9.766380e-03  1.173712e+01  9.766380e-03 
   78984311   2.043242e+01   1.818671e-01   2.043242e+01   1.818671e-01 223200607030401270        967       1528     0 2453919.670266  1.172420e+01  9.664073e-03  1.172420e+01  9.664073e-03 
   78984366   2.026424e+01   1.823099e-01   2.026424e+01   1.823099e-01 223200607030402220        967       1526     0 2453919.670903  1.173317e+01  9.768000e-03  1.173317e+01  9.768000e-03 
   79070523   2.153416e+01   1.889455e-01   2.153416e+01   1.889455e-01 223200607040358180        960       1512     0 2453920.668090  1.166718e+01  9.526525e-03  1.166718e+01  9.526525e-03 
   79070569   2.152604e+01   1.890210e-01   2.152604e+01   1.890210e-01 223200607040359040        961       1511     0 2453920.668623  1.166759e+01  9.533930e-03  1.166759e+01  9.533930e-03 
   79070635   2.155367e+01   1.890357e-01   2.155367e+01   1.890357e-01 223200607040400090        963       1508     0 2453920.669387  1.166620e+01  9.522447e-03  1.166620e+01  9.522447e-03 
   79070687   2.180434e+01   1.894482e-01   2.180434e+01   1.894482e-01 223200607040401020        963       1506     0 2453920.669988  1.165364e+01  9.433511e-03  1.165364e+01  9.433511e-03 
   79415951   2.091506e+01   1.866602e-01   2.091506e+01   1.866602e-01 223200607080355190        958       1495     0 2453924.666100  1.169885e+01  9.689877e-03  1.169885e+01  9.689877e-03 
   79416108   2.080419e+01   1.855564e-01   2.080419e+01   1.855564e-01 223200607080357570        961       1515     0 2453924.667917  1.170462e+01  9.683916e-03  1.170462e+01  9.683916e-03 
   79416175   2.060077e+01   1.854225e-01   2.060077e+01   1.854225e-01 223200607080359030        966       1490     0 2453924.668692  1.171529e+01  9.772479e-03  1.171529e+01  9.772479e-03 
   79416233   2.076518e+01   1.853778e-01   2.076518e+01   1.853778e-01 223200607080400010        966       1487     0 2453924.669363  1.170666e+01  9.692769e-03  1.170666e+01  9.692769e-03 
   79502438   2.267480e+01   2.328218e-01   2.267480e+01   2.328218e-01 223200607090356460        970       1489     0 2453925.667106  1.161114e+01  1.114823e-02  1.161114e+01  1.114823e-02 
   79502490   2.261868e+01   2.310890e-01   2.261868e+01   2.310890e-01 223200607090357380        971       1487     0 2453925.667708  1.161383e+01  1.109272e-02  1.161383e+01  1.109272e-02 
   79502559   2.289051e+01   2.291240e-01   2.289051e+01   2.291240e-01 223200607090358470        971       1483     0 2453925.668507  1.160086e+01  1.086778e-02  1.160086e+01  1.086778e-02 
   79502713   2.245388e+01   2.268135e-01   2.245388e+01   2.268135e-01 223200607090401200        969       1466     0 2453925.670289  1.162177e+01  1.096739e-02  1.162177e+01  1.096739e-02 
   80278188   1.972252e+01   2.253778e-01   1.972252e+01   2.253778e-01 223200607180325470       1001       1444     0 2453934.645694  1.176259e+01  1.240722e-02  1.176259e+01  1.240722e-02 
   80278250   2.144465e+01   2.185434e-01   2.144465e+01   2.185434e-01 223200607180326500       1005       1418     0 2453934.646412  1.167170e+01  1.106482e-02  1.167170e+01  1.106482e-02 
   80278325   2.351228e+01   2.520718e-01   2.351228e+01   2.520718e-01 223200607180328050       1001       1438     0 2453934.647280  1.157176e+01  1.164006e-02  1.157176e+01  1.164006e-02 
   80278403   1.851590e+01   2.957821e-01   1.851590e+01   2.957821e-01 223200607180329220       1005       1414     0 2453934.648183  1.183114e+01  1.734415e-02  1.183114e+01  1.734415e-02 
   80364280   2.186530e+01   2.054539e-01   2.186530e+01   2.054539e-01 223200607190320380        997       1429     0 2453935.642130  1.165061e+01  1.020199e-02  1.165061e+01  1.020199e-02 
   80364336   2.154800e+01   2.045394e-01   2.154800e+01   2.045394e-01 223200607190321350        997       1428     0 2453935.642778  1.166648e+01  1.030613e-02  1.166648e+01  1.030613e-02 
   80364396   2.177189e+01   2.049855e-01   2.177189e+01   2.049855e-01 223200607190322340        997       1426     0 2453935.643472  1.165526e+01  1.022240e-02  1.165526e+01  1.022240e-02 
   80364457   2.183098e+01   2.047253e-01   2.183098e+01   2.047253e-01 223200607190323360        997       1424     0 2453935.644178  1.165232e+01  1.018179e-02  1.165232e+01  1.018179e-02 
   80450495   2.125688e+01   1.920826e-01   2.125688e+01   1.920826e-01 223200607200317340       1002       1421     0 2453936.639988  1.168125e+01  9.811020e-03  1.168125e+01  9.811020e-03 
   80450556   2.104961e+01   1.913766e-01   2.104961e+01   1.913766e-01 223200607200318350       1001       1419     0 2453936.640694  1.169189e+01  9.871213e-03  1.169189e+01  9.871213e-03 
   80450620   2.110190e+01   1.915352e-01   2.110190e+01   1.915352e-01 223200607200319380       1001       1417     0 2453936.641435  1.168920e+01  9.854916e-03  1.168920e+01  9.854916e-03 
   80450677   2.144836e+01   1.921452e-01   2.144836e+01   1.921452e-01 223200607200320360       1001       1415     0 2453936.642095  1.167151e+01  9.726608e-03  1.167151e+01  9.726608e-03 
   80967425   1.994235e+01   1.778556e-01   1.994235e+01   1.778556e-01 223200607260253020        960       1456     0 2453942.622975  1.175056e+01  9.683161e-03  1.175056e+01  9.683161e-03 
   80967484   2.056704e+01   1.788082e-01   2.056704e+01   1.788082e-01 223200607260254000        961       1454     0 2453942.623657  1.171707e+01  9.439335e-03  1.171707e+01  9.439335e-03 
   80967544   2.047298e+01   1.789474e-01   2.047298e+01   1.789474e-01 223200607260255010        963       1451     0 2453942.624352  1.172205e+01  9.490089e-03  1.172205e+01  9.490089e-03 
   80967600   1.984788e+01   1.774988e-01   1.984788e+01   1.774988e-01 223200607260255560        963       1449     0 2453942.625000  1.175572e+01  9.709733e-03  1.175572e+01  9.709733e-03 
   81053646   2.081345e+01   1.919768e-01   2.081345e+01   1.919768e-01 223200607270250020        957       1452     0 2453943.620903  1.170414e+01  1.001453e-02  1.170414e+01  1.001453e-02 
   81053708   2.118821e+01   1.990236e-01   2.118821e+01   1.990236e-01 223200607270251040        957       1449     0 2453943.621620  1.168476e+01  1.019849e-02  1.168476e+01  1.019849e-02 
   81053764   2.010285e+01   1.929683e-01   2.010285e+01   1.929683e-01 223200607270251590        958       1447     0 2453943.622269  1.174186e+01  1.042208e-02  1.174186e+01  1.042208e-02 
   81053826   2.089221e+01   1.915531e-01   2.089221e+01   1.915531e-01 223200607270253010        959       1445     0 2453943.622986  1.170004e+01  9.954756e-03  1.170004e+01  9.954756e-03 
   81139823   6.411172e+01   3.401398e+00   6.411172e+01   3.401398e+00 223200607280246190        974       1443     0 2453944.618322  1.048266e+01  5.760310e-02  1.048266e+01  5.760310e-02 
   81139882   7.302731e+01   5.825062e+00   7.302731e+01   5.825062e+00 223200607280247170        975       1441     0 2453944.619005  1.034129e+01  8.660462e-02  1.034129e+01  8.660462e-02 
   81139936   5.442128e+01   3.575891e+00   5.442128e+01   3.575891e+00 223200607280248110        975       1439     0 2453944.619630  1.066058e+01  7.134137e-02  1.066058e+01  7.134137e-02 
   82346054   2.601965e+01   4.308674e-01   2.601965e+01   4.308674e-01 224200608110150170      30743       1129     0 2453958.579329  1.146175e+01  1.797911e-02  1.146175e+01  1.797911e-02 
   82346054   2.474866e+01   4.587030e-01   2.474866e+01   4.587030e-01 223200608110150170        972       1479     0 2453958.579329  1.151612e+01  2.012360e-02  1.151612e+01  2.012360e-02 
   82346110   2.682954e+01   4.304015e-01   2.682954e+01   4.304015e-01 224200608110151120      30739       1130     0 2453958.579977  1.142847e+01  1.741752e-02  1.142847e+01  1.741752e-02 
   82346110   2.475138e+01   4.531215e-01   2.475138e+01   4.531215e-01 223200608110151120        975       1477     0 2453958.579977  1.151600e+01  1.987656e-02  1.151600e+01  1.987656e-02 
   82346165   2.648217e+01   4.288829e-01   2.648217e+01   4.288829e-01 224200608110152070      30737       1131     0 2453958.580613  1.144262e+01  1.758373e-02  1.144262e+01  1.758373e-02 
   82346165   2.560760e+01   4.510403e-01   2.560760e+01   4.510403e-01 223200608110152070        975       1473     0 2453958.580613  1.147908e+01  1.912371e-02  1.147908e+01  1.912371e-02 
   82346224   2.660065e+01   4.239241e-01   2.660065e+01   4.239241e-01 224200608110153070      30736       1133     0 2453958.581296  1.143777e+01  1.730301e-02  1.143777e+01  1.730301e-02 
   82346224   2.533211e+01   4.485621e-01   2.533211e+01   4.485621e-01 223200608110153070        975       1471     0 2453958.581296  1.149082e+01  1.922547e-02  1.149082e+01  1.922547e-02 
   82518410   3.685050e+01   4.288565e-01   3.685050e+01   4.288565e-01 224200608130142530      30701       1206     0 2453960.574190  1.108389e+01  1.263556e-02  1.108389e+01  1.263556e-02 
   82518410   2.354062e+01   3.103767e-01   2.354062e+01   3.103767e-01 223200608130142530        974       1453     0 2453960.574190  1.157046e+01  1.431519e-02  1.157046e+01  1.431519e-02 
   82518469   3.644370e+01   4.275219e-01   3.644370e+01   4.275219e-01 224200608130143530      30697       1208     0 2453960.574873  1.109594e+01  1.273684e-02  1.109594e+01  1.273684e-02 
   82518469   2.346169e+01   3.118913e-01   2.346169e+01   3.118913e-01 223200608130143520        976       1450     0 2453960.574873  1.157410e+01  1.443344e-02  1.157410e+01  1.443344e-02 
   82518531   3.616232e+01   4.266543e-01   3.616232e+01   4.266543e-01 224200608130144550      30696       1209     0 2453960.575590  1.110436e+01  1.280990e-02  1.110436e+01  1.280990e-02 
   82518531   2.374933e+01   3.127891e-01   2.374933e+01   3.127891e-01 223200608130144550        974       1445     0 2453960.575590  1.156087e+01  1.429967e-02  1.156087e+01  1.429967e-02 
   82518609   3.639791e+01   4.283050e-01   3.639791e+01   4.283050e-01 224200608130146120      30698       1189     0 2453960.576493  1.109731e+01  1.277622e-02  1.109731e+01  1.277622e-02 
   82518609   2.343393e+01   3.140546e-01   2.343393e+01   3.140546e-01 223200608130146120        971       1464     0 2453960.576493  1.157539e+01  1.455077e-02  1.157539e+01  1.455077e-02 
   82604591   2.510381e+01   2.454320e-01   2.510381e+01   2.454320e-01 224200608140139160      30675       1217     0 2453961.571655  1.150065e+01  1.061494e-02  1.150065e+01  1.061494e-02 
   82604591   2.271402e+01   2.603659e-01   2.271402e+01   2.603659e-01 223200608140139160        974       1470     0 2453961.571655  1.160927e+01  1.244561e-02  1.160927e+01  1.244561e-02 
   82604647   2.483865e+01   2.440181e-01   2.483865e+01   2.440181e-01 224200608140140120      30671       1217     0 2453961.572303  1.151218e+01  1.066645e-02  1.151218e+01  1.066645e-02 
   82604647   2.234859e+01   2.645382e-01   2.234859e+01   2.645382e-01 223200608140140120        981       1466     0 2453961.572303  1.162687e+01  1.285181e-02  1.162687e+01  1.285181e-02 
   82604704   2.473587e+01   2.484780e-01   2.473587e+01   2.484780e-01 224200608140141080      30667       1214     0 2453961.572963  1.151668e+01  1.090653e-02  1.151668e+01  1.090653e-02 
   82604704   2.273041e+01   2.685001e-01   2.273041e+01   2.685001e-01 223200608140141080        994       1464     0 2453961.572963  1.160848e+01  1.282517e-02  1.160848e+01  1.282517e-02 
   82604758   2.481076e+01   2.488220e-01   2.481076e+01   2.488220e-01 224200608140142030      30667       1216     0 2453961.573588  1.151340e+01  1.088866e-02  1.151340e+01  1.088866e-02 
   82604758   2.287298e+01   2.724216e-01   2.287298e+01   2.724216e-01 223200608140142030        994       1462     0 2453961.573588  1.160169e+01  1.293137e-02  1.160169e+01  1.293137e-02 
   82863063   2.504994e+01   1.916160e-01   2.504994e+01   1.916160e-01 224200608170127120      30686       1193     0 2453964.563229  1.150298e+01  8.305212e-03  1.150298e+01  8.305212e-03 
   82863063   2.204743e+01   2.128803e-01   2.204743e+01   2.128803e-01 223200608170127120        964       1479     0 2453964.563229  1.164161e+01  1.048343e-02  1.164161e+01  1.048343e-02 
   82863131   2.491044e+01   1.909741e-01   2.491044e+01   1.909741e-01 224200608170128190      30677       1215     0 2453964.564016  1.150905e+01  8.323750e-03  1.150905e+01  8.323750e-03 
   82863131   2.176940e+01   2.125045e-01   2.176940e+01   2.125045e-01 223200608170128190        972       1449     0 2453964.564016  1.165538e+01  1.059858e-02  1.165538e+01  1.059858e-02 
   82863187   2.526510e+01   1.908995e-01   2.526510e+01   1.908995e-01 224200608170129150      30675       1215     0 2453964.564664  1.149370e+01  8.203697e-03  1.149370e+01  8.203697e-03 
   82863187   2.206420e+01   2.134133e-01   2.206420e+01   2.134133e-01 223200608170129150        973       1447     0 2453964.564664  1.164078e+01  1.050169e-02  1.164078e+01  1.050169e-02 
   82863247   2.524443e+01   1.902602e-01   2.524443e+01   1.902602e-01 224200608170130160      30674       1217     0 2453964.565359  1.149459e+01  8.182919e-03  1.149459e+01  8.182919e-03 
   82863247   2.219426e+01   2.135073e-01   2.219426e+01   2.135073e-01 223200608170130160        973       1445     0 2453964.565359  1.163440e+01  1.044475e-02  1.163440e+01  1.044475e-02 
   82949236   2.578107e+01   1.725040e-01   2.578107e+01   1.725040e-01 224200608180123250      30747       1163     0 2453965.560602  1.147175e+01  7.264805e-03  1.147175e+01  7.264805e-03 
   82949236   2.075129e+01   1.865522e-01   2.075129e+01   1.865522e-01 223200608180123250        968       1429     0 2453965.560602  1.170739e+01  9.760700e-03  1.170739e+01  9.760700e-03 
   82949298   2.586284e+01   1.728240e-01   2.586284e+01   1.728240e-01 224200608180124270      30741       1164     0 2453965.561319  1.146831e+01  7.255271e-03  1.146831e+01  7.255271e-03 
   82949298   2.014452e+01   1.850061e-01   2.014452e+01   1.850061e-01 223200608180124270        971       1428     0 2453965.561319  1.173961e+01  9.971375e-03  1.173961e+01  9.971375e-03 
   82949361   2.551880e+01   1.713575e-01   2.551880e+01   1.713575e-01 224200608180125310      30740       1166     0 2453965.562049  1.148285e+01  7.290690e-03  1.148285e+01  7.290690e-03 
   82949361   2.057272e+01   1.851846e-01   2.057272e+01   1.851846e-01 223200608180125310        970       1424     0 2453965.562049  1.171677e+01  9.773253e-03  1.171677e+01  9.773253e-03 
   82949452   2.596556e+01   1.737980e-01   2.596556e+01   1.737980e-01 224200608180127020      30743       1147     0 2453965.563102  1.146401e+01  7.267297e-03  1.146401e+01  7.267297e-03 
   82949452   2.020800e+01   1.852171e-01   2.020800e+01   1.852171e-01 223200608180127020        967       1441     0 2453965.563102  1.173619e+01  9.951388e-03  1.173619e+01  9.951388e-03 
   83724660   2.509529e+01   1.683811e-01   2.509529e+01   1.683811e-01 224200608270047250      30723       1202     0 2453974.535417  1.150102e+01  7.284959e-03  1.150102e+01  7.284959e-03 
   83724660   2.064779e+01   1.842360e-01   2.064779e+01   1.842360e-01 223200608270047250        948       1478     0 2453974.535417  1.171282e+01  9.687838e-03  1.171282e+01  9.687838e-03 
   83724724   2.526534e+01   1.693828e-01   2.526534e+01   1.693828e-01 224200608270048280      30716       1224     0 2453974.536157  1.149369e+01  7.278971e-03  1.149369e+01  7.278971e-03 
   83724724   2.057202e+01   1.841061e-01   2.057202e+01   1.841061e-01 223200608270048280        951       1446     0 2453974.536157  1.171681e+01  9.716659e-03  1.171681e+01  9.716659e-03 
   83724799   2.469103e+01   1.676296e-01   2.469103e+01   1.676296e-01 224200608270049440      30719       1205     0 2453974.537025  1.151865e+01  7.371183e-03  1.151865e+01  7.371183e-03 
   83724799   2.103708e+01   1.853252e-01   2.103708e+01   1.853252e-01 223200608270049440        948       1464     0 2453974.537025  1.169254e+01  9.564779e-03  1.169254e+01  9.564779e-03 
   83724861   2.479565e+01   1.680470e-01   2.479565e+01   1.680470e-01 224200608270050460      30715       1227     0 2453974.537743  1.151406e+01  7.358360e-03  1.151406e+01  7.358360e-03 
   83724861   2.072783e+01   1.844641e-01   2.072783e+01   1.844641e-01 223200608270050460        952       1438     0 2453974.537743  1.170862e+01  9.662375e-03  1.170862e+01  9.662375e-03 
   83810827   2.429314e+01   1.614616e-01   2.429314e+01   1.614616e-01 224200608280043330      30719       1205     0 2453975.532720  1.153629e+01  7.216249e-03  1.153629e+01  7.216249e-03 
   83810827   2.042138e+01   1.814570e-01   2.042138e+01   1.814570e-01 223200608280043330        953       1468     0 2453975.532720  1.172479e+01  9.647494e-03  1.172479e+01  9.647494e-03 
   83810879   2.425293e+01   1.618571e-01   2.425293e+01   1.618571e-01 224200608280044250      30717       1207     0 2453975.533322  1.153809e+01  7.245916e-03  1.153809e+01  7.245916e-03 
   83810879   2.061455e+01   1.820986e-01   2.061455e+01   1.820986e-01 223200608280044250        954       1465     0 2453975.533322  1.171457e+01  9.590884e-03  1.171457e+01  9.590884e-03 
   83810950   2.044011e+01   1.808411e-01   2.044011e+01   1.808411e-01 223200608280045350        953       1461     0 2453975.534144  1.172379e+01  9.605936e-03  1.172379e+01  9.605936e-03 
   83810951   2.410044e+01   1.609888e-01   2.410044e+01   1.609888e-01 224200608280045360      30717       1209     0 2453975.534155  1.154494e+01  7.252644e-03  1.154494e+01  7.252644e-03 
   83811007   2.461081e+01   1.620497e-01   2.461081e+01   1.620497e-01 224200608280046320      30716       1210     0 2453975.534803  1.152219e+01  7.149045e-03  1.152219e+01  7.149045e-03 
   83811007   2.042232e+01   1.812528e-01   2.042232e+01   1.812528e-01 223200608280046320        953       1458     0 2453975.534803  1.172474e+01  9.636191e-03  1.172474e+01  9.636191e-03 
   84328658   2.619599e+01   3.351622e-01   2.619599e+01   3.351622e-01 224200609030034170      30724       1265     0 2453981.526134  1.145441e+01  1.389140e-02  1.145441e+01  1.389140e-02 
   84328658   2.316894e+01   3.457062e-01   2.316894e+01   3.457062e-01 223200609030034170        942       1398     0 2453981.526134  1.158773e+01  1.620044e-02  1.158773e+01  1.620044e-02 
   84328730   2.534711e+01   3.408709e-01   2.534711e+01   3.408709e-01 224200609030035290      30726       1245     0 2453981.526968  1.149018e+01  1.460116e-02  1.149018e+01  1.460116e-02 
   84328730   2.270746e+01   3.522377e-01   2.270746e+01   3.522377e-01 223200609030035280        938       1416     0 2453981.526968  1.160958e+01  1.684197e-02  1.160958e+01  1.684197e-02 
   84328797   2.554893e+01   3.493347e-01   2.554893e+01   3.493347e-01 224200609030036350      30724       1266     0 2453981.527743  1.148157e+01  1.484550e-02  1.148157e+01  1.484550e-02 
   84328797   2.294356e+01   3.684581e-01   2.294356e+01   3.684581e-01 223200609030036350        939       1384     0 2453981.527743  1.159835e+01  1.743625e-02  1.159835e+01  1.743625e-02 
   84328854   2.534557e+01   3.531326e-01   2.534557e+01   3.531326e-01 224200609030037320      30722       1266     0 2453981.528403  1.149024e+01  1.512731e-02  1.149024e+01  1.512731e-02 
   84328854   2.263336e+01   3.570510e-01   2.263336e+01   3.570510e-01 223200609030037320        940       1382     0 2453981.528403  1.161313e+01  1.712801e-02  1.161313e+01  1.712801e-02 
   84500164   2.541725e+01   4.697141e-01   2.541725e+01   4.697141e-01 224200609050012480      30723       1216     0 2453983.511157  1.148718e+01  2.006462e-02  1.148718e+01  2.006462e-02 
   84500164   2.440927e+01   5.148873e-01   2.440927e+01   5.148873e-01 223200609050012480        950       1462     0 2453983.511157  1.153111e+01  2.290252e-02  1.153111e+01  2.290252e-02 
   84500224   2.524773e+01   4.660117e-01   2.524773e+01   4.660117e-01 224200609050013480      30719       1216     0 2453983.511852  1.149444e+01  2.004012e-02  1.149444e+01  2.004012e-02 
   84500224   2.535231e+01   5.156460e-01   2.535231e+01   5.156460e-01 223200609050013480        952       1459     0 2453983.511852  1.148996e+01  2.208310e-02  1.148996e+01  2.208310e-02 
   84500286   2.399586e+01   4.668854e-01   2.399586e+01   4.668854e-01 224200609050014500      30717       1217     0 2453983.512569  1.154966e+01  2.112515e-02  1.154966e+01  2.112515e-02 
   84500286   2.426155e+01   5.125544e-01   2.426155e+01   5.125544e-01 223200609050014500        952       1455     0 2453983.512569  1.153770e+01  2.293756e-02  1.153770e+01  2.293756e-02 
   84500364   2.485206e+01   4.663566e-01   2.485206e+01   4.663566e-01 224200609050016080      30720       1197     0 2453983.513472  1.151159e+01  2.037425e-02  1.151159e+01  2.037425e-02 
   84500364   2.396640e+01   5.100057e-01   2.396640e+01   5.100057e-01 223200609050016080        948       1474     0 2453983.513472  1.155099e+01  2.310458e-02  1.155099e+01  2.310458e-02 
   84844838   2.437686e+01   6.446558e-01   2.437686e+01   6.446558e-01 224200609082357310      30724       1186     0 2453987.500440  1.153256e+01  2.871283e-02  1.153256e+01  2.871283e-02 
   84844838   2.572459e+01   6.876562e-01   2.572459e+01   6.876562e-01 223200609082357310        961       1470     0 2453987.500440  1.147413e+01  2.902343e-02  1.147413e+01  2.902343e-02 
   84844894   2.455392e+01   6.969110e-01   2.455392e+01   6.969110e-01 223200609082358260        962       1465     0 2453987.501088  1.152470e+01  3.081643e-02  1.152470e+01  3.081643e-02 
   84844895   2.537986e+01   6.461064e-01   2.537986e+01   6.461064e-01 224200609082358270      30722       1188     0 2453987.501100  1.148878e+01  2.764017e-02  1.148878e+01  2.764017e-02 
   84844951   2.543932e+01   6.468105e-01   2.543932e+01   6.468105e-01 224200609082359230      30722       1189     0 2453987.501748  1.148624e+01  2.760561e-02  1.148624e+01  2.760561e-02 
   84844951   2.477021e+01   6.938226e-01   2.477021e+01   6.938226e-01 223200609082359230        962       1463     0 2453987.501748  1.151518e+01  3.041198e-02  1.151518e+01  3.041198e-02 
   84845013   2.386378e+01   6.470171e-01   2.386378e+01   6.470171e-01 224200609090000260      30721       1191     0 2453987.502465  1.155565e+01  2.943759e-02  1.155565e+01  2.943759e-02 
   84845013   2.431444e+01   6.880032e-01   2.431444e+01   6.880032e-01 223200609090000260        961       1460     0 2453987.502465  1.153534e+01  3.072218e-02  1.153534e+01  3.072218e-02 
   85017137   2.480443e+01   3.580915e-01   2.480443e+01   3.580915e-01 224200609102349160      30735       1230     0 2453989.494641  1.151368e+01  1.567439e-02  1.151368e+01  1.567439e-02 
   85017137   2.384737e+01   3.921464e-01   2.384737e+01   3.921464e-01 223200609102349160        935       1424     0 2453989.494641  1.155640e+01  1.785392e-02  1.155640e+01  1.785392e-02 
   85017204   2.377678e+01   4.573348e-01   2.377678e+01   4.573348e-01 224200609102350220      30733       1230     0 2453989.495417  1.155962e+01  2.088368e-02  1.155962e+01  2.088368e-02 
   85017204   2.333508e+01   4.951606e-01   2.333508e+01   4.951606e-01 223200609102350220        937       1421     0 2453989.495417  1.157998e+01  2.303895e-02  1.157998e+01  2.303895e-02 
   85017263   2.636319e+01   4.283890e-01   2.636319e+01   4.283890e-01 224200609102351210      30731       1232     0 2453989.496100  1.144750e+01  1.764274e-02  1.144750e+01  1.764274e-02 
   85017263   2.417959e+01   4.450815e-01   2.417959e+01   4.450815e-01 223200609102351210        937       1419     0 2453989.496100  1.154138e+01  1.998556e-02  1.154138e+01  1.998556e-02 
   85017321   2.487982e+01   4.111873e-01   2.487982e+01   4.111873e-01 224200609102352200      30731       1232     0 2453989.496771  1.151038e+01  1.794396e-02  1.151038e+01  1.794396e-02 
   85017321   2.469838e+01   4.534308e-01   2.469838e+01   4.534308e-01 223200609102352200        935       1411     0 2453989.496771  1.151833e+01  1.993280e-02  1.151833e+01  1.993280e-02 
   85361729   2.502078e+01   1.679296e-01   2.502078e+01   1.679296e-01 224200609142332380      30709       1213     0 2453993.482975  1.150425e+01  7.287057e-03  1.150425e+01  7.287057e-03 
   85361729   2.069123e+01   1.815028e-01   2.069123e+01   1.815028e-01 223200609142332380        939       1377     0 2453993.482975  1.171053e+01  9.524072e-03  1.171053e+01  9.524072e-03 
   85361782   2.494837e+01   1.671083e-01   2.494837e+01   1.671083e-01 224200609142333310      30705       1213     0 2453993.483588  1.150739e+01  7.272467e-03  1.150739e+01  7.272467e-03 
   85361786   2.055622e+01   1.804849e-01   2.055622e+01   1.804849e-01 223200609142333360        940       1374     0 2453993.483634  1.171764e+01  9.532865e-03  1.171764e+01  9.532865e-03 
   85361847   2.497918e+01   1.669126e-01   2.497918e+01   1.669126e-01 224200609142334370      30703       1214     0 2453993.484340  1.150605e+01  7.254987e-03  1.150605e+01  7.254987e-03 
   85361847   2.027343e+01   1.803657e-01   2.027343e+01   1.803657e-01 223200609142334370        941       1370     0 2453993.484340  1.173268e+01  9.659454e-03  1.173268e+01  9.659454e-03 
   85361922   2.502296e+01   1.677659e-01   2.502296e+01   1.677659e-01 224200609142335520      30705       1194     0 2453993.485208  1.150415e+01  7.279321e-03  1.150415e+01  7.279321e-03 
   85361922   2.045407e+01   1.810550e-01   2.045407e+01   1.810550e-01 223200609142335520        936       1389     0 2453993.485208  1.172305e+01  9.610734e-03  1.172305e+01  9.610734e-03 
   85620627   2.802943e+01   1.933329e-01   2.802943e+01   1.933329e-01 224200609172327440      30739       1177     0 2453996.479479  1.138096e+01  7.488887e-03  1.138096e+01  7.488887e-03 
   85620627   2.163395e+01   2.010188e-01   2.163395e+01   2.010188e-01 223200609172327440        908       1381     0 2453996.479479  1.166216e+01  1.008850e-02  1.166216e+01  1.008850e-02 
   85620686   2.753130e+01   1.923435e-01   2.753130e+01   1.923435e-01 224200609172328430      30737       1178     0 2453996.480162  1.140043e+01  7.585367e-03  1.140043e+01  7.585367e-03 
   85620686   2.126433e+01   1.986350e-01   2.126433e+01   1.986350e-01 223200609172328430        909       1377     0 2453996.480162  1.168087e+01  1.014215e-02  1.168087e+01  1.014215e-02 
   85620749   2.791563e+01   1.926055e-01   2.791563e+01   1.926055e-01 224200609172329460      30736       1180     0 2453996.480891  1.138538e+01  7.491125e-03  1.138538e+01  7.491125e-03 
   85620749   2.097230e+01   1.979362e-01   2.097230e+01   1.979362e-01 223200609172329460        909       1374     0 2453996.480891  1.169588e+01  1.024719e-02  1.169588e+01  1.024719e-02 
   85620803   2.855388e+01   1.938417e-01   2.855388e+01   1.938417e-01 224200609172330410      30735       1182     0 2453996.481516  1.136084e+01  7.370688e-03  1.136084e+01  7.370688e-03 
   85620803   2.184686e+01   2.017429e-01   2.184686e+01   2.017429e-01 223200609172330410        909       1371     0 2453996.481516  1.165153e+01  1.002617e-02  1.165153e+01  1.002617e-02 
   85706423   2.829189e+01   1.901926e-01   2.829189e+01   1.901926e-01 224200609182317440      30739       1134     0 2453997.472488  1.137084e+01  7.298902e-03  1.137084e+01  7.298902e-03 
   85706423   2.107984e+01   1.974645e-01   2.107984e+01   1.974645e-01 223200609182317440        913       1354     0 2453997.472488  1.169033e+01  1.017062e-02  1.169033e+01  1.017062e-02 
   85706486   2.767226e+01   1.902458e-01   2.767226e+01   1.902458e-01 224200609182318460      30731       1156     0 2453997.473218  1.139489e+01  7.464421e-03  1.139489e+01  7.464421e-03 
   85706486   2.020126e+01   1.958757e-01   2.020126e+01   1.958757e-01 223200609182318460        916       1332     0 2453997.473218  1.173655e+01  1.052757e-02  1.173655e+01  1.052757e-02 
   85706541   2.822977e+01   1.912136e-01   2.822977e+01   1.912136e-01 224200609182319420      30729       1157     0 2453997.473854  1.137323e+01  7.354229e-03  1.137323e+01  7.354229e-03 
   85706541   2.121373e+01   1.976757e-01   2.121373e+01   1.976757e-01 223200609182319410        917       1330     0 2453997.473854  1.168346e+01  1.011724e-02  1.168346e+01  1.011724e-02 
   85706618   2.823898e+01   1.904837e-01   2.823898e+01   1.904837e-01 224200609182320580      30732       1138     0 2453997.474745  1.137288e+01  7.323771e-03  1.137288e+01  7.323771e-03 
   85706618   2.107708e+01   1.974867e-01   2.107708e+01   1.974867e-01 223200609182320580        913       1351     0 2453997.474745  1.169047e+01  1.017310e-02  1.169047e+01  1.017310e-02 
   85878736   2.625151e+01   1.794325e-01   2.625151e+01   1.794325e-01 224200609202309430      30714       1179     0 2453999.466852  1.145211e+01  7.421175e-03  1.145211e+01  7.421175e-03 
   85878736   2.107042e+01   1.915294e-01   2.107042e+01   1.915294e-01 223200609202309430        914       1407     0 2453999.466852  1.169082e+01  9.869341e-03  1.169082e+01  9.869341e-03 
   85878793   2.592906e+01   1.782477e-01   2.592906e+01   1.782477e-01 224200609202310410      30708       1180     0 2453999.467512  1.146553e+01  7.463851e-03  1.146553e+01  7.463851e-03 
   85878793   2.115996e+01   1.930251e-01   2.115996e+01   1.930251e-01 223200609202310400        916       1405     0 2453999.467512  1.168621e+01  9.904321e-03  1.168621e+01  9.904321e-03 
   85878854   2.599790e+01   1.771550e-01   2.599790e+01   1.771550e-01 224200609202311410      30704       1181     0 2453999.468218  1.146265e+01  7.398452e-03  1.146265e+01  7.398452e-03 
   85878854   2.140353e+01   1.945423e-01   2.140353e+01   1.945423e-01 223200609202311410        917       1402     0 2453999.468218  1.167379e+01  9.868573e-03  1.167379e+01  9.868573e-03 
   85878914   2.621272e+01   1.774365e-01   2.621272e+01   1.774365e-01 224200609202312420      30703       1185     0 2453999.468912  1.145372e+01  7.349484e-03  1.145372e+01  7.349484e-03 
   85878914   2.101885e+01   1.931231e-01   2.101885e+01   1.931231e-01 223200609202312420        917       1399     0 2453999.468912  1.169348e+01  9.975874e-03  1.169348e+01  9.975874e-03 
   85964859   2.507479e+01   1.676350e-01   2.507479e+01   1.676350e-01 224200609212305090      30706       1199     0 2454000.463646  1.150191e+01  7.258606e-03  1.150191e+01  7.258606e-03 
   85964859   2.143728e+01   1.849765e-01   2.143728e+01   1.849765e-01 223200609212305090        928       1402     0 2454000.463646  1.167208e+01  9.368557e-03  1.167208e+01  9.368557e-03 
   85965012   2.476528e+01   1.669440e-01   2.476528e+01   1.669440e-01 224200609212307420      30702       1201     0 2454000.465417  1.151539e+01  7.319030e-03  1.151539e+01  7.319030e-03 
   85965012   2.108066e+01   1.836622e-01   2.108066e+01   1.836622e-01 223200609212307420        930       1394     0 2454000.465417  1.169029e+01  9.459353e-03  1.169029e+01  9.459353e-03 
   85965075   2.460851e+01   1.674272e-01   2.460851e+01   1.674272e-01 224200609212308460      30699       1203     0 2454000.466146  1.152229e+01  7.386973e-03  1.152229e+01  7.386973e-03 
   85965075   2.126393e+01   1.840193e-01   2.126393e+01   1.840193e-01 223200609212308460        931       1391     0 2454000.466146  1.168089e+01  9.396058e-03  1.168089e+01  9.396058e-03 
   85965131   2.519562e+01   1.684147e-01   2.519562e+01   1.684147e-01 224200609212309410      30698       1205     0 2454000.466794  1.149669e+01  7.257394e-03  1.149669e+01  7.257394e-03 
   85965131   2.113746e+01   1.834753e-01   2.113746e+01   1.834753e-01 223200609212309410        932       1389     0 2454000.466794  1.168737e+01  9.424331e-03  1.168737e+01  9.424331e-03 
   86404973   2.491736e+01   1.700924e-01   2.491736e+01   1.700924e-01 224200609270120390      30807       1424     0 2454005.557558  1.150875e+01  7.411544e-03  1.150875e+01  7.411544e-03 
   86404973   2.070219e+01   1.877152e-01   2.070219e+01   1.877152e-01 223200609270120390        793       1044     0 2454005.557558  1.170996e+01  9.844850e-03  1.170996e+01  9.844850e-03 
   86405032   2.452328e+01   1.697809e-01   2.452328e+01   1.697809e-01 224200609270121390      30803       1446     0 2454005.558241  1.152605e+01  7.516854e-03  1.152605e+01  7.516854e-03 
   86405034   2.110757e+01   1.887780e-01   2.110757e+01   1.887780e-01 223200609270121400        796       1019     0 2454005.558264  1.168890e+01  9.710437e-03  1.168890e+01  9.710437e-03 
   86405102   2.470616e+01   1.704932e-01   2.470616e+01   1.704932e-01 224200609270122490      30805       1444     0 2454005.559051  1.151799e+01  7.492518e-03  1.151799e+01  7.492518e-03 
   86405102   2.052781e+01   1.877090e-01   2.052781e+01   1.877090e-01 223200609270122490        795       1016     0 2454005.559051  1.171914e+01  9.928152e-03  1.171914e+01  9.928152e-03 
   86405161   2.440208e+01   1.700083e-01   2.440208e+01   1.700083e-01 224200609270123480      30804       1444     0 2454005.559734  1.153143e+01  7.564306e-03  1.153143e+01  7.564306e-03 
   86405163   2.152163e+01   1.910360e-01   2.152163e+01   1.910360e-01 223200609270123490        794       1015     0 2454005.559757  1.166781e+01  9.637532e-03  1.166781e+01  9.637532e-03 
   87688144   2.125693e+01   1.679258e-01   2.125693e+01   1.679258e-01 223200610112147440        591       1211     0 2454020.409074  1.168125e+01  8.577146e-03  1.168125e+01  8.577146e-03 
   87688218   2.124419e+01   1.675911e-01   2.124419e+01   1.675911e-01 223200610112148580        594       1185     0 2454020.409931  1.168190e+01  8.565180e-03  1.168190e+01  8.565180e-03 
   87688272   2.156440e+01   1.686139e-01   2.156440e+01   1.686139e-01 223200610112149520        594       1182     0 2454020.410556  1.166566e+01  8.489495e-03  1.166566e+01  8.489495e-03 
   87860489   2.234797e+01   1.866714e-01   2.234797e+01   1.866714e-01 223200610132140170        554       1233     0 2454022.403808  1.162690e+01  9.069129e-03  1.162690e+01  9.069129e-03 
   87860556   2.233912e+01   1.864834e-01   2.233912e+01   1.864834e-01 223200610132141240        554       1229     0 2454022.404583  1.162733e+01  9.063581e-03  1.162733e+01  9.063581e-03 
   87860612   2.270189e+01   1.878768e-01   2.270189e+01   1.878768e-01 223200610132142200        553       1226     0 2454022.405231  1.160985e+01  8.985391e-03  1.160985e+01  8.985391e-03 
   87860672   2.252424e+01   1.870635e-01   2.252424e+01   1.870635e-01 223200610132143190        553       1224     0 2454022.405926  1.161837e+01  9.017055e-03  1.161837e+01  9.017055e-03 
   88033102   2.189476e+01   1.782515e-01   2.189476e+01   1.782515e-01 223200610152137170        550       1263     0 2454024.401644  1.164915e+01  8.839321e-03  1.164915e+01  8.839321e-03 
   88033163   2.157945e+01   1.771469e-01   2.157945e+01   1.771469e-01 223200610152138180        550       1258     0 2454024.402350  1.166490e+01  8.912900e-03  1.166490e+01  8.912900e-03 
   88033218   2.156320e+01   1.768859e-01   2.156320e+01   1.768859e-01 223200610152139130        548       1254     0 2454024.402986  1.166572e+01  8.906478e-03  1.166572e+01  8.906478e-03 
   88033277   2.174580e+01   1.769434e-01   2.174580e+01   1.769434e-01 223200610152140120        548       1250     0 2454024.403669  1.165656e+01  8.834557e-03  1.165656e+01  8.834557e-03 
   88377424   2.131647e+01   1.760759e-01   2.131647e+01   1.760759e-01 223200610192116140        534       1278     0 2454028.386852  1.167821e+01  8.968311e-03  1.167821e+01  8.968311e-03 
   88377476   2.141168e+01   1.770497e-01   2.141168e+01   1.770497e-01 223200610192117070        533       1275     0 2454028.387454  1.167337e+01  8.977809e-03  1.167337e+01  8.977809e-03 
   88377561   2.168917e+01   1.774683e-01   2.168917e+01   1.774683e-01 223200610192118310        529       1293     0 2454028.388438  1.165939e+01  8.883900e-03  1.165939e+01  8.883900e-03 
   88377623   2.120438e+01   1.765831e-01   2.120438e+01   1.765831e-01 223200610192119340        529       1290     0 2454028.389155  1.168394e+01  9.041685e-03  1.168394e+01  9.041685e-03 
   88463589   2.142311e+01   1.708458e-01   2.142311e+01   1.708458e-01 223200610202112230        558       1235     0 2454029.384132  1.167279e+01  8.658602e-03  1.167279e+01  8.658602e-03 
   88463661   2.127635e+01   1.702857e-01   2.127635e+01   1.702857e-01 223200610202113350        555       1230     0 2454029.384965  1.168026e+01  8.689743e-03  1.168026e+01  8.689743e-03 
   88463724   2.134580e+01   1.713464e-01   2.134580e+01   1.713464e-01 223200610202114380        555       1227     0 2454029.385694  1.167672e+01  8.715418e-03  1.167672e+01  8.715418e-03 
   88463783   2.148469e+01   1.712516e-01   2.148469e+01   1.712516e-01 223200610202115380        554       1225     0 2454029.386377  1.166968e+01  8.654286e-03  1.166968e+01  8.654286e-03 
   88551538   2.075804e+01   1.792376e-01   2.075804e+01   1.792376e-01 223200610212138150        552       1172     0 2454030.402060  1.170703e+01  9.374940e-03  1.170703e+01  9.374940e-03 
   88551670   2.192166e+01   1.832300e-01   2.192166e+01   1.832300e-01 223200610212140270        549       1162     0 2454030.403588  1.164782e+01  9.075046e-03  1.164782e+01  9.075046e-03 
   88637673   1.024049e+01   1.607658e+00   1.024049e+01   1.607658e+00 223200610222133550        550       1185     0 2454031.398993  1.247420e+01  1.704507e-01  1.247420e+01  1.704507e-01 
   88637748   2.430566e+01   1.687066e+00   2.430566e+01   1.687066e+00 223200610222135100        545       1203     0 2454031.399861  1.153573e+01  7.536165e-02  1.153573e+01  7.536165e-02 
   88637810   1.039030e+01   2.511174e+00   1.039030e+01   2.511174e+00 223200610222136110        545       1200     0 2454031.400579  1.245843e+01  2.624066e-01  1.245843e+01  2.624066e-01 
   88640061   8.591321e+00   2.461434e+00   8.591321e+00   2.461434e+00 223200610222213430        543       1078     0 2454031.426632  1.266485e+01  3.110671e-01  1.266485e+01  3.110671e-01 
   88722090   2.156020e+01   1.743014e-01   2.156020e+01   1.743014e-01 223200610232100550        540       1264     0 2454032.376042  1.166587e+01  8.777564e-03  1.166587e+01  8.777564e-03 
   88722144   2.143246e+01   1.736800e-01   2.143246e+01   1.736800e-01 223200610232101500        541       1261     0 2454032.376667  1.167232e+01  8.798396e-03  1.167232e+01  8.798396e-03 
   88722206   2.185521e+01   1.752862e-01   2.185521e+01   1.752862e-01 223200610232102520        541       1259     0 2454032.377384  1.165111e+01  8.707999e-03  1.165111e+01  8.707999e-03 
   88722273   2.152000e+01   1.748946e-01   2.152000e+01   1.748946e-01 223200610232103590        541       1256     0 2454032.378160  1.166789e+01  8.823886e-03  1.166789e+01  8.823886e-03 
   88980535   2.148652e+01   1.857479e-01   2.148652e+01   1.857479e-01 223200610262048320        542       1318     0 2454035.367303  1.166959e+01  9.386067e-03  1.166959e+01  9.386067e-03 
   88980589   2.166848e+01   1.852965e-01   2.166848e+01   1.852965e-01 223200610262049260        542       1315     0 2454035.367928  1.166043e+01  9.284629e-03  1.166043e+01  9.284629e-03 
   88980649   2.150568e+01   1.842284e-01   2.150568e+01   1.842284e-01 223200610262050270        542       1312     0 2454035.368623  1.166862e+01  9.300994e-03  1.166862e+01  9.300994e-03 
   88980713   2.159242e+01   1.860825e-01   2.159242e+01   1.860825e-01 223200610262051300        538       1303     0 2454035.369363  1.166425e+01  9.356856e-03  1.166425e+01  9.356856e-03 
   89066651   2.221006e+01   1.938898e-01   2.221006e+01   1.938898e-01 223200610272043520        562       1290     0 2454036.364016  1.163363e+01  9.478313e-03  1.163363e+01  9.478313e-03 
   89066714   2.182202e+01   1.928968e-01   2.182202e+01   1.928968e-01 223200610272044550        562       1287     0 2454036.364745  1.165276e+01  9.597451e-03  1.165276e+01  9.597451e-03 
   89066770   2.197072e+01   1.926792e-01   2.197072e+01   1.926792e-01 223200610272045520        561       1283     0 2454036.365394  1.164539e+01  9.521743e-03  1.164539e+01  9.521743e-03 
   89066835   2.200281e+01   1.927515e-01   2.200281e+01   1.927515e-01 223200610272046560        561       1281     0 2454036.366146  1.164380e+01  9.511426e-03  1.164380e+01  9.511426e-03 
   89152849   2.231549e+01   2.440643e-01   2.231549e+01   2.440643e-01 223200610282040350        546       1304     0 2454037.361678  1.162848e+01  1.187473e-02  1.162848e+01  1.187473e-02 
   89152922   1.820378e+01   2.172456e-01   1.820378e+01   2.172456e-01 223200610282041480        548       1275     0 2454037.362523  1.184960e+01  1.295732e-02  1.184960e+01  1.295732e-02 
   89152983   1.970252e+01   1.979715e-01   1.970252e+01   1.979715e-01 223200610282042490        548       1272     0 2454037.363229  1.176370e+01  1.090955e-02  1.176370e+01  1.090955e-02 
   89238971   2.340011e+01   2.339716e-01   2.340011e+01   2.339716e-01 223200610292035590        540       1266     0 2454038.358461  1.157696e+01  1.085603e-02  1.157696e+01  1.085603e-02 
   89239026   2.308389e+01   2.326369e-01   2.308389e+01   2.326369e-01 223200610292036550        541       1263     0 2454038.359097  1.159173e+01  1.094197e-02  1.159173e+01  1.094197e-02 
   89239073   2.366770e+01   2.361558e-01   2.366770e+01   2.361558e-01 223200610292037410        539       1255     0 2454038.359641  1.156461e+01  1.083349e-02  1.156461e+01  1.083349e-02 
   89239151   2.313352e+01   2.346787e-01   2.313352e+01   2.346787e-01 223200610292038590        539       1253     0 2454038.360544  1.158940e+01  1.101432e-02  1.158940e+01  1.101432e-02 
   89411347   2.313951e+01   2.923008e-01   2.313951e+01   2.923008e-01 223200610312029020        533       1266     0 2454040.353553  1.158911e+01  1.371518e-02  1.158911e+01  1.371518e-02 
   89411420   2.348369e+01   2.893061e-01   2.348369e+01   2.893061e-01 223200610312030160        530       1283     0 2454040.354398  1.157308e+01  1.337572e-02  1.157308e+01  1.337572e-02 
   89411490   2.290363e+01   2.960746e-01   2.290363e+01   2.960746e-01 223200610312031250        532       1254     0 2454040.355208  1.160024e+01  1.403533e-02  1.160024e+01  1.403533e-02 
   89411547   2.359437e+01   2.947167e-01   2.359437e+01   2.947167e-01 223200610312032230        532       1251     0 2454040.355868  1.156798e+01  1.356196e-02  1.156798e+01  1.356196e-02 
   89506205   2.392814e+01   3.307658e-01   2.392814e+01   3.307658e-01 223200611012250050        463        882     0 2454041.451447  1.155273e+01  1.500851e-02  1.155273e+01  1.500851e-02 
   89506278   2.488560e+01   3.373020e-01   2.488560e+01   3.373020e-01 223200611012251190        465        855     0 2454041.452292  1.151013e+01  1.471623e-02  1.151013e+01  1.471623e-02 
   89506335   2.411506e+01   3.352574e-01   2.411506e+01   3.352574e-01 223200611012252160        464        853     0 2454041.452951  1.154428e+01  1.509441e-02  1.154428e+01  1.509441e-02 
   89506397   2.418248e+01   3.352388e-01   2.418248e+01   3.352388e-01 223200611012253170        463        850     0 2454041.453669  1.154125e+01  1.505148e-02  1.154125e+01  1.505148e-02 
   89842107   2.546177e+01   4.606137e-01   2.546177e+01   4.606137e-01 223200611052008420        545       1268     0 2454045.339201  1.148528e+01  1.964148e-02  1.148528e+01  1.964148e-02 
   89842165   2.635130e+01   4.589039e-01   2.635130e+01   4.589039e-01 223200611052009400        545       1264     0 2454045.339873  1.144800e+01  1.890800e-02  1.144800e+01  1.890800e-02 
   89842238   2.549890e+01   4.614333e-01   2.549890e+01   4.614333e-01 223200611052010530        545       1260     0 2454045.340718  1.148370e+01  1.964777e-02  1.148370e+01  1.964777e-02 
   89842297   2.536150e+01   4.646808e-01   2.536150e+01   4.646808e-01 223200611052011520        545       1258     0 2454045.341400  1.148956e+01  1.989325e-02  1.148956e+01  1.989325e-02 
   89928291   2.388768e+01   3.515680e-01   2.388768e+01   3.515680e-01 223200611062005110        548       1285     0 2454046.336701  1.155457e+01  1.597943e-02  1.155457e+01  1.597943e-02 
   89928360   2.361373e+01   3.491892e-01   2.361373e+01   3.491892e-01 223200611062006190        548       1280     0 2454046.337500  1.156709e+01  1.605544e-02  1.156709e+01  1.605544e-02 
   89928414   2.389906e+01   3.500208e-01   2.389906e+01   3.500208e-01 223200611062007140        548       1278     0 2454046.338125  1.155405e+01  1.590153e-02  1.155405e+01  1.590153e-02 
   89928478   2.405120e+01   3.529406e-01   2.405120e+01   3.529406e-01 223200611062008180        548       1275     0 2454046.338866  1.154716e+01  1.593275e-02  1.154716e+01  1.593275e-02 
   90014479   2.179624e+01   2.462806e-01   2.179624e+01   2.462806e-01 223200611072001430        555       1292     0 2454047.334248  1.165405e+01  1.226802e-02  1.165405e+01  1.226802e-02 
   90014533   2.293150e+01   2.323769e-01   2.293150e+01   2.323769e-01 223200611072002370        556       1289     0 2454047.334873  1.159892e+01  1.100237e-02  1.159892e+01  1.100237e-02 
   90014622   2.299948e+01   2.406086e-01   2.299948e+01   2.406086e-01 223200611072004050        551       1307     0 2454047.335903  1.159571e+01  1.135845e-02  1.159571e+01  1.135845e-02 
   90014684   2.313098e+01   2.442249e-01   2.313098e+01   2.442249e-01 223200611072005080        550       1303     0 2454047.336620  1.158951e+01  1.146362e-02  1.158951e+01  1.146362e-02 
   90272969   2.344150e+01   2.033628e-01   2.344150e+01   2.033628e-01 223200611101950030        551       1276     0 2454050.326030  1.157504e+01  9.419158e-03  1.157504e+01  9.419158e-03 
   90273023   2.294323e+01   2.024922e-01   2.294323e+01   2.024922e-01 223200611101950570        551       1273     0 2454050.326655  1.159836e+01  9.582519e-03  1.159836e+01  9.582519e-03 
   90273071   2.375784e+01   2.080241e-01   2.375784e+01   2.080241e-01 223200611101951450        551       1269     0 2454050.327211  1.156048e+01  9.506759e-03  1.156048e+01  9.506759e-03 
   90273136   2.375144e+01   2.045555e-01   2.375144e+01   2.045555e-01 223200611101952500        550       1267     0 2454050.327963  1.156077e+01  9.350763e-03  1.156077e+01  9.350763e-03 
   90617585   2.189466e+01   1.806172e-01   2.189466e+01   1.806172e-01 223200611141933540        542       1299     0 2454054.314641  1.164915e+01  8.956673e-03  1.164915e+01  8.956673e-03 
   90617647   2.157577e+01   1.789393e-01   2.157577e+01   1.789393e-01 223200611141934560        542       1295     0 2454054.315359  1.166508e+01  9.004620e-03  1.166508e+01  9.004620e-03 
   90617707   2.178907e+01   1.809615e-01   2.178907e+01   1.809615e-01 223200611141935570        546       1269     0 2454054.316053  1.165440e+01  9.017234e-03  1.165440e+01  9.017234e-03 
   90617758   2.219936e+01   1.815079e-01   2.219936e+01   1.815079e-01 223200611141936470        546       1268     0 2454054.316644  1.163415e+01  8.877302e-03  1.163415e+01  8.877302e-03 
   93120134   2.370288e+01   2.906359e-01   2.370288e+01   2.906359e-01 223200612131844400       1216       1105     0 2454083.279329  1.156300e+01  1.331294e-02  1.156300e+01  1.331294e-02 
   93120193   2.375270e+01   2.755423e-01   2.375270e+01   2.755423e-01 223200612131845380       1217       1103     0 2454083.280012  1.156072e+01  1.259508e-02  1.156072e+01  1.259508e-02 
   93120269   2.331189e+01   2.570596e-01   2.331189e+01   2.570596e-01 223200612131846550       1213       1121     0 2454083.280891  1.158106e+01  1.197243e-02  1.158106e+01  1.197243e-02 
   93120333   2.350583e+01   2.478641e-01   2.350583e+01   2.478641e-01 223200612131847580       1217       1097     0 2454083.281632  1.157206e+01  1.144890e-02  1.157206e+01  1.144890e-02 
   93292968   2.372338e+01   3.391811e-01   2.372338e+01   3.391811e-01 223200612151845190       1190       1077     0 2454085.279722  1.156206e+01  1.552319e-02  1.156206e+01  1.552319e-02 
   93293022   2.417395e+01   3.215218e-01   2.417395e+01   3.215218e-01 223200612151846130       1190       1074     0 2454085.280347  1.154163e+01  1.444071e-02  1.154163e+01  1.444071e-02 
   93293076   2.415655e+01   3.042458e-01   2.415655e+01   3.042458e-01 223200612151847070       1189       1072     0 2454085.280972  1.154241e+01  1.367463e-02  1.154241e+01  1.367463e-02 
   93293130   2.376285e+01   2.896985e-01   2.376285e+01   2.896985e-01 223200612151848010       1189       1070     0 2454085.281597  1.156025e+01  1.323651e-02  1.156025e+01  1.323651e-02 
   93467310   2.206671e+01   1.882704e-01   2.206671e+01   1.882704e-01 223200612171911070       1539        903     0 2454087.297569  1.164066e+01  9.263396e-03  1.164066e+01  9.263396e-03 
   93467366   2.195681e+01   1.862180e-01   2.195681e+01   1.862180e-01 223200612171912030       1537        900     0 2454087.298218  1.164608e+01  9.208274e-03  1.164608e+01  9.208274e-03 
   93467426   2.207059e+01   1.850673e-01   2.207059e+01   1.850673e-01 223200612171913020       1536        898     0 2454087.298912  1.164047e+01  9.104196e-03  1.164047e+01  9.104196e-03 
   93467496   2.208352e+01   1.863534e-01   2.208352e+01   1.863534e-01 223200612171914130       1530        915     0 2454087.299722  1.163983e+01  9.162096e-03  1.163983e+01  9.162096e-03 
   93556668   2.181305e+01   1.848582e-01   2.181305e+01   1.848582e-01 223200612182000260        598        835     0 2454088.331806  1.165321e+01  9.201279e-03  1.165321e+01  9.201279e-03 
   93556726   2.179432e+01   1.838157e-01   2.179432e+01   1.838157e-01 223200612182001250        597        833     0 2454088.332477  1.165414e+01  9.157254e-03  1.165414e+01  9.157254e-03 
   93556795   2.141832e+01   1.829326e-01   2.141832e+01   1.829326e-01 223200612182002330        596        830     0 2454088.333275  1.167304e+01  9.273244e-03  1.167304e+01  9.273244e-03 
   93556859   2.146365e+01   1.837196e-01   2.146365e+01   1.837196e-01 223200612182003370        595        828     0 2454088.334016  1.167074e+01  9.293467e-03  1.167074e+01  9.293467e-03 
   93725368   2.369557e+01   2.899382e-01   2.369557e+01   2.899382e-01 223200612201852110        657        991     0 2454090.284352  1.156333e+01  1.328508e-02  1.156333e+01  1.328508e-02 
   93725427   2.375119e+01   2.767579e-01   2.375119e+01   2.767579e-01 223200612201853100        656        989     0 2454090.285035  1.156079e+01  1.265146e-02  1.156079e+01  1.265146e-02 
   93725484   2.323676e+01   2.651246e-01   2.323676e+01   2.651246e-01 223200612201854080        656        987     0 2454090.285694  1.158456e+01  1.238797e-02  1.158456e+01  1.238797e-02 
   93725546   2.296028e+01   2.543061e-01   2.296028e+01   2.543061e-01 223200612201855100        655        985     0 2454090.286412  1.159756e+01  1.202556e-02  1.159756e+01  1.202556e-02 
   94935177   2.517182e+01   4.169660e-01   2.517182e+01   4.169660e-01 224200701031856070      29951       1089     0 2454104.286771  1.149771e+01  1.798506e-02  1.149771e+01  1.798506e-02 
   94935177   2.443015e+01   5.009030e-01   2.443015e+01   5.009030e-01 223200701031856070        597        838     0 2454104.286771  1.153018e+01  2.226144e-02  1.153018e+01  2.226144e-02 
   94935243   2.519145e+01   4.121887e-01   2.519145e+01   4.121887e-01 224200701031857140      29951       1088     0 2454104.287535  1.149687e+01  1.776515e-02  1.149687e+01  1.776515e-02 
   94935243   2.475578e+01   4.938698e-01   2.475578e+01   4.938698e-01 223200701031857140        597        837     0 2454104.287535  1.151581e+01  2.166016e-02  1.151581e+01  2.166016e-02 
   94935301   2.489182e+01   4.075159e-01   2.489182e+01   4.075159e-01 224200701031858120      29951       1088     0 2454104.288206  1.150986e+01  1.777517e-02  1.150986e+01  1.777517e-02 
   94935301   2.326284e+01   4.846320e-01   2.326284e+01   4.846320e-01 223200701031858120        596        835     0 2454104.288206  1.158334e+01  2.261909e-02  1.158334e+01  2.261909e-02 
   94935366   2.565006e+01   4.024880e-01   2.565006e+01   4.024880e-01 224200701031859170      29951       1088     0 2454104.288958  1.147728e+01  1.703689e-02  1.147728e+01  1.703689e-02 
   94935366   2.584854e+01   4.771204e-01   2.584854e+01   4.771204e-01 223200701031859170        595        833     0 2454104.288958  1.146891e+01  2.004093e-02  1.146891e+01  2.004093e-02 
   95021606   2.483858e+01   3.174948e-01   2.483858e+01   3.174948e-01 224200701041856390      29953       1076     0 2454105.287106  1.151218e+01  1.387828e-02  1.151218e+01  1.387828e-02 
   95021606   2.427127e+01   3.796097e-01   2.427127e+01   3.796097e-01 223200701041856390        595        851     0 2454105.287106  1.153727e+01  1.698129e-02  1.153727e+01  1.698129e-02 
   95021678   2.421445e+01   3.036089e-01   2.421445e+01   3.036089e-01 224200701041857500      29949       1098     0 2454105.287940  1.153981e+01  1.361337e-02  1.153981e+01  1.361337e-02 
   95021678   2.371926e+01   3.633503e-01   2.371926e+01   3.633503e-01 223200701041857500        598        827     0 2454105.287940  1.156225e+01  1.663222e-02  1.156225e+01  1.663222e-02 
   95021743   2.430970e+01   2.930454e-01   2.430970e+01   2.930454e-01 224200701041858560      29949       1098     0 2454105.288692  1.153555e+01  1.308824e-02  1.153555e+01  1.308824e-02 
   95021743   2.459407e+01   3.499642e-01   2.459407e+01   3.499642e-01 223200701041858560        597        825     0 2454105.288692  1.152292e+01  1.544967e-02  1.152292e+01  1.544967e-02 
   95021799   2.459097e+01   2.854279e-01   2.459097e+01   2.854279e-01 224200701041859510      29950       1098     0 2454105.289340  1.152306e+01  1.260221e-02  1.152306e+01  1.260221e-02 
   95021799   2.355889e+01   3.384621e-01   2.355889e+01   3.384621e-01 223200701041859510        597        824     0 2454105.289340  1.156961e+01  1.559844e-02  1.156961e+01  1.559844e-02 
   95107908   2.483742e+01   2.867024e-01   2.483742e+01   2.867024e-01 224200701051855020      29972       1110     0 2454106.285972  1.151223e+01  1.253288e-02  1.151223e+01  1.253288e-02 
   95107908   2.427864e+01   3.405334e-01   2.427864e+01   3.405334e-01 223200701051855020        571        820     0 2454106.285972  1.153694e+01  1.522864e-02  1.153694e+01  1.522864e-02 
   95107964   2.470529e+01   2.735403e-01   2.470529e+01   2.735403e-01 224200701051855570      29972       1110     0 2454106.286620  1.151803e+01  1.202146e-02  1.151803e+01  1.202146e-02 
   95107964   2.387082e+01   3.207147e-01   2.387082e+01   3.207147e-01 223200701051855570        571        818     0 2454106.286620  1.155533e+01  1.458738e-02  1.155533e+01  1.458738e-02 
   95108018   2.428450e+01   2.607747e-01   2.428450e+01   2.607747e-01 224200701051856510      29973       1110     0 2454106.287245  1.153668e+01  1.165902e-02  1.153668e+01  1.165902e-02 
   95108018   2.427848e+01   3.056787e-01   2.427848e+01   3.056787e-01 223200701051856510        570        816     0 2454106.287245  1.153695e+01  1.367003e-02  1.153695e+01  1.367003e-02 
   95108072   2.449792e+01   2.498061e-01   2.449792e+01   2.498061e-01 224200701051857460      29973       1110     0 2454106.287870  1.152718e+01  1.107132e-02  1.152718e+01  1.107132e-02 
   95108072   2.336996e+01   2.902479e-01   2.336996e+01   2.902479e-01 223200701051857460        569        814     0 2454106.287870  1.157835e+01  1.348456e-02  1.157835e+01  1.348456e-02 
   95280696   2.601192e+01   2.670723e-01   2.601192e+01   2.670723e-01 224200701071854530      29995       1098     0 2454108.285833  1.146207e+01  1.114763e-02  1.146207e+01  1.114763e-02 
   95280697   2.427737e+01   3.083993e-01   2.427737e+01   3.083993e-01 223200701071854540        548        802     0 2454108.285845  1.153700e+01  1.379233e-02  1.153700e+01  1.379233e-02 
   95280826   2.571400e+01   2.390578e-01   2.571400e+01   2.390578e-01 224200701071857030      29982       1043     0 2454108.287338  1.147458e+01  1.009390e-02  1.147458e+01  1.009390e-02 
   95280826   2.340831e+01   2.728797e-01   2.340831e+01   2.728797e-01 223200701071857030        567        824     0 2454108.287338  1.157658e+01  1.265689e-02  1.157658e+01  1.265689e-02 
   95280882   2.599434e+01   2.305286e-01   2.599434e+01   2.305286e-01 224200701071857590      29983       1044     0 2454108.287986  1.146280e+01  9.628793e-03  1.146280e+01  9.628793e-03 
   95280882   2.297674e+01   2.598272e-01   2.297674e+01   2.598272e-01 223200701071857590        566        822     0 2454108.287986  1.159678e+01  1.227784e-02  1.159678e+01  1.227784e-02 
   95280938   2.569052e+01   2.212851e-01   2.569052e+01   2.212851e-01 224200701071858540      29984       1043     0 2454108.288634  1.147557e+01  9.352013e-03  1.147557e+01  9.352013e-03 
   95280938   2.237994e+01   2.470251e-01   2.237994e+01   2.470251e-01 223200701071858540        565        820     0 2454108.288634  1.162535e+01  1.198417e-02  1.162535e+01  1.198417e-02 
   95367160   2.322200e+01   2.763013e-01   2.322200e+01   2.763013e-01 224200701081855580      29991       1120     0 2454109.286574  1.158525e+01  1.291841e-02  1.158525e+01  1.291841e-02 
   95367160   2.403487e+01   3.399736e-01   2.403487e+01   3.399736e-01 223200701081855580        551        792     0 2454109.286574  1.154790e+01  1.535781e-02  1.154790e+01  1.535781e-02 
   95367214   2.391673e+01   2.634225e-01   2.391673e+01   2.634225e-01 224200701081856520      29990       1120     0 2454109.287199  1.155325e+01  1.195850e-02  1.155325e+01  1.195850e-02 
   95367216   2.397976e+01   3.217462e-01   2.397976e+01   3.217462e-01 223200701081856530        551        791     0 2454109.287222  1.155039e+01  1.456782e-02  1.155039e+01  1.456782e-02 
   95367271   2.376487e+01   2.512109e-01   2.376487e+01   2.512109e-01 224200701081857490      29991       1119     0 2454109.287859  1.156016e+01  1.147701e-02  1.156016e+01  1.147701e-02 
   95367271   2.373036e+01   3.049557e-01   2.373036e+01   3.049557e-01 223200701081857490        549        789     0 2454109.287859  1.156174e+01  1.395270e-02  1.156174e+01  1.395270e-02 
   95367327   2.354969e+01   2.401517e-01   2.354969e+01   2.401517e-01 224200701081858450      29991       1119     0 2454109.288507  1.157004e+01  1.107201e-02  1.157004e+01  1.107201e-02 
   95367327   2.418030e+01   2.902226e-01   2.418030e+01   2.902226e-01 223200701081858450        548        788     0 2454109.288507  1.154135e+01  1.303153e-02  1.154135e+01  1.303153e-02 
   95453546   2.500471e+01   2.814192e-01   2.500471e+01   2.814192e-01 224200701091855450      29985       1141     0 2454110.286412  1.150495e+01  1.221962e-02  1.150495e+01  1.221962e-02 
   95453546   2.393173e+01   3.324092e-01   2.393173e+01   3.324092e-01 223200701091855450        554        788     0 2454110.286412  1.155256e+01  1.508082e-02  1.155256e+01  1.508082e-02 
   95453602   2.337770e+01   3.145494e-01   2.337770e+01   3.145494e-01 223200701091856400        554        788     0 2454110.287060  1.157800e+01  1.460875e-02  1.157800e+01  1.460875e-02 
   95453656   2.477998e+01   2.551199e-01   2.477998e+01   2.551199e-01 224200701091857350      29985       1139     0 2454110.287685  1.151475e+01  1.117813e-02  1.151475e+01  1.117813e-02 
   95453656   2.381679e+01   2.993953e-01   2.381679e+01   2.993953e-01 223200701091857350        553        786     0 2454110.287685  1.155779e+01  1.364858e-02  1.155779e+01  1.364858e-02 
   95453712   2.495353e+01   2.453397e-01   2.495353e+01   2.453397e-01 224200701091858300      29986       1139     0 2454110.288333  1.150717e+01  1.067485e-02  1.150717e+01  1.067485e-02 
   95453712   2.392402e+01   2.856024e-01   2.392402e+01   2.856024e-01 223200701091858300        551        785     0 2454110.288333  1.155291e+01  1.296145e-02  1.155291e+01  1.296145e-02 
   95539936   2.472132e+01   2.798100e-01   2.472132e+01   2.798100e-01 224200701101855350      29990       1148     0 2454111.286296  1.151732e+01  1.228903e-02  1.151732e+01  1.228903e-02 
   95539936   2.442545e+01   3.312039e-01   2.442545e+01   3.312039e-01 223200701101855350        551        782     0 2454111.286296  1.153039e+01  1.472240e-02  1.153039e+01  1.472240e-02 
   95539990   2.435842e+01   2.664083e-01   2.435842e+01   2.664083e-01 224200701101856300      29990       1147     0 2454111.286921  1.153338e+01  1.187475e-02  1.153338e+01  1.187475e-02 
   95539990   2.444114e+01   3.149354e-01   2.444114e+01   3.149354e-01 223200701101856300        550        781     0 2454111.286921  1.152970e+01  1.399027e-02  1.152970e+01  1.399027e-02 
   95540044   2.471757e+01   2.556921e-01   2.471757e+01   2.556921e-01 224200701101857240      29990       1147     0 2454111.287546  1.151749e+01  1.123149e-02  1.151749e+01  1.123149e-02 
   95540044   2.362725e+01   2.984865e-01   2.362725e+01   2.984865e-01 223200701101857240        550        780     0 2454111.287546  1.156647e+01  1.371631e-02  1.156647e+01  1.371631e-02 
   95540100   2.438017e+01   2.448006e-01   2.438017e+01   2.448006e-01 224200701101858190      29990       1146     0 2454111.288194  1.153241e+01  1.090188e-02  1.153241e+01  1.090188e-02 
   95540100   2.297026e+01   2.834685e-01   2.297026e+01   2.834685e-01 223200701101858190        549        779     0 2454111.288194  1.159708e+01  1.339876e-02  1.159708e+01  1.339876e-02 
   95626319   2.581870e+01   2.997532e-01   2.581870e+01   2.997532e-01 224200701111855200      30012       1138     0 2454112.286100  1.147016e+01  1.260536e-02  1.147016e+01  1.260536e-02 
   95626320   2.365105e+01   3.392304e-01   2.365105e+01   3.392304e-01 223200701111855210        533        762     0 2454112.286111  1.156537e+01  1.557292e-02  1.156537e+01  1.557292e-02 
   95626376   2.504995e+01   2.847667e-01   2.504995e+01   2.847667e-01 224200701111856160      30012       1137     0 2454112.286759  1.150298e+01  1.234264e-02  1.150298e+01  1.234264e-02 
   95626376   2.337188e+01   3.202935e-01   2.337188e+01   3.202935e-01 223200701111856160        532        761     0 2454112.286759  1.157827e+01  1.487923e-02  1.157827e+01  1.487923e-02 
   95626430   2.510721e+01   2.726369e-01   2.510721e+01   2.726369e-01 224200701111857110      30012       1137     0 2454112.287384  1.150050e+01  1.178995e-02  1.150050e+01  1.178995e-02 
   95626430   2.361000e+01   3.045156e-01   2.361000e+01   3.045156e-01 223200701111857110        531        759     0 2454112.287384  1.156726e+01  1.400359e-02  1.156726e+01  1.400359e-02 
   95626486   2.558340e+01   2.618936e-01   2.558340e+01   2.618936e-01 224200701111858070      30011       1136     0 2454112.288032  1.148010e+01  1.111457e-02  1.148010e+01  1.111457e-02 
   95626486   2.380162e+01   2.904263e-01   2.380162e+01   2.904263e-01 223200701111858070        531        759     0 2454112.288032  1.155848e+01  1.324815e-02  1.155848e+01  1.324815e-02 
   95712703   2.321172e+01   3.151019e-01   2.321172e+01   3.151019e-01 223200701121855050        561        756     0 2454113.285914  1.158573e+01  1.473905e-02  1.158573e+01  1.473905e-02 
   95712705   2.521981e+01   2.774693e-01   2.521981e+01   2.774693e-01 224200701121855060      29984       1138     0 2454113.285938  1.149565e+01  1.194535e-02  1.149565e+01  1.194535e-02 
   95712759   2.508815e+01   2.649022e-01   2.508815e+01   2.649022e-01 224200701121856000      29983       1138     0 2454113.286563  1.150133e+01  1.146418e-02  1.150133e+01  1.146418e-02 
   95712759   2.353496e+01   2.993025e-01   2.353496e+01   2.993025e-01 223200701121856000        561        756     0 2454113.286563  1.157072e+01  1.380775e-02  1.157072e+01  1.380775e-02 
   95712813   2.490388e+01   2.535396e-01   2.490388e+01   2.535396e-01 224200701121856550      29984       1137     0 2454113.287187  1.150933e+01  1.105362e-02  1.150933e+01  1.105362e-02 
   95712813   2.371843e+01   2.853878e-01   2.371843e+01   2.853878e-01 223200701121856550        560        754     0 2454113.287187  1.156229e+01  1.306397e-02  1.156229e+01  1.306397e-02 
   95712867   2.374346e+01   2.729922e-01   2.374346e+01   2.729922e-01 223200701121857490        560        753     0 2454113.287812  1.156114e+01  1.248338e-02  1.156114e+01  1.248338e-02 
   95712869   2.530760e+01   2.442109e-01   2.530760e+01   2.442109e-01 224200701121857500      29983       1137     0 2454113.287836  1.149187e+01  1.047707e-02  1.149187e+01  1.047707e-02 
   95799125   2.445849e+01   2.448195e-01   2.445849e+01   2.448195e-01 224200701131855270      29984       1153     0 2454114.286169  1.152893e+01  1.086782e-02  1.152893e+01  1.086782e-02 
   95799125   2.349934e+01   2.895794e-01   2.349934e+01   2.895794e-01 223200701131855270        557        772     0 2454114.286169  1.157236e+01  1.337944e-02  1.157236e+01  1.337944e-02 
   95799179   2.513682e+01   2.361970e-01   2.513682e+01   2.361970e-01 224200701131856210      29984       1154     0 2454114.286794  1.149922e+01  1.020211e-02  1.149922e+01  1.020211e-02 
   95799179   2.259693e+01   2.744907e-01   2.259693e+01   2.744907e-01 223200701131856210        557        770     0 2454114.286794  1.161488e+01  1.318876e-02  1.161488e+01  1.318876e-02 
   95799303   2.481695e+01   2.198150e-01   2.481695e+01   2.198150e-01 224200701131858250      29975       1161     0 2454114.288229  1.151313e+01  9.616891e-03  1.151313e+01  9.616891e-03 
   95799303   2.324697e+01   2.527311e-01   2.324697e+01   2.527311e-01 223200701131858250        558        774     0 2454114.288229  1.158408e+01  1.180370e-02  1.158408e+01  1.180370e-02 
   95799357   2.485598e+01   2.129022e-01   2.485598e+01   2.129022e-01 224200701131859190      29976       1161     0 2454114.288854  1.151142e+01  9.299833e-03  1.151142e+01  9.299833e-03 
   95799357   2.265518e+01   2.419363e-01   2.265518e+01   2.419363e-01 223200701131859190        558        772     0 2454114.288854  1.161208e+01  1.159469e-02  1.161208e+01  1.159469e-02 
   95885595   2.442224e+01   2.387098e-01   2.442224e+01   2.387098e-01 224200701141856390      29987       1160     0 2454115.286979  1.153054e+01  1.061233e-02  1.153054e+01  1.061233e-02 
   95885595   2.344204e+01   2.784267e-01   2.344204e+01   2.784267e-01 223200701141856390        553        750     0 2454115.286979  1.157501e+01  1.289559e-02  1.157501e+01  1.289559e-02 
   95885650   2.539930e+01   2.310731e-01   2.539930e+01   2.310731e-01 224200701141857330      29986       1159     0 2454115.287616  1.148795e+01  9.877647e-03  1.148795e+01  9.877647e-03 
   95885651   2.293546e+01   2.660243e-01   2.293546e+01   2.660243e-01 223200701141857340        553        749     0 2454115.287627  1.159873e+01  1.259330e-02  1.159873e+01  1.259330e-02 
   95885705   2.436817e+01   2.217287e-01   2.436817e+01   2.217287e-01 224200701141858280      29985       1158     0 2454115.288252  1.153294e+01  9.879268e-03  1.153294e+01  9.879268e-03 
   95885705   2.253398e+01   2.542651e-01   2.253398e+01   2.542651e-01 223200701141858290        552        748     0 2454115.288252  1.161791e+01  1.225109e-02  1.161791e+01  1.225109e-02 
   95885836   2.464141e+01   2.056850e-01   2.464141e+01   2.056850e-01 224200701141900400      29988       1155     0 2454115.289769  1.152084e+01  9.062810e-03  1.152084e+01  9.062810e-03 
   95885837   2.263213e+01   2.337492e-01   2.263213e+01   2.337492e-01 223200701141900410        549        749     0 2454115.289780  1.161319e+01  1.121374e-02  1.161319e+01  1.121374e-02 
  105941764   2.310350e+01   3.701240e-01   2.310350e+01   3.701240e-01 223200705110414520        521       1602     0 2454231.677824  1.159081e+01  1.739383e-02  1.159081e+01  1.739383e-02 
  105941820   2.409740e+01   3.852213e-01   2.409740e+01   3.852213e-01 223200705110415490        525       1602     0 2454231.678472  1.154507e+01  1.735665e-02  1.154507e+01  1.735665e-02 
  105941879   2.437459e+01   4.052401e-01   2.437459e+01   4.052401e-01 223200705110416470        527       1601     0 2454231.679155  1.153266e+01  1.805099e-02  1.153266e+01  1.805099e-02 
  105941934   2.523422e+01   4.316851e-01   2.523422e+01   4.316851e-01 223200705110417430        529       1600     0 2454231.679792  1.149503e+01  1.857390e-02  1.149503e+01  1.857390e-02 
  106027819   2.318612e+01   2.551266e-01   2.318612e+01   2.551266e-01 223200705120409040        546       1579     0 2454232.673831  1.158693e+01  1.194686e-02  1.158693e+01  1.194686e-02 
  106027945   2.319370e+01   2.690037e-01   2.319370e+01   2.690037e-01 223200705120411090        533       1591     0 2454232.675289  1.158658e+01  1.259256e-02  1.158658e+01  1.259256e-02 
  106027999   2.395089e+01   2.788187e-01   2.395089e+01   2.788187e-01 223200705120412040        536       1590     0 2454232.675914  1.155170e+01  1.263939e-02  1.155170e+01  1.263939e-02 
  106028053   2.435598e+01   2.903706e-01   2.435598e+01   2.903706e-01 223200705120412580        538       1589     0 2454232.676539  1.153349e+01  1.294413e-02  1.153349e+01  1.294413e-02 
  106114074   2.361431e+01   2.656738e-01   2.361431e+01   2.656738e-01 223200705130406340        522       1602     0 2454233.672153  1.156706e+01  1.221517e-02  1.156706e+01  1.221517e-02 
  106114128   2.348097e+01   2.664898e-01   2.348097e+01   2.664898e-01 223200705130407290        526       1601     0 2454233.672778  1.157321e+01  1.232226e-02  1.157321e+01  1.232226e-02 
  106114184   2.406511e+01   2.713476e-01   2.406511e+01   2.713476e-01 223200705130408240        528       1601     0 2454233.673426  1.154653e+01  1.224233e-02  1.154653e+01  1.224233e-02 
  106114238   2.480499e+01   2.789552e-01   2.480499e+01   2.789552e-01 223200705130409190        530       1601     0 2454233.674051  1.151365e+01  1.221015e-02  1.151365e+01  1.221015e-02 
  124569523   2.460981e+01   3.108091e-01   2.460981e+01   3.108091e-01 221200712121841060      19842       6689     0 2454447.276887  1.152223e+01  1.371233e-02  1.152223e+01  1.371233e-02 
  124570450   2.629130e+01   1.729584e-01   2.629130e+01   1.729584e-01 222200712121856320       3852      19452     0 2454447.287616  1.145047e+01  7.142586e-03  1.145047e+01  7.142586e-03 
  124571582   2.681900e+01   1.446286e-01   2.681900e+01   1.446286e-01 222200712121915250       3872      19401     0 2454447.300718  1.142889e+01  5.855142e-03  1.142889e+01  5.855142e-03 
  124571646   2.483148e+01   1.292754e-01   2.483148e+01   1.292754e-01 221200712121916280      19792       6822     0 2454447.301458  1.151249e+01  5.652484e-03  1.151249e+01  5.652484e-03 
  124572790   2.640298e+01   1.436002e-01   2.640298e+01   1.436002e-01 222200712121935320       3852      19415     0 2454447.314699  1.144587e+01  5.905112e-03  1.144587e+01  5.905112e-03 
  124572981   2.464619e+01   1.287253e-01   2.464619e+01   1.287253e-01 221200712121938430      19830       6894     0 2454447.316910  1.152063e+01  5.670744e-03  1.152063e+01  5.670744e-03 
