\OBJNAME = '1SWASP J000947.55-722933.4'
\OBSSTART = '2006-05-11T04:14:48'
\OBSSTOP = '2007-12-12T19:39:43'
\TSTART = 74405747
\TSTOP = 124573044
\JD_REF = 2453005.5
\RA_OBJ = '2.448147'
\DEC_OBJ = '-72.492631'
\WASP_MAG = 13.03103
\HJD_START = 2453866.677627
\HJD_STOP = 2454447.317639
\fixlen = T
\NUMRECORDS = 368
\
\ This file was produced by the NASA Exoplanet Archive  http://exoplanetarchive.ipac.caltech.edu 
\ Fri Sep 13, 01:42:45 2013
\ Documentation for the SuperWASP dataset can be found at http://exoplanetarchive.ipac.caltech.edu/docs/SuperWASPMission.html
\
|TMID      |FLUX2         |FLUX2_ERR     |TAMFLUX2      |TAMFLUX2_ERR  |IMAGEID           |CCDX      |CCDY      |FLAG |           HJD|         MAG2|     MAG2_ERR|      TAMMAG2|  TAMMAG2_ERR|
|int       |float         |float         |float         |float         |char              |int       |int       |int  |        double|        float|        float|        float|        float|
|sec       |micro Vega    |micro Vega    |micro Vega    |micro Vega    |                  |1/16 pixel|1/16 pixel|     |           day|          mag|          mag|          mag|          mag|
|null      |null          |null          |null          |null          |null              |null      |null      |null |          null|         null|         null|         null|         null|
   74405747   6.633203e+00   2.104850e-01   6.633203e+00   2.104850e-01 223200605110414480       9281       4382     0 2453866.677627  1.294569e+01  3.445274e-02  1.294569e+01  3.445274e-02 
   74405800   6.631493e+00   2.325315e-01   6.631493e+00   2.325315e-01 223200605110415410       9286       4379     0 2453866.678241  1.294597e+01  3.807119e-02  1.294597e+01  3.807119e-02 
   74405884   7.300091e+00   2.607126e-01   7.300091e+00   2.607126e-01 223200605110417040       9291       4378     0 2453866.679213  1.284168e+01  3.877569e-02  1.284168e+01  3.877569e-02 
   74405949   7.274344e+00   2.881332e-01   7.274344e+00   2.881332e-01 223200605110418100       9299       4352     0 2453866.679965  1.284552e+01  4.300563e-02  1.284552e+01  4.300563e-02 
   74491860   7.207168e+00   2.314833e-01   7.207168e+00   2.314833e-01 223200605120409570       9304       4311     0 2453867.674306  1.285559e+01  3.487233e-02  1.285559e+01  3.487233e-02 
   74491998   6.886035e+00   2.422897e-01   6.886035e+00   2.422897e-01 223200605120412150       9313       4308     0 2453867.675903  1.290508e+01  3.820248e-02  1.290508e+01  3.820248e-02 
   74492051   7.205644e+00   2.520984e-01   7.205644e+00   2.520984e-01 223200605120413070       9316       4307     0 2453867.676516  1.285582e+01  3.798595e-02  1.285582e+01  3.798595e-02 
   74750383   7.005528e+00   3.235986e-01   7.005528e+00   3.235986e-01 223200605150358270       9300       4315     0 2453870.666470  1.288640e+01  5.015239e-02  1.288640e+01  5.015239e-02 
   74750443   6.946847e+00   3.226697e-01   6.946847e+00   3.226697e-01 223200605150359270       9305       4310     0 2453870.667164  1.289553e+01  5.043085e-02  1.289553e+01  5.043085e-02 
   74750497   6.618516e+00   3.227163e-01   6.618516e+00   3.227163e-01 223200605150400210       9309       4310     0 2453870.667789  1.294810e+01  5.294026e-02  1.294810e+01  5.294026e-02 
   74750556   6.670076e+00   3.208580e-01   6.670076e+00   3.208580e-01 223200605150401200       9312       4308     0 2453870.668472  1.293967e+01  5.222854e-02  1.293967e+01  5.222854e-02 
   75613644   5.780464e+00   1.302490e-01   5.780464e+00   1.302490e-01 223200605250345300       9378       4326     0 2453880.657917  1.309509e+01  2.446457e-02  1.309509e+01  2.446457e-02 
   75613707   5.928071e+00   1.303680e-01   5.928071e+00   1.303680e-01 223200605250346340       9387       4298     0 2453880.658646  1.306772e+01  2.387720e-02  1.306772e+01  2.387720e-02 
   75613765   5.668040e+00   1.288704e-01   5.668040e+00   1.288704e-01 223200605250347310       9391       4296     0 2453880.659317  1.311642e+01  2.468574e-02  1.311642e+01  2.468574e-02 
   75613833   5.920331e+00   1.285894e-01   5.920331e+00   1.285894e-01 223200605250348400       9388       4319     0 2453880.660104  1.306913e+01  2.358224e-02  1.306913e+01  2.358224e-02 
   75700098   5.854630e+00   1.286704e-01   5.854630e+00   1.286704e-01 223200605260346210       9397       4316     0 2453881.658542  1.308125e+01  2.386190e-02  1.308125e+01  2.386190e-02 
   75700162   5.951316e+00   1.261444e-01   5.951316e+00   1.261444e-01 223200605260347250       9405       4285     0 2453881.659282  1.306347e+01  2.301339e-02  1.306347e+01  2.301339e-02 
   75700229   5.808188e+00   1.270674e-01   5.808188e+00   1.270674e-01 223200605260348310       9403       4309     0 2453881.660058  1.308990e+01  2.375305e-02  1.308990e+01  2.375305e-02 
   75700298   5.877864e+00   1.266421e-01   5.877864e+00   1.266421e-01 223200605260349400       9410       4280     0 2453881.660856  1.307695e+01  2.339291e-02  1.307695e+01  2.339291e-02 
   76132318   5.814286e+00   1.086421e-01   5.814286e+00   1.086421e-01 223200605310349440       9460       4288     0 2453886.661088  1.308876e+01  2.028745e-02  1.308876e+01  2.028745e-02 
   76132385   5.559005e+00   1.075149e-01   5.559005e+00   1.075149e-01 223200605310350510       9468       4258     0 2453886.661863  1.313751e+01  2.099894e-02  1.313751e+01  2.099894e-02 
   76132434   5.646842e+00   1.077399e-01   5.646842e+00   1.077399e-01 223200605310351390       9470       4257     0 2453886.662431  1.312049e+01  2.071556e-02  1.312049e+01  2.071556e-02 
   76132496   5.553562e+00   1.070706e-01   5.553562e+00   1.070706e-01 223200605310352410       9472       4256     0 2453886.663148  1.313857e+01  2.093266e-02  1.313857e+01  2.093266e-02 
   76218789   5.728254e+00   1.116124e-01   5.728254e+00   1.116124e-01 223200606010350510       9479       4250     0 2453887.661910  1.310494e+01  2.115515e-02  1.310494e+01  2.115515e-02 
   76218857   5.705291e+00   1.109595e-01   5.705291e+00   1.109595e-01 223200606010351580       9478       4272     0 2453887.662697  1.310931e+01  2.111605e-02  1.310931e+01  2.111605e-02 
   76218927   5.844705e+00   1.115196e-01   5.844705e+00   1.115196e-01 223200606010353090       9481       4270     0 2453887.663507  1.308309e+01  2.071641e-02  1.308309e+01  2.071641e-02 
   76219013   5.768725e+00   1.106462e-01   5.768725e+00   1.106462e-01 223200606010354350       9490       4243     0 2453887.664502  1.309730e+01  2.082487e-02  1.309730e+01  2.082487e-02 
   76478195   5.495293e+00   1.167453e-01   5.495293e+00   1.167453e-01 223200606040354060       9490       4242     0 2453890.664294  1.315002e+01  2.306611e-02  1.315002e+01  2.306611e-02 
   76478268   5.788436e+00   1.202860e-01   5.788436e+00   1.202860e-01 223200606040355190       9490       4264     0 2453890.665139  1.309360e+01  2.256210e-02  1.309360e+01  2.256210e-02 
   76478344   5.852184e+00   1.208793e-01   5.852184e+00   1.208793e-01 223200606040356360       9498       4234     0 2453890.666019  1.308171e+01  2.242641e-02  1.308171e+01  2.242641e-02 
   76478397   5.705153e+00   1.198962e-01   5.705153e+00   1.198962e-01 223200606040357280       9500       4232     0 2453890.666632  1.310933e+01  2.281729e-02  1.310933e+01  2.281729e-02 
   76564537   5.657796e+00   2.716904e-01   5.657796e+00   2.716904e-01 223200606050353060       9517       4227     0 2453891.663623  1.311838e+01  5.213782e-02  1.311838e+01  5.213782e-02 
   76564596   5.788337e+00   2.632780e-01   5.788337e+00   2.632780e-01 223200606050354050       9521       4226     0 2453891.664306  1.309362e+01  4.938404e-02  1.309362e+01  4.938404e-02 
   76564656   6.320715e+00   2.656606e-01   6.320715e+00   2.656606e-01 223200606050355050       9523       4223     0 2453891.665000  1.299808e+01  4.563382e-02  1.299808e+01  4.563382e-02 
   76564714   6.664815e+00   2.463233e-01   6.664815e+00   2.463233e-01 223200606050356020       9526       4223     0 2453891.665671  1.294053e+01  4.012761e-02  1.294053e+01  4.012761e-02 
   76650909   5.474921e+00   1.079179e-01   5.474921e+00   1.079179e-01 223200606060352330       9505       4223     0 2453892.663299  1.315406e+01  2.140136e-02  1.315406e+01  2.140136e-02 
   76651043   5.481637e+00   1.119282e-01   5.481637e+00   1.119282e-01 223200606060354480       9512       4222     0 2453892.664850  1.315272e+01  2.216945e-02  1.315272e+01  2.216945e-02 
   76651099   5.293302e+00   1.101904e-01   5.293302e+00   1.101904e-01 223200606060355430       9515       4220     0 2453892.665498  1.319068e+01  2.260180e-02  1.319068e+01  2.260180e-02 
   76651175   5.537957e+00   1.108953e-01   5.537957e+00   1.108953e-01 223200606060357000       9512       4242     0 2453892.666377  1.314163e+01  2.174149e-02  1.314163e+01  2.174149e-02 
   76737403   5.580964e+00   1.142041e-01   5.580964e+00   1.142041e-01 223200606070354040       9516       4226     0 2453893.664387  1.313323e+01  2.221766e-02  1.313323e+01  2.221766e-02 
   76737456   5.437992e+00   1.114604e-01   5.437992e+00   1.114604e-01 223200606070354570       9518       4224     0 2453893.665000  1.316140e+01  2.225399e-02  1.316140e+01  2.225399e-02 
   76737511   5.482312e+00   1.113148e-01   5.482312e+00   1.113148e-01 223200606070355530       9520       4221     0 2453893.665637  1.315259e+01  2.204525e-02  1.315259e+01  2.204525e-02 
   76737567   5.399564e+00   1.125181e-01   5.399564e+00   1.125181e-01 223200606070356480       9522       4220     0 2453893.666285  1.316910e+01  2.262504e-02  1.316910e+01  2.262504e-02 
   76823793   5.681610e+00   1.123490e-01   5.681610e+00   1.123490e-01 223200606080353510       9542       4225     0 2453894.664271  1.311382e+01  2.146959e-02  1.311382e+01  2.146959e-02 
   76823852   5.619539e+00   1.125983e-01   5.619539e+00   1.125983e-01 223200606080354510       9545       4222     0 2453894.664954  1.312575e+01  2.175489e-02  1.312575e+01  2.175489e-02 
   76823911   5.685652e+00   1.131156e-01   5.685652e+00   1.131156e-01 223200606080355500       9547       4220     0 2453894.665637  1.311305e+01  2.160071e-02  1.311305e+01  2.160071e-02 
   76823997   5.448228e+00   1.125213e-01   5.448228e+00   1.125213e-01 223200606080357160       9545       4242     0 2453894.666632  1.315936e+01  2.242360e-02  1.315936e+01  2.242360e-02 
   76910219   5.480845e+00   1.097004e-01   5.480845e+00   1.097004e-01 223200606090354140       9538       4212     0 2453895.664572  1.315288e+01  2.173134e-02  1.315288e+01  2.173134e-02 
   76910273   5.545330e+00   1.104688e-01   5.545330e+00   1.104688e-01 223200606090355080       9540       4210     0 2453895.665197  1.314018e+01  2.162908e-02  1.314018e+01  2.162908e-02 
   76910357   5.481257e+00   1.110277e-01   5.481257e+00   1.110277e-01 223200606090356320       9538       4232     0 2453895.666169  1.315280e+01  2.199262e-02  1.315280e+01  2.199262e-02 
   76910429   5.339747e+00   1.091489e-01   5.339747e+00   1.091489e-01 223200606090357440       9545       4205     0 2453895.667002  1.318120e+01  2.219344e-02  1.318120e+01  2.219344e-02 
   76996574   6.805738e+00   2.128927e-01   6.805738e+00   2.128927e-01 223200606100353270       9543       4213     0 2453896.664051  1.291781e+01  3.396341e-02  1.291781e+01  3.396341e-02 
   76996639   6.603564e+00   2.077191e-01   6.603564e+00   2.077191e-01 223200606100354320       9547       4209     0 2453896.664803  1.295055e+01  3.415260e-02  1.295055e+01  3.415260e-02 
   76996700   6.779403e+00   2.041955e-01   6.779403e+00   2.041955e-01 223200606100355320       9549       4207     0 2453896.665509  1.292202e+01  3.270246e-02  1.292202e+01  3.270246e-02 
   76996755   6.471200e+00   2.010954e-01   6.471200e+00   2.010954e-01 223200606100356270       9551       4206     0 2453896.666146  1.297254e+01  3.373985e-02  1.297254e+01  3.373985e-02 
   77082995   6.605604e+00   3.513434e-01   6.605604e+00   3.513434e-01 223200606110353440       9556       4202     0 2453897.664294  1.295022e+01  5.774909e-02  1.295022e+01  5.774909e-02 
   77083072   6.947362e+00   3.464312e-01   6.947362e+00   3.464312e-01 223200606110355000       9555       4224     0 2453897.665185  1.289545e+01  5.414058e-02  1.289545e+01  5.414058e-02 
   77083153   7.499631e+00   3.490368e-01   7.499631e+00   3.490368e-01 223200606110356210       9562       4196     0 2453897.666123  1.281240e+01  5.053091e-02  1.281240e+01  5.053091e-02 
   77083207   7.047680e+00   3.468450e-01   7.047680e+00   3.468450e-01 223200606110357160       9564       4194     0 2453897.666748  1.287988e+01  5.343368e-02  1.287988e+01  5.343368e-02 
   77169261   7.564111e+00   4.337486e-01   7.564111e+00   4.337486e-01 223200606120351270       9554       4221     0 2453898.662743  1.280311e+01  6.225955e-02  1.280311e+01  6.225955e-02 
   77169323   7.962707e+00   4.358741e-01   7.962707e+00   4.358741e-01 223200606120352290       9562       4193     0 2453898.663461  1.274735e+01  5.943280e-02  1.274735e+01  5.943280e-02 
   77169381   7.749447e+00   4.306833e-01   7.749447e+00   4.306833e-01 223200606120353260       9564       4191     0 2453898.664132  1.277682e+01  6.034110e-02  1.277682e+01  6.034110e-02 
   77169441   6.768024e+00   4.305288e-01   6.768024e+00   4.305288e-01 223200606120354260       9566       4188     0 2453898.664826  1.292385e+01  6.906629e-02  1.292385e+01  6.906629e-02 
   77514686   6.992885e+00   1.983932e+00   6.992885e+00   1.983932e+00 223200606160348210       9565       4160     0 2453902.660718  1.288836e+01  3.080323e-01  1.288836e+01  3.080323e-01 
   77514751   7.013394e+00   2.482878e+00   7.013394e+00   2.482878e+00 223200606160349260       9567       4158     0 2453902.661470  1.288518e+01  3.843731e-01  1.288518e+01  3.843731e-01 
   77601371   6.707841e+00   1.832853e-01   6.707841e+00   1.832853e-01 223200606170353030       9579       4144     0 2453903.664016  1.293354e+01  2.966679e-02  1.293354e+01  2.966679e-02 
   77601441   6.439437e+00   1.831550e-01   6.439437e+00   1.831550e-01 223200606170354120       9576       4167     0 2453903.664826  1.297788e+01  3.088139e-02  1.297788e+01  3.088139e-02 
   77601511   6.295615e+00   1.830497e-01   6.295615e+00   1.830497e-01 223200606170355220       9577       4165     0 2453903.665637  1.300240e+01  3.156871e-02  1.300240e+01  3.156871e-02 
   77601568   6.360050e+00   1.824505e-01   6.360050e+00   1.824505e-01 223200606170356190       9583       4138     0 2453903.666296  1.299135e+01  3.114659e-02  1.299135e+01  3.114659e-02 
   77687715   6.278585e+00   1.576067e-01   6.278585e+00   1.576067e-01 223200606180352030       9599       4138     0 2453904.663368  1.300535e+01  2.725453e-02  1.300535e+01  2.725453e-02 
   77687758   6.447779e+00   1.579961e-01   6.447779e+00   1.579961e-01 223200606180352470       9600       4137     0 2453904.663866  1.297647e+01  2.660493e-02  1.297647e+01  2.660493e-02 
   77687826   6.236127e+00   1.580760e-01   6.236127e+00   1.580760e-01 223200606180353550       9602       4135     0 2453904.664653  1.301271e+01  2.752179e-02  1.301271e+01  2.752179e-02 
   77687877   6.429985e+00   1.580171e-01   6.429985e+00   1.580171e-01 223200606180354460       9603       4134     0 2453904.665243  1.297948e+01  2.668209e-02  1.297948e+01  2.668209e-02 
   77774351   6.160288e+00   1.360110e-01   6.160288e+00   1.360110e-01 223200606190355570       9644       4119     0 2453905.666100  1.302600e+01  2.397170e-02  1.302600e+01  2.397170e-02 
   77774407   6.273689e+00   1.361355e-01   6.273689e+00   1.361355e-01 223200606190356530       9644       4119     0 2453905.666748  1.300619e+01  2.355994e-02  1.300619e+01  2.355994e-02 
   77774469   5.984903e+00   1.352569e-01   5.984903e+00   1.352569e-01 223200606190357560       9644       4118     0 2453905.667465  1.305736e+01  2.453738e-02  1.305736e+01  2.453738e-02 
   77774534   6.140409e+00   1.348682e-01   6.140409e+00   1.348682e-01 223200606190359000       9638       4143     0 2453905.668218  1.302951e+01  2.384724e-02  1.302951e+01  2.384724e-02 
   77860765   5.929247e+00   1.187814e-01   5.929247e+00   1.187814e-01 223200606200356080       9628       4113     0 2453906.666262  1.306750e+01  2.175077e-02  1.306750e+01  2.175077e-02 
   77860824   5.822598e+00   1.179828e-01   5.822598e+00   1.179828e-01 223200606200357080       9629       4112     0 2453906.666944  1.308721e+01  2.200026e-02  1.308721e+01  2.200026e-02 
   77860888   5.858302e+00   1.184214e-01   5.858302e+00   1.184214e-01 223200606200358110       9628       4113     0 2453906.667685  1.308057e+01  2.194746e-02  1.308057e+01  2.194746e-02 
   77860953   5.811655e+00   1.197888e-01   5.811655e+00   1.197888e-01 223200606200359170       9623       4139     0 2453906.668438  1.308925e+01  2.237908e-02  1.308925e+01  2.237908e-02 
   77947076   5.853098e+00   1.234168e-01   5.853098e+00   1.234168e-01 223200606210354360       9623       4113     0 2453907.665231  1.308154e+01  2.289360e-02  1.308154e+01  2.289360e-02 
   77947130   5.672698e+00   1.229532e-01   5.672698e+00   1.229532e-01 223200606210355300       9623       4114     0 2453907.665856  1.311553e+01  2.353293e-02  1.311553e+01  2.353293e-02 
   77947208   5.700781e+00   1.235626e-01   5.700781e+00   1.235626e-01 223200606210356480       9619       4138     0 2453907.666759  1.311016e+01  2.353307e-02  1.311016e+01  2.353307e-02 
   77947275   5.744171e+00   1.235424e-01   5.744171e+00   1.235424e-01 223200606210357550       9623       4114     0 2453907.667535  1.310193e+01  2.335148e-02  1.310193e+01  2.335148e-02 
   78119986   5.324053e+00   1.088095e-01   5.324053e+00   1.088095e-01 223200606230356210       9614       4093     0 2453909.666505  1.318439e+01  2.218964e-02  1.318439e+01  2.218964e-02 
   78120040   5.339523e+00   1.087902e-01   5.339523e+00   1.087902e-01 223200606230357150       9613       4094     0 2453909.667130  1.318124e+01  2.212143e-02  1.318124e+01  2.212143e-02 
   78120188   5.224016e+00   1.100149e-01   5.224016e+00   1.100149e-01 223200606230359440       9611       4103     0 2453909.668843  1.320499e+01  2.286509e-02  1.320499e+01  2.286509e-02 
   78120250   5.276238e+00   1.086322e-01   5.276238e+00   1.086322e-01 223200606230400460       9613       4081     0 2453909.669560  1.319419e+01  2.235424e-02  1.319419e+01  2.235424e-02 
   78206445   5.566703e+00   1.136018e-01   5.566703e+00   1.136018e-01 223200606240357190       9633       4079     0 2453910.667187  1.313600e+01  2.215711e-02  1.313600e+01  2.215711e-02 
   78206504   5.644356e+00   1.133671e-01   5.644356e+00   1.133671e-01 223200606240358180       9630       4083     0 2453910.667870  1.312096e+01  2.180713e-02  1.312096e+01  2.180713e-02 
   78206579   5.688505e+00   1.133515e-01   5.688505e+00   1.133515e-01 223200606240359320       9620       4112     0 2453910.668738  1.311250e+01  2.163490e-02  1.311250e+01  2.163490e-02 
   78206638   5.609440e+00   1.128840e-01   5.609440e+00   1.128840e-01 223200606240400310       9617       4096     0 2453910.669421  1.312770e+01  2.184935e-02  1.312770e+01  2.184935e-02 
   78292885   5.345360e+00   1.054730e-01   5.345360e+00   1.054730e-01 223200606250357560       9635       4062     0 2453911.667650  1.318006e+01  2.142349e-02  1.318006e+01  2.142349e-02 
   78292939   5.463988e+00   1.059040e-01   5.463988e+00   1.059040e-01 223200606250358490       9629       4069     0 2453911.668275  1.315623e+01  2.104401e-02  1.315623e+01  2.104401e-02 
   78292990   5.386322e+00   1.053535e-01   5.386322e+00   1.053535e-01 223200606250359400       9618       4083     0 2453911.668866  1.317177e+01  2.123647e-02  1.317177e+01  2.123647e-02 
   78293052   5.358102e+00   1.060263e-01   5.358102e+00   1.060263e-01 223200606250400430       9619       4082     0 2453911.669583  1.317747e+01  2.148466e-02  1.317747e+01  2.148466e-02 
   78724953   5.383657e+00   1.080028e-01   5.383657e+00   1.080028e-01 223200606300358520       9641       4066     0 2453916.668438  1.317231e+01  2.178128e-02  1.317231e+01  2.178128e-02 
   78725030   5.335078e+00   1.074241e-01   5.335078e+00   1.074241e-01 223200606300400090       9648       4037     0 2453916.669329  1.318215e+01  2.186184e-02  1.318215e+01  2.186184e-02 
   78725077   5.398884e+00   1.073528e-01   5.398884e+00   1.073528e-01 223200606300400570       9649       4036     0 2453916.669873  1.316924e+01  2.158913e-02  1.316924e+01  2.158913e-02 
   78725141   5.176770e+00   1.062198e-01   5.176770e+00   1.062198e-01 223200606300402000       9650       4034     0 2453916.670613  1.321485e+01  2.227780e-02  1.321485e+01  2.227780e-02 
   78811389   5.311252e+00   1.120290e-01   5.311252e+00   1.120290e-01 223200607010359260       9642       4030     0 2453917.668854  1.318701e+01  2.290127e-02  1.318701e+01  2.290127e-02 
   78811468   5.323996e+00   1.124497e-01   5.323996e+00   1.124497e-01 223200607010400450       9638       4053     0 2453917.669769  1.318441e+01  2.293223e-02  1.318441e+01  2.293223e-02 
   78811533   5.424413e+00   1.121263e-01   5.424413e+00   1.121263e-01 223200607010401510       9644       4025     0 2453917.670521  1.316412e+01  2.244299e-02  1.316412e+01  2.244299e-02 
   78811584   5.354040e+00   1.122191e-01   5.354040e+00   1.122191e-01 223200607010402420       9645       4023     0 2453917.671111  1.317830e+01  2.275680e-02  1.317830e+01  2.275680e-02 
   78897859   9.261502e+00   5.297988e-01   9.261502e+00   5.297988e-01 223200607020400340       9654       4019     0 2453918.669664  1.258330e+01  6.210912e-02  1.258330e+01  6.210912e-02 
   78897913   4.537241e+00   2.987057e-01   4.537241e+00   2.987057e-01 223200607020401280       9654       4016     0 2453918.670289  1.335802e+01  7.147885e-02  1.335802e+01  7.147885e-02 
   78984202   5.084238e+00   1.062641e-01   5.084238e+00   1.062641e-01 223200607030359350       9660       4006     0 2453919.669005  1.323444e+01  2.269273e-02  1.323444e+01  2.269273e-02 
   78984256   5.107892e+00   1.045252e-01   5.107892e+00   1.045252e-01 223200607030400290       9662       4004     0 2453919.669630  1.322940e+01  2.221800e-02  1.322940e+01  2.221800e-02 
   78984314   5.250751e+00   1.043184e-01   5.250751e+00   1.043184e-01 223200607030401270       9663       4002     0 2453919.670301  1.319945e+01  2.157077e-02  1.319945e+01  2.157077e-02 
   78984369   5.106492e+00   1.042031e-01   5.106492e+00   1.042031e-01 223200607030402220       9663       4000     0 2453919.670937  1.322969e+01  2.215562e-02  1.322969e+01  2.215562e-02 
   79070526   5.268154e+00   1.055240e-01   5.268154e+00   1.055240e-01 223200607040358180       9656       3985     0 2453920.668125  1.319585e+01  2.174797e-02  1.319585e+01  2.174797e-02 
   79070572   5.248204e+00   1.046859e-01   5.248204e+00   1.046859e-01 223200607040359040       9658       3984     0 2453920.668657  1.319997e+01  2.165726e-02  1.319997e+01  2.165726e-02 
   79070638   5.332436e+00   1.053796e-01   5.332436e+00   1.053796e-01 223200607040400090       9659       3982     0 2453920.669421  1.318269e+01  2.145640e-02  1.318269e+01  2.145640e-02 
   79070690   5.387615e+00   1.061442e-01   5.387615e+00   1.061442e-01 223200607040401020       9659       3980     0 2453920.670023  1.317151e+01  2.139073e-02  1.317151e+01  2.139073e-02 
   79415954   5.252177e+00   1.066454e-01   5.252177e+00   1.066454e-01 223200607080355190       9655       3970     0 2453924.666134  1.319915e+01  2.204593e-02  1.319915e+01  2.204593e-02 
   79416111   5.450530e+00   1.065661e-01   5.450530e+00   1.065661e-01 223200607080357570       9656       3993     0 2453924.667951  1.315890e+01  2.122786e-02  1.315890e+01  2.122786e-02 
   79416178   5.243039e+00   1.047156e-01   5.243039e+00   1.047156e-01 223200607080359030       9662       3965     0 2453924.668727  1.320104e+01  2.168475e-02  1.320104e+01  2.168475e-02 
   79416236   5.338177e+00   1.059235e-01   5.338177e+00   1.059235e-01 223200607080400010       9662       3962     0 2453924.669398  1.318152e+01  2.154395e-02  1.318152e+01  2.154395e-02 
   79502442   6.100494e+00   1.554386e-01   6.100494e+00   1.554386e-01 223200607090356460       9666       3964     0 2453925.667153  1.303659e+01  2.766429e-02  1.303659e+01  2.766429e-02 
   79502494   6.017543e+00   1.544840e-01   6.017543e+00   1.544840e-01 223200607090357380       9667       3962     0 2453925.667755  1.305145e+01  2.787340e-02  1.305145e+01  2.787340e-02 
   79502563   6.278410e+00   1.523636e-01   6.278410e+00   1.523636e-01 223200607090358470       9667       3958     0 2453925.668553  1.300538e+01  2.634859e-02  1.300538e+01  2.634859e-02 
   79502717   5.939745e+00   1.476828e-01   5.939745e+00   1.476828e-01 223200607090401200       9665       3941     0 2453925.670336  1.306558e+01  2.699529e-02  1.306558e+01  2.699529e-02 
   80278195   6.186571e+00   1.627702e-01   6.186571e+00   1.627702e-01 223200607180325470       9697       3921     0 2453934.645775  1.302137e+01  2.856609e-02  1.302137e+01  2.856609e-02 
   80278257   6.155763e+00   1.651674e-01   6.155763e+00   1.651674e-01 223200607180326500       9701       3892     0 2453934.646493  1.302680e+01  2.913187e-02  1.302680e+01  2.913187e-02 
   80278332   6.900982e+00   1.868142e-01   6.900982e+00   1.868142e-01 223200607180328050       9696       3916     0 2453934.647361  1.290272e+01  2.939171e-02  1.290272e+01  2.939171e-02 
   80278410   5.777705e+00   2.396291e-01   5.777705e+00   2.396291e-01 223200607180329220       9702       3888     0 2453934.648264  1.309561e+01  4.503085e-02  1.309561e+01  4.503085e-02 
   80364287   5.885052e+00   1.252370e-01   5.885052e+00   1.252370e-01 223200607190320380       9694       3903     0 2453935.642211  1.307562e+01  2.310512e-02  1.307562e+01  2.310512e-02 
   80364343   5.898890e+00   1.253120e-01   5.898890e+00   1.253120e-01 223200607190321350       9694       3902     0 2453935.642859  1.307307e+01  2.306473e-02  1.307307e+01  2.306473e-02 
   80364403   5.889773e+00   1.259049e-01   5.889773e+00   1.259049e-01 223200607190322340       9694       3900     0 2453935.643553  1.307475e+01  2.320972e-02  1.307475e+01  2.320972e-02 
   80364464   5.906562e+00   1.259228e-01   5.906562e+00   1.259228e-01 223200607190323360       9694       3899     0 2453935.644259  1.307166e+01  2.314704e-02  1.307166e+01  2.314704e-02 
   80450503   5.570686e+00   1.156848e-01   5.570686e+00   1.156848e-01 223200607200317340       9698       3895     0 2453936.640081  1.313523e+01  2.254724e-02  1.313523e+01  2.254724e-02 
   80450564   5.536150e+00   1.155957e-01   5.536150e+00   1.155957e-01 223200607200318350       9698       3893     0 2453936.640787  1.314198e+01  2.267042e-02  1.314198e+01  2.267042e-02 
   80450628   5.593617e+00   1.151753e-01   5.593617e+00   1.151753e-01 223200607200319380       9698       3891     0 2453936.641528  1.313077e+01  2.235591e-02  1.313077e+01  2.235591e-02 
   80450685   5.586418e+00   1.148883e-01   5.586418e+00   1.148883e-01 223200607200320360       9698       3890     0 2453936.642187  1.313217e+01  2.232895e-02  1.313217e+01  2.232895e-02 
   80967435   5.304614e+00   1.050980e-01   5.304614e+00   1.050980e-01 223200607260253020       9656       3931     0 2453942.623090  1.318837e+01  2.151128e-02  1.318837e+01  2.151128e-02 
   80967494   5.316467e+00   1.042260e-01   5.316467e+00   1.042260e-01 223200607260254000       9658       3928     0 2453942.623773  1.318594e+01  2.128524e-02  1.318594e+01  2.128524e-02 
   80967554   5.158312e+00   1.033973e-01   5.158312e+00   1.033973e-01 223200607260255010       9659       3926     0 2453942.624468  1.321873e+01  2.176344e-02  1.321873e+01  2.176344e-02 
   80967610   5.228929e+00   1.035082e-01   5.228929e+00   1.035082e-01 223200607260255560       9660       3924     0 2453942.625116  1.320397e+01  2.149256e-02  1.320397e+01  2.149256e-02 
   81053655   5.451827e+00   1.142801e-01   5.451827e+00   1.142801e-01 223200607270250020       9653       3926     0 2453943.621007  1.315864e+01  2.275907e-02  1.315864e+01  2.275907e-02 
   81053717   5.494750e+00   1.176786e-01   5.494750e+00   1.176786e-01 223200607270251040       9654       3924     0 2453943.621725  1.315013e+01  2.325281e-02  1.315013e+01  2.325281e-02 
   81053773   5.363079e+00   1.144609e-01   5.363079e+00   1.144609e-01 223200607270251590       9655       3922     0 2453943.622373  1.317646e+01  2.317229e-02  1.317646e+01  2.317229e-02 
   81053835   5.483335e+00   1.127274e-01   5.483335e+00   1.127274e-01 223200607270253010       9655       3920     0 2453943.623090  1.315239e+01  2.232084e-02  1.315239e+01  2.232084e-02 
   81139832   5.445276e+00   6.797730e-01   5.445276e+00   6.797730e-01 223200607280246190       9671       3918     0 2453944.618426  1.315995e+01  1.355407e-01  1.315995e+01  1.355407e-01 
   81139891   5.516047e+00   1.167815e+00   5.516047e+00   1.167815e+00 223200607280247170       9671       3916     0 2453944.619109  1.314593e+01  2.298646e-01  1.314593e+01  2.298646e-01 
   81139945   5.874392e+00   7.291010e-01   5.874392e+00   7.291010e-01 223200607280248110       9672       3914     0 2453944.619734  1.307759e+01  1.347568e-01  1.307759e+01  1.347568e-01 
   81139999   5.273067e+00   4.762962e-01   5.273067e+00   4.762962e-01 223200607280249060       9672       3912     0 2453944.620359  1.319484e+01  9.807079e-02  1.319484e+01  9.807079e-02 
   82346068   6.878912e+00   3.647877e-01   6.878912e+00   3.647877e-01 223200608110150170       9666       3960     0 2453958.579491  1.290620e+01  5.757663e-02  1.290620e+01  5.757663e-02 
   82346124   7.008733e+00   3.636366e-01   7.008733e+00   3.636366e-01 223200608110151120       9669       3958     0 2453958.580139  1.288590e+01  5.633184e-02  1.288590e+01  5.633184e-02 
   82346179   7.080085e+00   3.647879e-01   7.080085e+00   3.647879e-01 223200608110152070       9670       3954     0 2453958.580775  1.287490e+01  5.594069e-02  1.287490e+01  5.594069e-02 
   82346238   6.622785e+00   3.626214e-01   6.622785e+00   3.626214e-01 223200608110153070       9670       3952     0 2453958.581458  1.294740e+01  5.944819e-02  1.294740e+01  5.944819e-02 
   82518423   6.624348e+00   2.372558e-01   6.624348e+00   2.372558e-01 223200608130142530       9671       3929     0 2453960.574340  1.294714e+01  3.888656e-02  1.294714e+01  3.888656e-02 
   82518482   6.542348e+00   2.367216e-01   6.542348e+00   2.367216e-01 223200608130143520       9672       3926     0 2453960.575023  1.296067e+01  3.928531e-02  1.296067e+01  3.928531e-02 
   82518544   6.399807e+00   2.368585e-01   6.399807e+00   2.368585e-01 223200608130144550       9671       3921     0 2453960.575741  1.298458e+01  4.018351e-02  1.298458e+01  4.018351e-02 
   82518622   6.691132e+00   2.379191e-01   6.691132e+00   2.379191e-01 223200608130146120       9666       3943     0 2453960.576644  1.293625e+01  3.860606e-02  1.293625e+01  3.860606e-02 
   82604604   6.420977e+00   1.926091e-01   6.420977e+00   1.926091e-01 223200608140139160       9669       3949     0 2453961.571806  1.298100e+01  3.256878e-02  1.298100e+01  3.256878e-02 
   82604660   6.278538e+00   1.942687e-01   6.278538e+00   1.942687e-01 223200608140140120       9676       3946     0 2453961.572454  1.300535e+01  3.359466e-02  1.300535e+01  3.359466e-02 
   82604717   5.958457e+00   1.962405e-01   5.958457e+00   1.962405e-01 223200608140141080       9689       3943     0 2453961.573113  1.306217e+01  3.575861e-02  1.306217e+01  3.575861e-02 
   82604771   6.231709e+00   1.999897e-01   6.231709e+00   1.999897e-01 223200608140142030       9689       3941     0 2453961.573738  1.301348e+01  3.484387e-02  1.301348e+01  3.484387e-02 
   82863078   5.831947e+00   1.325936e-01   5.831947e+00   1.325936e-01 223200608170127120       9660       3958     0 2453964.563403  1.308547e+01  2.468509e-02  1.308547e+01  2.468509e-02 
   82863146   5.656881e+00   1.324374e-01   5.656881e+00   1.324374e-01 223200608170128190       9668       3926     0 2453964.564190  1.311856e+01  2.541905e-02  1.311856e+01  2.541905e-02 
   82863202   5.790195e+00   1.326468e-01   5.790195e+00   1.326468e-01 223200608170129150       9669       3923     0 2453964.564838  1.309327e+01  2.487308e-02  1.309327e+01  2.487308e-02 
   82863262   5.797690e+00   1.325753e-01   5.797690e+00   1.325753e-01 223200608170130160       9669       3921     0 2453964.565532  1.309186e+01  2.482752e-02  1.309186e+01  2.482752e-02 
   82949250   5.183846e+00   1.046157e-01   5.183846e+00   1.046157e-01 223200608180123250       9665       3904     0 2453965.560764  1.321337e+01  2.191143e-02  1.321337e+01  2.191143e-02 
   82949312   5.331380e+00   1.060109e-01   5.331380e+00   1.060109e-01 223200608180124270       9667       3903     0 2453965.561481  1.318290e+01  2.158921e-02  1.318290e+01  2.158921e-02 
   82949375   5.341147e+00   1.061225e-01   5.341147e+00   1.061225e-01 223200608180125310       9667       3900     0 2453965.562211  1.318091e+01  2.157241e-02  1.318091e+01  2.157241e-02 
   82949466   5.370002e+00   1.058791e-01   5.370002e+00   1.058791e-01 223200608180127020       9662       3920     0 2453965.563264  1.317506e+01  2.140730e-02  1.317506e+01  2.140730e-02 
   83724677   5.281549e+00   1.047949e-01   5.281549e+00   1.047949e-01 223200608270047250       9644       3956     0 2453974.535613  1.319310e+01  2.154292e-02  1.319310e+01  2.154292e-02 
   83724741   5.260575e+00   1.039487e-01   5.260575e+00   1.039487e-01 223200608270048280       9647       3922     0 2453974.536354  1.319742e+01  2.145416e-02  1.319742e+01  2.145416e-02 
   83724816   5.396182e+00   1.056329e-01   5.396182e+00   1.056329e-01 223200608270049440       9643       3944     0 2453974.537222  1.316978e+01  2.125390e-02  1.316978e+01  2.125390e-02 
   83724878   5.481999e+00   1.050293e-01   5.481999e+00   1.050293e-01 223200608270050460       9648       3914     0 2453974.537940  1.315265e+01  2.080162e-02  1.315265e+01  2.080162e-02 
   83810843   5.226103e+00   1.013495e-01   5.226103e+00   1.013495e-01 223200608280043330       9649       3945     0 2453975.532905  1.320456e+01  2.105570e-02  1.320456e+01  2.105570e-02 
   83810895   5.315499e+00   1.019715e-01   5.315499e+00   1.019715e-01 223200608280044250       9650       3942     0 2453975.533507  1.318614e+01  2.082862e-02  1.318614e+01  2.082862e-02 
   83810966   5.352035e+00   1.004032e-01   5.352035e+00   1.004032e-01 223200608280045350       9649       3938     0 2453975.534329  1.317870e+01  2.036829e-02  1.317870e+01  2.036829e-02 
   83811023   5.269930e+00   1.003222e-01   5.269930e+00   1.003222e-01 223200608280046320       9649       3936     0 2453975.534988  1.319549e+01  2.066894e-02  1.319549e+01  2.066894e-02 
   84328675   6.910863e+00   2.650032e-01   6.910863e+00   2.650032e-01 223200609030034170       9639       3874     0 2453981.526331  1.290117e+01  4.163367e-02  1.290117e+01  4.163367e-02 
   84328747   6.846139e+00   2.684816e-01   6.846139e+00   2.684816e-01 223200609030035280       9635       3895     0 2453981.527164  1.291139e+01  4.257891e-02  1.291139e+01  4.257891e-02 
   84328814   6.402856e+00   2.830731e-01   6.402856e+00   2.830731e-01 223200609030036350       9636       3860     0 2453981.527940  1.298407e+01  4.800104e-02  1.298407e+01  4.800104e-02 
   84328871   6.538786e+00   2.730232e-01   6.538786e+00   2.730232e-01 223200609030037320       9637       3859     0 2453981.528600  1.296126e+01  4.533443e-02  1.296126e+01  4.533443e-02 
   84500182   7.303284e+00   4.097491e-01   7.303284e+00   4.097491e-01 223200609050012480       9646       3940     0 2453983.511366  1.284120e+01  6.091519e-02  1.284120e+01  6.091519e-02 
   84500242   7.687364e+00   4.053843e-01   7.687364e+00   4.053843e-01 223200609050013480       9647       3937     0 2453983.512060  1.278556e+01  5.725525e-02  1.278556e+01  5.725525e-02 
   84500304   6.950469e+00   4.053772e-01   6.950469e+00   4.053772e-01 223200609050014500       9647       3933     0 2453983.512778  1.289497e+01  6.332439e-02  1.289497e+01  6.332439e-02 
   84500382   6.670687e+00   4.102037e-01   6.670687e+00   4.102037e-01 223200609050016080       9643       3955     0 2453983.513681  1.293957e+01  6.676593e-02  1.293957e+01  6.676593e-02 
   84844856   7.065823e+00   5.692403e-01   7.065823e+00   5.692403e-01 223200609082357310       9656       3949     0 2453987.500648  1.287709e+01  8.746992e-02  1.287709e+01  8.746992e-02 
   84844912   6.434572e+00   5.670756e-01   6.434572e+00   5.670756e-01 223200609082358260       9657       3944     0 2453987.501296  1.297870e+01  9.568573e-02  1.297870e+01  9.568573e-02 
   84844969   7.124014e+00   5.657866e-01   7.124014e+00   5.657866e-01 223200609082359230       9656       3941     0 2453987.501956  1.286819e+01  8.622908e-02  1.286819e+01  8.622908e-02 
   85017156   7.455024e+00   3.032806e-01   7.455024e+00   3.032806e-01 223200609102349160       9633       3900     0 2453989.494861  1.281888e+01  4.416939e-02  1.281888e+01  4.416939e-02 
   85017222   6.450260e+00   3.999305e-01   6.450260e+00   3.999305e-01 223200609102350220       9634       3898     0 2453989.495625  1.297606e+01  6.731831e-02  1.297606e+01  6.731831e-02 
   85017281   7.243660e+00   3.515739e-01   7.243660e+00   3.515739e-01 223200609102351210       9635       3895     0 2453989.496308  1.285010e+01  5.269682e-02  1.285010e+01  5.269682e-02 
   85017339   7.219100e+00   3.535297e-01   7.219100e+00   3.535297e-01 223200609102352200       9633       3888     0 2453989.496979  1.285379e+01  5.317025e-02  1.285379e+01  5.317025e-02 
   85361748   5.343638e+00   1.030298e-01   5.343638e+00   1.030298e-01 223200609142332380       9635       3854     0 2453993.483194  1.318041e+01  2.093397e-02  1.318041e+01  2.093397e-02 
   85361805   5.238591e+00   1.029597e-01   5.238591e+00   1.029597e-01 223200609142333360       9636       3851     0 2453993.483854  1.320196e+01  2.133922e-02  1.320196e+01  2.133922e-02 
   85361866   5.305549e+00   1.036112e-01   5.305549e+00   1.036112e-01 223200609142334370       9637       3848     0 2453993.484560  1.318817e+01  2.120325e-02  1.318817e+01  2.120325e-02 
   85361941   5.503461e+00   1.024137e-01   5.503461e+00   1.024137e-01 223200609142335520       9632       3870     0 2453993.485428  1.314841e+01  2.020450e-02  1.314841e+01  2.020450e-02 
   85620645   5.299205e+00   1.150602e-01   5.299205e+00   1.150602e-01 223200609172327440       9605       3861     0 2453996.479687  1.318947e+01  2.357437e-02  1.318947e+01  2.357437e-02 
   85620704   5.331724e+00   1.152194e-01   5.331724e+00   1.152194e-01 223200609172328430       9605       3857     0 2453996.480370  1.318283e+01  2.346301e-02  1.318283e+01  2.346301e-02 
   85620767   5.595540e+00   1.163346e-01   5.595540e+00   1.163346e-01 223200609172329460       9605       3855     0 2453996.481100  1.313039e+01  2.257317e-02  1.313039e+01  2.257317e-02 
   85620821   5.445257e+00   1.162974e-01   5.445257e+00   1.162974e-01 223200609172330410       9605       3852     0 2453996.481725  1.315995e+01  2.318876e-02  1.315995e+01  2.318876e-02 
   85706441   5.278894e+00   1.131342e-01   5.278894e+00   1.131342e-01 223200609182317440       9608       3835     0 2453997.472697  1.319364e+01  2.326896e-02  1.319364e+01  2.326896e-02 
   85706504   5.468583e+00   1.131838e-01   5.468583e+00   1.131838e-01 223200609182318460       9613       3811     0 2453997.473426  1.315531e+01  2.247166e-02  1.315531e+01  2.247166e-02 
   85706559   5.530575e+00   1.118808e-01   5.530575e+00   1.118808e-01 223200609182319410       9614       3809     0 2453997.474063  1.314307e+01  2.196398e-02  1.314307e+01  2.196398e-02 
   85706636   5.256353e+00   1.119324e-01   5.256353e+00   1.119324e-01 223200609182320580       9609       3832     0 2453997.474954  1.319829e+01  2.312050e-02  1.319829e+01  2.312050e-02 
   85878755   5.465622e+00   1.121871e-01   5.465622e+00   1.121871e-01 223200609202309430       9610       3887     0 2453999.467072  1.315590e+01  2.228585e-02  1.315590e+01  2.228585e-02 
   85878812   5.425770e+00   1.121086e-01   5.425770e+00   1.121086e-01 223200609202310400       9612       3885     0 2453999.467731  1.316385e+01  2.243383e-02  1.316385e+01  2.243383e-02 
   85878873   5.557785e+00   1.137106e-01   5.557785e+00   1.137106e-01 223200609202311410       9613       3882     0 2453999.468437  1.313775e+01  2.221392e-02  1.313775e+01  2.221392e-02 
   85878933   5.550741e+00   1.139165e-01   5.550741e+00   1.139165e-01 223200609202312420       9614       3879     0 2453999.469132  1.313912e+01  2.228237e-02  1.313912e+01  2.228237e-02 
   85964878   5.344492e+00   1.052537e-01   5.344492e+00   1.052537e-01 223200609212305090       9624       3882     0 2454000.463866  1.318023e+01  2.138242e-02  1.318023e+01  2.138242e-02 
   85965031   5.560397e+00   1.052169e-01   5.560397e+00   1.052169e-01 223200609212307420       9626       3875     0 2454000.465637  1.313724e+01  2.054497e-02  1.313724e+01  2.054497e-02 
   85965094   5.514869e+00   1.045560e-01   5.514869e+00   1.045560e-01 223200609212308460       9627       3872     0 2454000.466366  1.314616e+01  2.058448e-02  1.314616e+01  2.058448e-02 
   85965150   5.345438e+00   1.038504e-01   5.345438e+00   1.038504e-01 223200609212309410       9628       3870     0 2454000.467014  1.318004e+01  2.109360e-02  1.318004e+01  2.109360e-02 
   86404992   5.406201e+00   1.082121e-01   5.406201e+00   1.082121e-01 223200609270120390       9489       3531     0 2454005.557778  1.316777e+01  2.173250e-02  1.316777e+01  2.173250e-02 
   86405053   5.750789e+00   1.096986e-01   5.750789e+00   1.096986e-01 223200609270121400       9493       3503     0 2454005.558484  1.310068e+01  2.071092e-02  1.310068e+01  2.071092e-02 
   86405121   5.425735e+00   1.087044e-01   5.425735e+00   1.087044e-01 223200609270122490       9491       3501     0 2454005.559271  1.316385e+01  2.175276e-02  1.316385e+01  2.175276e-02 
   86405182   5.487358e+00   1.095394e-01   5.487358e+00   1.095394e-01 223200609270123490       9491       3499     0 2454005.559977  1.315159e+01  2.167369e-02  1.315159e+01  2.167369e-02 
   87688162   5.357608e+00   9.169269e-02   5.357608e+00   9.169269e-02 223200610112147440       9289       3683     0 2454020.409282  1.317757e+01  1.858188e-02  1.317757e+01  1.858188e-02 
   87688236   5.554485e+00   9.238605e-02   5.554485e+00   9.238605e-02 223200610112148580       9293       3654     0 2454020.410139  1.313839e+01  1.805878e-02  1.313839e+01  1.805878e-02 
   87688290   5.539284e+00   9.220388e-02   5.539284e+00   9.220388e-02 223200610112149520       9292       3652     0 2454020.410764  1.314137e+01  1.807263e-02  1.314137e+01  1.807263e-02 
   87860507   5.672155e+00   1.019115e-01   5.672155e+00   1.019115e-01 223200610132140170       9252       3705     0 2454022.404016  1.311563e+01  1.950747e-02  1.311563e+01  1.950747e-02 
   87860574   5.715225e+00   1.017217e-01   5.715225e+00   1.017217e-01 223200610132141240       9252       3701     0 2454022.404792  1.310742e+01  1.932441e-02  1.310742e+01  1.932441e-02 
   87860630   5.549768e+00   1.007157e-01   5.549768e+00   1.007157e-01 223200610132142200       9251       3699     0 2454022.405440  1.313931e+01  1.970372e-02  1.313931e+01  1.970372e-02 
   87860690   5.616365e+00   1.002520e-01   5.616365e+00   1.002520e-01 223200610132143190       9251       3696     0 2454022.406134  1.312636e+01  1.938044e-02  1.312636e+01  1.938044e-02 
   88033119   5.584300e+00   9.742408e-02   5.584300e+00   9.742408e-02 223200610152137170       9248       3736     0 2454024.401840  1.313258e+01  1.894189e-02  1.313258e+01  1.894189e-02 
   88033180   5.456480e+00   9.619762e-02   5.456480e+00   9.619762e-02 223200610152138180       9247       3731     0 2454024.402546  1.315772e+01  1.914157e-02  1.315772e+01  1.914157e-02 
   88033235   5.550723e+00   9.603534e-02   5.550723e+00   9.603534e-02 223200610152139130       9246       3727     0 2454024.403183  1.313913e+01  1.878483e-02  1.313913e+01  1.878483e-02 
   88033294   5.575423e+00   9.650592e-02   5.575423e+00   9.650592e-02 223200610152140120       9246       3723     0 2454024.403866  1.313431e+01  1.879325e-02  1.313431e+01  1.879325e-02 
   88377442   5.489230e+00   9.926233e-02   5.489230e+00   9.926233e-02 223200610192116140       9232       3752     0 2454028.387060  1.315122e+01  1.963355e-02  1.315122e+01  1.963355e-02 
   88377494   5.651021e+00   1.000272e-01   5.651021e+00   1.000272e-01 223200610192117070       9231       3748     0 2454028.387662  1.311968e+01  1.921839e-02  1.311968e+01  1.921839e-02 
   88377579   5.587322e+00   1.003142e-01   5.587322e+00   1.003142e-01 223200610192118310       9226       3770     0 2454028.388646  1.313199e+01  1.949327e-02  1.313199e+01  1.949327e-02 
   88377641   5.638077e+00   1.003956e-01   5.638077e+00   1.003956e-01 223200610192119340       9226       3767     0 2454028.389363  1.312217e+01  1.933345e-02  1.312217e+01  1.933345e-02 
   88463607   5.816249e+00   9.865092e-02   5.816249e+00   9.865092e-02 223200610202112230       9255       3706     0 2454029.384340  1.308839e+01  1.841552e-02  1.308839e+01  1.841552e-02 
   88463679   5.753232e+00   9.822341e-02   5.753232e+00   9.822341e-02 223200610202113350       9252       3701     0 2454029.385174  1.310022e+01  1.853655e-02  1.310022e+01  1.853655e-02 
   88463742   5.641993e+00   9.771384e-02   5.641993e+00   9.771384e-02 223200610202114380       9252       3699     0 2454029.385903  1.312142e+01  1.880396e-02  1.312142e+01  1.880396e-02 
   88463801   5.658332e+00   9.728659e-02   5.658332e+00   9.728659e-02 223200610202115380       9252       3696     0 2454029.386586  1.311828e+01  1.866768e-02  1.311828e+01  1.866768e-02 
   88551555   5.691721e+00   1.039857e-01   5.691721e+00   1.039857e-01 223200610212138150       9250       3647     0 2454030.402257  1.311189e+01  1.983608e-02  1.311189e+01  1.983608e-02 
   88551687   5.601102e+00   1.042652e-01   5.601102e+00   1.042652e-01 223200610212140270       9247       3637     0 2454030.403785  1.312932e+01  2.021118e-02  1.312932e+01  2.021118e-02 
   88551759   5.587626e+00   1.053915e-01   5.587626e+00   1.053915e-01 223200610212141400       9241       3658     0 2454030.404618  1.313193e+01  2.047879e-02  1.313193e+01  2.047879e-02 
   88637617   5.809758e+00   1.060150e+00   5.809758e+00   1.060150e+00 223200610222132420       9247       3690     0 2454031.398345  1.308961e+01  1.981232e-01  1.308961e+01  1.981232e-01 
   88637765   3.433284e+00   1.300174e+00   3.433284e+00   1.300174e+00 223200610222135100       9242       3680     0 2454031.400058  1.366073e+01  4.111665e-01  1.366073e+01  4.111665e-01 
   88637827   2.365673e+00   2.046806e+00   2.365673e+00   2.046806e+00 223200610222136110       9242       3678     0 2454031.400775  1.406511e+01  9.393940e-01  1.406511e+01  9.393940e-01 
   88640077   7.816130e+00   2.023210e+00   7.816130e+00   2.023210e+00 223200610222213430       9241       3554     0 2454031.426817  1.276752e+01  2.810445e-01  1.276752e+01  2.810445e-01 
   88722107   5.515972e+00   9.965348e-02   5.515972e+00   9.965348e-02 223200610232100550       9239       3737     0 2454032.376238  1.314594e+01  1.961536e-02  1.314594e+01  1.961536e-02 
   88722161   5.586250e+00   9.959794e-02   5.586250e+00   9.959794e-02 223200610232101500       9239       3734     0 2454032.376863  1.313220e+01  1.935779e-02  1.313220e+01  1.935779e-02 
   88722223   5.617855e+00   1.000698e-01   5.617855e+00   1.000698e-01 223200610232102520       9239       3732     0 2454032.377581  1.312607e+01  1.934009e-02  1.312607e+01  1.934009e-02 
   88722290   5.565524e+00   1.000827e-01   5.565524e+00   1.000827e-01 223200610232103590       9240       3729     0 2454032.378356  1.313624e+01  1.952445e-02  1.313624e+01  1.952445e-02 
   88980551   5.556025e+00   1.108665e-01   5.556025e+00   1.108665e-01 223200610262048320       9238       3798     0 2454035.367488  1.313809e+01  2.166517e-02  1.313809e+01  2.166517e-02 
   88980605   5.829216e+00   1.116531e-01   5.829216e+00   1.116531e-01 223200610262049260       9238       3794     0 2454035.368113  1.308597e+01  2.079631e-02  1.308597e+01  2.079631e-02 
   88980665   5.864473e+00   1.114173e-01   5.864473e+00   1.114173e-01 223200610262050270       9238       3792     0 2454035.368808  1.307943e+01  2.062763e-02  1.307943e+01  2.062763e-02 
   88980729   5.799585e+00   1.111389e-01   5.799585e+00   1.111389e-01 223200610262051300       9234       3783     0 2454035.369549  1.309151e+01  2.080630e-02  1.309151e+01  2.080630e-02 
   89066667   5.958961e+00   1.215442e-01   5.958961e+00   1.215442e-01 223200610272043520       9259       3769     0 2454036.364201  1.306207e+01  2.214571e-02  1.306207e+01  2.214571e-02 
   89066730   6.145214e+00   1.224147e-01   6.145214e+00   1.224147e-01 223200610272044550       9258       3766     0 2454036.364931  1.302866e+01  2.162830e-02  1.302866e+01  2.162830e-02 
   89066786   6.134924e+00   1.224204e-01   6.134924e+00   1.224204e-01 223200610272045520       9258       3762     0 2454036.365579  1.303048e+01  2.166558e-02  1.303048e+01  2.166558e-02 
   89066851   5.946225e+00   1.215209e-01   5.946225e+00   1.215209e-01 223200610272046560       9257       3760     0 2454036.366331  1.306440e+01  2.218888e-02  1.306440e+01  2.218888e-02 
   89152865   7.375494e+00   1.946472e-01   7.375494e+00   1.946472e-01 223200610282040350       9243       3780     0 2454037.361863  1.283052e+01  2.865385e-02  1.283052e+01  2.865385e-02 
   89152938   6.030319e+00   1.732337e-01   6.030319e+00   1.732337e-01 223200610282041480       9246       3747     0 2454037.362708  1.304915e+01  3.119018e-02  1.304915e+01  3.119018e-02 
   89152999   6.452629e+00   1.529988e-01   6.452629e+00   1.529988e-01 223200610282042490       9246       3745     0 2454037.363414  1.297566e+01  2.574407e-02  1.297566e+01  2.574407e-02 
   89238986   6.328665e+00   1.603728e-01   6.328665e+00   1.603728e-01 223200610292035590       9239       3737     0 2454038.358634  1.299672e+01  2.751341e-02  1.299672e+01  2.751341e-02 
   89239041   6.605781e+00   1.610042e-01   6.605781e+00   1.610042e-01 223200610292036550       9239       3734     0 2454038.359271  1.295019e+01  2.646300e-02  1.295019e+01  2.646300e-02 
   89239088   6.353163e+00   1.601912e-01   6.353163e+00   1.601912e-01 223200610292037410       9238       3726     0 2454038.359815  1.299253e+01  2.737629e-02  1.299253e+01  2.737629e-02 
   89239166   6.643378e+00   1.612282e-01   6.643378e+00   1.612282e-01 223200610292038590       9238       3724     0 2454038.360718  1.294403e+01  2.634984e-02  1.294403e+01  2.634984e-02 
   89411361   7.404277e+00   2.482196e-01   7.404277e+00   2.482196e-01 223200610312029020       9232       3738     0 2454040.353715  1.282629e+01  3.639815e-02  1.282629e+01  3.639815e-02 
   89411434   7.534625e+00   2.462343e-01   7.534625e+00   2.462343e-01 223200610312030160       9228       3758     0 2454040.354560  1.280735e+01  3.548238e-02  1.280735e+01  3.548238e-02 
   89411504   7.671003e+00   2.482369e-01   7.671003e+00   2.482369e-01 223200610312031250       9231       3727     0 2454040.355370  1.278787e+01  3.513500e-02  1.278787e+01  3.513500e-02 
   89411561   7.489181e+00   2.491709e-01   7.489181e+00   2.491709e-01 223200610312032230       9231       3723     0 2454040.356030  1.281391e+01  3.612342e-02  1.281391e+01  3.612342e-02 
   89506220   7.169833e+00   2.572614e-01   7.169833e+00   2.572614e-01 223200611012250050       9160       3362     0 2454041.451620  1.286123e+01  3.895753e-02  1.286123e+01  3.895753e-02 
   89506293   6.958075e+00   2.583968e-01   6.958075e+00   2.583968e-01 223200611012251190       9163       3332     0 2454041.452465  1.289378e+01  4.032031e-02  1.289378e+01  4.032031e-02 
   89506350   6.859076e+00   2.576365e-01   6.859076e+00   2.576365e-01 223200611012252160       9162       3330     0 2454041.453125  1.290934e+01  4.078192e-02  1.290934e+01  4.078192e-02 
   89506412   6.984623e+00   2.594011e-01   6.984623e+00   2.594011e-01 223200611012253170       9161       3328     0 2454041.453843  1.288964e+01  4.032318e-02  1.288964e+01  4.032318e-02 
   89842122   7.460421e+00   3.557358e-01   7.460421e+00   3.557358e-01 223200611052008420       9243       3740     0 2454045.339375  1.281809e+01  5.177142e-02  1.281809e+01  5.177142e-02 
   89842180   6.672475e+00   3.574519e-01   6.672475e+00   3.574519e-01 223200611052009400       9243       3736     0 2454045.340046  1.293928e+01  5.816430e-02  1.293928e+01  5.816430e-02 
   89842253   7.212270e+00   3.582753e-01   7.212270e+00   3.582753e-01 223200611052010530       9243       3733     0 2454045.340891  1.285482e+01  5.393500e-02  1.285482e+01  5.393500e-02 
   89842312   7.122774e+00   3.560891e-01   7.122774e+00   3.560891e-01 223200611052011520       9243       3730     0 2454045.341574  1.286838e+01  5.427945e-02  1.286838e+01  5.427945e-02 
   89928305   7.156148e+00   2.723462e-01   7.156148e+00   2.723462e-01 223200611062005110       9245       3758     0 2454046.336863  1.286330e+01  4.132072e-02  1.286330e+01  4.132072e-02 
   89928374   6.973974e+00   2.752455e-01   6.973974e+00   2.752455e-01 223200611062006190       9246       3754     0 2454046.337662  1.289130e+01  4.285147e-02  1.289130e+01  4.285147e-02 
   89928428   7.247515e+00   2.764407e-01   7.247515e+00   2.764407e-01 223200611062007140       9246       3752     0 2454046.338287  1.284953e+01  4.141318e-02  1.284953e+01  4.141318e-02 
   89928492   7.071625e+00   2.762468e-01   7.071625e+00   2.762468e-01 223200611062008180       9246       3749     0 2454046.339028  1.287620e+01  4.241347e-02  1.287620e+01  4.241347e-02 
   90014493   5.572934e+00   1.923788e-01   5.572934e+00   1.923788e-01 223200611072001430       9253       3766     0 2454047.334410  1.313479e+01  3.747996e-02  1.313479e+01  3.747996e-02 
   90014547   6.430595e+00   1.761330e-01   6.430595e+00   1.761330e-01 223200611072002370       9253       3763     0 2454047.335035  1.297937e+01  2.973826e-02  1.297937e+01  2.973826e-02 
   90014636   6.633208e+00   1.688724e-01   6.633208e+00   1.688724e-01 223200611072004050       9248       3784     0 2454047.336065  1.294569e+01  2.764145e-02  1.294569e+01  2.764145e-02 
   90014698   6.937901e+00   1.725732e-01   6.937901e+00   1.725732e-01 223200611072005080       9247       3780     0 2454047.336782  1.289693e+01  2.700668e-02  1.289693e+01  2.700668e-02 
   90272982   5.687415e+00   1.090980e-01   5.687415e+00   1.090980e-01 223200611101950030       9250       3749     0 2454050.326181  1.311271e+01  2.082704e-02  1.311271e+01  2.082704e-02 
   90273036   5.686981e+00   1.087596e-01   5.686981e+00   1.087596e-01 223200611101950570       9250       3746     0 2454050.326806  1.311280e+01  2.076403e-02  1.311280e+01  2.076403e-02 
   90273084   5.679071e+00   1.109898e-01   5.679071e+00   1.109898e-01 223200611101951450       9249       3742     0 2454050.327361  1.311431e+01  2.121932e-02  1.311431e+01  2.121932e-02 
   90273149   5.586079e+00   1.084044e-01   5.586079e+00   1.084044e-01 223200611101952500       9248       3739     0 2454050.328113  1.313223e+01  2.107005e-02  1.313223e+01  2.107005e-02 
   90617597   5.589519e+00   1.037380e-01   5.589519e+00   1.037380e-01 223200611141933540       9239       3774     0 2454054.314780  1.313156e+01  2.015066e-02  1.313156e+01  2.015066e-02 
   90617659   5.602084e+00   1.036182e-01   5.602084e+00   1.036182e-01 223200611141934560       9239       3770     0 2454054.315498  1.312913e+01  2.008224e-02  1.312913e+01  2.008224e-02 
   90617719   5.729917e+00   1.032783e-01   5.729917e+00   1.032783e-01 223200611141935570       9244       3742     0 2454054.316192  1.310463e+01  1.956981e-02  1.310463e+01  1.956981e-02 
   90617770   5.667058e+00   1.033409e-01   5.667058e+00   1.033409e-01 223200611141936470       9244       3740     0 2454054.316782  1.311661e+01  1.979888e-02  1.311661e+01  1.979888e-02 
   93120138   6.771501e+00   2.185181e-01   6.771501e+00   2.185181e-01 223200612131844400       9910       3585     0 2454083.279375  1.292329e+01  3.503711e-02  1.292329e+01  3.503711e-02 
   93120197   6.646872e+00   2.047340e-01   6.646872e+00   2.047340e-01 223200612131845380       9911       3584     0 2454083.280058  1.294346e+01  3.344249e-02  1.294346e+01  3.344249e-02 
   93120273   6.753271e+00   1.877476e-01   6.753271e+00   1.877476e-01 223200612131846550       9906       3605     0 2454083.280937  1.292621e+01  3.018464e-02  1.292621e+01  3.018464e-02 
   93120337   6.717304e+00   1.769602e-01   6.717304e+00   1.769602e-01 223200612131847580       9910       3577     0 2454083.281678  1.293201e+01  2.860266e-02  1.293201e+01  2.860266e-02 
   93292972   6.735565e+00   2.616794e-01   6.735565e+00   2.616794e-01 223200612151845190       9883       3557     0 2454085.279769  1.292906e+01  4.218143e-02  1.292906e+01  4.218143e-02 
   93293026   6.843462e+00   2.453188e-01   6.843462e+00   2.453188e-01 223200612151846130       9883       3555     0 2454085.280394  1.291181e+01  3.892071e-02  1.291181e+01  3.892071e-02 
   93293080   7.019639e+00   2.307324e-01   7.019639e+00   2.307324e-01 223200612151847070       9882       3553     0 2454085.281019  1.288421e+01  3.568779e-02  1.288421e+01  3.568779e-02 
   93293134   6.798316e+00   2.176953e-01   6.798316e+00   2.176953e-01 223200612151848010       9882       3551     0 2454085.281644  1.291900e+01  3.476752e-02  1.291900e+01  3.476752e-02 
   93467313   5.731129e+00   1.130531e-01   5.731129e+00   1.130531e-01 223200612171911070      10235       3380     0 2454087.297604  1.310440e+01  2.141747e-02  1.310440e+01  2.141747e-02 
   93467369   5.835599e+00   1.123035e-01   5.835599e+00   1.123035e-01 223200612171912030      10233       3377     0 2454087.298252  1.308479e+01  2.089458e-02  1.308479e+01  2.089458e-02 
   93467429   5.890290e+00   1.115977e-01   5.890290e+00   1.115977e-01 223200612171913020      10232       3375     0 2454087.298947  1.307466e+01  2.057047e-02  1.307466e+01  2.057047e-02 
   93467499   5.832659e+00   1.102637e-01   5.832659e+00   1.102637e-01 223200612171914130      10225       3396     0 2454087.299757  1.308533e+01  2.052540e-02  1.308533e+01  2.052540e-02 
   93556670   5.602347e+00   1.032961e-01   5.602347e+00   1.032961e-01 223200612182000260       9295       3314     0 2454088.331829  1.312908e+01  2.001888e-02  1.312908e+01  2.001888e-02 
   93556728   5.661134e+00   1.032084e-01   5.661134e+00   1.032084e-01 223200612182001250       9295       3312     0 2454088.332500  1.311774e+01  1.979418e-02  1.311774e+01  1.979418e-02 
   93556797   5.632996e+00   1.037740e-01   5.632996e+00   1.037740e-01 223200612182002330       9294       3310     0 2454088.333299  1.312315e+01  2.000207e-02  1.312315e+01  2.000207e-02 
   93556861   5.622635e+00   1.045924e-01   5.622635e+00   1.045924e-01 223200612182003370       9293       3308     0 2454088.334039  1.312515e+01  2.019696e-02  1.312515e+01  2.019696e-02 
   93725370   6.499722e+00   2.164558e-01   6.499722e+00   2.164558e-01 223200612201852110       9354       3470     0 2454090.284375  1.296776e+01  3.615765e-02  1.296776e+01  3.615765e-02 
   93725429   6.559111e+00   2.049645e-01   6.559111e+00   2.049645e-01 223200612201853100       9353       3467     0 2454090.285058  1.295789e+01  3.392810e-02  1.295789e+01  3.392810e-02 
   93725486   6.900158e+00   1.939253e-01   6.900158e+00   1.939253e-01 223200612201854080       9352       3465     0 2454090.285718  1.290285e+01  3.051416e-02  1.290285e+01  3.051416e-02 
   93725548   6.422784e+00   1.822350e-01   6.422784e+00   1.822350e-01 223200612201855100       9352       3462     0 2454090.286435  1.298069e+01  3.080593e-02  1.298069e+01  3.080593e-02 
   94935174   7.517503e+00   3.912394e-01   7.517503e+00   3.912394e-01 223200701031856070       9295       3316     0 2454104.286736  1.280982e+01  5.650603e-02  1.280982e+01  5.650603e-02 
   94935240   6.933760e+00   3.841759e-01   6.933760e+00   3.841759e-01 223200701031857140       9294       3315     0 2454104.287500  1.289758e+01  6.015714e-02  1.289758e+01  6.015714e-02 
   94935298   7.361015e+00   3.770760e-01   7.361015e+00   3.770760e-01 223200701031858120       9294       3313     0 2454104.288171  1.283266e+01  5.561822e-02  1.283266e+01  5.561822e-02 
   94935363   7.138884e+00   3.727631e-01   7.138884e+00   3.727631e-01 223200701031859170       9293       3310     0 2454104.288924  1.286592e+01  5.669287e-02  1.286592e+01  5.669287e-02 
   95021603   6.861420e+00   2.945864e-01   6.861420e+00   2.945864e-01 223200701041856390       9291       3332     0 2454105.287072  1.290897e+01  4.661487e-02  1.290897e+01  4.661487e-02 
   95021675   7.005475e+00   2.788513e-01   7.005475e+00   2.788513e-01 223200701041857500       9295       3304     0 2454105.287905  1.288641e+01  4.321763e-02  1.288641e+01  4.321763e-02 
   95021740   6.749597e+00   2.660126e-01   6.749597e+00   2.660126e-01 223200701041858560       9295       3303     0 2454105.288657  1.292681e+01  4.279078e-02  1.292681e+01  4.279078e-02 
   95021796   6.967124e+00   2.567901e-01   6.967124e+00   2.567901e-01 223200701041859510       9294       3301     0 2454105.289306  1.289237e+01  4.001756e-02  1.289237e+01  4.001756e-02 
   95107904   7.182200e+00   2.584264e-01   7.182200e+00   2.584264e-01 223200701051855020       9269       3298     0 2454106.285926  1.285936e+01  3.906656e-02  1.285936e+01  3.906656e-02 
   95107960   6.936485e+00   2.410559e-01   6.936485e+00   2.410559e-01 223200701051855570       9268       3295     0 2454106.286574  1.289715e+01  3.773151e-02  1.289715e+01  3.773151e-02 
   95108014   6.848564e+00   2.264656e-01   6.848564e+00   2.264656e-01 223200701051856510       9267       3294     0 2454106.287199  1.291100e+01  3.590281e-02  1.291100e+01  3.590281e-02 
   95108068   6.769781e+00   2.138228e-01   6.769781e+00   2.138228e-01 223200701051857460       9267       3292     0 2454106.287824  1.292356e+01  3.429298e-02  1.292356e+01  3.429298e-02 
   95280693   6.985104e+00   2.285311e-01   6.985104e+00   2.285311e-01 223200701071854540       9246       3279     0 2454108.285799  1.288957e+01  3.552208e-02  1.288957e+01  3.552208e-02 
   95280822   6.690487e+00   2.002218e-01   6.690487e+00   2.002218e-01 223200701071857030       9265       3303     0 2454108.287292  1.293636e+01  3.249222e-02  1.293636e+01  3.249222e-02 
   95280878   6.808807e+00   1.866933e-01   6.808807e+00   1.866933e-01 223200701071857590       9263       3300     0 2454108.287940  1.291732e+01  2.977032e-02  1.291732e+01  2.977032e-02 
   95280934   6.624248e+00   1.752772e-01   6.624248e+00   1.752772e-01 223200701071858540       9263       3298     0 2454108.288588  1.294716e+01  2.872861e-02  1.294716e+01  2.872861e-02 
   95367155   7.043758e+00   2.599663e-01   7.043758e+00   2.599663e-01 223200701081855580       9249       3270     0 2454109.286516  1.288049e+01  4.007176e-02  1.288049e+01  4.007176e-02 
   95367211   6.554689e+00   2.421434e-01   6.554689e+00   2.421434e-01 223200701081856530       9248       3269     0 2454109.287164  1.295862e+01  4.010941e-02  1.295862e+01  4.010941e-02 
   95367266   6.895989e+00   2.264302e-01   6.895989e+00   2.264302e-01 223200701081857490       9247       3267     0 2454109.287801  1.290351e+01  3.565033e-02  1.290351e+01  3.565033e-02 
   95367322   7.062043e+00   2.123941e-01   7.062043e+00   2.123941e-01 223200701081858450       9246       3266     0 2454109.288449  1.287767e+01  3.265412e-02  1.287767e+01  3.265412e-02 
   95453541   7.128772e+00   2.511267e-01   7.128772e+00   2.511267e-01 223200701091855450       9252       3266     0 2454110.286354  1.286746e+01  3.824759e-02  1.286746e+01  3.824759e-02 
   95453597   6.812998e+00   2.345948e-01   6.812998e+00   2.345948e-01 223200701091856400       9251       3265     0 2454110.287002  1.291665e+01  3.738574e-02  1.291665e+01  3.738574e-02 
   95453651   6.910149e+00   2.199634e-01   6.910149e+00   2.199634e-01 223200701091857350       9250       3264     0 2454110.287627  1.290128e+01  3.456120e-02  1.290128e+01  3.456120e-02 
   95453707   6.678493e+00   2.065826e-01   6.678493e+00   2.065826e-01 223200701091858300       9248       3263     0 2454110.288275  1.293830e+01  3.358467e-02  1.293830e+01  3.358467e-02 
   95539931   7.003815e+00   2.486359e-01   7.003815e+00   2.486359e-01 223200701101855350       9248       3260     0 2454111.286238  1.288666e+01  3.854385e-02  1.288666e+01  3.854385e-02 
   95539985   6.728488e+00   2.342992e-01   6.728488e+00   2.342992e-01 223200701101856300       9248       3259     0 2454111.286863  1.293021e+01  3.780760e-02  1.293021e+01  3.780760e-02 
   95540039   7.099261e+00   2.220642e-01   7.099261e+00   2.220642e-01 223200701101857240       9247       3257     0 2454111.287488  1.287197e+01  3.396184e-02  1.287197e+01  3.396184e-02 
   95540095   6.605439e+00   2.092556e-01   6.605439e+00   2.092556e-01 223200701101858190       9246       3256     0 2454111.288137  1.295025e+01  3.439546e-02  1.295025e+01  3.439546e-02 
   95626314   6.647316e+00   2.599317e-01   6.647316e+00   2.599317e-01 223200701111855210       9230       3239     0 2454112.286042  1.294338e+01  4.245597e-02  1.294338e+01  4.245597e-02 
   95626370   6.933876e+00   2.441221e-01   6.933876e+00   2.441221e-01 223200701111856160       9230       3239     0 2454112.286690  1.289756e+01  3.822583e-02  1.289756e+01  3.822583e-02 
   95626424   6.794102e+00   2.289577e-01   6.794102e+00   2.289577e-01 223200701111857110       9229       3237     0 2454112.287315  1.291967e+01  3.658887e-02  1.291967e+01  3.658887e-02 
   95626480   7.116774e+00   2.160731e-01   7.116774e+00   2.160731e-01 223200701111858070       9229       3237     0 2454112.287963  1.286929e+01  3.296426e-02  1.286929e+01  3.296426e-02 
   95712697   6.986606e+00   2.402350e-01   6.986606e+00   2.402350e-01 223200701121855050       9259       3234     0 2454113.285845  1.288933e+01  3.733325e-02  1.288933e+01  3.733325e-02 
   95712753   6.857470e+00   2.265012e-01   6.857470e+00   2.265012e-01 223200701121856000       9258       3233     0 2454113.286493  1.290959e+01  3.586183e-02  1.290959e+01  3.586183e-02 
   95712807   6.396404e+00   2.136174e-01   6.396404e+00   2.136174e-01 223200701121856550       9258       3232     0 2454113.287118  1.298516e+01  3.625990e-02  1.298516e+01  3.625990e-02 
   95712861   6.577914e+00   2.033556e-01   6.577914e+00   2.033556e-01 223200701121857490       9257       3230     0 2454113.287743  1.295478e+01  3.356555e-02  1.295478e+01  3.356555e-02 
   95799119   7.089900e+00   2.170133e-01   7.089900e+00   2.170133e-01 223200701131855270       9255       3249     0 2454114.286100  1.287340e+01  3.323319e-02  1.287340e+01  3.323319e-02 
   95799173   6.706495e+00   2.042799e-01   6.706495e+00   2.042799e-01 223200701131856210       9255       3248     0 2454114.286725  1.293376e+01  3.307165e-02  1.293376e+01  3.307165e-02 
   95799297   6.825118e+00   1.820854e-01   6.825118e+00   1.820854e-01 223200701131858250       9256       3252     0 2454114.288160  1.291472e+01  2.896616e-02  1.291472e+01  2.896616e-02 
   95799351   6.394423e+00   1.723355e-01   6.394423e+00   1.723355e-01 223200701131859190       9255       3250     0 2454114.288785  1.298550e+01  2.926167e-02  1.298550e+01  2.926167e-02 
   95885589   6.571924e+00   2.034573e-01   6.571924e+00   2.034573e-01 223200701141856390       9250       3227     0 2454115.286910  1.295577e+01  3.361294e-02  1.295577e+01  3.361294e-02 
   95885645   6.468277e+00   1.928032e-01   6.468277e+00   1.928032e-01 223200701141857340       9250       3226     0 2454115.287558  1.297303e+01  3.236320e-02  1.297303e+01  3.236320e-02 
   95885699   6.732202e+00   1.829640e-01   6.732202e+00   1.829640e-01 223200701141858290       9250       3225     0 2454115.288183  1.292961e+01  2.950764e-02  1.292961e+01  2.950764e-02 
   95885831   6.413742e+00   1.615873e-01   6.413742e+00   1.615873e-01 223200701141900410       9247       3226     0 2454115.289711  1.298222e+01  2.735405e-02  1.298222e+01  2.735405e-02 
  105941751   6.624552e+00   2.734705e-01   6.624552e+00   2.734705e-01 223200705110414520       9226       4055     0 2454231.677674  1.294711e+01  4.482082e-02  1.294711e+01  4.482082e-02 
  105941807   6.656630e+00   2.903398e-01   6.656630e+00   2.903398e-01 223200705110415490       9230       4055     0 2454231.678322  1.294186e+01  4.735633e-02  1.294186e+01  4.735633e-02 
  105941866   6.668674e+00   3.055122e-01   6.668674e+00   3.055122e-01 223200705110416470       9232       4054     0 2454231.679005  1.293990e+01  4.974104e-02  1.293990e+01  4.974104e-02 
  105941921   7.144263e+00   3.276509e-01   7.144263e+00   3.276509e-01 223200705110417430       9234       4054     0 2454231.679641  1.286511e+01  4.979431e-02  1.286511e+01  4.979431e-02 
  106027806   6.263500e+00   1.712036e-01   6.263500e+00   1.712036e-01 223200705120409040       9251       4032     0 2454232.673681  1.300796e+01  2.967710e-02  1.300796e+01  2.967710e-02 
  106027932   6.888130e+00   1.867597e-01   6.888130e+00   1.867597e-01 223200705120411090       9238       4044     0 2454232.675139  1.290475e+01  2.943796e-02  1.290475e+01  2.943796e-02 
  106027986   6.761089e+00   1.947632e-01   6.761089e+00   1.947632e-01 223200705120412040       9241       4043     0 2454232.675764  1.292496e+01  3.127635e-02  1.292496e+01  3.127635e-02 
  106028040   6.945957e+00   2.039347e-01   6.945957e+00   2.039347e-01 223200705120412580       9243       4043     0 2454232.676389  1.289567e+01  3.187754e-02  1.289567e+01  3.187754e-02 
  106114061   6.087411e+00   1.729288e-01   6.087411e+00   1.729288e-01 223200705130406340       9227       4056     0 2454233.672002  1.303892e+01  3.084328e-02  1.303892e+01  3.084328e-02 
  106114115   6.371419e+00   1.773834e-01   6.371419e+00   1.773834e-01 223200705130407290       9231       4055     0 2454233.672627  1.298941e+01  3.022753e-02  1.298941e+01  3.022753e-02 
  106114171   6.266923e+00   1.815142e-01   6.266923e+00   1.815142e-01 223200705130408240       9233       4055     0 2454233.673275  1.300736e+01  3.144721e-02  1.300736e+01  3.144721e-02 
  106114225   6.430113e+00   1.874319e-01   6.430113e+00   1.874319e-01 223200705130409190       9235       4055     0 2454233.673900  1.297945e+01  3.164833e-02  1.297945e+01  3.164833e-02 
  124569528   7.296476e+00   3.089935e-01   7.296476e+00   3.089935e-01 221200712121841060      11000       4822     0 2454447.276944  1.284222e+01  4.597926e-02  1.284222e+01  4.597926e-02 
  124569721   7.179697e+00   2.594139e-01   7.179697e+00   2.594139e-01 223200712121844190       8579       8008     0 2454447.279178  1.285973e+01  3.922953e-02  1.285973e+01  3.922953e-02 
  124571586   8.418769e+00   1.171422e-01   8.418769e+00   1.171422e-01 222200712121915250      11302      24527     0 2454447.300764  1.268688e+01  1.510743e-02  1.268688e+01  1.510743e-02 
  124571710   5.956130e+00   9.085530e-02   5.956130e+00   9.085530e-02 223200712121917280       8592       7970     0 2454447.302199  1.306259e+01  1.656197e-02  1.306259e+01  1.656197e-02 
  124573044   5.905979e+00   9.036475e-02   5.905979e+00   9.036475e-02 223200712121939430       8578       7897     0 2454447.317639  1.307177e+01  1.661242e-02  1.307177e+01  1.661242e-02 
