\OBJNAME = '1SWASP J001206.34-720542.1'
\OBSSTART = '2006-05-11T04:14:48'
\OBSSTOP = '2007-12-12T19:39:43'
\TSTART = 74405744
\TSTOP = 124573047
\JD_REF = 2453005.5
\RA_OBJ = '3.026419'
\DEC_OBJ = '-72.095044'
\WASP_MAG = 11.67029
\HJD_START = 2453866.677593
\HJD_STOP = 2454447.317674
\fixlen = T
\NUMRECORDS = 371
\
\ This file was produced by the NASA Exoplanet Archive  http://exoplanetarchive.ipac.caltech.edu 
\ Tue Sep 17, 13:19:31 2013
\ Documentation for the SuperWASP dataset can be found at http://exoplanetarchive.ipac.caltech.edu/docs/SuperWASPMission.html
\
|TMID      |FLUX2         |FLUX2_ERR     |TAMFLUX2      |TAMFLUX2_ERR  |IMAGEID           |CCDX      |CCDY      |FLAG |           HJD|         MAG2|     MAG2_ERR|      TAMMAG2|  TAMMAG2_ERR|
|int       |float         |float         |float         |float         |char              |int       |int       |int  |        double|        float|        float|        float|        float|
|sec       |micro Vega    |micro Vega    |micro Vega    |micro Vega    |                  |1/16 pixel|1/16 pixel|     |           day|          mag|          mag|          mag|          mag|
|null      |null          |null          |null          |null          |null              |null      |null      |null |          null|         null|         null|         null|         null|
   74405744   2.406792e+01   2.368826e-01   2.406792e+01   2.368826e-01 223200605110414480      10986       3981     0 2453866.677593  1.154640e+01  1.068613e-02  1.154640e+01  1.068613e-02 
   74405797   2.371724e+01   2.523676e-01   2.371724e+01   2.523676e-01 223200605110415410      10990       3977     0 2453866.678206  1.156234e+01  1.155301e-02  1.156234e+01  1.155301e-02 
   74405881   2.339924e+01   2.778859e-01   2.339924e+01   2.778859e-01 223200605110417040      10995       3976     0 2453866.679178  1.157700e+01  1.289409e-02  1.157700e+01  1.289409e-02 
   74405946   2.494796e+01   3.047052e-01   2.494796e+01   3.047052e-01 223200605110418100      11004       3950     0 2453866.679931  1.150741e+01  1.326083e-02  1.150741e+01  1.326083e-02 
   74491856   2.349543e+01   2.523602e-01   2.349543e+01   2.523602e-01 223200605120409570      11008       3908     0 2453867.674259  1.157254e+01  1.166174e-02  1.157254e+01  1.166174e-02 
   74491994   2.500370e+01   2.668276e-01   2.500370e+01   2.668276e-01 223200605120412150      11017       3905     0 2453867.675856  1.150499e+01  1.158650e-02  1.150499e+01  1.158650e-02 
   74492047   2.572687e+01   2.729593e-01   2.572687e+01   2.729593e-01 223200605120413070      11020       3903     0 2453867.676470  1.147403e+01  1.151958e-02  1.147403e+01  1.151958e-02 
   74750379   2.242323e+01   3.360149e-01   2.242323e+01   3.360149e-01 223200605150358270      11004       3911     0 2453870.666424  1.162325e+01  1.626995e-02  1.162325e+01  1.626995e-02 
   74750439   2.265706e+01   3.306505e-01   2.265706e+01   3.306505e-01 223200605150359270      11009       3907     0 2453870.667118  1.161199e+01  1.584497e-02  1.161199e+01  1.584497e-02 
   74750493   2.197884e+01   3.334478e-01   2.197884e+01   3.334478e-01 223200605150400210      11013       3907     0 2453870.667743  1.164499e+01  1.647210e-02  1.164499e+01  1.647210e-02 
   74750552   2.258396e+01   3.351168e-01   2.258396e+01   3.351168e-01 223200605150401200      11016       3905     0 2453870.668426  1.161550e+01  1.611098e-02  1.161550e+01  1.611098e-02 
   75613641   2.042545e+01   1.654961e-01   2.042545e+01   1.654961e-01 223200605250345300      11082       3924     0 2453880.657882  1.172457e+01  8.797149e-03  1.172457e+01  8.797149e-03 
   75613704   1.945274e+01   1.629697e-01   1.945274e+01   1.629697e-01 223200605250346340      11091       3895     0 2453880.658611  1.177755e+01  9.096029e-03  1.177755e+01  9.096029e-03 
   75613762   2.015568e+01   1.639682e-01   2.015568e+01   1.639682e-01 223200605250347310      11095       3894     0 2453880.659282  1.173901e+01  8.832592e-03  1.173901e+01  8.832592e-03 
   75613830   1.997258e+01   1.628109e-01   1.997258e+01   1.628109e-01 223200605250348400      11092       3917     0 2453880.660069  1.174891e+01  8.850649e-03  1.174891e+01  8.850649e-03 
   75700095   2.020823e+01   1.622894e-01   2.020823e+01   1.622894e-01 223200605260346210      11101       3914     0 2453881.658507  1.173618e+01  8.719424e-03  1.173618e+01  8.719424e-03 
   75700158   1.987423e+01   1.611366e-01   1.987423e+01   1.611366e-01 223200605260347250      11109       3883     0 2453881.659236  1.175427e+01  8.802981e-03  1.175427e+01  8.802981e-03 
   75700225   1.980107e+01   1.600853e-01   1.980107e+01   1.600853e-01 223200605260348310      11107       3907     0 2453881.660012  1.175828e+01  8.777860e-03  1.175828e+01  8.777860e-03 
   75700294   2.018427e+01   1.613034e-01   2.018427e+01   1.613034e-01 223200605260349400      11114       3877     0 2453881.660810  1.173747e+01  8.676734e-03  1.173747e+01  8.676734e-03 
   76132315   2.090540e+01   1.465919e-01   2.090540e+01   1.465919e-01 223200605310349440      11164       3887     0 2453886.661053  1.169935e+01  7.613380e-03  1.169935e+01  7.613380e-03 
   76132382   2.007447e+01   1.454183e-01   2.007447e+01   1.454183e-01 223200605310350510      11172       3856     0 2453886.661829  1.174339e+01  7.865037e-03  1.174339e+01  7.865037e-03 
   76132431   2.058030e+01   1.475685e-01   2.058030e+01   1.475685e-01 223200605310351390      11174       3855     0 2453886.662396  1.171637e+01  7.785168e-03  1.171637e+01  7.785168e-03 
   76132493   2.057679e+01   1.480897e-01   2.057679e+01   1.480897e-01 223200605310352410      11176       3854     0 2453886.663113  1.171656e+01  7.813995e-03  1.171656e+01  7.813995e-03 
   76218786   2.059592e+01   1.495697e-01   2.059592e+01   1.495697e-01 223200606010350510      11183       3848     0 2453887.661875  1.171555e+01  7.884759e-03  1.171555e+01  7.884759e-03 
   76218854   2.121599e+01   1.476099e-01   2.121599e+01   1.476099e-01 223200606010351580      11182       3871     0 2453887.662662  1.168334e+01  7.554019e-03  1.168334e+01  7.554019e-03 
   76218924   2.015055e+01   1.470506e-01   2.015055e+01   1.470506e-01 223200606010353090      11186       3869     0 2453887.663472  1.173928e+01  7.923297e-03  1.173928e+01  7.923297e-03 
   76219010   2.148641e+01   1.511848e-01   2.148641e+01   1.511848e-01 223200606010354350      11194       3841     0 2453887.664468  1.166959e+01  7.639594e-03  1.166959e+01  7.639594e-03 
   76478192   2.018948e+01   1.552582e-01   2.018948e+01   1.552582e-01 223200606040354060      11194       3840     0 2453890.664259  1.173719e+01  8.349401e-03  1.173719e+01  8.349401e-03 
   76478265   1.986202e+01   1.563405e-01   1.986202e+01   1.563405e-01 223200606040355190      11194       3863     0 2453890.665104  1.175494e+01  8.546215e-03  1.175494e+01  8.546215e-03 
   76478341   1.989645e+01   1.567449e-01   1.989645e+01   1.567449e-01 223200606040356360      11202       3833     0 2453890.665984  1.175306e+01  8.553497e-03  1.175306e+01  8.553497e-03 
   76478394   1.996362e+01   1.564882e-01   1.996362e+01   1.564882e-01 223200606040357280      11204       3831     0 2453890.666597  1.174940e+01  8.510758e-03  1.174940e+01  8.510758e-03 
   76564535   2.045062e+01   3.152573e-01   2.045062e+01   3.152573e-01 223200606050353060      11221       3825     0 2453891.663600  1.172323e+01  1.673726e-02  1.172323e+01  1.673726e-02 
   76564594   2.101046e+01   3.093900e-01   2.101046e+01   3.093900e-01 223200606050354050      11225       3824     0 2453891.664282  1.169391e+01  1.598809e-02  1.169391e+01  1.598809e-02 
   76564654   2.275121e+01   3.132972e-01   2.275121e+01   3.132972e-01 223200606050355050      11228       3821     0 2453891.664977  1.160749e+01  1.495127e-02  1.160749e+01  1.495127e-02 
   76564712   2.095815e+01   2.864659e-01   2.095815e+01   2.864659e-01 223200606050356020      11230       3821     0 2453891.665648  1.169662e+01  1.484041e-02  1.169662e+01  1.484041e-02 
   76650906   2.017683e+01   1.520481e-01   2.017683e+01   1.520481e-01 223200606060352330      11209       3821     0 2453892.663264  1.173787e+01  8.181892e-03  1.173787e+01  8.181892e-03 
   76651040   1.939291e+01   1.513597e-01   1.939291e+01   1.513597e-01 223200606060354480      11216       3820     0 2453892.664815  1.178089e+01  8.474088e-03  1.178089e+01  8.474088e-03 
   76651096   1.935272e+01   1.514220e-01   1.935272e+01   1.514220e-01 223200606060355430      11219       3818     0 2453892.665463  1.178314e+01  8.495186e-03  1.178314e+01  8.495186e-03 
   76651172   1.965119e+01   1.497755e-01   1.965119e+01   1.497755e-01 223200606060357000      11216       3841     0 2453892.666343  1.176653e+01  8.275188e-03  1.176653e+01  8.275188e-03 
   76737400   1.962110e+01   1.525098e-01   1.962110e+01   1.525098e-01 223200606070354040      11220       3824     0 2453893.664352  1.176819e+01  8.439182e-03  1.176819e+01  8.439182e-03 
   76737453   1.979450e+01   1.522941e-01   1.979450e+01   1.522941e-01 223200606070354570      11222       3822     0 2453893.664965  1.175864e+01  8.353420e-03  1.175864e+01  8.353420e-03 
   76737508   1.963559e+01   1.525563e-01   1.963559e+01   1.525563e-01 223200606070355530      11224       3820     0 2453893.665602  1.176739e+01  8.435523e-03  1.176739e+01  8.435523e-03 
   76737564   2.003022e+01   1.539055e-01   2.003022e+01   1.539055e-01 223200606070356480      11226       3819     0 2453893.666250  1.174579e+01  8.342462e-03  1.174579e+01  8.342462e-03 
   76823790   2.063695e+01   1.497350e-01   2.063695e+01   1.497350e-01 223200606080353510      11246       3824     0 2453894.664236  1.171339e+01  7.877775e-03  1.171339e+01  7.877775e-03 
   76823849   1.947938e+01   1.481776e-01   1.947938e+01   1.481776e-01 223200606080354510      11249       3821     0 2453894.664919  1.177606e+01  8.259111e-03  1.177606e+01  8.259111e-03 
   76823908   1.962418e+01   1.500062e-01   1.962418e+01   1.500062e-01 223200606080355500      11252       3819     0 2453894.665602  1.176802e+01  8.299340e-03  1.176802e+01  8.299340e-03 
   76823994   1.998883e+01   1.489452e-01   1.998883e+01   1.489452e-01 223200606080357160      11250       3841     0 2453894.666597  1.174803e+01  8.090307e-03  1.174803e+01  8.090307e-03 
   76910217   2.012429e+01   1.513926e-01   2.012429e+01   1.513926e-01 223200606090354140      11242       3811     0 2453895.664549  1.174070e+01  8.167890e-03  1.174070e+01  8.167890e-03 
   76910271   2.047364e+01   1.511124e-01   2.047364e+01   1.511124e-01 223200606090355080      11245       3809     0 2453895.665174  1.172201e+01  8.013659e-03  1.172201e+01  8.013659e-03 
   76910355   2.035229e+01   1.536452e-01   2.035229e+01   1.536452e-01 223200606090356320      11243       3831     0 2453895.666146  1.172847e+01  8.196563e-03  1.172847e+01  8.196563e-03 
   76910427   1.954119e+01   1.486024e-01   1.954119e+01   1.486024e-01 223200606090357440      11249       3804     0 2453895.666979  1.177262e+01  8.256589e-03  1.177262e+01  8.256589e-03 
   76996572   2.152257e+01   2.297082e-01   2.152257e+01   2.297082e-01 223200606100353270      11247       3811     0 2453896.664028  1.166776e+01  1.158799e-02  1.166776e+01  1.158799e-02 
   76996637   2.101474e+01   2.260296e-01   2.101474e+01   2.260296e-01 223200606100354320      11251       3808     0 2453896.664780  1.169369e+01  1.167797e-02  1.169369e+01  1.167797e-02 
   76996698   2.143090e+01   2.258462e-01   2.143090e+01   2.258462e-01 223200606100355320      11253       3806     0 2453896.665486  1.167240e+01  1.144190e-02  1.167240e+01  1.144190e-02 
   76996753   2.120063e+01   2.248110e-01   2.120063e+01   2.248110e-01 223200606100356270      11255       3805     0 2453896.666123  1.168413e+01  1.151317e-02  1.168413e+01  1.151317e-02 
   77082992   2.291197e+01   3.617584e-01   2.291197e+01   3.617584e-01 223200606110353440      11260       3800     0 2453897.664259  1.159984e+01  1.714281e-02  1.159984e+01  1.714281e-02 
   77083069   2.304774e+01   3.567047e-01   2.304774e+01   3.567047e-01 223200606110355000      11259       3823     0 2453897.665150  1.159343e+01  1.680375e-02  1.159343e+01  1.680375e-02 
   77083150   2.210072e+01   3.546794e-01   2.210072e+01   3.546794e-01 223200606110356210      11266       3794     0 2453897.666088  1.163898e+01  1.742430e-02  1.163898e+01  1.742430e-02 
   77083204   2.221114e+01   3.557378e-01   2.221114e+01   3.557378e-01 223200606110357160      11268       3792     0 2453897.666713  1.163357e+01  1.738942e-02  1.163357e+01  1.738942e-02 
   77169258   2.326879e+01   4.421911e-01   2.326879e+01   4.421911e-01 223200606120351270      11259       3820     0 2453898.662708  1.158307e+01  2.063299e-02  1.158307e+01  2.063299e-02 
   77169320   2.223223e+01   4.363630e-01   2.223223e+01   4.363630e-01 223200606120352290      11267       3792     0 2453898.663426  1.163254e+01  2.131035e-02  1.163254e+01  2.131035e-02 
   77169378   2.277735e+01   4.383546e-01   2.277735e+01   4.383546e-01 223200606120353260      11268       3790     0 2453898.664097  1.160624e+01  2.089528e-02  1.160624e+01  2.089528e-02 
   77169438   2.269075e+01   4.414276e-01   2.269075e+01   4.414276e-01 223200606120354260      11270       3787     0 2453898.664792  1.161038e+01  2.112207e-02  1.161038e+01  2.112207e-02 
   77514684   2.283067e+01   1.971301e+00   2.283067e+01   1.971301e+00 223200606160348210      11269       3759     0 2453902.660694  1.160370e+01  9.374761e-02  1.160370e+01  9.374761e-02 
   77514749   2.043515e+01   2.524397e+00   2.043515e+01   2.524397e+00 223200606160349260      11271       3757     0 2453902.661447  1.172406e+01  1.341237e-01  1.172406e+01  1.341237e-01 
   77601369   2.075433e+01   2.044783e-01   2.075433e+01   2.044783e-01 223200606170353030      11283       3743     0 2453903.663993  1.170723e+01  1.069706e-02  1.170723e+01  1.069706e-02 
   77601439   2.057049e+01   2.057563e-01   2.057049e+01   2.057563e-01 223200606170354120      11281       3767     0 2453903.664803  1.171689e+01  1.086011e-02  1.171689e+01  1.086011e-02 
   77601509   2.071809e+01   2.051138e-01   2.071809e+01   2.051138e-01 223200606170355220      11282       3764     0 2453903.665613  1.170913e+01  1.074907e-02  1.170913e+01  1.074907e-02 
   77601566   2.103056e+01   2.064467e-01   2.103056e+01   2.064467e-01 223200606170356190      11288       3737     0 2453903.666273  1.169287e+01  1.065818e-02  1.169287e+01  1.065818e-02 
   77687713   2.102262e+01   1.851300e-01   2.102262e+01   1.851300e-01 223200606180352030      11303       3738     0 2453904.663345  1.169328e+01  9.561272e-03  1.169328e+01  9.561272e-03 
   77687756   2.141516e+01   1.855377e-01   2.141516e+01   1.855377e-01 223200606180352470      11305       3736     0 2453904.663843  1.167320e+01  9.406683e-03  1.167320e+01  9.406683e-03 
   77687824   2.135467e+01   1.860809e-01   2.135467e+01   1.860809e-01 223200606180353550      11306       3735     0 2453904.664630  1.167627e+01  9.460949e-03  1.167627e+01  9.460949e-03 
   77687875   2.106155e+01   1.848268e-01   2.106155e+01   1.848268e-01 223200606180354460      11307       3733     0 2453904.665220  1.169127e+01  9.527971e-03  1.169127e+01  9.527971e-03 
   77774349   2.064137e+01   1.665597e-01   2.064137e+01   1.665597e-01 223200606190355570      11349       3718     0 2453905.666076  1.171315e+01  8.761071e-03  1.171315e+01  8.761071e-03 
   77774405   2.053318e+01   1.663620e-01   2.053318e+01   1.663620e-01 223200606190356530      11349       3718     0 2453905.666725  1.171886e+01  8.796779e-03  1.171886e+01  8.796779e-03 
   77774467   2.041658e+01   1.658704e-01   2.041658e+01   1.658704e-01 223200606190357560      11348       3717     0 2453905.667442  1.172504e+01  8.820878e-03  1.172504e+01  8.820878e-03 
   77774532   2.083853e+01   1.633234e-01   2.083853e+01   1.633234e-01 223200606190359000      11343       3743     0 2453905.668194  1.170283e+01  8.509563e-03  1.170283e+01  8.509563e-03 
   77860763   2.028301e+01   1.536509e-01   2.028301e+01   1.536509e-01 223200606200356080      11332       3713     0 2453906.666238  1.173217e+01  8.224860e-03  1.173217e+01  8.224860e-03 
   77860822   2.069848e+01   1.544924e-01   2.069848e+01   1.544924e-01 223200606200357080      11333       3712     0 2453906.666921  1.171015e+01  8.103908e-03  1.171015e+01  8.103908e-03 
   77860886   2.044857e+01   1.537953e-01   2.044857e+01   1.537953e-01 223200606200358110      11333       3713     0 2453906.667662  1.172334e+01  8.165932e-03  1.172334e+01  8.165932e-03 
   77860951   2.046255e+01   1.537800e-01   2.046255e+01   1.537800e-01 223200606200359170      11327       3739     0 2453906.668414  1.172260e+01  8.159543e-03  1.172260e+01  8.159543e-03 
   77947074   2.009217e+01   1.574582e-01   2.009217e+01   1.574582e-01 223200606210354360      11327       3712     0 2453907.665208  1.174243e+01  8.508722e-03  1.174243e+01  8.508722e-03 
   77947128   2.036794e+01   1.581338e-01   2.036794e+01   1.581338e-01 223200606210355300      11327       3713     0 2453907.665833  1.172763e+01  8.429527e-03  1.172763e+01  8.429527e-03 
   77947206   2.097078e+01   1.626758e-01   2.097078e+01   1.626758e-01 223200606210356480      11324       3738     0 2453907.666736  1.169596e+01  8.422365e-03  1.169596e+01  8.422365e-03 
   77947273   2.035911e+01   1.583709e-01   2.035911e+01   1.583709e-01 223200606210357550      11328       3713     0 2453907.667512  1.172810e+01  8.445831e-03  1.172810e+01  8.445831e-03 
   78119984   1.944869e+01   1.533000e-01   1.944869e+01   1.533000e-01 223200606230356210      11319       3692     0 2453909.666481  1.177777e+01  8.558108e-03  1.177777e+01  8.558108e-03 
   78120038   1.951531e+01   1.530692e-01   1.951531e+01   1.530692e-01 223200606230357150      11318       3694     0 2453909.667106  1.177406e+01  8.516049e-03  1.177406e+01  8.516049e-03 
   78120186   1.926862e+01   1.528246e-01   1.926862e+01   1.528246e-01 223200606230359440      11316       3703     0 2453909.668819  1.178787e+01  8.611297e-03  1.178787e+01  8.611297e-03 
   78120248   1.947633e+01   1.529509e-01   1.947633e+01   1.529509e-01 223200606230400460      11318       3680     0 2453909.669537  1.177623e+01  8.526500e-03  1.177623e+01  8.526500e-03 
   78206443   2.026859e+01   1.536178e-01   2.026859e+01   1.536178e-01 223200606240357190      11337       3679     0 2453910.667164  1.173294e+01  8.228935e-03  1.173294e+01  8.228935e-03 
   78206502   2.012665e+01   1.528167e-01   2.012665e+01   1.528167e-01 223200606240358180      11335       3682     0 2453910.667847  1.174057e+01  8.243755e-03  1.174057e+01  8.243755e-03 
   78206577   1.986638e+01   1.497422e-01   1.986638e+01   1.497422e-01 223200606240359320      11325       3713     0 2453910.668715  1.175470e+01  8.183733e-03  1.175470e+01  8.183733e-03 
   78206636   2.032110e+01   1.534364e-01   2.032110e+01   1.534364e-01 223200606240400310      11322       3696     0 2453910.669398  1.173013e+01  8.197987e-03  1.173013e+01  8.197987e-03 
   78292883   2.028395e+01   1.480916e-01   2.028395e+01   1.480916e-01 223200606250357560      11339       3662     0 2453911.667627  1.173212e+01  7.926906e-03  1.173212e+01  7.926906e-03 
   78292937   1.956330e+01   1.461812e-01   1.956330e+01   1.461812e-01 223200606250358490      11333       3669     0 2453911.668252  1.177139e+01  8.112886e-03  1.177139e+01  8.112886e-03 
   78292988   1.996852e+01   1.472244e-01   1.996852e+01   1.472244e-01 223200606250359400      11323       3682     0 2453911.668843  1.174914e+01  8.004969e-03  1.174914e+01  8.004969e-03 
   78293050   1.961606e+01   1.464499e-01   1.961606e+01   1.464499e-01 223200606250400430      11323       3681     0 2453911.669560  1.176847e+01  8.105937e-03  1.176847e+01  8.105937e-03 
   78724951   1.892529e+01   1.468198e-01   1.892529e+01   1.468198e-01 223200606300358520      11346       3666     0 2453916.668414  1.180739e+01  8.423025e-03  1.180739e+01  8.423025e-03 
   78725028   1.902462e+01   1.484879e-01   1.902462e+01   1.484879e-01 223200606300400090      11353       3637     0 2453916.669306  1.180171e+01  8.474242e-03  1.180171e+01  8.474242e-03 
   78725075   1.894797e+01   1.484996e-01   1.894797e+01   1.484996e-01 223200606300400570      11354       3636     0 2453916.669850  1.180609e+01  8.509196e-03  1.180609e+01  8.509196e-03 
   78725139   1.904813e+01   1.480613e-01   1.904813e+01   1.480613e-01 223200606300402000      11354       3634     0 2453916.670590  1.180037e+01  8.439468e-03  1.180037e+01  8.439468e-03 
   78811387   1.850159e+01   1.500915e-01   1.850159e+01   1.500915e-01 223200607010359260      11346       3630     0 2453917.668831  1.183198e+01  8.807908e-03  1.183198e+01  8.807908e-03 
   78811466   1.885981e+01   1.526475e-01   1.885981e+01   1.526475e-01 223200607010400450      11343       3653     0 2453917.669745  1.181116e+01  8.787761e-03  1.181116e+01  8.787761e-03 
   78811531   1.852766e+01   1.516073e-01   1.852766e+01   1.516073e-01 223200607010401510      11348       3625     0 2453917.670498  1.183045e+01  8.884344e-03  1.183045e+01  8.884344e-03 
   78811582   1.861511e+01   1.520659e-01   1.861511e+01   1.520659e-01 223200607010402420      11349       3623     0 2453917.671088  1.182534e+01  8.869357e-03  1.182534e+01  8.869357e-03 
   78897798   2.642830e+01   3.374903e-01   2.642830e+01   3.374903e-01 223200607020359350      11357       3620     0 2453918.668958  1.144483e+01  1.386494e-02  1.144483e+01  1.386494e-02 
   78897857   2.847267e+01   6.069694e-01   2.847267e+01   6.069694e-01 223200607020400340      11359       3619     0 2453918.669641  1.136393e+01  2.314539e-02  1.136393e+01  2.314539e-02 
   78897911   1.647944e+01   3.412512e-01   1.647944e+01   3.412512e-01 223200607020401280      11358       3616     0 2453918.670266  1.195764e+01  2.248317e-02  1.195764e+01  2.248317e-02 
   78897984   2.019705e+01   2.337008e-01   2.019705e+01   2.337008e-01 223200607020402420      11354       3639     0 2453918.671111  1.173678e+01  1.256314e-02  1.173678e+01  1.256314e-02 
   78984200   1.882143e+01   1.479124e-01   1.882143e+01   1.479124e-01 223200607030359350      11365       3606     0 2453919.668981  1.181337e+01  8.532532e-03  1.181337e+01  8.532532e-03 
   78984254   1.885631e+01   1.473522e-01   1.885631e+01   1.473522e-01 223200607030400290      11367       3604     0 2453919.669606  1.181136e+01  8.484487e-03  1.181136e+01  8.484487e-03 
   78984312   1.892601e+01   1.473610e-01   1.892601e+01   1.473610e-01 223200607030401270      11367       3602     0 2453919.670278  1.180735e+01  8.453746e-03  1.180735e+01  8.453746e-03 
   78984367   1.907229e+01   1.480525e-01   1.907229e+01   1.480525e-01 223200607030402220      11368       3600     0 2453919.670914  1.179899e+01  8.428276e-03  1.179899e+01  8.428276e-03 
   79070524   1.920004e+01   1.436947e-01   1.920004e+01   1.436947e-01 223200607040358180      11361       3585     0 2453920.668102  1.179175e+01  8.125773e-03  1.179175e+01  8.125773e-03 
   79070570   1.859099e+01   1.421055e-01   1.859099e+01   1.421055e-01 223200607040359040      11363       3584     0 2453920.668634  1.182674e+01  8.299164e-03  1.182674e+01  8.299164e-03 
   79070636   1.853601e+01   1.433301e-01   1.853601e+01   1.433301e-01 223200607040400090      11364       3582     0 2453920.669398  1.182996e+01  8.395508e-03  1.182996e+01  8.395508e-03 
   79070688   1.866631e+01   1.443719e-01   1.866631e+01   1.443719e-01 223200607040401020      11364       3580     0 2453920.670000  1.182235e+01  8.397500e-03  1.182235e+01  8.397500e-03 
   79415953   1.873451e+01   1.451543e-01   1.873451e+01   1.451543e-01 223200607080355190      11359       3571     0 2453924.666123  1.181839e+01  8.412271e-03  1.181839e+01  8.412271e-03 
   79416110   1.842409e+01   1.451325e-01   1.842409e+01   1.451325e-01 223200607080357570      11361       3594     0 2453924.667940  1.183654e+01  8.552727e-03  1.183654e+01  8.552727e-03 
   79416177   1.879506e+01   1.466793e-01   1.879506e+01   1.466793e-01 223200607080359030      11366       3565     0 2453924.668715  1.181489e+01  8.473272e-03  1.181489e+01  8.473272e-03 
   79416235   1.869949e+01   1.466856e-01   1.869949e+01   1.466856e-01 223200607080400010      11367       3562     0 2453924.669387  1.182043e+01  8.516935e-03  1.182043e+01  8.516935e-03 
   79502441   2.062481e+01   1.841139e-01   2.062481e+01   1.841139e-01 223200607090356460      11371       3564     0 2453925.667141  1.171403e+01  9.692203e-03  1.171403e+01  9.692203e-03 
   79502493   2.042472e+01   1.832360e-01   2.042472e+01   1.832360e-01 223200607090357380      11372       3562     0 2453925.667743  1.172461e+01  9.740482e-03  1.172461e+01  9.740482e-03 
   79502562   2.007317e+01   1.799707e-01   2.007317e+01   1.799707e-01 223200607090358470      11372       3559     0 2453925.668542  1.174346e+01  9.734456e-03  1.174346e+01  9.734456e-03 
   79502716   1.988582e+01   1.773273e-01   1.988582e+01   1.773273e-01 223200607090401200      11370       3541     0 2453925.670324  1.175364e+01  9.681839e-03  1.175364e+01  9.681839e-03 
   80278195   2.149100e+01   2.003902e-01   2.149100e+01   2.003902e-01 223200607180325470      11402       3521     0 2453934.645775  1.166936e+01  1.012385e-02  1.166936e+01  1.012385e-02 
   80278257   2.012969e+01   2.003417e-01   2.012969e+01   2.003417e-01 223200607180326500      11406       3493     0 2453934.646493  1.174041e+01  1.080588e-02  1.174041e+01  1.080588e-02 
   80278332   2.312244e+01   2.301262e-01   2.312244e+01   2.301262e-01 223200607180328050      11401       3517     0 2453934.647361  1.158992e+01  1.080584e-02  1.158992e+01  1.080584e-02 
   80278410   1.864855e+01   2.649153e-01   1.864855e+01   2.649153e-01 223200607180329220      11406       3488     0 2453934.648264  1.182339e+01  1.542368e-02  1.182339e+01  1.542368e-02 
   80364287   1.953222e+01   1.615377e-01   1.953222e+01   1.615377e-01 223200607190320380      11399       3503     0 2453935.642211  1.177312e+01  8.979416e-03  1.177312e+01  8.979416e-03 
   80364343   1.983239e+01   1.623518e-01   1.983239e+01   1.623518e-01 223200607190321350      11398       3502     0 2453935.642859  1.175656e+01  8.888083e-03  1.175656e+01  8.888083e-03 
   80364403   1.934568e+01   1.615408e-01   1.934568e+01   1.615408e-01 223200607190322340      11399       3501     0 2453935.643553  1.178354e+01  9.066176e-03  1.178354e+01  9.066176e-03 
   80364464   1.940243e+01   1.613706e-01   1.940243e+01   1.613706e-01 223200607190323360      11399       3499     0 2453935.644259  1.178036e+01  9.030130e-03  1.178036e+01  9.030130e-03 
   80450503   1.950940e+01   1.531204e-01   1.950940e+01   1.531204e-01 223200607200317340      11403       3495     0 2453936.640081  1.177439e+01  8.521480e-03  1.177439e+01  8.521480e-03 
   80450564   1.985200e+01   1.539160e-01   1.985200e+01   1.539160e-01 223200607200318350      11403       3494     0 2453936.640787  1.175549e+01  8.417932e-03  1.175549e+01  8.417932e-03 
   80450628   1.971398e+01   1.531018e-01   1.971398e+01   1.531018e-01 223200607200319380      11403       3492     0 2453936.641528  1.176306e+01  8.432026e-03  1.176306e+01  8.432026e-03 
   80450685   1.928193e+01   1.519423e-01   1.928193e+01   1.519423e-01 223200607200320360      11403       3490     0 2453936.642187  1.178712e+01  8.555673e-03  1.178712e+01  8.555673e-03 
   80967435   1.866809e+01   1.453359e-01   1.866809e+01   1.453359e-01 223200607260253020      11361       3531     0 2453942.623090  1.182225e+01  8.452766e-03  1.182225e+01  8.452766e-03 
   80967494   1.864569e+01   1.448528e-01   1.864569e+01   1.448528e-01 223200607260254000      11362       3529     0 2453942.623773  1.182355e+01  8.434787e-03  1.182355e+01  8.434787e-03 
   80967554   1.870106e+01   1.449125e-01   1.870106e+01   1.449125e-01 223200607260255010      11363       3527     0 2453942.624468  1.182033e+01  8.413285e-03  1.182033e+01  8.413285e-03 
   80967610   1.886701e+01   1.451328e-01   1.886701e+01   1.451328e-01 223200607260255560      11364       3524     0 2453942.625116  1.181074e+01  8.351960e-03  1.181074e+01  8.351960e-03 
   81053655   1.945558e+01   1.548574e-01   1.945558e+01   1.548574e-01 223200607270250020      11358       3527     0 2453943.621007  1.177739e+01  8.641986e-03  1.177739e+01  8.641986e-03 
   81053717   1.909410e+01   1.567546e-01   1.909410e+01   1.567546e-01 223200607270251040      11359       3524     0 2453943.621725  1.179775e+01  8.913471e-03  1.179775e+01  8.913471e-03 
   81053773   1.875104e+01   1.518592e-01   1.875104e+01   1.518592e-01 223200607270251590      11359       3522     0 2453943.622373  1.181744e+01  8.793091e-03  1.181744e+01  8.793091e-03 
   81053835   1.882028e+01   1.498913e-01   1.882028e+01   1.498913e-01 223200607270253010      11360       3520     0 2453943.623090  1.181343e+01  8.647216e-03  1.181343e+01  8.647216e-03 
   81139833   2.039155e+01   7.289457e-01   2.039155e+01   7.289457e-01 223200607280246190      11375       3518     0 2453944.618438  1.172637e+01  3.881243e-02  1.172637e+01  3.881243e-02 
   81139892   1.937920e+01   1.224690e+00   1.937920e+01   1.224690e+00 223200607280247170      11376       3516     0 2453944.619120  1.178166e+01  6.861452e-02  1.178166e+01  6.861452e-02 
   81139946   1.908320e+01   7.790772e-01   1.908320e+01   7.790772e-01 223200607280248110      11377       3515     0 2453944.619745  1.179837e+01  4.432565e-02  1.179837e+01  4.432565e-02 
   82346069   2.239665e+01   3.749788e-01   2.239665e+01   3.749788e-01 223200608110150170      11371       3561     0 2453958.579502  1.162454e+01  1.817814e-02  1.162454e+01  1.817814e-02 
   82346125   2.134113e+01   3.721736e-01   2.134113e+01   3.721736e-01 223200608110151120      11374       3559     0 2453958.580150  1.167696e+01  1.893451e-02  1.167696e+01  1.893451e-02 
   82346180   2.161073e+01   3.705958e-01   2.161073e+01   3.705958e-01 223200608110152070      11375       3556     0 2453958.580787  1.166333e+01  1.861903e-02  1.166333e+01  1.861903e-02 
   82346239   2.111575e+01   3.665388e-01   2.111575e+01   3.665388e-01 223200608110153070      11375       3554     0 2453958.581470  1.168848e+01  1.884687e-02  1.168848e+01  1.884687e-02 
   82518424   2.051788e+01   2.530234e-01   2.051788e+01   2.530234e-01 223200608130142530      11375       3529     0 2453960.574352  1.171967e+01  1.338919e-02  1.171967e+01  1.338919e-02 
   82518483   2.038231e+01   2.531905e-01   2.038231e+01   2.531905e-01 223200608130143520      11377       3527     0 2453960.575035  1.172687e+01  1.348714e-02  1.172687e+01  1.348714e-02 
   82518545   2.051692e+01   2.498722e-01   2.051692e+01   2.498722e-01 223200608130144550      11375       3522     0 2453960.575752  1.171972e+01  1.322305e-02  1.171972e+01  1.322305e-02 
   82518623   2.082040e+01   2.549945e-01   2.082040e+01   2.549945e-01 223200608130146120      11371       3544     0 2453960.576655  1.170378e+01  1.329743e-02  1.170378e+01  1.329743e-02 
   82604606   2.124680e+01   2.120044e-01   2.124680e+01   2.120044e-01 223200608140139160      11374       3550     0 2453961.571829  1.168177e+01  1.083371e-02  1.168177e+01  1.083371e-02 
   82604662   2.025348e+01   2.160349e-01   2.025348e+01   2.160349e-01 223200608140140120      11381       3547     0 2453961.572477  1.173375e+01  1.158111e-02  1.173375e+01  1.158111e-02 
   82604719   2.013578e+01   2.184886e-01   2.013578e+01   2.184886e-01 223200608140141080      11394       3544     0 2453961.573137  1.174008e+01  1.178111e-02  1.174008e+01  1.178111e-02 
   82604773   2.036245e+01   2.216724e-01   2.036245e+01   2.216724e-01 223200608140142030      11394       3542     0 2453961.573762  1.172793e+01  1.181973e-02  1.172793e+01  1.181973e-02 
   82863079   1.934736e+01   1.660693e-01   1.934736e+01   1.660693e-01 223200608170127120      11365       3559     0 2453964.563414  1.178345e+01  9.319518e-03  1.178345e+01  9.319518e-03 
   82863147   1.951325e+01   1.667766e-01   1.951325e+01   1.667766e-01 223200608170128190      11373       3526     0 2453964.564201  1.177418e+01  9.279645e-03  1.177418e+01  9.279645e-03 
   82863203   1.960304e+01   1.659583e-01   1.960304e+01   1.659583e-01 223200608170129150      11374       3524     0 2453964.564850  1.176919e+01  9.191821e-03  1.176919e+01  9.191821e-03 
   82863263   1.985632e+01   1.653230e-01   1.985632e+01   1.653230e-01 223200608170130160      11374       3522     0 2453964.565544  1.175525e+01  9.039834e-03  1.175525e+01  9.039834e-03 
   82949252   1.943867e+01   1.486756e-01   1.943867e+01   1.486756e-01 223200608180123250      11369       3505     0 2453965.560787  1.177833e+01  8.304221e-03  1.177833e+01  8.304221e-03 
   82949314   1.959851e+01   1.482966e-01   1.959851e+01   1.482966e-01 223200608180124270      11372       3504     0 2453965.561505  1.176944e+01  8.215499e-03  1.176944e+01  8.215499e-03 
   82949377   1.978841e+01   1.492826e-01   1.978841e+01   1.492826e-01 223200608180125310      11371       3500     0 2453965.562234  1.175897e+01  8.190760e-03  1.175897e+01  8.190760e-03 
   82949468   1.937733e+01   1.494778e-01   1.937733e+01   1.494778e-01 223200608180127020      11367       3521     0 2453965.563287  1.178176e+01  8.375457e-03  1.178176e+01  8.375457e-03 
   83724679   1.939415e+01   1.468460e-01   1.939415e+01   1.468460e-01 223200608270047250      11349       3557     0 2453974.535637  1.178082e+01  8.220858e-03  1.178082e+01  8.220858e-03 
   83724743   1.960684e+01   1.480143e-01   1.960684e+01   1.480143e-01 223200608270048280      11352       3522     0 2453974.536377  1.176898e+01  8.196375e-03  1.176898e+01  8.196375e-03 
   83724818   1.868875e+01   1.449000e-01   1.868875e+01   1.449000e-01 223200608270049440      11348       3545     0 2453974.537245  1.182105e+01  8.418099e-03  1.182105e+01  8.418099e-03 
   83724880   1.961141e+01   1.479096e-01   1.961141e+01   1.479096e-01 223200608270050460      11353       3515     0 2453974.537963  1.176873e+01  8.188671e-03  1.176873e+01  8.188671e-03 
   83810845   1.933574e+01   1.453272e-01   1.933574e+01   1.453272e-01 223200608280043330      11354       3546     0 2453975.532928  1.178410e+01  8.160406e-03  1.178410e+01  8.160406e-03 
   83810897   1.939590e+01   1.455189e-01   1.939590e+01   1.455189e-01 223200608280044250      11355       3543     0 2453975.533530  1.178072e+01  8.145826e-03  1.178072e+01  8.145826e-03 
   83810968   1.950997e+01   1.447203e-01   1.950997e+01   1.447203e-01 223200608280045350      11354       3539     0 2453975.534352  1.177436e+01  8.053758e-03  1.177436e+01  8.053758e-03 
   83811025   1.963673e+01   1.450881e-01   1.963673e+01   1.450881e-01 223200608280046320      11354       3537     0 2453975.535012  1.176733e+01  8.022108e-03  1.176733e+01  8.022108e-03 
   84328678   2.118969e+01   2.780153e-01   2.118969e+01   2.780153e-01 223200609030034170      11344       3475     0 2453981.526366  1.168469e+01  1.424524e-02  1.168469e+01  1.424524e-02 
   84328750   2.143338e+01   2.864892e-01   2.143338e+01   2.864892e-01 223200609030035280      11340       3496     0 2453981.527199  1.167227e+01  1.451254e-02  1.167227e+01  1.451254e-02 
   84328817   2.108612e+01   3.005480e-01   2.108612e+01   3.005480e-01 223200609030036350      11340       3461     0 2453981.527975  1.169001e+01  1.547544e-02  1.169001e+01  1.547544e-02 
   84328874   2.044572e+01   2.881502e-01   2.044572e+01   2.881502e-01 223200609030037320      11342       3460     0 2453981.528634  1.172349e+01  1.530179e-02  1.172349e+01  1.530179e-02 
   84500184   2.349233e+01   4.220893e-01   2.349233e+01   4.220893e-01 223200609050012480      11351       3541     0 2453983.511389  1.157268e+01  1.950761e-02  1.157268e+01  1.950761e-02 
   84500244   2.316748e+01   4.209437e-01   2.316748e+01   4.209437e-01 223200609050013480      11352       3537     0 2453983.512083  1.158780e+01  1.972746e-02  1.158780e+01  1.972746e-02 
   84500306   2.336133e+01   4.201553e-01   2.336133e+01   4.201553e-01 223200609050014500      11352       3534     0 2453983.512801  1.157876e+01  1.952711e-02  1.157876e+01  1.952711e-02 
   84500384   2.229255e+01   4.190411e-01   2.229255e+01   4.190411e-01 223200609050016080      11348       3557     0 2453983.513704  1.162960e+01  2.040905e-02  1.162960e+01  2.040905e-02 
   84844858   2.305337e+01   5.639721e-01   2.305337e+01   5.639721e-01 223200609082357310      11361       3550     0 2453987.500671  1.159316e+01  2.656128e-02  1.159316e+01  2.656128e-02 
   84844914   2.255839e+01   5.723872e-01   2.255839e+01   5.723872e-01 223200609082358260      11362       3545     0 2453987.501319  1.161673e+01  2.754911e-02  1.161673e+01  2.754911e-02 
   84844971   2.333471e+01   5.694233e-01   2.333471e+01   5.694233e-01 223200609082359230      11361       3542     0 2453987.501979  1.157999e+01  2.649468e-02  1.157999e+01  2.649468e-02 
   84845033   2.284944e+01   5.655736e-01   2.284944e+01   5.655736e-01 223200609090000260      11361       3540     0 2453987.502697  1.160281e+01  2.687444e-02  1.160281e+01  2.687444e-02 
   85017158   2.270328e+01   3.215742e-01   2.270328e+01   3.215742e-01 223200609102349160      11338       3501     0 2453989.494884  1.160978e+01  1.537865e-02  1.160978e+01  1.537865e-02 
   85017225   2.077526e+01   4.133538e-01   2.077526e+01   4.133538e-01 223200609102350220      11340       3498     0 2453989.495660  1.170613e+01  2.160237e-02  1.170613e+01  2.160237e-02 
   85017284   2.191042e+01   3.646799e-01   2.191042e+01   3.646799e-01 223200609102351210      11340       3496     0 2453989.496343  1.164837e+01  1.807120e-02  1.164837e+01  1.807120e-02 
   85017342   2.209540e+01   3.714300e-01   2.209540e+01   3.714300e-01 223200609102352200      11338       3489     0 2453989.497014  1.163925e+01  1.825160e-02  1.163925e+01  1.825160e-02 
   85361751   2.018512e+01   1.456893e-01   2.018512e+01   1.456893e-01 223200609142332380      11340       3455     0 2453993.483229  1.173742e+01  7.836501e-03  1.173742e+01  7.836501e-03 
   85361808   1.987766e+01   1.450227e-01   1.987766e+01   1.450227e-01 223200609142333360      11341       3452     0 2453993.483889  1.175409e+01  7.921304e-03  1.175409e+01  7.921304e-03 
   85361869   1.940619e+01   1.450837e-01   1.940619e+01   1.450837e-01 223200609142334370      11342       3449     0 2453993.484595  1.178015e+01  8.117163e-03  1.178015e+01  8.117163e-03 
   85361944   2.018293e+01   1.469306e-01   2.018293e+01   1.469306e-01 223200609142335520      11337       3471     0 2453993.485463  1.173754e+01  7.904126e-03  1.173754e+01  7.904126e-03 
   85620648   1.890770e+01   1.557215e-01   1.890770e+01   1.557215e-01 223200609172327440      11310       3462     0 2453996.479722  1.180840e+01  8.942019e-03  1.180840e+01  8.942019e-03 
   85620707   1.876622e+01   1.541715e-01   1.876622e+01   1.541715e-01 223200609172328430      11311       3459     0 2453996.480405  1.181656e+01  8.919755e-03  1.181656e+01  8.919755e-03 
   85620770   1.912794e+01   1.545286e-01   1.912794e+01   1.545286e-01 223200609172329460      11311       3456     0 2453996.481134  1.179583e+01  8.771348e-03  1.179583e+01  8.771348e-03 
   85620824   1.913706e+01   1.552040e-01   1.913706e+01   1.552040e-01 223200609172330410      11310       3453     0 2453996.481759  1.179531e+01  8.805487e-03  1.179531e+01  8.805487e-03 
   85706444   1.845904e+01   1.523277e-01   1.845904e+01   1.523277e-01 223200609182317440      11313       3437     0 2453997.472731  1.183448e+01  8.959742e-03  1.183448e+01  8.959742e-03 
   85706507   1.875611e+01   1.552491e-01   1.875611e+01   1.552491e-01 223200609182318460      11318       3412     0 2453997.473461  1.181714e+01  8.986944e-03  1.181714e+01  8.986944e-03 
   85706562   1.906983e+01   1.550850e-01   1.906983e+01   1.550850e-01 223200609182319410      11319       3410     0 2453997.474097  1.179913e+01  8.829760e-03  1.179913e+01  8.829760e-03 
   85706639   1.867150e+01   1.535497e-01   1.867150e+01   1.535497e-01 223200609182320580      11314       3434     0 2453997.474988  1.182205e+01  8.928855e-03  1.182205e+01  8.928855e-03 
   85878758   1.894618e+01   1.511003e-01   1.894618e+01   1.511003e-01 223200609202309430      11316       3488     0 2453999.467106  1.180620e+01  8.659033e-03  1.180620e+01  8.659033e-03 
   85878815   1.903201e+01   1.525702e-01   1.903201e+01   1.525702e-01 223200609202310400      11318       3486     0 2453999.467766  1.180129e+01  8.703842e-03  1.180129e+01  8.703842e-03 
   85878876   1.908739e+01   1.534929e-01   1.908739e+01   1.534929e-01 223200609202311410      11319       3483     0 2453999.468472  1.179813e+01  8.731071e-03  1.179813e+01  8.731071e-03 
   85878936   1.934783e+01   1.537707e-01   1.934783e+01   1.537707e-01 223200609202312420      11319       3480     0 2453999.469167  1.178342e+01  8.629132e-03  1.178342e+01  8.629132e-03 
   85964881   1.907034e+01   1.438112e-01   1.907034e+01   1.438112e-01 223200609212305090      11330       3484     0 2454000.463900  1.179910e+01  8.187664e-03  1.179910e+01  8.187664e-03 
   85965034   1.933770e+01   1.448578e-01   1.933770e+01   1.448578e-01 223200609212307420      11332       3476     0 2454000.465671  1.178399e+01  8.133224e-03  1.178399e+01  8.133224e-03 
   85965097   1.963458e+01   1.453668e-01   1.963458e+01   1.453668e-01 223200609212308460      11333       3473     0 2454000.466400  1.176745e+01  8.038397e-03  1.176745e+01  8.038397e-03 
   85965153   1.966092e+01   1.452851e-01   1.966092e+01   1.452851e-01 223200609212309410      11333       3471     0 2454000.467049  1.176599e+01  8.023113e-03  1.176599e+01  8.023113e-03 
   86404995   2.101921e+01   1.531680e-01   2.101921e+01   1.531680e-01 223200609270120390      11195       3133     0 2454005.557812  1.169346e+01  7.911837e-03  1.169346e+01  7.911837e-03 
   86405056   2.059919e+01   1.503918e-01   2.059919e+01   1.503918e-01 223200609270121400      11198       3105     0 2454005.558519  1.171537e+01  7.926834e-03  1.171537e+01  7.926834e-03 
   86405124   2.070939e+01   1.509212e-01   2.070939e+01   1.509212e-01 223200609270122490      11197       3103     0 2454005.559306  1.170958e+01  7.912407e-03  1.170958e+01  7.912407e-03 
   86405185   2.102968e+01   1.527879e-01   2.102968e+01   1.527879e-01 223200609270123490      11196       3101     0 2454005.560012  1.169292e+01  7.888276e-03  1.169292e+01  7.888276e-03 
   87688166   2.037126e+01   1.348693e-01   2.037126e+01   1.348693e-01 223200610112147440      10993       3283     0 2454020.409329  1.172746e+01  7.188216e-03  1.172746e+01  7.188216e-03 
   87688240   2.094059e+01   1.373167e-01   2.094059e+01   1.373167e-01 223200610112148580      10997       3254     0 2454020.410185  1.169753e+01  7.119677e-03  1.169753e+01  7.119677e-03 
   87688294   2.111400e+01   1.378347e-01   2.111400e+01   1.378347e-01 223200610112149520      10997       3251     0 2454020.410810  1.168857e+01  7.087843e-03  1.168857e+01  7.087843e-03 
   87860511   2.212246e+01   1.492479e-01   2.212246e+01   1.492479e-01 223200610132140170      10956       3305     0 2454022.404063  1.163792e+01  7.324884e-03  1.163792e+01  7.324884e-03 
   87860578   2.176080e+01   1.475462e-01   2.176080e+01   1.475462e-01 223200610132141240      10957       3301     0 2454022.404838  1.165581e+01  7.361715e-03  1.165581e+01  7.361715e-03 
   87860634   2.168491e+01   1.463495e-01   2.168491e+01   1.463495e-01 223200610132142200      10956       3298     0 2454022.405486  1.165961e+01  7.327558e-03  1.165961e+01  7.327558e-03 
   87860694   2.236610e+01   1.472977e-01   2.236610e+01   1.472977e-01 223200610132143190      10956       3296     0 2454022.406181  1.162602e+01  7.150421e-03  1.162602e+01  7.150421e-03 
   88033123   2.255054e+01   1.462556e-01   2.255054e+01   1.462556e-01 223200610152137170      10952       3336     0 2454024.401887  1.161711e+01  7.041764e-03  1.161711e+01  7.041764e-03 
   88033184   2.211414e+01   1.457800e-01   2.211414e+01   1.457800e-01 223200610152138180      10952       3331     0 2454024.402593  1.163832e+01  7.157377e-03  1.163832e+01  7.157377e-03 
   88033239   2.264633e+01   1.461963e-01   2.264633e+01   1.461963e-01 223200610152139130      10951       3327     0 2454024.403229  1.161250e+01  7.009135e-03  1.161250e+01  7.009135e-03 
   88033298   2.219694e+01   1.453149e-01   2.219694e+01   1.453149e-01 223200610152140120      10951       3323     0 2454024.403912  1.163427e+01  7.107927e-03  1.163427e+01  7.107927e-03 
   88377445   2.035235e+01   1.426809e-01   2.035235e+01   1.426809e-01 223200610192116140      10937       3352     0 2454028.387095  1.172846e+01  7.611618e-03  1.172846e+01  7.611618e-03 
   88377497   2.023367e+01   1.430655e-01   2.023367e+01   1.430655e-01 223200610192117070      10936       3348     0 2454028.387697  1.173481e+01  7.676905e-03  1.173481e+01  7.676905e-03 
   88377582   1.946799e+01   1.403529e-01   1.946799e+01   1.403529e-01 223200610192118310      10931       3371     0 2454028.388681  1.177670e+01  7.827553e-03  1.177670e+01  7.827553e-03 
   88377644   1.983325e+01   1.414245e-01   1.983325e+01   1.414245e-01 223200610192119340      10931       3367     0 2454028.389398  1.175652e+01  7.742063e-03  1.175652e+01  7.742063e-03 
   88463610   2.150187e+01   1.412570e-01   2.150187e+01   1.412570e-01 223200610202112230      10960       3305     0 2454029.384375  1.166881e+01  7.132796e-03  1.166881e+01  7.132796e-03 
   88463682   2.246526e+01   1.427277e-01   2.246526e+01   1.427277e-01 223200610202113350      10957       3300     0 2454029.385208  1.162122e+01  6.897992e-03  1.162122e+01  6.897992e-03 
   88463745   2.269106e+01   1.428437e-01   2.269106e+01   1.428437e-01 223200610202114380      10957       3298     0 2454029.385937  1.161036e+01  6.834898e-03  1.161036e+01  6.834898e-03 
   88463804   2.332904e+01   1.431327e-01   2.332904e+01   1.431327e-01 223200610202115380      10957       3296     0 2454029.386620  1.158026e+01  6.661438e-03  1.158026e+01  6.661438e-03 
   88551558   2.236269e+01   1.488356e-01   2.236269e+01   1.488356e-01 223200610212138150      10955       3247     0 2454030.402292  1.162619e+01  7.226180e-03  1.162619e+01  7.226180e-03 
   88551690   2.167406e+01   1.496992e-01   2.167406e+01   1.496992e-01 223200610212140270      10952       3237     0 2454030.403819  1.166015e+01  7.499031e-03  1.166015e+01  7.499031e-03 
   88551762   2.050111e+01   1.458461e-01   2.050111e+01   1.458461e-01 223200610212141400      10946       3258     0 2454030.404653  1.172056e+01  7.724017e-03  1.172056e+01  7.724017e-03 
   88637620   2.021561e+01   1.118561e+00   2.021561e+01   1.118561e+00 223200610222132420      10952       3291     0 2454031.398380  1.173578e+01  6.007568e-02  1.173578e+01  6.007568e-02 
   88637768   1.163531e+01   1.327401e+00   1.163531e+01   1.327401e+00 223200610222135100      10947       3281     0 2454031.400093  1.233556e+01  1.238654e-01  1.233556e+01  1.238654e-01 
   88637830   1.425341e+01   2.083749e+00   1.425341e+01   2.083749e+00 223200610222136110      10947       3279     0 2454031.400810  1.211520e+01  1.587276e-01  1.211520e+01  1.587276e-01 
   88640081   2.734369e+01   2.070337e+00   2.734369e+01   2.070337e+00 223200610222213430      10946       3155     0 2454031.426863  1.140786e+01  8.220717e-02  1.140786e+01  8.220717e-02 
   88722110   2.063082e+01   1.413545e-01   2.063082e+01   1.413545e-01 223200610232100550      10944       3337     0 2454032.376273  1.171371e+01  7.439076e-03  1.171371e+01  7.439076e-03 
   88722164   2.015560e+01   1.398787e-01   2.015560e+01   1.398787e-01 223200610232101500      10944       3334     0 2454032.376898  1.173901e+01  7.534974e-03  1.173901e+01  7.534974e-03 
   88722226   2.069911e+01   1.399370e-01   2.069911e+01   1.399370e-01 223200610232102520      10944       3331     0 2454032.377616  1.171012e+01  7.340182e-03  1.171012e+01  7.340182e-03 
   88722293   2.087157e+01   1.400429e-01   2.087157e+01   1.400429e-01 223200610232103590      10944       3328     0 2454032.378391  1.170111e+01  7.285038e-03  1.170111e+01  7.285038e-03 
   88980555   2.003407e+01   1.495298e-01   2.003407e+01   1.495298e-01 223200610262048320      10943       3399     0 2454035.367535  1.174558e+01  8.103720e-03  1.174558e+01  8.103720e-03 
   88980609   2.016452e+01   1.483878e-01   2.016452e+01   1.483878e-01 223200610262049260      10943       3395     0 2454035.368160  1.173853e+01  7.989801e-03  1.173853e+01  7.989801e-03 
   88980669   2.015629e+01   1.474333e-01   2.015629e+01   1.474333e-01 223200610262050270      10944       3393     0 2454035.368854  1.173897e+01  7.941652e-03  1.173897e+01  7.941652e-03 
   88980733   2.042895e+01   1.508272e-01   2.042895e+01   1.508272e-01 223200610262051300      10939       3384     0 2454035.369595  1.172439e+01  8.016035e-03  1.172439e+01  8.016035e-03 
   89066671   2.095166e+01   1.561351e-01   2.095166e+01   1.561351e-01 223200610272043520      10964       3370     0 2454036.364248  1.169695e+01  8.091110e-03  1.169695e+01  8.091110e-03 
   89066734   2.134789e+01   1.573036e-01   2.134789e+01   1.573036e-01 223200610272044550      10963       3367     0 2454036.364977  1.167661e+01  8.000360e-03  1.167661e+01  8.000360e-03 
   89066790   2.135705e+01   1.564520e-01   2.135705e+01   1.564520e-01 223200610272045520      10963       3363     0 2454036.365625  1.167615e+01  7.953638e-03  1.167615e+01  7.953638e-03 
   89066855   2.157747e+01   1.557401e-01   2.157747e+01   1.557401e-01 223200610272046560      10962       3361     0 2454036.366377  1.166500e+01  7.836564e-03  1.166500e+01  7.836564e-03 
   89152869   2.452005e+01   2.324566e-01   2.452005e+01   2.324566e-01 223200610282040350      10948       3380     0 2454037.361910  1.152620e+01  1.029310e-02  1.152620e+01  1.029310e-02 
   89152942   2.140341e+01   2.071560e-01   2.140341e+01   2.071560e-01 223200610282041480      10951       3347     0 2454037.362755  1.167379e+01  1.050849e-02  1.167379e+01  1.050849e-02 
   89153003   2.304073e+01   1.918237e-01   2.304073e+01   1.918237e-01 223200610282042490      10951       3345     0 2454037.363461  1.159376e+01  9.039240e-03  1.159376e+01  9.039240e-03 
   89238990   2.060156e+01   1.856360e-01   2.060156e+01   1.856360e-01 223200610292035590      10943       3337     0 2454038.358681  1.171525e+01  9.783358e-03  1.171525e+01  9.783358e-03 
   89239045   2.049599e+01   1.851818e-01   2.049599e+01   1.851818e-01 223200610292036550      10944       3333     0 2454038.359317  1.172083e+01  9.809688e-03  1.172083e+01  9.809688e-03 
   89239092   2.124991e+01   1.840476e-01   2.124991e+01   1.840476e-01 223200610292037410      10943       3326     0 2454038.359861  1.168161e+01  9.403704e-03  1.168161e+01  9.403704e-03 
   89239170   2.153798e+01   1.859338e-01   2.153798e+01   1.859338e-01 223200610292038590      10942       3324     0 2454038.360764  1.166699e+01  9.373012e-03  1.166699e+01  9.373012e-03 
   89411365   2.410467e+01   2.697258e-01   2.410467e+01   2.697258e-01 223200610312029020      10937       3338     0 2454040.353762  1.154475e+01  1.214918e-02  1.154475e+01  1.214918e-02 
   89411438   2.348222e+01   2.661429e-01   2.348222e+01   2.661429e-01 223200610312030160      10933       3359     0 2454040.354606  1.157315e+01  1.230557e-02  1.157315e+01  1.230557e-02 
   89411508   2.379924e+01   2.716910e-01   2.379924e+01   2.716910e-01 223200610312031250      10936       3326     0 2454040.355417  1.155859e+01  1.239476e-02  1.155859e+01  1.239476e-02 
   89411565   2.397749e+01   2.710700e-01   2.397749e+01   2.710700e-01 223200610312032230      10936       3323     0 2454040.356076  1.155049e+01  1.227449e-02  1.155049e+01  1.227449e-02 
   89506223   2.238652e+01   2.708279e-01   2.238652e+01   2.708279e-01 223200611012250050      10865       2964     0 2454041.451655  1.162503e+01  1.313508e-02  1.162503e+01  1.313508e-02 
   89506296   2.262271e+01   2.749125e-01   2.262271e+01   2.749125e-01 223200611012251190      10868       2933     0 2454041.452500  1.161364e+01  1.319398e-02  1.161364e+01  1.319398e-02 
   89506353   2.172729e+01   2.725641e-01   2.172729e+01   2.725641e-01 223200611012252160      10867       2931     0 2454041.453160  1.165749e+01  1.362037e-02  1.165749e+01  1.362037e-02 
   89506415   2.198119e+01   2.718017e-01   2.198119e+01   2.718017e-01 223200611012253170      10866       2928     0 2454041.453877  1.164487e+01  1.342539e-02  1.164487e+01  1.342539e-02 
   89842125   2.132361e+01   3.626083e-01   2.132361e+01   3.626083e-01 223200611052008420      10948       3340     0 2454045.339410  1.167785e+01  1.846303e-02  1.167785e+01  1.846303e-02 
   89842183   2.140069e+01   3.653789e-01   2.140069e+01   3.653789e-01 223200611052009400      10948       3336     0 2454045.340081  1.167393e+01  1.853709e-02  1.167393e+01  1.853709e-02 
   89842256   2.202775e+01   3.658066e-01   2.202775e+01   3.658066e-01 223200611052010530      10948       3332     0 2454045.340926  1.164258e+01  1.803048e-02  1.164258e+01  1.803048e-02 
   89842315   2.223775e+01   3.637178e-01   2.223775e+01   3.637178e-01 223200611052011520      10948       3330     0 2454045.341609  1.163227e+01  1.775822e-02  1.163227e+01  1.775822e-02 
   89928309   2.283131e+01   2.898473e-01   2.283131e+01   2.898473e-01 223200611062005110      10950       3358     0 2454046.336910  1.160367e+01  1.378365e-02  1.160367e+01  1.378365e-02 
   89928378   2.274240e+01   2.899906e-01   2.274240e+01   2.899906e-01 223200611062006190      10951       3354     0 2454046.337708  1.160791e+01  1.384438e-02  1.160791e+01  1.384438e-02 
   89928432   2.226155e+01   2.886282e-01   2.226155e+01   2.886282e-01 223200611062007140      10951       3352     0 2454046.338333  1.163111e+01  1.407697e-02  1.163111e+01  1.407697e-02 
   89928496   2.252673e+01   2.909053e-01   2.252673e+01   2.909053e-01 223200611062008180      10951       3349     0 2454046.339074  1.161825e+01  1.402101e-02  1.161825e+01  1.402101e-02 
   90014497   2.156726e+01   2.095965e-01   2.156726e+01   2.095965e-01 223200611072001430      10958       3366     0 2454047.334456  1.166551e+01  1.055152e-02  1.166551e+01  1.055152e-02 
   90014551   2.119958e+01   2.046233e-01   2.119958e+01   2.046233e-01 223200611072002370      10958       3363     0 2454047.335081  1.168418e+01  1.047981e-02  1.168418e+01  1.047981e-02 
   90014640   2.345600e+01   2.000837e-01   2.345600e+01   2.000837e-01 223200611072004050      10953       3385     0 2454047.336111  1.157437e+01  9.261549e-03  1.157437e+01  9.261549e-03 
   90014702   2.307633e+01   2.030064e-01   2.307633e+01   2.030064e-01 223200611072005080      10952       3381     0 2454047.336829  1.159208e+01  9.551439e-03  1.159208e+01  9.551439e-03 
   90272986   2.215551e+01   1.569424e-01   2.215551e+01   1.569424e-01 223200611101950030      10954       3348     0 2454050.326227  1.163630e+01  7.691026e-03  1.163630e+01  7.691026e-03 
   90273040   2.189674e+01   1.561330e-01   2.189674e+01   1.561330e-01 223200611101950570      10955       3346     0 2454050.326852  1.164905e+01  7.741784e-03  1.164905e+01  7.741784e-03 
   90273088   2.227712e+01   1.600374e-01   2.227712e+01   1.600374e-01 223200611101951450      10954       3341     0 2454050.327407  1.163035e+01  7.799883e-03  1.163035e+01  7.799883e-03 
   90273153   2.162944e+01   1.567225e-01   2.162944e+01   1.567225e-01 223200611101952500      10953       3339     0 2454050.328160  1.166239e+01  7.867048e-03  1.166239e+01  7.867048e-03 
   90617601   2.105512e+01   1.434179e-01   2.105512e+01   1.434179e-01 223200611141933540      10944       3375     0 2454054.314826  1.169161e+01  7.395564e-03  1.169161e+01  7.395564e-03 
   90617663   2.039482e+01   1.432596e-01   2.039482e+01   1.432596e-01 223200611141934560      10944       3371     0 2454054.315544  1.172620e+01  7.626577e-03  1.172620e+01  7.626577e-03 
   90617723   2.056931e+01   1.444618e-01   2.056931e+01   1.444618e-01 223200611141935570      10949       3342     0 2454054.316238  1.171695e+01  7.625336e-03  1.171695e+01  7.625336e-03 
   90617774   2.070400e+01   1.448974e-01   2.070400e+01   1.448974e-01 223200611141936470      10949       3340     0 2454054.316829  1.170986e+01  7.598578e-03  1.170986e+01  7.598578e-03 
   93120140   2.370707e+01   2.370474e-01   2.370707e+01   2.370474e-01 223200612131844400      11615       3186     0 2454083.279398  1.156281e+01  1.085633e-02  1.156281e+01  1.085633e-02 
   93120199   2.443306e+01   2.253397e-01   2.443306e+01   2.253397e-01 223200612131845380      11616       3185     0 2454083.280081  1.153006e+01  1.001349e-02  1.153006e+01  1.001349e-02 
   93120275   2.475778e+01   2.156747e-01   2.475778e+01   2.156747e-01 223200612131846550      11611       3207     0 2454083.280961  1.151572e+01  9.458308e-03  1.151572e+01  9.458308e-03 
   93120339   2.328542e+01   2.017837e-01   2.328542e+01   2.017837e-01 223200612131847580      11615       3179     0 2454083.281701  1.158229e+01  9.408663e-03  1.158229e+01  9.408663e-03 
   93292974   2.624559e+01   2.809184e-01   2.624559e+01   2.809184e-01 223200612151845190      11588       3159     0 2454085.279792  1.145236e+01  1.162116e-02  1.145236e+01  1.162116e-02 
   93293028   2.572683e+01   2.656676e-01   2.572683e+01   2.656676e-01 223200612151846130      11588       3157     0 2454085.280417  1.147403e+01  1.121187e-02  1.147403e+01  1.121187e-02 
   93293082   2.565896e+01   2.512948e-01   2.565896e+01   2.512948e-01 223200612151847070      11587       3155     0 2454085.281042  1.147690e+01  1.063335e-02  1.147690e+01  1.063335e-02 
   93293136   2.567926e+01   2.390743e-01   2.567926e+01   2.390743e-01 223200612151848010      11587       3152     0 2454085.281667  1.147604e+01  1.010825e-02  1.147604e+01  1.010825e-02 
   93467315   2.168885e+01   1.539231e-01   2.168885e+01   1.539231e-01 223200612171911070      11940       2981     0 2454087.297627  1.165941e+01  7.705363e-03  1.165941e+01  7.705363e-03 
   93467371   2.153234e+01   1.512507e-01   2.153234e+01   1.512507e-01 223200612171912030      11938       2978     0 2454087.298275  1.166727e+01  7.626619e-03  1.166727e+01  7.626619e-03 
   93467431   2.103266e+01   1.492371e-01   2.103266e+01   1.492371e-01 223200612171913020      11937       2975     0 2454087.298970  1.169276e+01  7.703860e-03  1.169276e+01  7.703860e-03 
   93467501   2.240013e+01   1.546345e-01   2.240013e+01   1.546345e-01 223200612171914130      11930       2997     0 2454087.299780  1.162437e+01  7.495173e-03  1.162437e+01  7.495173e-03 
   93556672   2.297362e+01   1.547327e-01   2.297362e+01   1.547327e-01 223200612182000260      11000       2915     0 2454088.331852  1.159693e+01  7.312714e-03  1.159693e+01  7.312714e-03 
   93556730   2.311451e+01   1.543766e-01   2.311451e+01   1.543766e-01 223200612182001250      11000       2914     0 2454088.332523  1.159029e+01  7.251410e-03  1.159029e+01  7.251410e-03 
   93556799   2.317408e+01   1.544334e-01   2.317408e+01   1.544334e-01 223200612182002330      10999       2911     0 2454088.333322  1.158749e+01  7.235431e-03  1.158749e+01  7.235431e-03 
   93556863   2.263519e+01   1.534450e-01   2.263519e+01   1.534450e-01 223200612182003370      10998       2909     0 2454088.334062  1.161304e+01  7.360283e-03  1.161304e+01  7.360283e-03 
   93725372   2.510660e+01   2.383558e-01   2.510660e+01   2.383558e-01 223200612201852110      11059       3071     0 2454090.284398  1.150053e+01  1.030775e-02  1.150053e+01  1.030775e-02 
   93725431   2.402961e+01   2.273446e-01   2.402961e+01   2.273446e-01 223200612201853100      11058       3068     0 2454090.285081  1.154813e+01  1.027221e-02  1.154813e+01  1.027221e-02 
   93725488   2.337912e+01   2.182775e-01   2.337912e+01   2.182775e-01 223200612201854080      11057       3065     0 2454090.285741  1.157793e+01  1.013693e-02  1.157793e+01  1.013693e-02 
   93725550   2.357298e+01   2.094231e-01   2.357298e+01   2.094231e-01 223200612201855100      11057       3063     0 2454090.286458  1.156896e+01  9.645749e-03  1.156896e+01  9.645749e-03 
   94935175   2.584558e+01   4.049658e-01   2.584558e+01   4.049658e-01 223200701031856070      11000       2917     0 2454104.286748  1.146903e+01  1.701210e-02  1.146903e+01  1.701210e-02 
   94935241   2.523856e+01   3.993677e-01   2.523856e+01   3.993677e-01 223200701031857140      10999       2915     0 2454104.287512  1.149484e+01  1.718044e-02  1.149484e+01  1.718044e-02 
   94935299   2.501172e+01   3.929451e-01   2.501172e+01   3.929451e-01 223200701031858120      10999       2914     0 2454104.288183  1.150464e+01  1.705745e-02  1.150464e+01  1.705745e-02 
   94935364   2.515855e+01   3.864077e-01   2.515855e+01   3.864077e-01 223200701031859170      10998       2911     0 2454104.288935  1.149829e+01  1.667577e-02  1.149829e+01  1.667577e-02 
   95021604   2.564652e+01   3.127478e-01   2.564652e+01   3.127478e-01 223200701041856390      10997       2933     0 2454105.287083  1.147743e+01  1.324011e-02  1.147743e+01  1.324011e-02 
   95021676   2.649264e+01   2.992106e-01   2.649264e+01   2.992106e-01 223200701041857500      11000       2905     0 2454105.287917  1.144219e+01  1.226246e-02  1.144219e+01  1.226246e-02 
   95021741   2.593174e+01   2.861690e-01   2.593174e+01   2.861690e-01 223200701041858560      11000       2904     0 2454105.288669  1.146542e+01  1.198165e-02  1.146542e+01  1.198165e-02 
   95021797   2.587719e+01   2.782149e-01   2.587719e+01   2.782149e-01 223200701041859510      10999       2902     0 2454105.289317  1.146771e+01  1.167318e-02  1.146771e+01  1.167318e-02 
   95107905   2.499007e+01   2.743263e-01   2.499007e+01   2.743263e-01 223200701051855020      10974       2899     0 2454106.285938  1.150558e+01  1.191862e-02  1.150558e+01  1.191862e-02 
   95107961   2.511951e+01   2.590542e-01   2.511951e+01   2.590542e-01 223200701051855570      10973       2896     0 2454106.286586  1.149997e+01  1.119709e-02  1.149997e+01  1.119709e-02 
   95108015   2.502194e+01   2.470884e-01   2.502194e+01   2.470884e-01 223200701051856510      10973       2895     0 2454106.287211  1.150420e+01  1.072154e-02  1.150420e+01  1.072154e-02 
   95108069   2.508228e+01   2.373466e-01   2.508228e+01   2.373466e-01 223200701051857460      10972       2893     0 2454106.287836  1.150158e+01  1.027405e-02  1.150158e+01  1.027405e-02 
   95280694   2.364052e+01   2.529057e-01   2.364052e+01   2.529057e-01 223200701071854540      10952       2880     0 2454108.285810  1.156586e+01  1.161522e-02  1.156586e+01  1.161522e-02 
   95280823   2.353457e+01   2.256079e-01   2.353457e+01   2.256079e-01 223200701071857030      10970       2904     0 2454108.287303  1.157073e+01  1.040816e-02  1.157073e+01  1.040816e-02 
   95280879   2.273457e+01   2.132970e-01   2.273457e+01   2.132970e-01 223200701071857590      10969       2901     0 2454108.287951  1.160828e+01  1.018647e-02  1.160828e+01  1.018647e-02 
   95280935   2.235563e+01   2.040032e-01   2.235563e+01   2.040032e-01 223200701071858540      10968       2899     0 2454108.288600  1.162653e+01  9.907769e-03  1.162653e+01  9.907769e-03 
   95367156   2.576532e+01   2.806430e-01   2.576532e+01   2.806430e-01 223200701081855580      10954       2871     0 2454109.286528  1.147241e+01  1.182618e-02  1.147241e+01  1.182618e-02 
   95367212   2.481534e+01   2.648103e-01   2.481534e+01   2.648103e-01 223200701081856530      10954       2869     0 2454109.287176  1.151320e+01  1.158619e-02  1.151320e+01  1.158619e-02 
   95367267   2.420590e+01   2.507234e-01   2.420590e+01   2.507234e-01 223200701081857490      10952       2868     0 2454109.287812  1.154020e+01  1.124604e-02  1.154020e+01  1.124604e-02 
   95367323   2.384891e+01   2.380701e-01   2.384891e+01   2.380701e-01 223200701081858450      10951       2866     0 2454109.288461  1.155633e+01  1.083833e-02  1.155633e+01  1.083833e-02 
   95453542   2.530813e+01   2.709392e-01   2.530813e+01   2.709392e-01 223200701091855450      10957       2867     0 2454110.286366  1.149185e+01  1.162352e-02  1.149185e+01  1.162352e-02 
   95453598   2.576799e+01   2.578546e-01   2.576799e+01   2.578546e-01 223200701091856400      10956       2866     0 2454110.287014  1.147230e+01  1.086476e-02  1.147230e+01  1.086476e-02 
   95453652   2.584720e+01   2.457914e-01   2.584720e+01   2.457914e-01 223200701091857350      10955       2865     0 2454110.287639  1.146897e+01  1.032474e-02  1.146897e+01  1.032474e-02 
   95453708   2.576588e+01   2.359340e-01   2.576588e+01   2.359340e-01 223200701091858300      10954       2863     0 2454110.288287  1.147239e+01  9.941943e-03  1.147239e+01  9.941943e-03 
   95539931   2.686374e+01   2.741125e-01   2.686374e+01   2.741125e-01 223200701101855350      10953       2861     0 2454111.286238  1.142708e+01  1.107869e-02  1.142708e+01  1.107869e-02 
   95539985   2.681786e+01   2.615773e-01   2.681786e+01   2.615773e-01 223200701101856300      10953       2860     0 2454111.286863  1.142894e+01  1.059014e-02  1.142894e+01  1.059014e-02 
   95540039   2.678466e+01   2.494202e-01   2.678466e+01   2.494202e-01 223200701101857240      10952       2858     0 2454111.287488  1.143028e+01  1.011047e-02  1.143028e+01  1.011047e-02 
   95540095   2.637251e+01   2.374873e-01   2.637251e+01   2.374873e-01 223200701101858190      10951       2857     0 2454111.288137  1.144712e+01  9.777207e-03  1.144712e+01  9.777207e-03 
   95626315   2.445713e+01   2.773863e-01   2.445713e+01   2.773863e-01 223200701111855210      10936       2840     0 2454112.286053  1.152899e+01  1.231418e-02  1.152899e+01  1.231418e-02 
   95626371   2.463412e+01   2.629085e-01   2.463412e+01   2.629085e-01 223200701111856160      10935       2840     0 2454112.286701  1.152116e+01  1.158760e-02  1.152116e+01  1.158760e-02 
   95626425   2.407421e+01   2.496745e-01   2.407421e+01   2.496745e-01 223200701111857110      10934       2838     0 2454112.287326  1.154612e+01  1.126025e-02  1.154612e+01  1.126025e-02 
   95626481   2.415511e+01   2.386352e-01   2.415511e+01   2.386352e-01 223200701111858070      10934       2837     0 2454112.287975  1.154248e+01  1.072633e-02  1.154248e+01  1.072633e-02 
   95712698   2.440119e+01   2.601141e-01   2.440119e+01   2.601141e-01 223200701121855050      10964       2834     0 2454113.285856  1.153147e+01  1.157388e-02  1.153147e+01  1.157388e-02 
   95712754   2.399577e+01   2.465808e-01   2.399577e+01   2.465808e-01 223200701121856000      10963       2834     0 2454113.286505  1.154966e+01  1.115708e-02  1.154966e+01  1.115708e-02 
   95712808   2.365231e+01   2.342357e-01   2.365231e+01   2.342357e-01 223200701121856550      10963       2833     0 2454113.287130  1.156532e+01  1.075240e-02  1.156532e+01  1.075240e-02 
   95712862   2.318488e+01   2.234814e-01   2.318488e+01   2.234814e-01 223200701121857490      10962       2831     0 2454113.287755  1.158699e+01  1.046556e-02  1.158699e+01  1.046556e-02 
   95799119   2.419412e+01   2.367558e-01   2.419412e+01   2.367558e-01 223200701131855270      10960       2850     0 2454114.286100  1.154073e+01  1.062470e-02  1.154073e+01  1.062470e-02 
   95799173   2.382905e+01   2.254023e-01   2.382905e+01   2.254023e-01 223200701131856210      10960       2849     0 2454114.286725  1.155723e+01  1.027017e-02  1.155723e+01  1.027017e-02 
   95799297   2.351292e+01   2.078700e-01   2.351292e+01   2.078700e-01 223200701131858250      10961       2852     0 2454114.288160  1.157173e+01  9.598673e-03  1.157173e+01  9.598673e-03 
   95799351   2.355572e+01   1.989816e-01   2.355572e+01   1.989816e-01 223200701131859190      10960       2850     0 2454114.288785  1.156976e+01  9.171546e-03  1.156976e+01  9.171546e-03 
   95885589   2.566515e+01   2.324787e-01   2.566515e+01   2.324787e-01 223200701141856390      10955       2828     0 2454115.286910  1.147664e+01  9.834791e-03  1.147664e+01  9.834791e-03 
   95885645   2.502085e+01   2.224536e-01   2.502085e+01   2.224536e-01 223200701141857340      10955       2827     0 2454115.287558  1.150424e+01  9.653018e-03  1.150424e+01  9.653018e-03 
   95885699   2.530840e+01   2.145323e-01   2.530840e+01   2.145323e-01 223200701141858290      10955       2826     0 2454115.288183  1.149184e+01  9.203516e-03  1.149184e+01  9.203516e-03 
   95885831   2.465353e+01   1.975393e-01   2.465353e+01   1.975393e-01 223200701141900410      10953       2827     0 2454115.289711  1.152030e+01  8.699620e-03  1.152030e+01  8.699620e-03 
  105941747   2.147113e+01   2.882543e-01   2.147113e+01   2.882543e-01 223200705110414520      10931       3651     0 2454231.677627  1.167036e+01  1.457628e-02  1.167036e+01  1.457628e-02 
  105941803   2.157467e+01   3.063394e-01   2.157467e+01   3.063394e-01 223200705110415490      10934       3651     0 2454231.678275  1.166514e+01  1.541646e-02  1.166514e+01  1.541646e-02 
  105941862   2.167612e+01   3.214349e-01   2.167612e+01   3.214349e-01 223200705110416470      10936       3650     0 2454231.678958  1.166005e+01  1.610043e-02  1.166005e+01  1.610043e-02 
  105941917   2.187227e+01   3.397053e-01   2.187227e+01   3.397053e-01 223200705110417430      10938       3650     0 2454231.679595  1.165026e+01  1.686298e-02  1.165026e+01  1.686298e-02 
  106027802   2.156607e+01   2.007879e-01   2.156607e+01   2.007879e-01 223200705120409040      10955       3628     0 2454232.673634  1.166557e+01  1.010863e-02  1.166557e+01  1.010863e-02 
  106027928   2.132336e+01   2.109803e-01   2.132336e+01   2.109803e-01 223200705120411090      10942       3640     0 2454232.675093  1.167786e+01  1.074267e-02  1.167786e+01  1.074267e-02 
  106027982   2.094274e+01   2.174555e-01   2.094274e+01   2.174555e-01 223200705120412040      10945       3639     0 2454232.675718  1.169742e+01  1.127360e-02  1.169742e+01  1.127360e-02 
  106028036   2.117800e+01   2.266514e-01   2.117800e+01   2.266514e-01 223200705120412580      10947       3639     0 2454232.676343  1.168529e+01  1.161982e-02  1.168529e+01  1.161982e-02 
  106114057   2.065254e+01   2.018659e-01   2.065254e+01   2.018659e-01 223200705130406340      10931       3652     0 2454233.671956  1.171257e+01  1.061244e-02  1.171257e+01  1.061244e-02 
  106114111   2.149188e+01   2.080785e-01   2.149188e+01   2.080785e-01 223200705130407290      10935       3651     0 2454233.672581  1.166931e+01  1.051184e-02  1.166931e+01  1.051184e-02 
  106114167   2.099345e+01   2.103931e-01   2.099345e+01   2.103931e-01 223200705130408240      10938       3651     0 2454233.673229  1.169479e+01  1.088112e-02  1.169479e+01  1.088112e-02 
  106114221   2.175997e+01   2.152867e-01   2.175997e+01   2.152867e-01 223200705130409190      10939       3651     0 2454233.673854  1.165585e+01  1.074199e-02  1.165585e+01  1.074199e-02 
  124569723   2.637318e+01   2.677145e-01   2.637318e+01   2.677145e-01 223200712121844190      10302       7708     0 2454447.279201  1.144709e+01  1.102136e-02  1.144709e+01  1.102136e-02 
  124571653   2.519787e+01   1.369953e-01   2.519787e+01   1.369953e-01 221200712121916280       9276       5464     0 2454447.301539  1.149659e+01  5.902931e-03  1.149659e+01  5.902931e-03 
  124571713   2.465989e+01   1.320281e-01   2.465989e+01   1.320281e-01 223200712121917280      10316       7671     0 2454447.302234  1.152002e+01  5.813011e-03  1.152002e+01  5.813011e-03 
  124572797   3.267816e+01   1.558060e-01   3.267816e+01   1.558060e-01 222200712121935320      13017      24717     0 2454447.314780  1.121436e+01  5.176691e-03  1.121436e+01  5.176691e-03 
  124572988   2.548622e+01   1.358440e-01   2.548622e+01   1.358440e-01 221200712121938430       9314       5532     0 2454447.316991  1.148424e+01  5.787098e-03  1.148424e+01  5.787098e-03 
  124573047   2.387311e+01   1.283051e-01   2.387311e+01   1.283051e-01 223200712121939430      10302       7599     0 2454447.317674  1.155523e+01  5.835267e-03  1.155523e+01  5.835267e-03 
