\OBJNAME = '1SWASP J001603.97-732732.8'
\OBSSTART = '2006-05-11T04:14:48'
\OBSSTOP = '2007-12-12T19:39:43'
\TSTART = 74405751
\TSTOP = 124573045
\JD_REF = 2453005.5
\RA_OBJ = '4.016564'
\DEC_OBJ = '-73.459133'
\WASP_MAG = 13.8357
\HJD_START = 2453866.677674
\HJD_STOP = 2454447.317650
\fixlen = T
\NUMRECORDS = 450
\
\ This file was produced by the NASA Exoplanet Archive  http://exoplanetarchive.ipac.caltech.edu 
\ Thu Sep 12, 08:20:16 2013
\ Documentation for the SuperWASP dataset can be found at http://exoplanetarchive.ipac.caltech.edu/docs/SuperWASPMission.html
\
|TMID      |FLUX2         |FLUX2_ERR     |TAMFLUX2      |TAMFLUX2_ERR  |IMAGEID           |CCDX      |CCDY      |FLAG |           HJD|         MAG2|     MAG2_ERR|      TAMMAG2|  TAMMAG2_ERR|
|int       |float         |float         |float         |float         |char              |int       |int       |int  |        double|        float|        float|        float|        float|
|sec       |micro Vega    |micro Vega    |micro Vega    |micro Vega    |                  |1/16 pixel|1/16 pixel|     |           day|          mag|          mag|          mag|          mag|
|null      |null          |null          |null          |null          |null              |null      |null      |null |          null|         null|         null|         null|         null|
   74405751   3.097563e+00   2.230271e-01   3.097563e+00   2.230271e-01 223200605110414480       5772       1875     0 2453866.677674  1.377245e+01  7.817417e-02  1.377245e+01  7.817417e-02 
   74405804   2.871968e+00   2.392541e-01   2.871968e+00   2.392541e-01 223200605110415410       5776       1872     0 2453866.678287  1.385455e+01  9.044941e-02  1.385455e+01  9.044941e-02 
   74405888   3.189521e+00   2.731338e-01   3.189521e+00   2.731338e-01 223200605110417040       5781       1871     0 2453866.679259  1.374069e+01  9.297708e-02  1.374069e+01  9.297708e-02 
   74405953   2.979794e+00   3.080117e-01   2.979794e+00   3.080117e-01 223200605110418100       5789       1846     0 2453866.680012  1.381453e+01  1.122294e-01  1.381453e+01  1.122294e-01 
   74491864   3.089462e+00   2.384462e-01   3.089462e+00   2.384462e-01 223200605120409570       5792       1808     0 2453867.674352  1.377529e+01  8.379794e-02  1.377529e+01  8.379794e-02 
   74492002   3.047861e+00   2.564296e-01   3.047861e+00   2.564296e-01 223200605120412150       5801       1805     0 2453867.675949  1.379001e+01  9.134795e-02  1.379001e+01  9.134795e-02 
   74492055   2.936343e+00   2.650112e-01   2.936343e+00   2.650112e-01 223200605120413070       5804       1803     0 2453867.676563  1.383048e+01  9.799034e-02  1.383048e+01  9.799034e-02 
   74750386   3.439272e+00   3.426987e-01   3.439272e+00   3.426987e-01 223200605150358270       5789       1812     0 2453870.666505  1.365883e+01  1.081862e-01  1.365883e+01  1.081862e-01 
   74750446   3.337895e+00   3.371887e-01   3.337895e+00   3.371887e-01 223200605150359270       5793       1807     0 2453870.667199  1.369132e+01  1.096797e-01  1.369132e+01  1.096797e-01 
   74750500   2.619225e+00   3.414494e-01   2.619225e+00   3.414494e-01 223200605150400210       5798       1807     0 2453870.667824  1.395457e+01  1.415401e-01  1.395457e+01  1.415401e-01 
   74750559   3.196704e+00   3.435730e-01   3.196704e+00   3.435730e-01 223200605150401200       5800       1806     0 2453870.668507  1.373824e+01  1.166924e-01  1.373824e+01  1.166924e-01 
   75613645   2.351663e+00   1.288443e-01   2.351663e+00   1.288443e-01 223200605250345300       5868       1821     0 2453880.657928  1.407156e+01  5.948615e-02  1.407156e+01  5.948615e-02 
   75613708   2.554217e+00   1.298112e-01   2.554217e+00   1.298112e-01 223200605250346340       5877       1794     0 2453880.658657  1.398186e+01  5.517980e-02  1.398186e+01  5.517980e-02 
   75613766   2.383107e+00   1.292526e-01   2.383107e+00   1.292526e-01 223200605250347310       5880       1792     0 2453880.659329  1.405714e+01  5.888727e-02  1.405714e+01  5.888727e-02 
   75613834   2.359836e+00   1.288875e-01   2.359836e+00   1.288875e-01 223200605250348400       5878       1814     0 2453880.660116  1.406780e+01  5.929999e-02  1.406780e+01  5.929999e-02 
   75700100   2.445602e+00   1.259817e-01   2.445602e+00   1.259817e-01 223200605260346210       5888       1811     0 2453881.658565  1.402904e+01  5.593036e-02  1.402904e+01  5.593036e-02 
   75700163   2.488033e+00   1.269376e-01   2.488033e+00   1.269376e-01 223200605260347250       5895       1781     0 2453881.659294  1.401036e+01  5.539366e-02  1.401036e+01  5.539366e-02 
   75700230   2.383219e+00   1.260263e-01   2.383219e+00   1.260263e-01 223200605260348310       5894       1804     0 2453881.660069  1.405709e+01  5.741470e-02  1.405709e+01  5.741470e-02 
   75700299   2.420729e+00   1.244765e-01   2.420729e+00   1.244765e-01 223200605260349400       5900       1776     0 2453881.660868  1.404013e+01  5.582992e-02  1.404013e+01  5.582992e-02 
   76132319   2.306113e+00   1.060715e-01   2.306113e+00   1.060715e-01 223200605310349440       5952       1782     0 2453886.661100  1.409280e+01  4.993947e-02  1.409280e+01  4.993947e-02 
   76132386   2.317429e+00   1.062875e-01   2.317429e+00   1.062875e-01 223200605310350510       5959       1753     0 2453886.661875  1.408748e+01  4.979680e-02  1.408748e+01  4.979680e-02 
   76132435   2.269246e+00   1.063432e-01   2.269246e+00   1.063432e-01 223200605310351390       5960       1751     0 2453886.662442  1.411030e+01  5.088079e-02  1.411030e+01  5.088079e-02 
   76132497   2.376756e+00   1.070740e-01   2.376756e+00   1.070740e-01 223200605310352410       5962       1750     0 2453886.663160  1.406004e+01  4.891313e-02  1.406004e+01  4.891313e-02 
   76218789   2.355697e+00   1.080064e-01   2.355697e+00   1.080064e-01 223200606010350510       5970       1745     0 2453887.661910  1.406970e+01  4.978009e-02  1.406970e+01  4.978009e-02 
   76218857   2.345430e+00   1.089348e-01   2.345430e+00   1.089348e-01 223200606010351580       5970       1765     0 2453887.662697  1.407444e+01  5.042781e-02  1.407444e+01  5.042781e-02 
   76218927   2.599880e+00   1.102013e-01   2.599880e+00   1.102013e-01 223200606010353090       5973       1764     0 2453887.663507  1.396262e+01  4.602133e-02  1.396262e+01  4.602133e-02 
   76219014   2.360713e+00   1.097731e-01   2.360713e+00   1.097731e-01 223200606010354350       5981       1737     0 2453887.664514  1.406739e+01  5.048689e-02  1.406739e+01  5.048689e-02 
   76478195   2.437663e+00   1.174442e-01   2.437663e+00   1.174442e-01 223200606040354060       5981       1736     0 2453890.664294  1.403257e+01  5.230989e-02  1.403257e+01  5.230989e-02 
   76478268   2.284911e+00   1.156370e-01   2.284911e+00   1.156370e-01 223200606040355190       5982       1757     0 2453890.665139  1.410283e+01  5.494820e-02  1.410283e+01  5.494820e-02 
   76478344   2.326910e+00   1.177181e-01   2.326910e+00   1.177181e-01 223200606040356360       5989       1729     0 2453890.666019  1.408305e+01  5.492743e-02  1.408305e+01  5.492743e-02 
   76478397   2.265767e+00   1.181458e-01   2.265767e+00   1.181458e-01 223200606040357280       5991       1727     0 2453890.666632  1.411196e+01  5.661467e-02  1.411196e+01  5.661467e-02 
   76564537   2.276645e+00   2.826554e-01   2.276645e+00   2.826554e-01 223200606050353060       6008       1721     0 2453891.663623  1.410676e+01  1.347993e-01  1.410676e+01  1.347993e-01 
   76564596   2.556579e+00   2.748712e-01   2.556579e+00   2.748712e-01 223200606050354050       6012       1720     0 2453891.664306  1.398085e+01  1.167336e-01  1.398085e+01  1.167336e-01 
   76564656   2.494700e+00   2.760076e-01   2.494700e+00   2.760076e-01 223200606050355050       6015       1717     0 2453891.665000  1.400745e+01  1.201237e-01  1.400745e+01  1.201237e-01 
   76564714   2.710877e+00   2.499869e-01   2.710877e+00   2.499869e-01 223200606050356020       6017       1716     0 2453891.665671  1.391722e+01  1.001228e-01  1.391722e+01  1.001228e-01 
   76650909   2.156291e+00   1.055278e-01   2.156291e+00   1.055278e-01 223200606060352330       5996       1717     0 2453892.663299  1.416573e+01  5.313558e-02  1.416573e+01  5.313558e-02 
   76651043   2.425171e+00   1.098894e-01   2.425171e+00   1.098894e-01 223200606060354480       6003       1716     0 2453892.664850  1.403814e+01  4.919706e-02  1.403814e+01  4.919706e-02 
   76651099   2.202453e+00   1.082759e-01   2.202453e+00   1.082759e-01 223200606060355430       6006       1713     0 2453892.665498  1.414273e+01  5.337661e-02  1.414273e+01  5.337661e-02 
   76651175   2.334583e+00   1.081103e-01   2.334583e+00   1.081103e-01 223200606060357000       6004       1734     0 2453892.666377  1.407948e+01  5.027864e-02  1.407948e+01  5.027864e-02 
   76737403   2.332026e+00   1.130742e-01   2.332026e+00   1.130742e-01 223200606070354040       6007       1720     0 2453893.664387  1.408067e+01  5.264483e-02  1.408067e+01  5.264483e-02 
   76737456   2.343050e+00   1.115764e-01   2.343050e+00   1.115764e-01 223200606070354570       6010       1717     0 2453893.665000  1.407555e+01  5.170310e-02  1.407555e+01  5.170310e-02 
   76737511   2.140257e+00   1.101130e-01   2.140257e+00   1.101130e-01 223200606070355530       6011       1715     0 2453893.665637  1.417384e+01  5.585971e-02  1.417384e+01  5.585971e-02 
   76737567   2.094065e+00   1.093359e-01   2.094065e+00   1.093359e-01 223200606070356480       6013       1713     0 2453893.666285  1.419752e+01  5.668897e-02  1.419752e+01  5.668897e-02 
   76823793   2.347464e+00   1.109265e-01   2.347464e+00   1.109265e-01 223200606080353510       6033       1718     0 2453894.664271  1.407350e+01  5.130531e-02  1.407350e+01  5.130531e-02 
   76823852   2.335813e+00   1.112904e-01   2.335813e+00   1.112904e-01 223200606080354510       6037       1715     0 2453894.664954  1.407891e+01  5.173036e-02  1.407891e+01  5.173036e-02 
   76823911   2.309020e+00   1.114347e-01   2.309020e+00   1.114347e-01 223200606080355500       6039       1713     0 2453894.665637  1.409143e+01  5.239846e-02  1.409143e+01  5.239846e-02 
   76823997   2.251348e+00   1.111817e-01   2.251348e+00   1.111817e-01 223200606080357160       6038       1734     0 2453894.666632  1.411889e+01  5.361870e-02  1.411889e+01  5.361870e-02 
   76910219   2.223084e+00   1.072288e-01   2.223084e+00   1.072288e-01 223200606090354140       6030       1705     0 2453895.664572  1.413261e+01  5.236989e-02  1.413261e+01  5.236989e-02 
   76910273   2.182844e+00   1.071216e-01   2.182844e+00   1.071216e-01 223200606090355080       6032       1703     0 2453895.665197  1.415244e+01  5.328196e-02  1.415244e+01  5.328196e-02 
   76910357   2.278239e+00   1.074022e-01   2.278239e+00   1.074022e-01 223200606090356320       6031       1723     0 2453895.666169  1.410600e+01  5.118464e-02  1.410600e+01  5.118464e-02 
   76910429   2.310739e+00   1.072919e-01   2.310739e+00   1.072919e-01 223200606090357440       6037       1698     0 2453895.667002  1.409062e+01  5.041293e-02  1.409062e+01  5.041293e-02 
   76996574   2.934963e+00   2.216274e-01   2.934963e+00   2.216274e-01 223200606100353270       6035       1706     0 2453896.664051  1.383099e+01  8.198733e-02  1.383099e+01  8.198733e-02 
   76996639   2.690358e+00   2.182875e-01   2.690358e+00   2.182875e-01 223200606100354320       6039       1702     0 2453896.664803  1.392548e+01  8.809366e-02  1.392548e+01  8.809366e-02 
   76996700   2.864466e+00   2.162994e-01   2.864466e+00   2.162994e-01 223200606100355320       6041       1700     0 2453896.665509  1.385739e+01  8.198556e-02  1.385739e+01  8.198556e-02 
   76996755   2.966184e+00   2.125604e-01   2.966184e+00   2.125604e-01 223200606100356270       6042       1699     0 2453896.666146  1.381950e+01  7.780549e-02  1.381950e+01  7.780549e-02 
   77082994   2.938182e+00   3.663099e-01   2.938182e+00   3.663099e-01 223200606110353440       6048       1694     0 2453897.664282  1.382980e+01  1.353617e-01  1.382980e+01  1.353617e-01 
   77083071   2.972508e+00   3.686133e-01   2.972508e+00   3.686133e-01 223200606110355000       6048       1715     0 2453897.665174  1.381719e+01  1.346399e-01  1.381719e+01  1.346399e-01 
   77083152   2.676436e+00   3.701717e-01   2.676436e+00   3.701717e-01 223200606110356210       6054       1688     0 2453897.666111  1.393111e+01  1.501662e-01  1.393111e+01  1.501662e-01 
   77083206   2.978464e+00   3.710033e-01   2.978464e+00   3.710033e-01 223200606110357160       6055       1686     0 2453897.666736  1.381502e+01  1.352419e-01  1.381502e+01  1.352419e-01 
   77169260   2.938946e+00   4.575455e-01   2.938946e+00   4.575455e-01 223200606120351270       6047       1712     0 2453898.662731  1.382952e+01  1.690319e-01  1.382952e+01  1.690319e-01 
   77169322   2.972759e+00   4.668181e-01   2.972759e+00   4.668181e-01 223200606120352290       6054       1686     0 2453898.663449  1.381710e+01  1.704958e-01  1.381710e+01  1.704958e-01 
   77169380   2.669858e+00   4.655812e-01   2.669858e+00   4.655812e-01 223200606120353260       6056       1684     0 2453898.664120  1.393378e+01  1.893360e-01  1.393378e+01  1.893360e-01 
   77514685   5.451180e+00   2.150824e+00   5.451180e+00   2.150824e+00 223200606160348210       6057       1652     0 2453902.660706  1.315877e+01  4.283907e-01  1.315877e+01  4.283907e-01 
   77601369   2.586475e+00   1.898843e-01   2.586475e+00   1.898843e-01 223200606170353030       6071       1636     0 2453903.663993  1.396823e+01  7.970888e-02  1.396823e+01  7.970888e-02 
   77601439   2.517456e+00   1.887678e-01   2.517456e+00   1.887678e-01 223200606170354120       6069       1657     0 2453903.664803  1.399759e+01  8.141264e-02  1.399759e+01  8.141264e-02 
   77601509   2.896812e+00   1.882137e-01   2.896812e+00   1.882137e-01 223200606170355220       6070       1655     0 2453903.665613  1.384520e+01  7.054345e-02  1.384520e+01  7.054345e-02 
   77601566   2.713032e+00   1.867608e-01   2.713032e+00   1.867608e-01 223200606170356190       6076       1629     0 2453903.666273  1.391636e+01  7.474062e-02  1.391636e+01  7.474062e-02 
   77687713   2.573225e+00   1.598495e-01   2.573225e+00   1.598495e-01 223200606180352030       6091       1629     0 2453904.663345  1.397381e+01  6.744650e-02  1.397381e+01  6.744650e-02 
   77687756   2.690024e+00   1.597214e-01   2.690024e+00   1.597214e-01 223200606180352470       6093       1628     0 2453904.663843  1.392561e+01  6.446631e-02  1.392561e+01  6.446631e-02 
   77687824   2.733970e+00   1.602078e-01   2.733970e+00   1.602078e-01 223200606180353550       6094       1626     0 2453904.664630  1.390802e+01  6.362322e-02  1.390802e+01  6.362322e-02 
   77687875   2.787119e+00   1.601115e-01   2.787119e+00   1.601115e-01 223200606180354460       6095       1625     0 2453904.665220  1.388711e+01  6.237247e-02  1.388711e+01  6.237247e-02 
   77774350   2.309508e+00   1.361015e-01   2.309508e+00   1.361015e-01 223200606190355570       6136       1610     0 2453905.666088  1.409120e+01  6.398371e-02  1.409120e+01  6.398371e-02 
   77774406   2.549657e+00   1.365850e-01   2.549657e+00   1.365850e-01 223200606190356530       6136       1610     0 2453905.666736  1.398380e+01  5.816302e-02  1.398380e+01  5.816302e-02 
   77774468   2.627339e+00   1.364629e-01   2.627339e+00   1.364629e-01 223200606190357560       6136       1609     0 2453905.667454  1.395121e+01  5.639287e-02  1.395121e+01  5.639287e-02 
   77774533   2.460279e+00   1.346414e-01   2.460279e+00   1.346414e-01 223200606190359000       6131       1633     0 2453905.668206  1.402254e+01  5.941828e-02  1.402254e+01  5.941828e-02 
   77860763   2.392672e+00   1.190245e-01   2.392672e+00   1.190245e-01 223200606200356080       6121       1604     0 2453906.666238  1.405279e+01  5.401060e-02  1.405279e+01  5.401060e-02 
   77860822   2.696093e+00   1.196563e-01   2.696093e+00   1.196563e-01 223200606200357080       6121       1604     0 2453906.666921  1.392316e+01  4.818664e-02  1.392316e+01  4.818664e-02 
   77860886   2.519365e+00   1.190959e-01   2.519365e+00   1.190959e-01 223200606200358110       6121       1604     0 2453906.667662  1.399677e+01  5.132532e-02  1.399677e+01  5.132532e-02 
   77860951   2.442516e+00   1.183055e-01   2.442516e+00   1.183055e-01 223200606200359170       6116       1629     0 2453906.668414  1.403041e+01  5.258883e-02  1.403041e+01  5.258883e-02 
   77947073   2.543256e+00   1.226761e-01   2.543256e+00   1.226761e-01 223200606210354360       6115       1603     0 2453907.665197  1.398652e+01  5.237157e-02  1.398652e+01  5.237157e-02 
   77947127   2.401813e+00   1.219104e-01   2.401813e+00   1.219104e-01 223200606210355300       6116       1604     0 2453907.665822  1.404865e+01  5.510963e-02  1.404865e+01  5.510963e-02 
   77947205   2.345166e+00   1.212726e-01   2.345166e+00   1.212726e-01 223200606210356480       6112       1628     0 2453907.666725  1.407457e+01  5.614549e-02  1.407457e+01  5.614549e-02 
   77947272   2.377995e+00   1.227499e-01   2.377995e+00   1.227499e-01 223200606210357550       6116       1604     0 2453907.667500  1.405947e+01  5.604491e-02  1.405947e+01  5.604491e-02 
   78119983   2.172410e+00   1.067908e-01   2.172410e+00   1.067908e-01 223200606230356210       6107       1583     0 2453909.666470  1.415765e+01  5.337251e-02  1.415765e+01  5.337251e-02 
   78120037   2.103517e+00   1.063111e-01   2.103517e+00   1.063111e-01 223200606230357150       6106       1585     0 2453909.667095  1.419264e+01  5.487297e-02  1.419264e+01  5.487297e-02 
   78120185   2.042881e+00   1.066140e-01   2.042881e+00   1.066140e-01 223200606230359440       6105       1592     0 2453909.668808  1.422439e+01  5.666265e-02  1.422439e+01  5.666265e-02 
   78120247   2.148695e+00   1.074578e-01   2.148695e+00   1.074578e-01 223200606230400460       6106       1571     0 2453909.669525  1.416956e+01  5.429864e-02  1.416956e+01  5.429864e-02 
   78206443   2.231456e+00   1.118472e-01   2.231456e+00   1.118472e-01 223200606240357190       6126       1569     0 2453910.667164  1.412853e+01  5.442050e-02  1.412853e+01  5.442050e-02 
   78206502   2.389615e+00   1.130211e-01   2.389615e+00   1.130211e-01 223200606240358180       6123       1573     0 2453910.667847  1.405418e+01  5.135202e-02  1.405418e+01  5.135202e-02 
   78206577   2.468960e+00   1.114786e-01   2.468960e+00   1.114786e-01 223200606240359320       6114       1601     0 2453910.668715  1.401871e+01  4.902339e-02  1.401871e+01  4.902339e-02 
   78206636   2.503811e+00   1.124472e-01   2.503811e+00   1.124472e-01 223200606240400310       6110       1586     0 2453910.669398  1.400350e+01  4.876105e-02  1.400350e+01  4.876105e-02 
   78292882   2.280139e+00   1.021188e-01   2.280139e+00   1.021188e-01 223200606250357560       6128       1552     0 2453911.667616  1.410510e+01  4.862617e-02  1.410510e+01  4.862617e-02 
   78292936   2.247489e+00   1.035501e-01   2.247489e+00   1.035501e-01 223200606250358490       6122       1559     0 2453911.668241  1.412076e+01  5.002405e-02  1.412076e+01  5.002405e-02 
   78292987   2.306208e+00   1.031847e-01   2.306208e+00   1.031847e-01 223200606250359400       6111       1573     0 2453911.668831  1.409275e+01  4.857834e-02  1.409275e+01  4.857834e-02 
   78293049   2.271904e+00   1.033642e-01   2.271904e+00   1.033642e-01 223200606250400430       6112       1572     0 2453911.669549  1.410903e+01  4.939761e-02  1.410903e+01  4.939761e-02 
   78724949   2.224375e+00   1.053822e-01   2.224375e+00   1.053822e-01 223200606300358520       6135       1554     0 2453916.668391  1.413198e+01  5.143814e-02  1.413198e+01  5.143814e-02 
   78725026   2.201177e+00   1.049051e-01   2.201177e+00   1.049051e-01 223200606300400090       6142       1527     0 2453916.669282  1.414336e+01  5.174492e-02  1.414336e+01  5.174492e-02 
   78725073   2.159545e+00   1.041469e-01   2.159545e+00   1.041469e-01 223200606300400570       6142       1525     0 2453916.669826  1.416409e+01  5.236121e-02  1.416409e+01  5.236121e-02 
   78725137   2.136472e+00   1.036543e-01   2.136472e+00   1.036543e-01 223200606300402000       6143       1523     0 2453916.670567  1.417576e+01  5.267640e-02  1.417576e+01  5.267640e-02 
   78811385   2.340135e+00   1.100990e-01   2.340135e+00   1.100990e-01 223200607010359260       6135       1520     0 2453917.668808  1.407690e+01  5.108204e-02  1.407690e+01  5.108204e-02 
   78811464   2.155925e+00   1.095221e-01   2.155925e+00   1.095221e-01 223200607010400450       6133       1541     0 2453917.669722  1.416592e+01  5.515616e-02  1.416592e+01  5.515616e-02 
   78811529   2.074978e+00   1.088397e-01   2.074978e+00   1.088397e-01 223200607010401510       6137       1514     0 2453917.670475  1.420747e+01  5.695078e-02  1.420747e+01  5.695078e-02 
   78811580   2.208446e+00   1.094502e-01   2.208446e+00   1.094502e-01 223200607010402420       6138       1512     0 2453917.671065  1.413978e+01  5.380908e-02  1.413978e+01  5.380908e-02 
   78897855   5.305546e+00   5.469722e-01   5.305546e+00   5.469722e-01 223200607020400340       6147       1508     0 2453918.669618  1.318818e+01  1.119337e-01  1.318818e+01  1.119337e-01 
   78897909   1.863005e+00   3.075027e-01   1.863005e+00   3.075027e-01 223200607020401280       6147       1505     0 2453918.670243  1.432446e+01  1.792094e-01  1.432446e+01  1.792094e-01 
   78984198   2.284630e+00   1.041525e-01   2.284630e+00   1.041525e-01 223200607030359350       6153       1496     0 2453919.668958  1.410296e+01  4.949708e-02  1.410296e+01  4.949708e-02 
   78984252   2.185114e+00   1.031308e-01   2.185114e+00   1.031308e-01 223200607030400290       6156       1493     0 2453919.669583  1.415131e+01  5.124366e-02  1.415131e+01  5.124366e-02 
   78984310   2.085977e+00   1.016671e-01   2.085977e+00   1.016671e-01 223200607030401270       6156       1491     0 2453919.670255  1.420173e+01  5.291721e-02  1.420173e+01  5.291721e-02 
   78984365   2.131191e+00   1.018821e-01   2.131191e+00   1.018821e-01 223200607030402220       6156       1489     0 2453919.670891  1.417844e+01  5.190406e-02  1.417844e+01  5.190406e-02 
   79070522   2.064419e+00   1.033289e-01   2.064419e+00   1.033289e-01 223200607040358180       6150       1475     0 2453920.668079  1.421301e+01  5.434377e-02  1.421301e+01  5.434377e-02 
   79070568   2.357740e+00   1.042226e-01   2.357740e+00   1.042226e-01 223200607040359040       6151       1473     0 2453920.668611  1.406876e+01  4.799454e-02  1.406876e+01  4.799454e-02 
   79070634   2.251741e+00   1.029640e-01   2.251741e+00   1.029640e-01 223200607040400090       6152       1471     0 2453920.669375  1.411870e+01  4.964701e-02  1.411870e+01  4.964701e-02 
   79070686   2.298573e+00   1.035874e-01   2.298573e+00   1.035874e-01 223200607040401020       6153       1469     0 2453920.669977  1.409635e+01  4.892993e-02  1.409635e+01  4.892993e-02 
   79415950   2.145924e+00   1.035169e-01   2.145924e+00   1.035169e-01 223200607080355190       6148       1459     0 2453924.666088  1.417096e+01  5.237482e-02  1.417096e+01  5.237482e-02 
   79416107   2.191300e+00   1.032071e-01   2.191300e+00   1.032071e-01 223200607080357570       6151       1481     0 2453924.667905  1.414825e+01  5.113681e-02  1.414825e+01  5.113681e-02 
   79416174   2.217260e+00   1.026499e-01   2.217260e+00   1.026499e-01 223200607080359030       6155       1454     0 2453924.668681  1.413546e+01  5.026526e-02  1.413546e+01  5.026526e-02 
   79416232   2.208880e+00   1.029016e-01   2.208880e+00   1.029016e-01 223200607080400010       6156       1451     0 2453924.669352  1.413957e+01  5.057966e-02  1.413957e+01  5.057966e-02 
   79502437   2.502455e+00   1.571152e-01   2.502455e+00   1.571152e-01 223200607090356460       6160       1452     0 2453925.667095  1.400408e+01  6.816755e-02  1.400408e+01  6.816755e-02 
   79502489   2.472103e+00   1.566842e-01   2.472103e+00   1.566842e-01 223200607090357380       6160       1450     0 2453925.667697  1.401733e+01  6.881522e-02  1.401733e+01  6.881522e-02 
   79502558   2.369401e+00   1.538867e-01   2.369401e+00   1.538867e-01 223200607090358470       6161       1447     0 2453925.668495  1.406340e+01  7.051614e-02  1.406340e+01  7.051614e-02 
   79502712   2.758954e+00   1.511231e-01   2.758954e+00   1.511231e-01 223200607090401200       6159       1429     0 2453925.670278  1.389814e+01  5.947195e-02  1.389814e+01  5.947195e-02 
   80278189   2.711677e+00   1.677965e-01   2.711677e+00   1.677965e-01 223200607180325470       6191       1409     0 2453934.645706  1.391691e+01  6.718477e-02  1.391691e+01  6.718477e-02 
   80278251   2.896385e+00   1.639692e-01   2.896385e+00   1.639692e-01 223200607180326500       6195       1381     0 2453934.646424  1.384536e+01  6.146556e-02  1.384536e+01  6.146556e-02 
   80278326   2.807745e+00   1.854510e-01   2.807745e+00   1.854510e-01 223200607180328050       6190       1403     0 2453934.647292  1.387911e+01  7.171293e-02  1.387911e+01  7.171293e-02 
   80278404   2.588154e+00   2.517634e-01   2.588154e+00   2.517634e-01 223200607180329220       6195       1377     0 2453934.648194  1.396752e+01  1.056156e-01  1.396752e+01  1.056156e-01 
   80364281   2.348270e+00   1.254804e-01   2.348270e+00   1.254804e-01 223200607190320380       6187       1392     0 2453935.642141  1.407313e+01  5.801677e-02  1.407313e+01  5.801677e-02 
   80364337   2.394531e+00   1.261969e-01   2.394531e+00   1.261969e-01 223200607190321350       6187       1391     0 2453935.642789  1.405195e+01  5.722081e-02  1.405195e+01  5.722081e-02 
   80364397   2.465268e+00   1.265227e-01   2.465268e+00   1.265227e-01 223200607190322340       6187       1389     0 2453935.643484  1.402034e+01  5.572246e-02  1.402034e+01  5.572246e-02 
   80364458   2.402688e+00   1.256977e-01   2.402688e+00   1.256977e-01 223200607190323360       6187       1388     0 2453935.644190  1.404826e+01  5.680097e-02  1.404826e+01  5.680097e-02 
   80450497   2.322609e+00   1.143947e-01   2.322609e+00   1.143947e-01 223200607200317340       6191       1384     0 2453936.640012  1.408506e+01  5.347562e-02  1.408506e+01  5.347562e-02 
   80450558   2.268059e+00   1.143397e-01   2.268059e+00   1.143397e-01 223200607200318350       6191       1382     0 2453936.640718  1.411086e+01  5.473542e-02  1.411086e+01  5.473542e-02 
   80450622   2.351159e+00   1.140082e-01   2.351159e+00   1.140082e-01 223200607200319380       6191       1380     0 2453936.641458  1.407179e+01  5.264775e-02  1.407179e+01  5.264775e-02 
   80450679   2.316084e+00   1.130259e-01   2.316084e+00   1.130259e-01 223200607200320360       6191       1378     0 2453936.642118  1.408811e+01  5.298457e-02  1.408811e+01  5.298457e-02 
   80967428   2.187157e+00   1.021693e-01   2.187157e+00   1.021693e-01 223200607260253020       6150       1419     0 2453942.623009  1.415030e+01  5.071848e-02  1.415030e+01  5.071848e-02 
   80967487   2.215669e+00   1.012209e-01   2.215669e+00   1.012209e-01 223200607260254000       6151       1417     0 2453942.623692  1.413624e+01  4.960108e-02  1.413624e+01  4.960108e-02 
   80967547   2.130027e+00   9.999326e-02   2.130027e+00   9.999326e-02 223200607260255010       6152       1415     0 2453942.624387  1.417904e+01  5.096962e-02  1.417904e+01  5.096962e-02 
   80967603   2.238836e+00   1.008969e-01   2.238836e+00   1.008969e-01 223200607260255560       6153       1413     0 2453942.625035  1.412494e+01  4.893068e-02  1.412494e+01  4.893068e-02 
   81053648   2.237255e+00   1.125805e-01   2.237255e+00   1.125805e-01 223200607270250020       6146       1415     0 2453943.620926  1.412571e+01  5.463532e-02  1.412571e+01  5.463532e-02 
   81053710   2.289215e+00   1.155228e-01   2.289215e+00   1.155228e-01 223200607270251040       6147       1413     0 2453943.621644  1.410078e+01  5.479072e-02  1.410078e+01  5.479072e-02 
   81053766   2.173705e+00   1.119501e-01   2.173705e+00   1.119501e-01 223200607270251590       6148       1411     0 2453943.622292  1.415700e+01  5.591776e-02  1.415700e+01  5.591776e-02 
   81053828   2.383957e+00   1.105477e-01   2.383957e+00   1.105477e-01 223200607270253010       6149       1408     0 2453943.623009  1.405675e+01  5.034740e-02  1.405675e+01  5.034740e-02 
   81139885   1.897841e+00   1.230902e+00   1.897841e+00   1.230902e+00 223200607280247170       6165       1404     0 2453944.619039  1.430435e+01  7.041895e-01  1.430435e+01  7.041895e-01 
   81139939   1.875293e+00   7.684745e-01   1.875293e+00   7.684745e-01 223200607280248110       6165       1403     0 2453944.619664  1.431733e+01  4.449244e-01  1.431733e+01  4.449244e-01 
   81139993   1.653830e+00   4.971001e-01   1.653830e+00   4.971001e-01 223200607280249060       6166       1401     0 2453944.620289  1.445377e+01  3.263464e-01  1.445377e+01  3.263464e-01 
   82346060   3.280958e+00   3.676551e-01   3.280958e+00   3.676551e-01 224200608110150170      25553       1018     0 2453958.579398  1.371000e+01  1.216650e-01  1.371000e+01  1.216650e-01 
   82346060   3.097661e+00   3.851820e-01   3.097661e+00   3.851820e-01 223200608110150170       6162       1446     0 2453958.579398  1.377242e+01  1.350075e-01  1.377242e+01  1.350075e-01 
   82346116   2.839397e+00   3.657832e-01   2.839397e+00   3.657832e-01 224200608110151120      25548       1019     0 2453958.580046  1.386693e+01  1.398696e-01  1.386693e+01  1.398696e-01 
   82346116   2.956321e+00   3.836415e-01   2.956321e+00   3.836415e-01 223200608110151120       6164       1444     0 2453958.580046  1.382312e+01  1.408964e-01  1.382312e+01  1.408964e-01 
   82346171   2.795559e+00   3.829422e-01   2.795559e+00   3.829422e-01 223200608110152070       6165       1440     0 2453958.580683  1.388383e+01  1.487272e-01  1.388383e+01  1.487272e-01 
   82346230   3.001712e+00   3.826022e-01   3.001712e+00   3.826022e-01 223200608110153070       6165       1438     0 2453958.581366  1.380658e+01  1.383898e-01  1.380658e+01  1.383898e-01 
   82518415   2.692896e+00   2.483597e-01   2.692896e+00   2.483597e-01 223200608130142530       6164       1417     0 2453960.574248  1.392445e+01  1.001354e-01  1.392445e+01  1.001354e-01 
   82518474   4.816799e+00   3.738394e-01   4.816799e+00   3.738394e-01 224200608130143530      25507       1101     0 2453960.574931  1.329310e+01  8.426601e-02  1.329310e+01  8.426601e-02 
   82518474   2.708321e+00   2.473722e-01   2.708321e+00   2.473722e-01 223200608130143520       6165       1415     0 2453960.574931  1.391825e+01  9.916917e-02  1.391825e+01  9.916917e-02 
   82518536   4.256946e+00   3.710160e-01   4.256946e+00   3.710160e-01 224200608130144550      25506       1102     0 2453960.575648  1.342725e+01  9.462816e-02  1.342725e+01  9.462816e-02 
   82518536   2.801385e+00   2.457773e-01   2.801385e+00   2.457773e-01 223200608130144550       6164       1409     0 2453960.575648  1.388157e+01  9.525654e-02  1.388157e+01  9.525654e-02 
   82518614   4.696956e+00   3.776018e-01   4.696956e+00   3.776018e-01 224200608130146120      25508       1080     0 2453960.576551  1.332046e+01  8.728576e-02  1.332046e+01  8.728576e-02 
   82518614   3.019365e+00   2.474536e-01   3.019365e+00   2.474536e-01 223200608130146120       6161       1430     0 2453960.576551  1.380021e+01  8.898240e-02  1.380021e+01  8.898240e-02 
   82604596   3.406589e+00   2.004048e-01   3.406589e+00   2.004048e-01 224200608140139160      25485       1111     0 2453961.571713  1.366920e+01  6.387254e-02  1.366920e+01  6.387254e-02 
   82604596   2.743447e+00   1.992721e-01   2.743447e+00   1.992721e-01 223200608140139160       6164       1436     0 2453961.571713  1.390426e+01  7.886345e-02  1.390426e+01  7.886345e-02 
   82604652   2.890610e+00   2.023824e-01   2.890610e+00   2.023824e-01 223200608140140120       6171       1433     0 2453961.572361  1.384753e+01  7.601673e-02  1.384753e+01  7.601673e-02 
   82604709   3.514814e+00   2.022603e-01   3.514814e+00   2.022603e-01 224200608140141080      25477       1107     0 2453961.573021  1.363524e+01  6.247903e-02  1.363524e+01  6.247903e-02 
   82604709   2.778540e+00   2.040075e-01   2.778540e+00   2.040075e-01 223200608140141080       6184       1430     0 2453961.573021  1.389046e+01  7.971781e-02  1.389046e+01  7.971781e-02 
   82604763   3.584170e+00   2.032183e-01   3.584170e+00   2.032183e-01 224200608140142030      25477       1109     0 2453961.573646  1.361403e+01  6.156022e-02  1.361403e+01  6.156022e-02 
   82604763   2.942976e+00   2.085011e-01   2.942976e+00   2.085011e-01 223200608140142030       6184       1428     0 2453961.573646  1.382803e+01  7.692148e-02  1.382803e+01  7.692148e-02 
   82863069   3.418139e+00   1.359100e-01   3.418139e+00   1.359100e-01 224200608170127120      25496       1085     0 2453964.563299  1.366553e+01  4.317055e-02  1.366553e+01  4.317055e-02 
   82863069   2.423689e+00   1.323996e-01   2.423689e+00   1.323996e-01 223200608170127120       6154       1445     0 2453964.563299  1.403881e+01  5.931107e-02  1.403881e+01  5.931107e-02 
   82863137   3.396465e+00   1.351555e-01   3.396465e+00   1.351555e-01 224200608170128190      25487       1109     0 2453964.564086  1.367243e+01  4.320483e-02  1.367243e+01  4.320483e-02 
   82863137   2.492287e+00   1.329050e-01   2.492287e+00   1.329050e-01 223200608170128190       6162       1414     0 2453964.564086  1.400850e+01  5.789873e-02  1.400850e+01  5.789873e-02 
   82863193   3.192962e+00   1.353680e-01   3.192962e+00   1.353680e-01 224200608170129150      25485       1109     0 2453964.564734  1.373952e+01  4.603077e-02  1.373952e+01  4.603077e-02 
   82863193   2.251345e+00   1.318775e-01   2.251345e+00   1.318775e-01 223200608170129150       6163       1411     0 2453964.564734  1.411889e+01  6.359961e-02  1.411889e+01  6.359961e-02 
   82863253   3.476399e+00   1.362726e-01   3.476399e+00   1.362726e-01 224200608170130160      25484       1110     0 2453964.565428  1.364718e+01  4.256031e-02  1.364718e+01  4.256031e-02 
   82863253   2.475232e+00   1.319793e-01   2.475232e+00   1.319793e-01 223200608170130160       6163       1409     0 2453964.565428  1.401596e+01  5.789161e-02  1.401596e+01  5.789161e-02 
   82949242   3.391861e+00   1.095951e-01   3.391861e+00   1.095951e-01 224200608180123250      25557       1057     0 2453965.560671  1.367390e+01  3.508154e-02  1.367390e+01  3.508154e-02 
   82949242   2.152349e+00   1.019588e-01   2.152349e+00   1.019588e-01 223200608180123250       6158       1393     0 2453965.560671  1.416772e+01  5.143252e-02  1.416772e+01  5.143252e-02 
   82949304   3.470317e+00   1.087958e-01   3.470317e+00   1.087958e-01 224200608180124270      25552       1058     0 2453965.561389  1.364908e+01  3.403836e-02  1.364908e+01  3.403836e-02 
   82949304   2.193836e+00   1.025685e-01   2.193836e+00   1.025685e-01 223200608180124270       6161       1392     0 2453965.561389  1.414699e+01  5.076166e-02  1.414699e+01  5.076166e-02 
   82949367   3.373036e+00   1.093774e-01   3.373036e+00   1.093774e-01 224200608180125310      25551       1060     0 2453965.562118  1.367995e+01  3.520727e-02  1.367995e+01  3.520727e-02 
   82949367   2.195073e+00   1.024047e-01   2.195073e+00   1.024047e-01 223200608180125310       6160       1388     0 2453965.562118  1.414638e+01  5.065202e-02  1.414638e+01  5.065202e-02 
   82949458   2.364980e+00   1.039323e-01   2.364980e+00   1.039323e-01 223200608180127020       6157       1407     0 2453965.563171  1.406543e+01  4.771436e-02  1.406543e+01  4.771436e-02 
   83724668   3.407204e+00   1.088110e-01   3.407204e+00   1.088110e-01 224200608270047250      25533       1094     0 2453974.535509  1.366900e+01  3.467374e-02  1.366900e+01  3.467374e-02 
   83724668   2.372640e+00   1.029034e-01   2.372640e+00   1.029034e-01 223200608270047250       6138       1443     0 2453974.535509  1.406192e+01  4.708947e-02  1.406192e+01  4.708947e-02 
   83724732   3.227903e+00   1.083411e-01   3.227903e+00   1.083411e-01 224200608270048280      25527       1117     0 2453974.536250  1.372770e+01  3.644170e-02  1.372770e+01  3.644170e-02 
   83724732   2.310295e+00   1.016788e-01   2.310295e+00   1.016788e-01 223200608270048280       6141       1410     0 2453974.536250  1.409083e+01  4.778473e-02  1.409083e+01  4.778473e-02 
   83724807   3.377675e+00   1.081278e-01   3.377675e+00   1.081278e-01 224200608270049440      25529       1096     0 2453974.537118  1.367846e+01  3.475723e-02  1.367846e+01  3.475723e-02 
   83724807   2.232443e+00   1.021403e-01   2.232443e+00   1.021403e-01 223200608270049440       6138       1431     0 2453974.537118  1.412805e+01  4.967555e-02  1.412805e+01  4.967555e-02 
   83724869   3.377155e+00   1.075508e-01   3.377155e+00   1.075508e-01 224200608270050460      25525       1120     0 2453974.537836  1.367862e+01  3.457711e-02  1.367862e+01  3.457711e-02 
   83724869   2.321922e+00   1.016687e-01   2.321922e+00   1.016687e-01 223200608270050460       6141       1403     0 2453974.537836  1.408538e+01  4.754069e-02  1.408538e+01  4.754069e-02 
   83810834   3.529015e+00   1.037335e-01   3.529015e+00   1.037335e-01 224200608280043330      25530       1098     0 2453975.532801  1.363087e+01  3.191473e-02  1.363087e+01  3.191473e-02 
   83810834   2.201412e+00   9.780289e-02   2.201412e+00   9.780289e-02 223200608280043330       6143       1433     0 2453975.532801  1.414325e+01  4.823654e-02  1.414325e+01  4.823654e-02 
   83810886   3.475763e+00   1.036667e-01   3.475763e+00   1.036667e-01 224200608280044250      25527       1099     0 2453975.533403  1.364738e+01  3.238284e-02  1.364738e+01  3.238284e-02 
   83810886   2.111745e+00   9.724104e-02   2.111745e+00   9.724104e-02 223200608280044250       6144       1430     0 2453975.533403  1.418840e+01  4.999584e-02  1.418840e+01  4.999584e-02 
   83810957   2.147636e+00   9.598352e-02   2.147636e+00   9.598352e-02 223200608280045350       6143       1426     0 2453975.534225  1.417010e+01  4.852458e-02  1.417010e+01  4.852458e-02 
   83811014   3.524228e+00   1.032397e-01   3.524228e+00   1.032397e-01 224200608280046320      25526       1102     0 2453975.534884  1.363234e+01  3.180596e-02  1.363234e+01  3.180596e-02 
   83811014   2.242985e+00   9.677336e-02   2.242985e+00   9.677336e-02 223200608280046320       6143       1423     0 2453975.534884  1.412293e+01  4.684413e-02  1.412293e+01  4.684413e-02 
   84328667   3.676149e+00   2.734910e-01   3.676149e+00   2.734910e-01 224200609030034170      25533       1159     0 2453981.526238  1.358652e+01  8.077476e-02  1.358652e+01  8.077476e-02 
   84328667   3.699592e+00   2.760969e-01   3.699592e+00   2.760969e-01 223200609030034170       6133       1362     0 2453981.526238  1.357962e+01  8.102772e-02  1.357962e+01  8.102772e-02 
   84328739   3.629291e+00   2.700920e-01   3.629291e+00   2.700920e-01 224200609030035290      25536       1137     0 2453981.527072  1.360045e+01  8.080082e-02  1.360045e+01  8.080082e-02 
   84328739   2.681700e+00   2.797694e-01   2.681700e+00   2.797694e-01 223200609030035280       6129       1382     0 2453981.527072  1.392898e+01  1.132703e-01  1.392898e+01  1.132703e-01 
   84328806   3.735824e+00   2.849827e-01   3.735824e+00   2.849827e-01 224200609030036350      25534       1160     0 2453981.527847  1.356903e+01  8.282433e-02  1.356903e+01  8.282433e-02 
   84328806   3.068019e+00   2.927392e-01   3.068019e+00   2.927392e-01 223200609030036350       6129       1348     0 2453981.527847  1.378286e+01  1.035974e-01  1.378286e+01  1.035974e-01 
   84328863   3.307393e+00   2.887276e-01   3.307393e+00   2.887276e-01 224200609030037320      25532       1160     0 2453981.528507  1.370129e+01  9.478252e-02  1.370129e+01  9.478252e-02 
   84328863   3.135243e+00   2.823854e-01   3.135243e+00   2.823854e-01 223200609030037320       6130       1347     0 2453981.528507  1.375932e+01  9.779055e-02  1.375932e+01  9.779055e-02 
   84500173   3.821034e+00   4.054869e-01   3.821034e+00   4.054869e-01 224200609050012480      25533       1108     0 2453983.511262  1.354455e+01  1.152184e-01  1.354455e+01  1.152184e-01 
   84500173   2.992746e+00   4.332711e-01   2.992746e+00   4.332711e-01 223200609050012480       6140       1427     0 2453983.511262  1.380982e+01  1.571867e-01  1.380982e+01  1.571867e-01 
   84500233   3.161472e+00   4.069018e-01   3.161472e+00   4.069018e-01 224200609050013480      25529       1108     0 2453983.511956  1.375028e+01  1.397417e-01  1.375028e+01  1.397417e-01 
   84500233   2.720189e+00   4.282051e-01   2.720189e+00   4.282051e-01 223200609050013480       6142       1424     0 2453983.511956  1.391350e+01  1.709144e-01  1.391350e+01  1.709144e-01 
   84500295   3.959208e+00   4.062416e-01   3.959208e+00   4.062416e-01 224200609050014500      25526       1110     0 2453983.512674  1.350598e+01  1.114043e-01  1.350598e+01  1.114043e-01 
   84500295   3.239538e+00   4.304270e-01   3.239538e+00   4.304270e-01 223200609050014500       6142       1420     0 2453983.512674  1.372379e+01  1.442588e-01  1.372379e+01  1.442588e-01 
   84500373   2.795810e+00   4.329622e-01   2.795810e+00   4.329622e-01 223200609050016080       6138       1441     0 2453983.513576  1.388373e+01  1.681389e-01  1.388373e+01  1.681389e-01 
   84844847   3.797023e+00   5.620018e-01   3.797023e+00   5.620018e-01 224200609082357310      25534       1078     0 2453987.500544  1.355139e+01  1.607016e-01  1.355139e+01  1.607016e-01 
   84844847   3.996815e+00   6.055152e-01   3.996815e+00   6.055152e-01 223200609082357310       6151       1436     0 2453987.500544  1.349572e+01  1.644890e-01  1.349572e+01  1.644890e-01 
   84844903   3.470576e+00   6.016388e-01   3.470576e+00   6.016388e-01 223200609082358260       6152       1431     0 2453987.501192  1.364900e+01  1.882176e-01  1.364900e+01  1.882176e-01 
   84844904   4.568365e+00   5.649870e-01   4.568365e+00   5.649870e-01 224200609082358270      25532       1081     0 2453987.501204  1.335060e+01  1.342776e-01  1.335060e+01  1.342776e-01 
   84844960   3.704295e+00   5.621173e-01   3.704295e+00   5.621173e-01 224200609082359230      25532       1082     0 2453987.501852  1.357824e+01  1.647583e-01  1.357824e+01  1.647583e-01 
   84844960   3.803503e+00   6.018059e-01   3.803503e+00   6.018059e-01 223200609082359230       6151       1428     0 2453987.501852  1.354954e+01  1.717903e-01  1.354954e+01  1.717903e-01 
   84845022   3.777538e+00   5.606026e-01   3.777538e+00   5.606026e-01 224200609090000260      25531       1083     0 2453987.502569  1.355698e+01  1.611284e-01  1.355698e+01  1.611284e-01 
   84845022   4.217449e+00   6.020564e-01   4.217449e+00   6.020564e-01 223200609090000260       6151       1426     0 2453987.502569  1.343738e+01  1.549934e-01  1.343738e+01  1.549934e-01 
   85017147   3.042290e+00   3.059466e-01   3.042290e+00   3.059466e-01 224200609102349160      25544       1124     0 2453989.494757  1.379200e+01  1.091870e-01  1.379200e+01  1.091870e-01 
   85017147   2.756269e+00   3.245555e-01   2.756269e+00   3.245555e-01 223200609102349160       6126       1388     0 2453989.494757  1.389920e+01  1.278478e-01  1.389920e+01  1.278478e-01 
   85017214   3.112744e+00   3.943345e-01   3.112744e+00   3.943345e-01 224200609102350220      25542       1124     0 2453989.495532  1.376714e+01  1.375458e-01  1.376714e+01  1.375458e-01 
   85017214   2.756016e+00   4.166661e-01   2.756016e+00   4.166661e-01 223200609102350220       6128       1385     0 2453989.495532  1.389930e+01  1.641467e-01  1.389930e+01  1.641467e-01 
   85017273   3.338111e+00   3.720633e-01   3.338111e+00   3.720633e-01 223200609102351210       6128       1383     0 2453989.496215  1.369125e+01  1.210158e-01  1.369125e+01  1.210158e-01 
   85017331   3.073990e+00   3.504143e-01   3.073990e+00   3.504143e-01 224200609102352200      25540       1126     0 2453989.496887  1.378074e+01  1.237671e-01  1.378074e+01  1.237671e-01 
   85017331   3.201536e+00   3.729327e-01   3.201536e+00   3.729327e-01 223200609102352200       6126       1376     0 2453989.496887  1.373660e+01  1.264730e-01  1.373660e+01  1.264730e-01 
   85361739   3.391903e+00   1.062690e-01   3.391903e+00   1.062690e-01 224200609142332380      25518       1106     0 2453993.483090  1.367389e+01  3.401646e-02  1.367389e+01  3.401646e-02 
   85361739   2.389345e+00   9.990925e-02   2.389345e+00   9.990925e-02 223200609142332380       6129       1342     0 2453993.483090  1.405430e+01  4.539967e-02  1.405430e+01  4.539967e-02 
   85361792   3.508691e+00   1.080716e-01   3.508691e+00   1.080716e-01 224200609142333310      25514       1106     0 2453993.483704  1.363714e+01  3.344201e-02  1.363714e+01  3.344201e-02 
   85361796   2.143077e+00   9.949402e-02   2.143077e+00   9.949402e-02 223200609142333360       6130       1339     0 2453993.483750  1.417241e+01  5.040633e-02  1.417241e+01  5.040633e-02 
   85361857   3.427173e+00   1.080395e-01   3.427173e+00   1.080395e-01 224200609142334370      25512       1108     0 2453993.484456  1.366266e+01  3.422728e-02  1.366266e+01  3.422728e-02 
   85361857   2.225724e+00   1.005636e-01   2.225724e+00   1.005636e-01 223200609142334370       6131       1336     0 2453993.484456  1.413132e+01  4.905637e-02  1.413132e+01  4.905637e-02 
   85361932   3.401513e+00   1.075519e-01   3.401513e+00   1.075519e-01 224200609142335520      25514       1085     0 2453993.485324  1.367082e+01  3.432983e-02  1.367082e+01  3.432983e-02 
   85361932   2.329996e+00   9.940016e-02   2.329996e+00   9.940016e-02 223200609142335520       6127       1356     0 2453993.485324  1.408161e+01  4.631886e-02  1.408161e+01  4.631886e-02 
   85620637   3.379477e+00   1.229263e-01   3.379477e+00   1.229263e-01 224200609172327440      25547       1069     0 2453996.479595  1.367788e+01  3.949309e-02  1.367788e+01  3.949309e-02 
   85620637   2.226880e+00   1.129822e-01   2.226880e+00   1.129822e-01 223200609172327440       6099       1347     0 2453996.479595  1.413076e+01  5.508575e-02  1.413076e+01  5.508575e-02 
   85620696   3.440785e+00   1.241660e-01   3.440785e+00   1.241660e-01 224200609172328430      25545       1070     0 2453996.480278  1.365836e+01  3.918059e-02  1.365836e+01  3.918059e-02 
   85620696   2.195175e+00   1.124281e-01   2.195175e+00   1.124281e-01 223200609172328430       6100       1344     0 2453996.480278  1.414633e+01  5.560726e-02  1.414633e+01  5.560726e-02 
   85620759   3.295992e+00   1.243497e-01   3.295992e+00   1.243497e-01 224200609172329460      25544       1072     0 2453996.481007  1.370503e+01  4.096231e-02  1.370503e+01  4.096231e-02 
   85620759   2.327718e+00   1.135938e-01   2.327718e+00   1.135938e-01 223200609172329460       6100       1341     0 2453996.481007  1.408267e+01  5.298463e-02  1.408267e+01  5.298463e-02 
   85620813   3.272340e+00   1.251595e-01   3.272340e+00   1.251595e-01 224200609172330410      25543       1074     0 2453996.481632  1.371285e+01  4.152708e-02  1.371285e+01  4.152708e-02 
   85620813   2.261114e+00   1.144176e-01   2.261114e+00   1.144176e-01 223200609172330410       6100       1338     0 2453996.481632  1.411419e+01  5.494095e-02  1.411419e+01  5.494095e-02 
   85706433   3.070723e+00   1.210450e-01   3.070723e+00   1.210450e-01 224200609182317440      25547       1025     0 2453997.472604  1.378190e+01  4.279883e-02  1.378190e+01  4.279883e-02 
   85706433   2.173111e+00   1.103993e-01   2.173111e+00   1.103993e-01 223200609182317440       6103       1321     0 2453997.472604  1.415730e+01  5.515822e-02  1.415730e+01  5.515822e-02 
   85706496   3.300370e+00   1.227184e-01   3.300370e+00   1.227184e-01 224200609182318460      25540       1048     0 2453997.473333  1.370359e+01  4.037132e-02  1.370359e+01  4.037132e-02 
   85706496   2.058880e+00   1.102006e-01   2.058880e+00   1.102006e-01 223200609182318460       6107       1298     0 2453997.473333  1.421592e+01  5.811372e-02  1.421592e+01  5.811372e-02 
   85706551   3.179585e+00   1.210910e-01   3.179585e+00   1.210910e-01 224200609182319420      25537       1051     0 2453997.473970  1.374407e+01  4.134922e-02  1.374407e+01  4.134922e-02 
   85706551   2.224034e+00   1.088681e-01   2.224034e+00   1.088681e-01 223200609182319410       6107       1296     0 2453997.473970  1.413215e+01  5.314777e-02  1.413215e+01  5.314777e-02 
   85706628   3.300930e+00   1.224838e-01   3.300930e+00   1.224838e-01 224200609182320580      25541       1030     0 2453997.474861  1.370341e+01  4.028729e-02  1.370341e+01  4.028729e-02 
   85706628   2.251463e+00   1.099963e-01   2.251463e+00   1.099963e-01 223200609182320580       6104       1318     0 2453997.474861  1.411884e+01  5.304433e-02  1.411884e+01  5.304433e-02 
   85878747   3.337503e+00   1.154506e-01   3.337503e+00   1.154506e-01 224200609202309430      25522       1070     0 2453999.466979  1.369145e+01  3.755783e-02  1.369145e+01  3.755783e-02 
   85878747   2.230326e+00   1.108126e-01   2.230326e+00   1.108126e-01 223200609202309430       6104       1374     0 2453999.466979  1.412908e+01  5.394443e-02  1.412908e+01  5.394443e-02 
   85878804   3.476137e+00   1.165948e-01   3.476137e+00   1.165948e-01 224200609202310410      25516       1072     0 2453999.467639  1.364726e+01  3.641732e-02  1.364726e+01  3.641732e-02 
   85878804   2.183070e+00   1.109682e-01   2.183070e+00   1.109682e-01 223200609202310400       6107       1371     0 2453999.467639  1.415233e+01  5.518954e-02  1.415233e+01  5.518954e-02 
   85878865   3.371739e+00   1.176460e-01   3.371739e+00   1.176460e-01 224200609202311410      25512       1074     0 2453999.468345  1.368036e+01  3.788341e-02  1.368036e+01  3.788341e-02 
   85878865   2.298141e+00   1.115559e-01   2.298141e+00   1.115559e-01 223200609202311410       6107       1368     0 2453999.468345  1.409656e+01  5.270376e-02  1.409656e+01  5.270376e-02 
   85878925   3.371617e+00   1.184668e-01   3.371617e+00   1.184668e-01 224200609202312420      25511       1077     0 2453999.469039  1.368040e+01  3.814910e-02  1.368040e+01  3.814910e-02 
   85878925   2.385771e+00   1.127592e-01   2.385771e+00   1.127592e-01 223200609202312420       6108       1365     0 2453999.469039  1.405593e+01  5.131558e-02  1.405593e+01  5.131558e-02 
   85964870   3.556474e+00   1.130932e-01   3.556474e+00   1.130932e-01 224200609212305090      25515       1091     0 2454000.463773  1.362245e+01  3.452572e-02  1.362245e+01  3.452572e-02 
   85964870   2.364160e+00   1.032041e-01   2.364160e+00   1.032041e-01 223200609212305090       6119       1368     0 2454000.463773  1.406581e+01  4.739645e-02  1.406581e+01  4.739645e-02 
   85965023   3.518615e+00   1.129851e-01   3.518615e+00   1.129851e-01 224200609212307420      25510       1093     0 2454000.465544  1.363407e+01  3.486384e-02  1.363407e+01  3.486384e-02 
   85965023   2.155217e+00   1.021247e-01   2.155217e+00   1.021247e-01 223200609212307420       6121       1361     0 2454000.465544  1.416627e+01  5.144764e-02  1.416627e+01  5.144764e-02 
   85965086   3.641151e+00   1.132401e-01   3.641151e+00   1.132401e-01 224200609212308460      25508       1095     0 2454000.466273  1.359690e+01  3.376661e-02  1.359690e+01  3.376661e-02 
   85965086   2.272354e+00   1.022436e-01   2.272354e+00   1.022436e-01 223200609212308460       6122       1358     0 2454000.466273  1.410881e+01  4.885241e-02  1.410881e+01  4.885241e-02 
   85965142   3.515855e+00   1.127357e-01   3.515855e+00   1.127357e-01 224200609212309410      25507       1097     0 2454000.466921  1.363492e+01  3.481419e-02  1.363492e+01  3.481419e-02 
   85965142   2.451670e+00   1.029408e-01   2.451670e+00   1.029408e-01 223200609212309410       6122       1356     0 2454000.466921  1.402635e+01  4.558810e-02  1.402635e+01  4.558810e-02 
   86404983   3.733953e+00   1.107905e-01   3.733953e+00   1.107905e-01 224200609270120390      25617       1309     0 2454005.557674  1.356958e+01  3.221512e-02  1.356958e+01  3.221512e-02 
   86404983   2.444399e+00   1.067320e-01   2.444399e+00   1.067320e-01 223200609270120390       5984       1014     0 2454005.557674  1.402957e+01  4.740766e-02  1.402957e+01  4.740766e-02 
   86405042   3.630508e+00   1.122908e-01   3.630508e+00   1.122908e-01 224200609270121390      25613       1333     0 2454005.558356  1.360008e+01  3.358168e-02  1.360008e+01  3.358168e-02 
   86405044   2.513335e+00   1.069933e-01   2.513335e+00   1.069933e-01 223200609270121400       5987        988     0 2454005.558380  1.399937e+01  4.622024e-02  1.399937e+01  4.622024e-02 
   86405112   3.628724e+00   1.123979e-01   3.628724e+00   1.123979e-01 224200609270122490      25613       1332     0 2454005.559167  1.360062e+01  3.363026e-02  1.360062e+01  3.363026e-02 
   86405112   2.324448e+00   1.071189e-01   2.324448e+00   1.071189e-01 223200609270122490       5986        985     0 2454005.559167  1.408420e+01  5.003477e-02  1.408420e+01  5.003477e-02 
   86405171   3.654983e+00   1.126636e-01   3.654983e+00   1.126636e-01 224200609270123480      25613       1332     0 2454005.559850  1.359279e+01  3.346756e-02  1.359279e+01  3.346756e-02 
   86405173   2.485964e+00   1.081032e-01   2.485964e+00   1.081032e-01 223200609270123490       5985        984     0 2454005.559873  1.401126e+01  4.721387e-02  1.401126e+01  4.721387e-02 
   87688155   2.406095e+00   8.798528e-02   2.406095e+00   8.798528e-02 223200610112147440       5781       1173     0 2454020.409201  1.404672e+01  3.970298e-02  1.404672e+01  3.970298e-02 
   87688229   2.418829e+00   8.819538e-02   2.418829e+00   8.819538e-02 223200610112148580       5784       1145     0 2454020.410058  1.404099e+01  3.958827e-02  1.404099e+01  3.958827e-02 
   87688283   2.278129e+00   8.748830e-02   2.278129e+00   8.748830e-02 223200610112149520       5784       1142     0 2454020.410683  1.410605e+01  4.169630e-02  1.410605e+01  4.169630e-02 
   87860500   2.521483e+00   9.844421e-02   2.521483e+00   9.844421e-02 223200610132140170       5744       1195     0 2454022.403935  1.399586e+01  4.238967e-02  1.399586e+01  4.238967e-02 
   87860567   2.468247e+00   9.858296e-02   2.468247e+00   9.858296e-02 223200610132141240       5744       1191     0 2454022.404711  1.401903e+01  4.336497e-02  1.401903e+01  4.336497e-02 
   87860623   2.542467e+00   9.762912e-02   2.542467e+00   9.762912e-02 223200610132142200       5744       1188     0 2454022.405359  1.398686e+01  4.169172e-02  1.398686e+01  4.169172e-02 
   87860683   2.442925e+00   9.633663e-02   2.442925e+00   9.633663e-02 223200610132143190       5743       1186     0 2454022.406053  1.403022e+01  4.281611e-02  1.403022e+01  4.281611e-02 
   88033113   2.615426e+00   9.458780e-02   2.615426e+00   9.458780e-02 223200610152137170       5740       1225     0 2454024.401771  1.395614e+01  3.926617e-02  1.395614e+01  3.926617e-02 
   88033174   2.683488e+00   9.446852e-02   2.683488e+00   9.446852e-02 223200610152138180       5740       1220     0 2454024.402477  1.392825e+01  3.822199e-02  1.392825e+01  3.822199e-02 
   88033229   2.491279e+00   9.305743e-02   2.491279e+00   9.305743e-02 223200610152139130       5738       1216     0 2454024.403113  1.400894e+01  4.055595e-02  1.400894e+01  4.055595e-02 
   88033288   2.391090e+00   9.310780e-02   2.391090e+00   9.310780e-02 223200610152140120       5738       1212     0 2454024.403796  1.405351e+01  4.227815e-02  1.405351e+01  4.227815e-02 
   88377435   2.480610e+00   9.597997e-02   2.480610e+00   9.597997e-02 223200610192116140       5724       1240     0 2454028.386979  1.401360e+01  4.200954e-02  1.401360e+01  4.200954e-02 
   88377487   2.476991e+00   9.704133e-02   2.476991e+00   9.704133e-02 223200610192117070       5724       1237     0 2454028.387581  1.401519e+01  4.253615e-02  1.401519e+01  4.253615e-02 
   88377572   2.312181e+00   9.676028e-02   2.312181e+00   9.676028e-02 223200610192118310       5719       1258     0 2454028.388565  1.408995e+01  4.543611e-02  1.408995e+01  4.543611e-02 
   88377634   2.406399e+00   9.671231e-02   2.406399e+00   9.671231e-02 223200610192119340       5719       1254     0 2454028.389282  1.404658e+01  4.363550e-02  1.404658e+01  4.363550e-02 
   88463600   2.507995e+00   9.468811e-02   2.507995e+00   9.468811e-02 223200610202112230       5748       1196     0 2454029.384259  1.400168e+01  4.099158e-02  1.400168e+01  4.099158e-02 
   88463672   2.428798e+00   9.471224e-02   2.428798e+00   9.471224e-02 223200610202113350       5745       1191     0 2454029.385093  1.403652e+01  4.233900e-02  1.403652e+01  4.233900e-02 
   88463735   2.466601e+00   9.437732e-02   2.466601e+00   9.437732e-02 223200610202114380       5745       1189     0 2454029.385822  1.401975e+01  4.154269e-02  1.401975e+01  4.154269e-02 
   88463794   2.584819e+00   9.399939e-02   2.584819e+00   9.399939e-02 223200610202115380       5744       1186     0 2454029.386505  1.396892e+01  3.948396e-02  1.396892e+01  3.948396e-02 
   88551548   2.524391e+00   1.013783e-01   2.524391e+00   1.013783e-01 223200610212138150       5743       1135     0 2454030.402176  1.399461e+01  4.360279e-02  1.399461e+01  4.360279e-02 
   88551680   2.642313e+00   1.032188e-01   2.642313e+00   1.032188e-01 223200610212140270       5739       1125     0 2454030.403704  1.394504e+01  4.241313e-02  1.394504e+01  4.241313e-02 
   88551752   2.569920e+00   1.035172e-01   2.569920e+00   1.035172e-01 223200610212141400       5734       1145     0 2454030.404537  1.397520e+01  4.373396e-02  1.397520e+01  4.373396e-02 
   88637683   2.961026e+00   1.401309e+00   2.961026e+00   1.401309e+00 223200610222133550       5740       1148     0 2454031.399109  1.382139e+01  5.138278e-01  1.382139e+01  5.138278e-01 
   88637820   2.236571e+00   2.210960e+00   2.236571e+00   2.210960e+00 223200610222136110       5736       1165     0 2454031.400694  1.412604e+01  1.073307e+00  1.412604e+01  1.073307e+00 
   88640071   3.488027e+00   2.151664e+00   3.488027e+00   2.151664e+00 223200610222213430       5733       1042     0 2454031.426748  1.364355e+01  6.697618e-01  1.364355e+01  6.697618e-01 
   88722101   2.627383e+00   9.755892e-02   2.627383e+00   9.755892e-02 223200610232100550       5731       1226     0 2454032.376169  1.395119e+01  4.031525e-02  1.395119e+01  4.031525e-02 
   88722155   2.458798e+00   9.725197e-02   2.458798e+00   9.725197e-02 223200610232101500       5732       1223     0 2454032.376794  1.402319e+01  4.294389e-02  1.402319e+01  4.294389e-02 
   88722217   2.294390e+00   9.650633e-02   2.294390e+00   9.650633e-02 223200610232102520       5731       1221     0 2454032.377512  1.409833e+01  4.566824e-02  1.409833e+01  4.566824e-02 
   88722284   2.521171e+00   9.711958e-02   2.521171e+00   9.711958e-02 223200610232103590       5732       1218     0 2454032.378287  1.399599e+01  4.182446e-02  1.399599e+01  4.182446e-02 
   88980546   2.295917e+00   1.089667e-01   2.295917e+00   1.089667e-01 223200610262048320       5732       1284     0 2454035.367431  1.409761e+01  5.153038e-02  1.409761e+01  5.153038e-02 
   88980600   2.510154e+00   1.088456e-01   2.510154e+00   1.088456e-01 223200610262049260       5732       1281     0 2454035.368056  1.400075e+01  4.707997e-02  1.400075e+01  4.707997e-02 
   88980660   2.410062e+00   1.083356e-01   2.410062e+00   1.083356e-01 223200610262050270       5733       1278     0 2454035.368750  1.404493e+01  4.880551e-02  1.404493e+01  4.880551e-02 
   88980724   2.344237e+00   1.080562e-01   2.344237e+00   1.080562e-01 223200610262051300       5728       1269     0 2454035.369491  1.407500e+01  5.004653e-02  1.407500e+01  5.004653e-02 
   89066662   2.751319e+00   1.209105e-01   2.751319e+00   1.209105e-01 223200610272043520       5753       1256     0 2454036.364144  1.390115e+01  4.771434e-02  1.390115e+01  4.771434e-02 
   89066725   2.690105e+00   1.215671e-01   2.690105e+00   1.215671e-01 223200610272044550       5752       1253     0 2454036.364873  1.392558e+01  4.906511e-02  1.392558e+01  4.906511e-02 
   89066781   2.821826e+00   1.223600e-01   2.821826e+00   1.223600e-01 223200610272045520       5752       1249     0 2454036.365521  1.387367e+01  4.707985e-02  1.387367e+01  4.707985e-02 
   89066846   2.721119e+00   1.223280e-01   2.721119e+00   1.223280e-01 223200610272046560       5751       1247     0 2454036.366273  1.391313e+01  4.880947e-02  1.391313e+01  4.880947e-02 
   89152860   3.556106e+00   1.961045e-01   3.556106e+00   1.961045e-01 223200610282040350       5737       1268     0 2454037.361806  1.362256e+01  5.987407e-02  1.362256e+01  5.987407e-02 
   89152933   2.927869e+00   1.840610e-01   2.927869e+00   1.840610e-01 223200610282041480       5739       1237     0 2454037.362650  1.383362e+01  6.825524e-02  1.383362e+01  6.825524e-02 
   89152994   3.102524e+00   1.563777e-01   3.102524e+00   1.563777e-01 223200610282042490       5738       1234     0 2454037.363356  1.377071e+01  5.472498e-02  1.377071e+01  5.472498e-02 
   89238981   3.016961e+00   1.640115e-01   3.016961e+00   1.640115e-01 223200610292035590       5730       1227     0 2454038.358576  1.380108e+01  5.902427e-02  1.380108e+01  5.902427e-02 
   89239036   2.996253e+00   1.649209e-01   2.996253e+00   1.649209e-01 223200610292036550       5731       1224     0 2454038.359213  1.380855e+01  5.976172e-02  1.380855e+01  5.976172e-02 
   89239083   2.985577e+00   1.621213e-01   2.985577e+00   1.621213e-01 223200610292037410       5730       1216     0 2454038.359757  1.381243e+01  5.895733e-02  1.381243e+01  5.895733e-02 
   89239161   2.777450e+00   1.616631e-01   2.777450e+00   1.616631e-01 223200610292038590       5730       1214     0 2454038.360660  1.389088e+01  6.319614e-02  1.389088e+01  6.319614e-02 
   89411357   3.475355e+00   2.597394e-01   3.475355e+00   2.597394e-01 223200610312029020       5724       1228     0 2454040.353669  1.364750e+01  8.114550e-02  1.364750e+01  8.114550e-02 
   89411430   3.306845e+00   2.586639e-01   3.306845e+00   2.586639e-01 223200610312030160       5720       1246     0 2454040.354514  1.370147e+01  8.492739e-02  1.370147e+01  8.492739e-02 
   89411500   3.302650e+00   2.618646e-01   3.302650e+00   2.618646e-01 223200610312031250       5723       1216     0 2454040.355324  1.370284e+01  8.608751e-02  1.370284e+01  8.608751e-02 
   89411557   3.171715e+00   2.612347e-01   3.171715e+00   2.612347e-01 223200610312032230       5723       1212     0 2454040.355984  1.374676e+01  8.942573e-02  1.374676e+01  8.942573e-02 
   89506216   3.131290e+00   2.659509e-01   3.131290e+00   2.659509e-01 223200611012250050       5653        849     0 2454041.451574  1.376069e+01  9.221552e-02  1.376069e+01  9.221552e-02 
   89506289   2.923517e+00   2.687449e-01   2.923517e+00   2.687449e-01 223200611012251190       5655        820     0 2454041.452419  1.383524e+01  9.980687e-02  1.383524e+01  9.980687e-02 
   89506346   3.319180e+00   2.690569e-01   3.319180e+00   2.690569e-01 223200611012252160       5655        817     0 2454041.453079  1.369742e+01  8.801143e-02  1.369742e+01  8.801143e-02 
   89506408   3.385755e+00   2.701139e-01   3.385755e+00   2.701139e-01 223200611012253170       5654        815     0 2454041.453796  1.367586e+01  8.661984e-02  1.367586e+01  8.661984e-02 
   89842117   3.254674e+00   3.802512e-01   3.254674e+00   3.802512e-01 223200611052008420       5735       1230     0 2454045.339317  1.371873e+01  1.268495e-01  1.371873e+01  1.268495e-01 
   89842175   3.521894e+00   3.815859e-01   3.521894e+00   3.815859e-01 223200611052009400       5735       1226     0 2454045.339988  1.363306e+01  1.176364e-01  1.363306e+01  1.176364e-01 
   89842248   3.635988e+00   3.818913e-01   3.635988e+00   3.818913e-01 223200611052010530       5735       1222     0 2454045.340833  1.359844e+01  1.140363e-01  1.359844e+01  1.140363e-01 
   89842307   3.099483e+00   3.829124e-01   3.099483e+00   3.829124e-01 223200611052011520       5735       1220     0 2454045.341516  1.377178e+01  1.341331e-01  1.377178e+01  1.341331e-01 
   89928301   3.164964e+00   2.910680e-01   3.164964e+00   2.910680e-01 223200611062005110       5738       1247     0 2454046.336817  1.374908e+01  9.985081e-02  1.374908e+01  9.985081e-02 
   89928370   3.053652e+00   2.923771e-01   3.053652e+00   2.923771e-01 223200611062006190       5738       1243     0 2454046.337616  1.378795e+01  1.039560e-01  1.378795e+01  1.039560e-01 
   89928424   2.673151e+00   2.925574e-01   2.673151e+00   2.925574e-01 223200611062007140       5739       1240     0 2454046.338241  1.393244e+01  1.188265e-01  1.393244e+01  1.188265e-01 
   90014489   2.674086e+00   1.956506e-01   2.674086e+00   1.956506e-01 223200611072001430       5746       1255     0 2454047.334363  1.393206e+01  7.943859e-02  1.393206e+01  7.943859e-02 
   90014543   3.015542e+00   1.774046e-01   3.015542e+00   1.774046e-01 223200611072002370       5746       1251     0 2454047.334988  1.380159e+01  6.387418e-02  1.380159e+01  6.387418e-02 
   90014632   3.045854e+00   1.735545e-01   3.045854e+00   1.735545e-01 223200611072004050       5742       1272     0 2454047.336019  1.379073e+01  6.186609e-02  1.379073e+01  6.186609e-02 
   90014694   3.206175e+00   1.775002e-01   3.206175e+00   1.775002e-01 223200611072005080       5741       1268     0 2454047.336736  1.373503e+01  6.010872e-02  1.373503e+01  6.010872e-02 
   90272978   2.520692e+00   1.069835e-01   2.520692e+00   1.069835e-01 223200611101950030       5742       1238     0 2454050.326134  1.399620e+01  4.608110e-02  1.399620e+01  4.608110e-02 
   90273032   2.502616e+00   1.060432e-01   2.502616e+00   1.060432e-01 223200611101950570       5742       1235     0 2454050.326759  1.400401e+01  4.600599e-02  1.400401e+01  4.600599e-02 
   90273080   2.480856e+00   1.080035e-01   2.480856e+00   1.080035e-01 223200611101951450       5741       1231     0 2454050.327315  1.401350e+01  4.726745e-02  1.401350e+01  4.726745e-02 
   90273145   2.499698e+00   1.057492e-01   2.499698e+00   1.057492e-01 223200611101952500       5740       1229     0 2454050.328067  1.400528e+01  4.593201e-02  1.400528e+01  4.593201e-02 
   90617594   2.506041e+00   1.009800e-01   2.506041e+00   1.009800e-01 223200611141933540       5732       1263     0 2454054.314745  1.400253e+01  4.374951e-02  1.400253e+01  4.374951e-02 
   90617656   2.462535e+00   1.012755e-01   2.462535e+00   1.012755e-01 223200611141934560       5732       1259     0 2454054.315463  1.402154e+01  4.465270e-02  1.402154e+01  4.465270e-02 
   90617716   2.586819e+00   1.015926e-01   2.586819e+00   1.015926e-01 223200611141935570       5737       1231     0 2454054.316157  1.396809e+01  4.264046e-02  1.396809e+01  4.264046e-02 
   90617767   2.568076e+00   1.017127e-01   2.568076e+00   1.017127e-01 223200611141936470       5736       1229     0 2454054.316748  1.397598e+01  4.300247e-02  1.397598e+01  4.300247e-02 
   93120139   3.600791e+00   2.282969e-01   3.600791e+00   2.282969e-01 223200612131844400       6405       1071     0 2454083.279387  1.360900e+01  6.883793e-02  1.360900e+01  6.883793e-02 
   93120198   3.307638e+00   2.138075e-01   3.307638e+00   2.138075e-01 223200612131845380       6406       1070     0 2454083.280069  1.370121e+01  7.018282e-02  1.370121e+01  7.018282e-02 
   93120274   3.452138e+00   1.937078e-01   3.452138e+00   1.937078e-01 223200612131846550       6402       1090     0 2454083.280949  1.365478e+01  6.092348e-02  1.365478e+01  6.092348e-02 
   93120338   3.138215e+00   1.823862e-01   3.138215e+00   1.823862e-01 223200612131847580       6406       1064     0 2454083.281690  1.375829e+01  6.310085e-02  1.375829e+01  6.310085e-02 
   93292973   3.782969e+00   2.752914e-01   3.782969e+00   2.752914e-01 223200612151845190       6379       1044     0 2454085.279780  1.355542e+01  7.901067e-02  1.355542e+01  7.901067e-02 
   93293027   3.601643e+00   2.571833e-01   3.601643e+00   2.571833e-01 223200612151846130       6378       1041     0 2454085.280405  1.360875e+01  7.752968e-02  1.360875e+01  7.752968e-02 
   93293081   3.902440e+00   2.420548e-01   3.902440e+00   2.420548e-01 223200612151847070       6378       1039     0 2454085.281030  1.352166e+01  6.734468e-02  1.352166e+01  6.734468e-02 
   93293135   3.165530e+00   2.279891e-01   3.165530e+00   2.279891e-01 223200612151848010       6378       1037     0 2454085.281655  1.374888e+01  7.819762e-02  1.374888e+01  7.819762e-02 
   93467314   2.808136e+00   1.124858e-01   2.808136e+00   1.124858e-01 223200612171911070       6728        868     0 2454087.297616  1.387895e+01  4.349159e-02  1.387895e+01  4.349159e-02 
   93467370   2.517805e+00   1.099520e-01   2.517805e+00   1.099520e-01 223200612171912030       6727        865     0 2454087.298264  1.399745e+01  4.741404e-02  1.399745e+01  4.741404e-02 
   93467430   2.561595e+00   1.088369e-01   2.561595e+00   1.088369e-01 223200612171913020       6726        862     0 2454087.298958  1.397872e+01  4.613087e-02  1.397872e+01  4.613087e-02 
   93467500   2.503747e+00   1.069297e-01   2.503747e+00   1.069297e-01 223200612171914130       6719        882     0 2454087.299769  1.400352e+01  4.636962e-02  1.400352e+01  4.636962e-02 
   93556672   2.675993e+00   1.004598e-01   2.675993e+00   1.004598e-01 223200612182000260       5789        801     0 2454088.331852  1.393129e+01  4.075991e-02  1.393129e+01  4.075991e-02 
   93556730   2.625115e+00   1.003810e-01   2.625115e+00   1.003810e-01 223200612182001250       5788        799     0 2454088.332523  1.395213e+01  4.151731e-02  1.395213e+01  4.151731e-02 
   93556799   2.462999e+00   1.009078e-01   2.462999e+00   1.009078e-01 223200612182002330       5787        796     0 2454088.333322  1.402134e+01  4.448218e-02  1.402134e+01  4.448218e-02 
   93725372   3.507212e+00   2.275577e-01   3.507212e+00   2.275577e-01 223200612201852110       5847        957     0 2454090.284398  1.363760e+01  7.044585e-02  1.363760e+01  7.044585e-02 
   93725431   3.502082e+00   2.136230e-01   3.502082e+00   2.136230e-01 223200612201853100       5846        954     0 2454090.285081  1.363918e+01  6.622891e-02  1.363918e+01  6.622891e-02 
   93725488   3.272145e+00   2.007536e-01   3.272145e+00   2.007536e-01 223200612201854080       5846        952     0 2454090.285741  1.371292e+01  6.661263e-02  1.371292e+01  6.661263e-02 
   93725550   3.159072e+00   1.888225e-01   3.159072e+00   1.888225e-01 223200612201855100       5845        950     0 2454090.286458  1.375110e+01  6.489632e-02  1.375110e+01  6.489632e-02 
   94935178   4.071419e+00   3.691633e-01   4.071419e+00   3.691633e-01 224200701031856070      24760        970     0 2454104.286782  1.347564e+01  9.844612e-02  1.347564e+01  9.844612e-02 
   94935178   3.854286e+00   4.152206e-01   3.854286e+00   4.152206e-01 223200701031856070       5788        803     0 2454104.286782  1.353514e+01  1.169663e-01  1.353514e+01  1.169663e-01 
   94935244   3.467744e+00   3.636527e-01   3.467744e+00   3.636527e-01 224200701031857140      24760        970     0 2454104.287546  1.364988e+01  1.138585e-01  1.364988e+01  1.138585e-01 
   94935244   3.866121e+00   4.084333e-01   3.866121e+00   4.084333e-01 223200701031857140       5787        802     0 2454104.287546  1.353181e+01  1.147021e-01  1.353181e+01  1.147021e-01 
   94935302   4.351987e+00   3.597847e-01   4.351987e+00   3.597847e-01 224200701031858120      24760        970     0 2454104.288218  1.340328e+01  8.975960e-02  1.340328e+01  8.975960e-02 
   94935302   3.828338e+00   4.017508e-01   3.828338e+00   4.017508e-01 223200701031858120       5787        800     0 2454104.288218  1.354247e+01  1.139390e-01  1.354247e+01  1.139390e-01 
   94935367   3.569444e+00   3.539944e-01   3.569444e+00   3.539944e-01 224200701031859170      24761        970     0 2454104.288970  1.361850e+01  1.076767e-01  1.361850e+01  1.076767e-01 
   94935367   3.763339e+00   3.983555e-01   3.763339e+00   3.983555e-01 223200701031859170       5786        798     0 2454104.288970  1.356107e+01  1.149273e-01  1.356107e+01  1.149273e-01 
   95021607   3.947393e+00   2.784344e-01   3.947393e+00   2.784344e-01 224200701041856390      24763        956     0 2454105.287118  1.350922e+01  7.658405e-02  1.350922e+01  7.658405e-02 
   95021607   3.283295e+00   3.089466e-01   3.283295e+00   3.089466e-01 223200701041856390       5785        818     0 2454105.287118  1.370923e+01  1.021644e-01  1.370923e+01  1.021644e-01 
   95021679   4.183461e+00   2.651164e-01   4.183461e+00   2.651164e-01 224200701041857500      24758        980     0 2454105.287951  1.344616e+01  6.880606e-02  1.344616e+01  6.880606e-02 
   95021679   3.457628e+00   2.920690e-01   3.457628e+00   2.920690e-01 223200701041857500       5788        792     0 2454105.287951  1.365305e+01  9.171348e-02  1.365305e+01  9.171348e-02 
   95021744   3.938804e+00   2.546656e-01   3.938804e+00   2.546656e-01 224200701041858560      24759        979     0 2454105.288704  1.351159e+01  7.019915e-02  1.351159e+01  7.019915e-02 
   95021744   3.475312e+00   2.782649e-01   3.475312e+00   2.782649e-01 223200701041858560       5788        790     0 2454105.288704  1.364752e+01  8.693419e-02  1.364752e+01  8.693419e-02 
   95021800   3.777092e+00   2.686005e-01   3.777092e+00   2.686005e-01 223200701041859510       5787        789     0 2454105.289352  1.355711e+01  7.721028e-02  1.355711e+01  7.721028e-02 
   95107908   4.067097e+00   2.377899e-01   4.067097e+00   2.377899e-01 224200701051855020      24782        992     0 2454106.285972  1.347679e+01  6.347968e-02  1.347679e+01  6.347968e-02 
   95107908   3.002836e+00   2.656323e-01   3.002836e+00   2.656323e-01 223200701051855020       5762        785     0 2454106.285972  1.380617e+01  9.604509e-02  1.380617e+01  9.604509e-02 
   95107964   4.155637e+00   2.255475e-01   4.155637e+00   2.255475e-01 224200701051855570      24782        992     0 2454106.286620  1.345341e+01  5.892861e-02  1.345341e+01  5.892861e-02 
   95107964   3.752079e+00   2.485949e-01   3.752079e+00   2.485949e-01 223200701051855570       5761        783     0 2454106.286620  1.356432e+01  7.193596e-02  1.356432e+01  7.193596e-02 
   95108018   3.957569e+00   2.129923e-01   3.957569e+00   2.129923e-01 224200701051856510      24782        992     0 2454106.287245  1.350643e+01  5.843342e-02  1.350643e+01  5.843342e-02 
   95108018   3.236322e+00   2.329955e-01   3.236322e+00   2.329955e-01 223200701051856510       5760        782     0 2454106.287245  1.372487e+01  7.816669e-02  1.372487e+01  7.816669e-02 
   95108072   3.560954e+00   2.206798e-01   3.560954e+00   2.206798e-01 223200701051857460       5760        780     0 2454106.287870  1.362108e+01  6.728558e-02  1.362108e+01  6.728558e-02 
   95280696   3.423517e+00   2.167233e-01   3.423517e+00   2.167233e-01 224200701071854530      24803        979     0 2454108.285833  1.366382e+01  6.873199e-02  1.366382e+01  6.873199e-02 
   95280697   3.238961e+00   2.382065e-01   3.238961e+00   2.382065e-01 223200701071854540       5739        767     0 2454108.285845  1.372399e+01  7.984979e-02  1.372399e+01  7.984979e-02 
   95280826   3.616376e+00   1.927253e-01   3.616376e+00   1.927253e-01 224200701071857030      24791        924     0 2454108.287338  1.360432e+01  5.786167e-02  1.360432e+01  5.786167e-02 
   95280826   3.130848e+00   2.060053e-01   3.130848e+00   2.060053e-01 223200701071857030       5758        790     0 2454108.287338  1.376085e+01  7.144014e-02  1.376085e+01  7.144014e-02 
   95280882   3.346498e+00   1.823644e-01   3.346498e+00   1.823644e-01 224200701071857590      24793        924     0 2454108.287986  1.368852e+01  5.916642e-02  1.368852e+01  5.916642e-02 
   95280882   2.906368e+00   1.908523e-01   2.906368e+00   1.908523e-01 223200701071857590       5756        787     0 2454108.287986  1.384162e+01  7.129720e-02  1.384162e+01  7.129720e-02 
   95280938   3.444175e+00   1.738559e-01   3.444175e+00   1.738559e-01 224200701071858540      24793        924     0 2454108.288634  1.365729e+01  5.480624e-02  1.365729e+01  5.480624e-02 
   95280938   2.964366e+00   1.788221e-01   2.964366e+00   1.788221e-01 223200701071858540       5756        785     0 2454108.288634  1.382017e+01  6.549607e-02  1.382017e+01  6.549607e-02 
   95367160   3.727221e+00   2.360829e-01   3.727221e+00   2.360829e-01 224200701081855580      24800       1001     0 2454109.286574  1.357154e+01  6.877098e-02  1.357154e+01  6.877098e-02 
   95367160   3.673313e+00   2.705143e-01   3.673313e+00   2.705143e-01 223200701081855580       5742        757     0 2454109.286574  1.358736e+01  7.995731e-02  1.358736e+01  7.995731e-02 
   95367214   3.912759e+00   2.232237e-01   3.912759e+00   2.232237e-01 224200701081856520      24800       1000     0 2454109.287199  1.351879e+01  6.194169e-02  1.351879e+01  6.194169e-02 
   95367216   3.183579e+00   2.516026e-01   3.183579e+00   2.516026e-01 223200701081856530       5741        756     0 2454109.287222  1.374271e+01  8.580752e-02  1.374271e+01  8.580752e-02 
   95367271   3.538561e+00   2.106359e-01   3.538561e+00   2.106359e-01 224200701081857490      24800       1000     0 2454109.287859  1.362793e+01  6.462961e-02  1.362793e+01  6.462961e-02 
   95367271   3.002616e+00   2.347904e-01   3.002616e+00   2.347904e-01 223200701081857490       5740        754     0 2454109.287859  1.380625e+01  8.489973e-02  1.380625e+01  8.489973e-02 
   95367327   3.573146e+00   1.996792e-01   3.573146e+00   1.996792e-01 224200701081858450      24800        999     0 2454109.288507  1.361737e+01  6.067475e-02  1.361737e+01  6.067475e-02 
   95367327   3.474775e+00   2.206312e-01   3.474775e+00   2.206312e-01 223200701081858450       5739        753     0 2454109.288507  1.364768e+01  6.893918e-02  1.364768e+01  6.893918e-02 
   95453546   3.922033e+00   2.353356e-01   3.922033e+00   2.353356e-01 224200701091855450      24794       1021     0 2454110.286412  1.351622e+01  6.514819e-02  1.351622e+01  6.514819e-02 
   95453546   3.537257e+00   2.581379e-01   3.537257e+00   2.581379e-01 223200701091855450       5745        754     0 2454110.286412  1.362833e+01  7.923391e-02  1.362833e+01  7.923391e-02 
   95453602   3.366631e+00   2.408506e-01   3.366631e+00   2.408506e-01 223200701091856400       5744        753     0 2454110.287060  1.368201e+01  7.767441e-02  1.368201e+01  7.767441e-02 
   95453656   3.797594e+00   2.115058e-01   3.797594e+00   2.115058e-01 224200701091857350      24794       1020     0 2454110.287685  1.355123e+01  6.046996e-02  1.355123e+01  6.046996e-02 
   95453656   3.278626e+00   2.259085e-01   3.278626e+00   2.259085e-01 223200701091857350       5743        751     0 2454110.287685  1.371077e+01  7.481119e-02  1.371077e+01  7.481119e-02 
   95453712   3.944462e+00   2.010482e-01   3.944462e+00   2.010482e-01 224200701091858300      24795       1020     0 2454110.288333  1.351003e+01  5.533989e-02  1.351003e+01  5.533989e-02 
   95453712   3.305458e+00   2.131216e-01   3.305458e+00   2.131216e-01 223200701091858300       5741        750     0 2454110.288333  1.370192e+01  7.000381e-02  1.370192e+01  7.000381e-02 
   95539935   4.033788e+00   2.324421e-01   4.033788e+00   2.324421e-01 224200701101855350      24800       1028     0 2454111.286285  1.348572e+01  6.256445e-02  1.348572e+01  6.256445e-02 
   95539935   3.497597e+00   2.590153e-01   3.497597e+00   2.590153e-01 223200701101855350       5741        747     0 2454111.286285  1.364058e+01  8.040471e-02  1.364058e+01  8.040471e-02 
   95539989   4.289141e+00   2.192034e-01   4.289141e+00   2.192034e-01 224200701101856300      24799       1027     0 2454111.286910  1.341907e+01  5.548847e-02  1.341907e+01  5.548847e-02 
   95539989   3.458753e+00   2.440231e-01   3.458753e+00   2.440231e-01 223200701101856300       5741        746     0 2454111.286910  1.365270e+01  7.660148e-02  1.365270e+01  7.660148e-02 
   95540043   3.730899e+00   2.075534e-01   3.730899e+00   2.075534e-01 224200701101857240      24799       1027     0 2454111.287535  1.357047e+01  6.040072e-02  1.357047e+01  6.040072e-02 
   95540043   3.219089e+00   2.297288e-01   3.219089e+00   2.297288e-01 223200701101857240       5740        745     0 2454111.287535  1.373067e+01  7.748333e-02  1.373067e+01  7.748333e-02 
   95540099   4.108169e+00   1.970666e-01   4.108169e+00   1.970666e-01 224200701101858190      24799       1026     0 2454111.288183  1.346588e+01  5.208234e-02  1.346588e+01  5.208234e-02 
   95540099   3.334758e+00   2.166757e-01   3.334758e+00   2.166757e-01 223200701101858190       5739        744     0 2454111.288183  1.369234e+01  7.054590e-02  1.369234e+01  7.054590e-02 
   95626318   3.812848e+00   2.501125e-01   3.812848e+00   2.501125e-01 224200701111855200      24821       1018     0 2454112.286088  1.354688e+01  7.122159e-02  1.354688e+01  7.122159e-02 
   95626319   3.897661e+00   2.716397e-01   3.897661e+00   2.716397e-01 223200701111855210       5723        727     0 2454112.286100  1.352299e+01  7.566848e-02  1.352299e+01  7.566848e-02 
   95626375   3.827211e+00   2.366362e-01   3.827211e+00   2.366362e-01 224200701111856160      24821       1017     0 2454112.286748  1.354279e+01  6.713123e-02  1.354279e+01  6.713123e-02 
   95626375   3.488998e+00   2.539241e-01   3.488998e+00   2.539241e-01 223200701111856160       5723        726     0 2454112.286748  1.364325e+01  7.901853e-02  1.364325e+01  7.901853e-02 
   95626429   3.612318e+00   2.241584e-01   3.612318e+00   2.241584e-01 224200701111857110      24821       1016     0 2454112.287373  1.360554e+01  6.737440e-02  1.360554e+01  6.737440e-02 
   95626429   3.300594e+00   2.373371e-01   3.300594e+00   2.373371e-01 223200701111857110       5722        725     0 2454112.287373  1.370352e+01  7.807275e-02  1.370352e+01  7.807275e-02 
   95626485   4.179120e+00   2.135658e-01   4.179120e+00   2.135658e-01 224200701111858070      24821       1016     0 2454112.288021  1.344729e+01  5.548464e-02  1.344729e+01  5.548464e-02 
   95626485   3.592610e+00   2.239295e-01   3.592610e+00   2.239295e-01 223200701111858070       5721        724     0 2454112.288021  1.361147e+01  6.767481e-02  1.361147e+01  6.767481e-02 
   95712702   3.641888e+00   2.507999e-01   3.641888e+00   2.507999e-01 223200701121855050       5752        721     0 2454113.285903  1.359668e+01  7.476986e-02  1.359668e+01  7.476986e-02 
   95712758   3.694599e+00   2.214012e-01   3.694599e+00   2.214012e-01 224200701121856000      24792       1018     0 2454113.286551  1.358108e+01  6.506366e-02  1.358108e+01  6.506366e-02 
   95712758   3.278046e+00   2.349280e-01   3.278046e+00   2.349280e-01 223200701121856000       5751        721     0 2454113.286551  1.371096e+01  7.781181e-02  1.371096e+01  7.781181e-02 
   95712812   3.798313e+00   2.105199e-01   3.798313e+00   2.105199e-01 224200701121856550      24793       1017     0 2454113.287176  1.355102e+01  6.017667e-02  1.355102e+01  6.017667e-02 
   95712812   3.505973e+00   2.216726e-01   3.505973e+00   2.216726e-01 223200701121856550       5751        719     0 2454113.287176  1.363798e+01  6.864822e-02  1.363798e+01  6.864822e-02 
   95712866   3.525693e+00   2.098660e-01   3.525693e+00   2.098660e-01 223200701121857490       5750        718     0 2454113.287801  1.363189e+01  6.462842e-02  1.363189e+01  6.462842e-02 
   95712868   3.702977e+00   1.999583e-01   3.702977e+00   1.999583e-01 224200701121857500      24793       1017     0 2454113.287824  1.357862e+01  5.862924e-02  1.357862e+01  5.862924e-02 
   95799124   3.822400e+00   2.036508e-01   3.822400e+00   2.036508e-01 224200701131855270      24793       1033     0 2454114.286157  1.354416e+01  5.784635e-02  1.354416e+01  5.784635e-02 
   95799124   3.385005e+00   2.218310e-01   3.385005e+00   2.218310e-01 223200701131855270       5748        737     0 2454114.286157  1.367610e+01  7.115226e-02  1.367610e+01  7.115226e-02 
   95799178   3.859106e+00   1.940114e-01   3.859106e+00   1.940114e-01 224200701131856210      24793       1033     0 2454114.286782  1.353378e+01  5.458414e-02  1.353378e+01  5.458414e-02 
   95799178   3.325328e+00   2.083050e-01   3.325328e+00   2.083050e-01 223200701131856210       5747        735     0 2454114.286782  1.369541e+01  6.801287e-02  1.369541e+01  6.801287e-02 
   95799302   3.855510e+00   1.716788e-01   3.855510e+00   1.716788e-01 224200701131858250      24784       1041     0 2454114.288218  1.353480e+01  4.834602e-02  1.353480e+01  4.834602e-02 
   95799302   3.122006e+00   1.844390e-01   3.122006e+00   1.844390e-01 223200701131858250       5749        739     0 2454114.288218  1.376392e+01  6.414232e-02  1.376392e+01  6.414232e-02 
   95799356   3.810113e+00   1.644117e-01   3.810113e+00   1.644117e-01 224200701131859190      24784       1040     0 2454114.288843  1.354766e+01  4.685119e-02  1.354766e+01  4.685119e-02 
   95799356   3.027055e+00   1.740640e-01   3.027055e+00   1.740640e-01 223200701131859190       5748        737     0 2454114.288843  1.379745e+01  6.243306e-02  1.379745e+01  6.243306e-02 
   95885594   3.557491e+00   1.930529e-01   3.557491e+00   1.930529e-01 224200701141856390      24796       1039     0 2454115.286968  1.362214e+01  5.891943e-02  1.362214e+01  5.891943e-02 
   95885594   3.468017e+00   2.085487e-01   3.468017e+00   2.085487e-01 223200701141856390       5743        715     0 2454115.286968  1.364980e+01  6.529082e-02  1.364980e+01  6.529082e-02 
   95885649   3.678300e+00   1.852518e-01   3.678300e+00   1.852518e-01 224200701141857330      24795       1038     0 2454115.287604  1.358588e+01  5.468158e-02  1.358588e+01  5.468158e-02 
   95885650   3.098787e+00   1.965450e-01   3.098787e+00   1.965450e-01 223200701141857340       5743        714     0 2454115.287616  1.377202e+01  6.886461e-02  1.377202e+01  6.886461e-02 
   95885704   3.945967e+00   1.775224e-01   3.945967e+00   1.775224e-01 224200701141858280      24795       1038     0 2454115.288241  1.350962e+01  4.884560e-02  1.350962e+01  4.884560e-02 
   95885704   3.440134e+00   1.867767e-01   3.440134e+00   1.867767e-01 223200701141858290       5743        713     0 2454115.288241  1.365856e+01  5.894854e-02  1.365856e+01  5.894854e-02 
   95885835   3.958990e+00   1.608464e-01   3.958990e+00   1.608464e-01 224200701141900400      24798       1034     0 2454115.289757  1.350604e+01  4.411160e-02  1.350604e+01  4.411160e-02 
   95885836   3.025672e+00   1.644882e-01   3.025672e+00   1.644882e-01 223200701141900410       5740        714     0 2454115.289769  1.379795e+01  5.902538e-02  1.379795e+01  5.902538e-02 
  124571651   3.981096e+00   9.258323e-02   3.981096e+00   9.258323e-02 221200712121916280      14622       7212     0 2454447.301516  1.349999e+01  2.524966e-02  1.349999e+01  2.524966e-02 
  124571711   2.914219e+00   9.036363e-02   2.914219e+00   9.036363e-02 223200712121917280       5241       5261     0 2454447.302211  1.383869e+01  3.366645e-02  1.383869e+01  3.366645e-02 
  124572986   3.822385e+00   9.084108e-02   3.822385e+00   9.084108e-02 221200712121938430      14660       7282     0 2454447.316968  1.354416e+01  2.580321e-02  1.354416e+01  2.580321e-02 
  124573045   2.856184e+00   8.884142e-02   2.856184e+00   8.884142e-02 223200712121939430       5227       5187     0 2454447.317650  1.386053e+01  3.377187e-02  1.386053e+01  3.377187e-02 
