\OBJNAME = '1SWASP J002130.44-721028.5'
\OBSSTART = '2006-05-11T04:14:48'
\OBSSTOP = '2007-12-12T19:38:43'
\TSTART = 74405740
\TSTOP = 124572993
\JD_REF = 2453005.5
\RA_OBJ = '5.376864'
\DEC_OBJ = '-72.174597'
\WASP_MAG = 13.13814
\HJD_START = 2453866.677546
\HJD_STOP = 2454447.317049
\fixlen = T
\NUMRECORDS = 411
\
\ This file was produced by the NASA Exoplanet Archive  http://exoplanetarchive.ipac.caltech.edu 
\ Wed Sep 18, 13:58:14 2013
\ Documentation for the SuperWASP dataset can be found at http://exoplanetarchive.ipac.caltech.edu/docs/SuperWASPMission.html
\
|TMID      |FLUX2         |FLUX2_ERR     |TAMFLUX2      |TAMFLUX2_ERR  |IMAGEID           |CCDX      |CCDY      |FLAG |           HJD|         MAG2|     MAG2_ERR|      TAMMAG2|  TAMMAG2_ERR|
|int       |float         |float         |float         |float         |char              |int       |int       |int  |        double|        float|        float|        float|        float|
|sec       |micro Vega    |micro Vega    |micro Vega    |micro Vega    |                  |1/16 pixel|1/16 pixel|     |           day|          mag|          mag|          mag|          mag|
|null      |null          |null          |null          |null          |null              |null      |null      |null |          null|         null|         null|         null|         null|
   74405740   5.862221e+00   2.451215e-01   5.862221e+00   2.451215e-01 223200605110414480      11135       1061     0 2453866.677546  1.307984e+01  4.539887e-02  1.307984e+01  4.539887e-02 
   74405793   6.051664e+00   2.659220e-01   6.051664e+00   2.659220e-01 223200605110415410      11139       1058     0 2453866.678160  1.304531e+01  4.770954e-02  1.304531e+01  4.770954e-02 
   74405877   6.276749e+00   2.977949e-01   6.276749e+00   2.977949e-01 223200605110417040      11144       1057     0 2453866.679132  1.300566e+01  5.151200e-02  1.300566e+01  5.151200e-02 
   74405942   5.510943e+00   3.316549e-01   5.510943e+00   3.316549e-01 223200605110418100      11151       1031     0 2453866.679884  1.314694e+01  6.534108e-02  1.314694e+01  6.534108e-02 
   74491853   5.807837e+00   2.630327e-01   5.807837e+00   2.630327e-01 223200605120409570      11154        988     0 2453867.674225  1.308996e+01  4.917237e-02  1.308996e+01  4.917237e-02 
   74491991   6.365770e+00   2.802947e-01   6.365770e+00   2.802947e-01 223200605120412150      11163        985     0 2453867.675822  1.299037e+01  4.780682e-02  1.299037e+01  4.780682e-02 
   74492044   6.788815e+00   2.909692e-01   6.788815e+00   2.909692e-01 223200605120413070      11166        984     0 2453867.676435  1.292052e+01  4.653491e-02  1.292052e+01  4.653491e-02 
   74750375   6.041471e+00   3.646413e-01   6.041471e+00   3.646413e-01 223200605150358270      11150        992     0 2453870.666377  1.304714e+01  6.553134e-02  1.304714e+01  6.553134e-02 
   74750435   6.389050e+00   3.648205e-01   6.389050e+00   3.648205e-01 223200605150359270      11154        988     0 2453870.667072  1.298641e+01  6.199672e-02  1.298641e+01  6.199672e-02 
   74750489   6.111083e+00   3.705486e-01   6.111083e+00   3.705486e-01 223200605150400210      11159        988     0 2453870.667697  1.303470e+01  6.583440e-02  1.303470e+01  6.583440e-02 
   74750548   6.414755e+00   3.684521e-01   6.414755e+00   3.684521e-01 223200605150401200      11161        986     0 2453870.668380  1.298205e+01  6.236297e-02  1.298205e+01  6.236297e-02 
   75613636   5.051671e+00   1.513174e-01   5.051671e+00   1.513174e-01 223200605250345300      11229       1005     0 2453880.657824  1.324141e+01  3.252219e-02  1.324141e+01  3.252219e-02 
   75613699   5.060002e+00   1.523196e-01   5.060002e+00   1.523196e-01 223200605250346340      11238        976     0 2453880.658553  1.323962e+01  3.268367e-02  1.323962e+01  3.268367e-02 
   75613757   4.814755e+00   1.508770e-01   4.814755e+00   1.508770e-01 223200605250347310      11241        975     0 2453880.659225  1.329356e+01  3.402315e-02  1.329356e+01  3.402315e-02 
   75613825   4.882840e+00   1.518593e-01   4.882840e+00   1.518593e-01 223200605250348400      11240        998     0 2453880.660012  1.327832e+01  3.376717e-02  1.327832e+01  3.376717e-02 
   75700091   4.978627e+00   1.477869e-01   4.978627e+00   1.477869e-01 223200605260346210      11249        995     0 2453881.658461  1.325723e+01  3.222940e-02  1.325723e+01  3.222940e-02 
   75700154   4.749070e+00   1.482145e-01   4.749070e+00   1.482145e-01 223200605260347250      11256        964     0 2453881.659190  1.330848e+01  3.388503e-02  1.330848e+01  3.388503e-02 
   75700221   5.051400e+00   1.484440e-01   5.051400e+00   1.484440e-01 223200605260348310      11255        988     0 2453881.659965  1.324147e+01  3.190632e-02  1.324147e+01  3.190632e-02 
   75700290   5.081358e+00   1.460340e-01   5.081358e+00   1.460340e-01 223200605260349400      11261        958     0 2453881.660764  1.323505e+01  3.120326e-02  1.323505e+01  3.120326e-02 
   76132310   4.827502e+00   1.262922e-01   4.827502e+00   1.262922e-01 223200605310349440      11313        968     0 2453886.660995  1.329069e+01  2.840402e-02  1.329069e+01  2.840402e-02 
   76132377   4.700569e+00   1.261119e-01   4.700569e+00   1.261119e-01 223200605310350510      11320        937     0 2453886.661771  1.331962e+01  2.912941e-02  1.331962e+01  2.912941e-02 
   76132426   4.864532e+00   1.277371e-01   4.864532e+00   1.277371e-01 223200605310351390      11322        936     0 2453886.662338  1.328240e+01  2.851031e-02  1.328240e+01  2.851031e-02 
   76132488   4.812400e+00   1.270275e-01   4.812400e+00   1.270275e-01 223200605310352410      11324        934     0 2453886.663056  1.329410e+01  2.865907e-02  1.329410e+01  2.865907e-02 
   76218781   4.838252e+00   1.281812e-01   4.838252e+00   1.281812e-01 223200606010350510      11331        929     0 2453887.661817  1.328828e+01  2.876483e-02  1.328828e+01  2.876483e-02 
   76218849   4.656246e+00   1.298078e-01   4.656246e+00   1.298078e-01 223200606010351580      11331        952     0 2453887.662604  1.332991e+01  3.026850e-02  1.332991e+01  3.026850e-02 
   76218919   4.888797e+00   1.295975e-01   4.888797e+00   1.295975e-01 223200606010353090      11335        950     0 2453887.663414  1.327699e+01  2.878196e-02  1.327699e+01  2.878196e-02 
   76219005   4.947626e+00   1.292672e-01   4.947626e+00   1.292672e-01 223200606010354350      11342        922     0 2453887.664410  1.326401e+01  2.836725e-02  1.326401e+01  2.836725e-02 
   76478187   4.770106e+00   1.380554e-01   4.770106e+00   1.380554e-01 223200606040354060      11342        921     0 2453890.664201  1.330368e+01  3.142325e-02  1.330368e+01  3.142325e-02 
   76478260   4.842370e+00   1.373628e-01   4.842370e+00   1.373628e-01 223200606040355190      11343        944     0 2453890.665046  1.328736e+01  3.079903e-02  1.328736e+01  3.079903e-02 
   76478336   4.922429e+00   1.403199e-01   4.922429e+00   1.403199e-01 223200606040356360      11350        913     0 2453890.665926  1.326955e+01  3.095037e-02  1.326955e+01  3.095037e-02 
   76478389   4.761364e+00   1.399564e-01   4.761364e+00   1.399564e-01 223200606040357280      11352        911     0 2453890.666539  1.330567e+01  3.191443e-02  1.330567e+01  3.191443e-02 
   76564529   5.945174e+00   3.405324e-01   5.945174e+00   3.405324e-01 223200606050353060      11369        906     0 2453891.663530  1.306459e+01  6.218987e-02  1.306459e+01  6.218987e-02 
   76564588   5.968815e+00   3.309557e-01   5.968815e+00   3.309557e-01 223200606050354050      11373        905     0 2453891.664213  1.306028e+01  6.020154e-02  1.306028e+01  6.020154e-02 
   76564648   6.202130e+00   3.326594e-01   6.202130e+00   3.326594e-01 223200606050355050      11376        902     0 2453891.664907  1.301865e+01  5.823509e-02  1.301865e+01  5.823509e-02 
   76564706   5.532600e+00   3.042203e-01   5.532600e+00   3.042203e-01 223200606050356020      11378        902     0 2453891.665579  1.314268e+01  5.970142e-02  1.314268e+01  5.970142e-02 
   76650901   4.609505e+00   1.291438e-01   4.609505e+00   1.291438e-01 223200606060352330      11358        902     0 2453892.663206  1.334086e+01  3.041901e-02  1.334086e+01  3.041901e-02 
   76651035   4.894368e+00   1.349326e-01   4.894368e+00   1.349326e-01 223200606060354480      11365        901     0 2453892.664757  1.327576e+01  2.993271e-02  1.327576e+01  2.993271e-02 
   76651091   4.735492e+00   1.335043e-01   4.735492e+00   1.335043e-01 223200606060355430      11367        899     0 2453892.665405  1.331159e+01  3.060948e-02  1.331159e+01  3.060948e-02 
   76651167   4.807649e+00   1.326404e-01   4.807649e+00   1.326404e-01 223200606060357000      11366        922     0 2453892.666285  1.329517e+01  2.995498e-02  1.329517e+01  2.995498e-02 
   76737395   4.900654e+00   1.356789e-01   4.900654e+00   1.356789e-01 223200606070354040      11369        905     0 2453893.664294  1.327436e+01  3.005966e-02  1.327436e+01  3.005966e-02 
   76737448   4.697547e+00   1.338402e-01   4.697547e+00   1.338402e-01 223200606070354570      11371        903     0 2453893.664907  1.332032e+01  3.093437e-02  1.332032e+01  3.093437e-02 
   76737503   4.485934e+00   1.325299e-01   4.485934e+00   1.325299e-01 223200606070355530      11373        900     0 2453893.665544  1.337037e+01  3.207650e-02  1.337037e+01  3.207650e-02 
   76737559   4.799004e+00   1.329153e-01   4.799004e+00   1.329153e-01 223200606070356480      11375        899     0 2453893.666192  1.329712e+01  3.007113e-02  1.329712e+01  3.007113e-02 
   76823785   4.784194e+00   1.318304e-01   4.784194e+00   1.318304e-01 223200606080353510      11395        905     0 2453894.664178  1.330048e+01  2.991801e-02  1.330048e+01  2.991801e-02 
   76823844   4.784925e+00   1.328061e-01   4.784925e+00   1.328061e-01 223200606080354510      11399        902     0 2453894.664861  1.330031e+01  3.013483e-02  1.330031e+01  3.013483e-02 
   76823903   4.785029e+00   1.321480e-01   4.785029e+00   1.321480e-01 223200606080355500      11401        900     0 2453894.665544  1.330029e+01  2.998486e-02  1.330029e+01  2.998486e-02 
   76823989   4.932554e+00   1.324067e-01   4.932554e+00   1.324067e-01 223200606080357160      11400        922     0 2453894.666539  1.326732e+01  2.914498e-02  1.326732e+01  2.914498e-02 
   76910211   4.686659e+00   1.277204e-01   4.686659e+00   1.277204e-01 223200606090354140      11391        891     0 2453895.664479  1.332284e+01  2.958848e-02  1.332284e+01  2.958848e-02 
   76910265   4.570882e+00   1.288582e-01   4.570882e+00   1.288582e-01 223200606090355080      11394        890     0 2453895.665104  1.335000e+01  3.060821e-02  1.335000e+01  3.060821e-02 
   76910349   4.664173e+00   1.275742e-01   4.664173e+00   1.275742e-01 223200606090356320      11393        912     0 2453895.666076  1.332806e+01  2.969711e-02  1.332806e+01  2.969711e-02 
   76910421   4.551067e+00   1.280674e-01   4.551067e+00   1.280674e-01 223200606090357440      11398        884     0 2453895.666910  1.335472e+01  3.055282e-02  1.335472e+01  3.055282e-02 
   76996566   5.813753e+00   2.423786e-01   5.813753e+00   2.423786e-01 223200606100353270      11397        892     0 2453896.663958  1.308886e+01  4.526512e-02  1.308886e+01  4.526512e-02 
   76996631   5.999940e+00   2.394336e-01   5.999940e+00   2.394336e-01 223200606100354320      11401        888     0 2453896.664711  1.305463e+01  4.332753e-02  1.305463e+01  4.332753e-02 
   76996692   5.486857e+00   2.371377e-01   5.486857e+00   2.371377e-01 223200606100355320      11402        887     0 2453896.665417  1.315169e+01  4.692484e-02  1.315169e+01  4.692484e-02 
   76996747   5.511778e+00   2.329730e-01   5.511778e+00   2.329730e-01 223200606100356270      11404        885     0 2453896.666053  1.314677e+01  4.589229e-02  1.314677e+01  4.589229e-02 
   77082987   5.434587e+00   3.921978e-01   5.434587e+00   3.921978e-01 223200606110353440      11409        881     0 2453897.664201  1.316208e+01  7.835457e-02  1.316208e+01  7.835457e-02 
   77083064   5.603619e+00   3.967855e-01   5.603619e+00   3.967855e-01 223200606110355000      11410        904     0 2453897.665093  1.312883e+01  7.687996e-02  1.312883e+01  7.687996e-02 
   77083145   6.021450e+00   3.953509e-01   6.021450e+00   3.953509e-01 223200606110356210      11416        875     0 2453897.666030  1.305075e+01  7.128654e-02  1.305075e+01  7.128654e-02 
   77083199   6.172841e+00   3.959671e-01   6.172841e+00   3.959671e-01 223200606110357160      11417        873     0 2453897.666655  1.302379e+01  6.964659e-02  1.302379e+01  6.964659e-02 
   77169373   5.554655e+00   4.950264e-01   5.554655e+00   4.950264e-01 223200606120353260      11418        870     0 2453898.664039  1.313836e+01  9.676027e-02  1.313836e+01  9.676027e-02 
   77169433   5.820782e+00   4.888608e-01   5.820782e+00   4.888608e-01 223200606120354260      11419        867     0 2453898.664734  1.308755e+01  9.118634e-02  1.308755e+01  9.118634e-02 
   77514678   8.843883e+00   2.268660e+00   8.843883e+00   2.268660e+00 223200606160348210      11419        840     0 2453902.660625  1.263339e+01  2.785173e-01  1.263339e+01  2.785173e-01 
   77514743   7.694077e+00   2.881995e+00   7.694077e+00   2.881995e+00 223200606160349260      11420        838     0 2453902.661377  1.278461e+01  4.066891e-01  1.278461e+01  4.066891e-01 
   77601363   5.683843e+00   2.120136e-01   5.683843e+00   2.120136e-01 223200606170353030      11433        824     0 2453903.663924  1.311339e+01  4.049930e-02  1.311339e+01  4.049930e-02 
   77601433   5.523481e+00   2.104340e-01   5.523481e+00   2.104340e-01 223200606170354120      11432        847     0 2453903.664734  1.314447e+01  4.136461e-02  1.314447e+01  4.136461e-02 
   77601503   5.439402e+00   2.098022e-01   5.439402e+00   2.098022e-01 223200606170355220      11433        845     0 2453903.665544  1.316112e+01  4.187788e-02  1.316112e+01  4.187788e-02 
   77601560   5.342816e+00   2.084224e-01   5.342816e+00   2.084224e-01 223200606170356190      11438        817     0 2453903.666204  1.318057e+01  4.235454e-02  1.318057e+01  4.235454e-02 
   77687707   5.405956e+00   1.805663e-01   5.405956e+00   1.805663e-01 223200606180352030      11454        818     0 2453904.663275  1.316782e+01  3.626521e-02  1.316782e+01  3.626521e-02 
   77687750   5.493952e+00   1.798172e-01   5.493952e+00   1.798172e-01 223200606180352470      11455        816     0 2453904.663773  1.315029e+01  3.553630e-02  1.315029e+01  3.553630e-02 
   77687818   5.228212e+00   1.782199e-01   5.228212e+00   1.782199e-01 223200606180353550      11457        815     0 2453904.664560  1.320412e+01  3.701084e-02  1.320412e+01  3.701084e-02 
   77687869   5.268975e+00   1.788913e-01   5.268975e+00   1.788913e-01 223200606180354460      11458        813     0 2453904.665150  1.319568e+01  3.686284e-02  1.319568e+01  3.686284e-02 
   77774344   5.105957e+00   1.548052e-01   5.105957e+00   1.548052e-01 223200606190355570      11499        799     0 2453905.666019  1.322981e+01  3.291807e-02  1.322981e+01  3.291807e-02 
   77774400   5.104790e+00   1.542702e-01   5.104790e+00   1.542702e-01 223200606190356530      11499        799     0 2453905.666667  1.323005e+01  3.281180e-02  1.323005e+01  3.281180e-02 
   77774462   5.067560e+00   1.546960e-01   5.067560e+00   1.546960e-01 223200606190357560      11499        798     0 2453905.667384  1.323800e+01  3.314409e-02  1.323800e+01  3.314409e-02 
   77774527   5.200735e+00   1.561871e-01   5.200735e+00   1.561871e-01 223200606190359000      11494        824     0 2453905.668137  1.320984e+01  3.260666e-02  1.320984e+01  3.260666e-02 
   77860757   5.039674e+00   1.385890e-01   5.039674e+00   1.385890e-01 223200606200356080      11483        793     0 2453906.666169  1.324399e+01  2.985740e-02  1.324399e+01  2.985740e-02 
   77860816   4.653337e+00   1.383408e-01   4.653337e+00   1.383408e-01 223200606200357080      11483        792     0 2453906.666852  1.333059e+01  3.227839e-02  1.333059e+01  3.227839e-02 
   77860880   4.968470e+00   1.386601e-01   4.968470e+00   1.386601e-01 223200606200358110      11483        793     0 2453906.667593  1.325944e+01  3.030083e-02  1.325944e+01  3.030083e-02 
   77860945   4.887789e+00   1.391392e-01   4.887789e+00   1.391392e-01 223200606200359170      11478        820     0 2453906.668345  1.327722e+01  3.090744e-02  1.327722e+01  3.090744e-02 
   77947068   4.938870e+00   1.432863e-01   4.938870e+00   1.432863e-01 223200606210354360      11478        792     0 2453907.665139  1.326593e+01  3.149945e-02  1.326593e+01  3.149945e-02 
   77947122   4.938152e+00   1.435852e-01   4.938152e+00   1.435852e-01 223200606210355300      11478        794     0 2453907.665764  1.326609e+01  3.156974e-02  1.326609e+01  3.156974e-02 
   77947200   4.775144e+00   1.434500e-01   4.775144e+00   1.434500e-01 223200606210356480      11475        819     0 2453907.666667  1.330253e+01  3.261670e-02  1.330253e+01  3.261670e-02 
   77947267   5.031078e+00   1.446137e-01   5.031078e+00   1.446137e-01 223200606210357550      11478        794     0 2453907.667442  1.324585e+01  3.120860e-02  1.324585e+01  3.120860e-02 
   78119978   4.566796e+00   1.316394e-01   4.566796e+00   1.316394e-01 223200606230356210      11469        773     0 2453909.666412  1.335097e+01  3.129682e-02  1.335097e+01  3.129682e-02 
   78120032   4.519925e+00   1.321198e-01   4.519925e+00   1.321198e-01 223200606230357150      11468        774     0 2453909.667037  1.336217e+01  3.173676e-02  1.336217e+01  3.173676e-02 
   78120180   4.613899e+00   1.312214e-01   4.613899e+00   1.312214e-01 223200606230359440      11467        783     0 2453909.668750  1.333983e+01  3.087894e-02  1.333983e+01  3.087894e-02 
   78120242   4.570362e+00   1.324861e-01   4.570362e+00   1.324861e-01 223200606230400460      11469        761     0 2453909.669468  1.335012e+01  3.147355e-02  1.335012e+01  3.147355e-02 
   78206438   4.930767e+00   1.353466e-01   4.930767e+00   1.353466e-01 223200606240357190      11488        759     0 2453910.667106  1.326771e+01  2.980292e-02  1.326771e+01  2.980292e-02 
   78206497   4.768858e+00   1.334413e-01   4.768858e+00   1.334413e-01 223200606240358180      11485        762     0 2453910.667789  1.330396e+01  3.038098e-02  1.330396e+01  3.038098e-02 
   78206572   4.784777e+00   1.336110e-01   4.784777e+00   1.336110e-01 223200606240359320      11477        793     0 2453910.668657  1.330035e+01  3.031840e-02  1.330035e+01  3.031840e-02 
   78206631   4.803507e+00   1.343317e-01   4.803507e+00   1.343317e-01 223200606240400310      11473        776     0 2453910.669340  1.329610e+01  3.036308e-02  1.329610e+01  3.036308e-02 
   78292877   4.610234e+00   1.256998e-01   4.610234e+00   1.256998e-01 223200606250357560      11490        742     0 2453911.667558  1.334069e+01  2.960313e-02  1.334069e+01  2.960313e-02 
   78292931   4.743448e+00   1.236864e-01   4.743448e+00   1.236864e-01 223200606250358490      11484        749     0 2453911.668183  1.330976e+01  2.831090e-02  1.330976e+01  2.831090e-02 
   78292982   4.703506e+00   1.248819e-01   4.703506e+00   1.248819e-01 223200606250359400      11474        763     0 2453911.668773  1.331895e+01  2.882726e-02  1.331895e+01  2.882726e-02 
   78293044   4.718294e+00   1.259851e-01   4.718294e+00   1.259851e-01 223200606250400430      11474        762     0 2453911.669491  1.331554e+01  2.899079e-02  1.331554e+01  2.899079e-02 
   78724945   4.756800e+00   1.283214e-01   4.756800e+00   1.283214e-01 223200606300358520      11498        747     0 2453916.668345  1.330671e+01  2.928938e-02  1.330671e+01  2.928938e-02 
   78725022   4.416944e+00   1.249643e-01   4.416944e+00   1.249643e-01 223200606300400090      11504        718     0 2453916.669236  1.338720e+01  3.071780e-02  1.338720e+01  3.071780e-02 
   78725069   4.534052e+00   1.265641e-01   4.534052e+00   1.265641e-01 223200606300400570      11505        716     0 2453916.669780  1.335878e+01  3.030748e-02  1.335878e+01  3.030748e-02 
   78725133   4.521521e+00   1.270717e-01   4.521521e+00   1.270717e-01 223200606300402000      11505        714     0 2453916.670521  1.336179e+01  3.051338e-02  1.336179e+01  3.051338e-02 
   78811381   4.746184e+00   1.330428e-01   4.746184e+00   1.330428e-01 223200607010359260      11497        711     0 2453917.668762  1.330914e+01  3.043495e-02  1.330914e+01  3.043495e-02 
   78811460   4.607345e+00   1.325827e-01   4.607345e+00   1.325827e-01 223200607010400450      11496        734     0 2453917.669676  1.334137e+01  3.124366e-02  1.334137e+01  3.124366e-02 
   78811525   4.411042e+00   1.306918e-01   4.411042e+00   1.306918e-01 223200607010401510      11500        705     0 2453917.670428  1.338865e+01  3.216865e-02  1.338865e+01  3.216865e-02 
   78811576   4.581960e+00   1.306015e-01   4.581960e+00   1.306015e-01 223200607010402420      11500        703     0 2453917.671019  1.334737e+01  3.094730e-02  1.334737e+01  3.094730e-02 
   78897852   1.046033e+01   6.791453e-01   1.046033e+01   6.791453e-01 223200607020400340      11510        699     0 2453918.669583  1.245114e+01  7.049253e-02  1.245114e+01  7.049253e-02 
   78897906   5.758379e+00   3.838832e-01   5.758379e+00   3.838832e-01 223200607020401280      11510        697     0 2453918.670208  1.309925e+01  7.238101e-02  1.309925e+01  7.238101e-02 
   78984195   4.535746e+00   1.256863e-01   4.535746e+00   1.256863e-01 223200607030359350      11516        687     0 2453919.668924  1.335838e+01  3.008605e-02  1.335838e+01  3.008605e-02 
   78984249   4.370587e+00   1.243538e-01   4.370587e+00   1.243538e-01 223200607030400290      11518        684     0 2453919.669549  1.339865e+01  3.089193e-02  1.339865e+01  3.089193e-02 
   78984307   4.274377e+00   1.240223e-01   4.274377e+00   1.240223e-01 223200607030401270      11519        682     0 2453919.670220  1.342282e+01  3.150308e-02  1.342282e+01  3.150308e-02 
   78984362   2.172753e+00   1.277916e-01   2.172753e+00   1.277916e-01 223200607030402220      11519        680     0 2453919.670856  1.415747e+01  6.385837e-02  1.415747e+01  6.385837e-02 
   79070518   4.554354e+00   1.247983e-01   4.554354e+00   1.247983e-01 223200607040358180      11512        666     0 2453920.668032  1.335393e+01  2.975143e-02  1.335393e+01  2.975143e-02 
   79070564   4.725482e+00   1.251166e-01   4.725482e+00   1.251166e-01 223200607040359040      11514        664     0 2453920.668565  1.331388e+01  2.874715e-02  1.331388e+01  2.874715e-02 
   79070630   4.635603e+00   1.252186e-01   4.635603e+00   1.252186e-01 223200607040400090      11515        662     0 2453920.669329  1.333473e+01  2.932840e-02  1.333473e+01  2.932840e-02 
   79070682   4.520394e+00   1.243208e-01   4.520394e+00   1.243208e-01 223200607040401020      11515        660     0 2453920.669931  1.336206e+01  2.986025e-02  1.336206e+01  2.986025e-02 
   79415948   4.464481e+00   1.271318e-01   4.464481e+00   1.271318e-01 223200607080355190      11511        651     0 2453924.666065  1.337557e+01  3.091784e-02  1.337557e+01  3.091784e-02 
   79416105   4.280792e+00   1.249480e-01   4.280792e+00   1.249480e-01 223200607080357570      11514        674     0 2453924.667882  1.342119e+01  3.169064e-02  1.342119e+01  3.169064e-02 
   79416172   4.425393e+00   1.250294e-01   4.425393e+00   1.250294e-01 223200607080359030      11518        645     0 2453924.668657  1.338512e+01  3.067512e-02  1.338512e+01  3.067512e-02 
   79416230   4.429782e+00   1.244692e-01   4.429782e+00   1.244692e-01 223200607080400010      11519        643     0 2453924.669329  1.338404e+01  3.050741e-02  1.338404e+01  3.050741e-02 
   79502435   5.137763e+00   1.788397e-01   5.137763e+00   1.788397e-01 223200607090356460      11523        644     0 2453925.667072  1.322306e+01  3.779337e-02  1.322306e+01  3.779337e-02 
   79502487   5.070659e+00   1.772716e-01   5.070659e+00   1.772716e-01 223200607090357380      11523        642     0 2453925.667674  1.323734e+01  3.795777e-02  1.323734e+01  3.795777e-02 
   79502556   5.283071e+00   1.729734e-01   5.283071e+00   1.729734e-01 223200607090358470      11524        639     0 2453925.668472  1.319278e+01  3.554829e-02  1.319278e+01  3.554829e-02 
   79502710   5.122277e+00   1.684240e-01   5.122277e+00   1.684240e-01 223200607090401200      11521        622     0 2453925.670255  1.322634e+01  3.569987e-02  1.322634e+01  3.569987e-02 
   80278189   5.640323e+00   1.992365e-01   5.640323e+00   1.992365e-01 223200607180325470      11554        601     0 2453934.645706  1.312174e+01  3.835225e-02  1.312174e+01  3.835225e-02 
   80278251   5.444622e+00   1.960904e-01   5.444622e+00   1.960904e-01 223200607180326500      11557        573     0 2453934.646424  1.316008e+01  3.910340e-02  1.316008e+01  3.910340e-02 
   80278326   5.858576e+00   2.178476e-01   5.858576e+00   2.178476e-01 223200607180328050      11554        597     0 2453934.647292  1.308052e+01  4.037258e-02  1.308052e+01  4.037258e-02 
   80278404   5.184666e+00   2.834778e-01   5.184666e+00   2.834778e-01 223200607180329220      11558        568     0 2453934.648194  1.321320e+01  5.936412e-02  1.321320e+01  5.936412e-02 
   80364281   4.753226e+00   1.481975e-01   4.753226e+00   1.481975e-01 223200607190320380      11550        583     0 2453935.642141  1.330753e+01  3.385152e-02  1.330753e+01  3.385152e-02 
   80364337   4.686192e+00   1.478601e-01   4.686192e+00   1.478601e-01 223200607190321350      11550        582     0 2453935.642789  1.332295e+01  3.425759e-02  1.332295e+01  3.425759e-02 
   80364397   4.677114e+00   1.480449e-01   4.677114e+00   1.480449e-01 223200607190322340      11550        580     0 2453935.643484  1.332506e+01  3.436698e-02  1.332506e+01  3.436698e-02 
   80364458   4.758909e+00   1.460882e-01   4.758909e+00   1.460882e-01 223200607190323360      11550        579     0 2453935.644190  1.330623e+01  3.332986e-02  1.330623e+01  3.332986e-02 
   80450497   4.789314e+00   1.334578e-01   4.789314e+00   1.334578e-01 223200607200317340      11554        575     0 2453936.640012  1.329932e+01  3.025496e-02  1.329932e+01  3.025496e-02 
   80450558   4.606739e+00   1.331734e-01   4.606739e+00   1.331734e-01 223200607200318350      11554        574     0 2453936.640718  1.334152e+01  3.138700e-02  1.334152e+01  3.138700e-02 
   80450622   4.825559e+00   1.349110e-01   4.825559e+00   1.349110e-01 223200607200319380      11554        572     0 2453936.641458  1.329113e+01  3.035467e-02  1.329113e+01  3.035467e-02 
   80450679   4.645977e+00   1.355103e-01   4.645977e+00   1.355103e-01 223200607200320360      11554        570     0 2453936.642118  1.333231e+01  3.166804e-02  1.333231e+01  3.166804e-02 
   80967429   4.372918e+00   1.239724e-01   4.372918e+00   1.239724e-01 223200607260253020      11513        611     0 2453942.623021  1.339807e+01  3.078077e-02  1.339807e+01  3.078077e-02 
   80967488   4.418964e+00   1.224238e-01   4.418964e+00   1.224238e-01 223200607260254000      11514        609     0 2453942.623704  1.338670e+01  3.007953e-02  1.338670e+01  3.007953e-02 
   80967548   4.540038e+00   1.217033e-01   4.540038e+00   1.217033e-01 223200607260255010      11515        607     0 2453942.624398  1.335735e+01  2.910507e-02  1.335735e+01  2.910507e-02 
   80967604   4.471222e+00   1.213905e-01   4.471222e+00   1.213905e-01 223200607260255560      11516        604     0 2453942.625046  1.337393e+01  2.947707e-02  1.337393e+01  2.947707e-02 
   81053650   4.631890e+00   1.339972e-01   4.631890e+00   1.339972e-01 223200607270250020      11509        607     0 2453943.620949  1.333560e+01  3.140967e-02  1.333560e+01  3.140967e-02 
   81053712   4.814924e+00   1.394150e-01   4.814924e+00   1.394150e-01 223200607270251040      11510        604     0 2453943.621667  1.329353e+01  3.143736e-02  1.329353e+01  3.143736e-02 
   81053768   4.421986e+00   1.359354e-01   4.421986e+00   1.359354e-01 223200607270251590      11511        602     0 2453943.622315  1.338596e+01  3.337653e-02  1.338596e+01  3.337653e-02 
   81053830   4.643436e+00   1.330481e-01   4.643436e+00   1.330481e-01 223200607270253010      11511        600     0 2453943.623032  1.333290e+01  3.110965e-02  1.333290e+01  3.110965e-02 
   81139886   8.633763e+00   1.467611e+00   8.633763e+00   1.467611e+00 223200607280247170      11528        596     0 2453944.619051  1.265950e+01  1.845596e-01  1.265950e+01  1.845596e-01 
   81139940   8.264840e+00   9.274309e-01   8.264840e+00   9.274309e-01 223200607280248110      11528        594     0 2453944.619676  1.270691e+01  1.218352e-01  1.270691e+01  1.218352e-01 
   82346064   6.042661e+00   3.949657e-01   6.042661e+00   3.949657e-01 224200608110150170      20166       1680     0 2453958.579444  1.304693e+01  7.096709e-02  1.304693e+01  7.096709e-02 
   82346064   5.974565e+00   4.130374e-01   5.974565e+00   4.130374e-01 223200608110150170      11525        641     0 2453958.579444  1.305923e+01  7.506008e-02  1.305923e+01  7.506008e-02 
   82346120   6.679772e+00   3.936404e-01   6.679772e+00   3.936404e-01 224200608110151120      20162       1682     0 2453958.580093  1.293810e+01  6.398289e-02  1.293810e+01  6.398289e-02 
   82346120   5.705660e+00   4.103939e-01   5.705660e+00   4.103939e-01 223200608110151120      11528        639     0 2453958.580093  1.310923e+01  7.809456e-02  1.310923e+01  7.809456e-02 
   82346175   6.635773e+00   3.956502e-01   6.635773e+00   3.956502e-01 224200608110152070      20160       1683     0 2453958.580729  1.294527e+01  6.473598e-02  1.294527e+01  6.473598e-02 
   82346175   6.185309e+00   4.154424e-01   6.185309e+00   4.154424e-01 223200608110152070      11528        636     0 2453958.580729  1.302160e+01  7.292480e-02  1.302160e+01  7.292480e-02 
   82346234   5.986757e+00   4.123893e-01   5.986757e+00   4.123893e-01 223200608110153070      11529        634     0 2453958.581412  1.305702e+01  7.478967e-02  1.305702e+01  7.478967e-02 
   82518420   9.046186e+00   4.110321e-01   9.046186e+00   4.110321e-01 224200608130142530      20126       1765     0 2453960.574306  1.260884e+01  4.933283e-02  1.260884e+01  4.933283e-02 
   82518420   5.700722e+00   2.709721e-01   5.700722e+00   2.709721e-01 223200608130142530      11527        609     0 2453960.574306  1.311018e+01  5.160841e-02  1.311018e+01  5.160841e-02 
   82518479   9.544041e+00   4.150443e-01   9.544041e+00   4.150443e-01 224200608130143530      20122       1767     0 2453960.574988  1.255067e+01  4.721588e-02  1.255067e+01  4.721588e-02 
   82518479   5.968889e+00   2.699091e-01   5.968889e+00   2.699091e-01 223200608130143520      11528        607     0 2453960.574988  1.306027e+01  4.909642e-02  1.306027e+01  4.909642e-02 
   82518541   9.116610e+00   4.158059e-01   9.116610e+00   4.158059e-01 224200608130144550      20121       1768     0 2453960.575706  1.260042e+01  4.952029e-02  1.260042e+01  4.952029e-02 
   82518541   5.937187e+00   2.708890e-01   5.937187e+00   2.708890e-01 223200608130144550      11527        602     0 2453960.575706  1.306605e+01  4.953777e-02  1.306605e+01  4.953777e-02 
   82518619   5.597961e+00   2.691684e-01   5.597961e+00   2.691684e-01 223200608130146120      11524        624     0 2453960.576609  1.312992e+01  5.220595e-02  1.312992e+01  5.220595e-02 
   82604601   5.601010e+00   2.214788e-01   5.601010e+00   2.214788e-01 223200608140139160      11527        630     0 2453961.571771  1.312933e+01  4.293304e-02  1.312933e+01  4.293304e-02 
   82604657   6.090557e+00   2.165688e-01   6.090557e+00   2.165688e-01 224200608140140120      20096       1776     0 2453961.572419  1.303836e+01  3.860689e-02  1.303836e+01  3.860689e-02 
   82604657   5.422275e+00   2.217732e-01   5.422275e+00   2.217732e-01 223200608140140120      11534        627     0 2453961.572419  1.316455e+01  4.440720e-02  1.316455e+01  4.440720e-02 
   82604714   6.153557e+00   2.214369e-01   6.153557e+00   2.214369e-01 224200608140141080      20092       1773     0 2453961.573079  1.302718e+01  3.907057e-02  1.302718e+01  3.907057e-02 
   82604714   5.736251e+00   2.252339e-01   5.736251e+00   2.252339e-01 223200608140141080      11547        624     0 2453961.573079  1.310343e+01  4.263158e-02  1.310343e+01  4.263158e-02 
   82604768   6.148920e+00   2.205279e-01   6.148920e+00   2.205279e-01 224200608140142030      20092       1775     0 2453961.573704  1.302800e+01  3.893952e-02  1.302800e+01  3.893952e-02 
   82604768   5.282586e+00   2.277696e-01   5.282586e+00   2.277696e-01 223200608140142030      11547        622     0 2453961.573704  1.319288e+01  4.681392e-02  1.319288e+01  4.681392e-02 
   82863075   6.204290e+00   1.546994e-01   6.204290e+00   1.546994e-01 224200608170127120      20110       1749     0 2453964.563368  1.301827e+01  2.707212e-02  1.301827e+01  2.707212e-02 
   82863075   5.074191e+00   1.515339e-01   5.074191e+00   1.515339e-01 223200608170127120      11518        639     0 2453964.563368  1.323658e+01  3.242417e-02  1.323658e+01  3.242417e-02 
   82863143   6.290586e+00   1.543758e-01   6.290586e+00   1.543758e-01 224200608170128190      20102       1775     0 2453964.564155  1.300327e+01  2.664490e-02  1.300327e+01  2.664490e-02 
   82863143   4.969975e+00   1.538502e-01   4.969975e+00   1.538502e-01 223200608170128190      11525        606     0 2453964.564155  1.325911e+01  3.361008e-02  1.325911e+01  3.361008e-02 
   82863199   6.135769e+00   1.533265e-01   6.135769e+00   1.533265e-01 224200608170129150      20100       1776     0 2453964.564803  1.303033e+01  2.713152e-02  1.303033e+01  2.713152e-02 
   82863199   4.866733e+00   1.546874e-01   4.866733e+00   1.546874e-01 223200608170129150      11526        604     0 2453964.564803  1.328191e+01  3.450986e-02  1.328191e+01  3.450986e-02 
   82863259   6.068353e+00   1.534787e-01   6.068353e+00   1.534787e-01 224200608170130160      20099       1776     0 2453964.565498  1.304232e+01  2.746017e-02  1.304232e+01  2.746017e-02 
   82863259   4.995220e+00   1.562299e-01   4.995220e+00   1.562299e-01 223200608170130160      11526        602     0 2453964.565498  1.325361e+01  3.395746e-02  1.325361e+01  3.395746e-02 
   82949248   6.507370e+00   1.298148e-01   6.507370e+00   1.298148e-01 224200608180123250      20171       1724     0 2453965.560741  1.296649e+01  2.165931e-02  1.296649e+01  2.165931e-02 
   82949248   4.622418e+00   1.259327e-01   4.622418e+00   1.259327e-01 223200608180123250      11521        585     0 2453965.560741  1.333783e+01  2.957979e-02  1.333783e+01  2.957979e-02 
   82949310   6.323704e+00   1.305175e-01   6.323704e+00   1.305175e-01 224200608180124270      20166       1725     0 2453965.561458  1.299757e+01  2.240903e-02  1.299757e+01  2.240903e-02 
   82949310   4.794949e+00   1.271224e-01   4.794949e+00   1.271224e-01 223200608180124270      11524        584     0 2453965.561458  1.329804e+01  2.878484e-02  1.329804e+01  2.878484e-02 
   82949373   6.401501e+00   1.293173e-01   6.401501e+00   1.293173e-01 224200608180125310      20165       1728     0 2453965.562187  1.298430e+01  2.193312e-02  1.298430e+01  2.193312e-02 
   82949373   4.409099e+00   1.256041e-01   4.409099e+00   1.256041e-01 223200608180125310      11523        580     0 2453965.562187  1.338913e+01  3.092999e-02  1.338913e+01  3.092999e-02 
   82949464   6.426228e+00   1.314999e-01   6.426228e+00   1.314999e-01 224200608180127020      20168       1705     0 2453965.563241  1.298011e+01  2.221750e-02  1.298011e+01  2.221750e-02 
   82949464   4.505624e+00   1.261804e-01   4.505624e+00   1.261804e-01 223200608180127020      11520        601     0 2453965.563241  1.336561e+01  3.040623e-02  1.336561e+01  3.040623e-02 
   83724675   6.268371e+00   1.271814e-01   6.268371e+00   1.271814e-01 224200608270047250      20148       1758     0 2453974.535590  1.300711e+01  2.202899e-02  1.300711e+01  2.202899e-02 
   83724675   4.559236e+00   1.220212e-01   4.559236e+00   1.220212e-01 223200608270047250      11502        637     0 2453974.535590  1.335277e+01  2.905822e-02  1.335277e+01  2.905822e-02 
   83724739   6.334358e+00   1.280755e-01   6.334358e+00   1.280755e-01 224200608270048280      20141       1784     0 2453974.536331  1.299574e+01  2.195277e-02  1.299574e+01  2.195277e-02 
   83724739   4.608569e+00   1.232327e-01   4.608569e+00   1.232327e-01 223200608270048280      11504        602     0 2453974.536331  1.334108e+01  2.903259e-02  1.334108e+01  2.903259e-02 
   83724814   6.223925e+00   1.254981e-01   6.223925e+00   1.254981e-01 224200608270049440      20143       1761     0 2453974.537199  1.301484e+01  2.189267e-02  1.301484e+01  2.189267e-02 
   83724814   4.428606e+00   1.210190e-01   4.428606e+00   1.210190e-01 223200608270049440      11501        625     0 2453974.537199  1.338433e+01  2.966965e-02  1.338433e+01  2.966965e-02 
   83724876   6.358139e+00   1.275289e-01   6.358139e+00   1.275289e-01 224200608270050460      20139       1787     0 2453974.537917  1.299168e+01  2.177732e-02  1.299168e+01  2.177732e-02 
   83724876   4.463762e+00   1.212846e-01   4.463762e+00   1.212846e-01 223200608270050460      11505        595     0 2453974.537917  1.337575e+01  2.950057e-02  1.337575e+01  2.950057e-02 
   83810842   6.304788e+00   1.215603e-01   6.304788e+00   1.215603e-01 224200608280043330      20144       1764     0 2453975.532894  1.300082e+01  2.093375e-02  1.300082e+01  2.093375e-02 
   83810842   4.495234e+00   1.176722e-01   4.495234e+00   1.176722e-01 223200608280043330      11506        626     0 2453975.532894  1.336812e+01  2.842152e-02  1.336812e+01  2.842152e-02 
   83810894   6.266699e+00   1.223309e-01   6.266699e+00   1.223309e-01 224200608280044250      20142       1765     0 2453975.533495  1.300740e+01  2.119450e-02  1.300740e+01  2.119450e-02 
   83810894   4.593757e+00   1.186452e-01   4.593757e+00   1.186452e-01 223200608280044250      11507        623     0 2453975.533495  1.334458e+01  2.804194e-02  1.334458e+01  2.804194e-02 
   83810965   4.431507e+00   1.179995e-01   4.431507e+00   1.179995e-01 223200608280045350      11507        619     0 2453975.534317  1.338362e+01  2.891044e-02  1.338362e+01  2.891044e-02 
   83810966   6.257439e+00   1.222294e-01   6.257439e+00   1.222294e-01 224200608280045360      20141       1768     0 2453975.534329  1.300901e+01  2.120826e-02  1.300901e+01  2.120826e-02 
   83811022   5.972645e+00   1.220748e-01   5.972645e+00   1.220748e-01 224200608280046320      20141       1768     0 2453975.534977  1.305958e+01  2.219142e-02  1.305958e+01  2.219142e-02 
   83811022   4.632661e+00   1.197174e-01   4.632661e+00   1.197174e-01 223200608280046320      11507        617     0 2453975.534977  1.333542e+01  2.805774e-02  1.333542e+01  2.805774e-02 
   84328675   5.259243e+00   3.012825e-01   5.259243e+00   3.012825e-01 223200609030034170      11496        554     0 2453981.526331  1.319769e+01  6.219801e-02  1.319769e+01  6.219801e-02 
   84328747   6.112146e+00   2.969773e-01   6.112146e+00   2.969773e-01 224200609030035290      20150       1802     0 2453981.527164  1.303452e+01  5.275400e-02  1.303452e+01  5.275400e-02 
   84328747   6.001622e+00   3.008199e-01   6.001622e+00   3.008199e-01 223200609030035280      11493        576     0 2453981.527164  1.305433e+01  5.442066e-02  1.305433e+01  5.442066e-02 
   84328814   6.187327e+00   3.079640e-01   6.187327e+00   3.079640e-01 224200609030036350      20148       1827     0 2453981.527940  1.302124e+01  5.404092e-02  1.302124e+01  5.404092e-02 
   84328814   6.365087e+00   3.207064e-01   6.365087e+00   3.207064e-01 223200609030036350      11492        541     0 2453981.527940  1.299049e+01  5.470527e-02  1.299049e+01  5.470527e-02 
   84328871   6.033719e+00   3.120591e-01   6.033719e+00   3.120591e-01 224200609030037320      20146       1828     0 2453981.528600  1.304854e+01  5.615361e-02  1.304854e+01  5.615361e-02 
   84328871   5.846108e+00   3.114782e-01   5.846108e+00   3.114782e-01 223200609030037320      11494        539     0 2453981.528600  1.308283e+01  5.784778e-02  1.308283e+01  5.784778e-02 
   84500182   6.259784e+00   4.311450e-01   6.259784e+00   4.311450e-01 224200609050012480      20147       1775     0 2453983.511366  1.300860e+01  7.478075e-02  1.300860e+01  7.478075e-02 
   84500182   6.372125e+00   4.586365e-01   6.372125e+00   4.586365e-01 223200609050012480      11504        621     0 2453983.511366  1.298929e+01  7.814661e-02  1.298929e+01  7.814661e-02 
   84500242   6.759213e+00   4.261876e-01   6.759213e+00   4.261876e-01 224200609050013480      20143       1774     0 2453983.512060  1.292526e+01  6.845898e-02  1.292526e+01  6.845898e-02 
   84500242   6.682299e+00   4.642748e-01   6.682299e+00   4.642748e-01 223200609050013480      11505        617     0 2453983.512060  1.293769e+01  7.543537e-02  1.293769e+01  7.543537e-02 
   84500304   6.607673e+00   4.281422e-01   6.607673e+00   4.281422e-01 224200609050014500      20140       1777     0 2453983.512778  1.294988e+01  7.035021e-02  1.294988e+01  7.035021e-02 
   84500304   5.893167e+00   4.636714e-01   5.893167e+00   4.636714e-01 223200609050014500      11505        614     0 2453983.512778  1.307413e+01  8.542549e-02  1.307413e+01  8.542549e-02 
   84500382   6.600703e+00   4.332473e-01   6.600703e+00   4.332473e-01 224200609050016080      20144       1753     0 2453983.513681  1.295102e+01  7.126421e-02  1.295102e+01  7.126421e-02 
   84500382   6.179684e+00   4.578526e-01   6.179684e+00   4.578526e-01 223200609050016080      11502        637     0 2453983.513681  1.302258e+01  8.044244e-02  1.302258e+01  8.044244e-02 
   84844856   6.661601e+00   6.467190e-01   6.661601e+00   6.467190e-01 223200609082357310      11514        630     0 2453987.500648  1.294105e+01  1.054054e-01  1.294105e+01  1.054054e-01 
   84844912   6.771170e+00   6.399768e-01   6.771170e+00   6.399768e-01 223200609082358260      11515        625     0 2453987.501296  1.292334e+01  1.026187e-01  1.292334e+01  1.026187e-01 
   84844913   6.319586e+00   6.041176e-01   6.319586e+00   6.041176e-01 224200609082358270      20147       1746     0 2453987.501308  1.299828e+01  1.037908e-01  1.299828e+01  1.037908e-01 
   84844969   6.857502e+00   6.035993e-01   6.857502e+00   6.035993e-01 224200609082359230      20146       1748     0 2453987.501956  1.290958e+01  9.556714e-02  1.290958e+01  9.556714e-02 
   84844969   5.768992e+00   6.358705e-01   5.768992e+00   6.358705e-01 223200609082359230      11514        622     0 2453987.501956  1.309725e+01  1.196725e-01  1.309725e+01  1.196725e-01 
   84845031   6.653642e+00   6.004345e-01   6.653642e+00   6.004345e-01 224200609090000260      20146       1749     0 2453987.502674  1.294235e+01  9.797878e-02  1.294235e+01  9.797878e-02 
   84845031   7.188668e+00   6.391538e-01   7.188668e+00   6.391538e-01 223200609090000260      11514        620     0 2453987.502674  1.285838e+01  9.653456e-02  1.285838e+01  9.653456e-02 
   85017156   5.962640e+00   3.168623e-01   5.962640e+00   3.168623e-01 224200609102349160      20159       1792     0 2453989.494861  1.306140e+01  5.769760e-02  1.306140e+01  5.769760e-02 
   85017156   6.374864e+00   3.473546e-01   6.374864e+00   3.473546e-01 223200609102349160      11490        580     0 2453989.494861  1.298882e+01  5.915998e-02  1.298882e+01  5.915998e-02 
   85017223   6.310097e+00   4.243014e-01   6.310097e+00   4.243014e-01 224200609102350220      20155       1791     0 2453989.495637  1.299991e+01  7.300697e-02  1.299991e+01  7.300697e-02 
   85017223   6.036454e+00   4.537992e-01   6.036454e+00   4.537992e-01 223200609102350220      11492        578     0 2453989.495637  1.304805e+01  8.162209e-02  1.304805e+01  8.162209e-02 
   85017282   6.749099e+00   3.883457e-01   6.749099e+00   3.883457e-01 224200609102351210      20154       1792     0 2453989.496319  1.292689e+01  6.247388e-02  1.292689e+01  6.247388e-02 
   85017282   6.004254e+00   3.963207e-01   6.004254e+00   3.963207e-01 223200609102351210      11492        575     0 2453989.496319  1.305385e+01  7.166606e-02  1.305385e+01  7.166606e-02 
   85017340   6.778536e+00   3.785474e-01   6.778536e+00   3.785474e-01 224200609102352200      20154       1793     0 2453989.496991  1.292216e+01  6.063315e-02  1.292216e+01  6.063315e-02 
   85017340   6.761372e+00   4.104908e-01   6.761372e+00   4.104908e-01 223200609102352200      11490        569     0 2453989.496991  1.292491e+01  6.591654e-02  1.292491e+01  6.591654e-02 
   85361749   6.214378e+00   1.258213e-01   6.214378e+00   1.258213e-01 224200609142332380      20131       1773     0 2453993.483206  1.301651e+01  2.198277e-02  1.301651e+01  2.198277e-02 
   85361749   4.524889e+00   1.214219e-01   4.524889e+00   1.214219e-01 223200609142332380      11493        535     0 2453993.483206  1.336098e+01  2.913499e-02  1.336098e+01  2.913499e-02 
   85361802   6.230858e+00   1.242933e-01   6.230858e+00   1.242933e-01 224200609142333310      20127       1773     0 2453993.483819  1.301363e+01  2.165837e-02  1.301363e+01  2.165837e-02 
   85361806   4.630386e+00   1.216003e-01   4.630386e+00   1.216003e-01 223200609142333360      11494        532     0 2453993.483866  1.333596e+01  2.851302e-02  1.333596e+01  2.851302e-02 
   85361867   6.484534e+00   1.250027e-01   6.484534e+00   1.250027e-01 224200609142334370      20125       1775     0 2453993.484572  1.297030e+01  2.092986e-02  1.297030e+01  2.092986e-02 
   85361867   4.665237e+00   1.212385e-01   4.665237e+00   1.212385e-01 223200609142334370      11494        529     0 2453993.484572  1.332782e+01  2.821583e-02  1.332782e+01  2.821583e-02 
   85361942   6.240866e+00   1.265872e-01   6.240866e+00   1.265872e-01 224200609142335520      20127       1750     0 2453993.485440  1.301189e+01  2.202271e-02  1.301189e+01  2.202271e-02 
   85361942   4.473867e+00   1.210483e-01   4.473867e+00   1.210483e-01 223200609142335520      11490        551     0 2453993.485440  1.337329e+01  2.937658e-02  1.337329e+01  2.937658e-02 
   85620647   6.532892e+00   1.470087e-01   6.532892e+00   1.470087e-01 224200609172327440      20160       1734     0 2453996.479711  1.296224e+01  2.443225e-02  1.296224e+01  2.443225e-02 
   85620647   4.552484e+00   1.370202e-01   4.552484e+00   1.370202e-01 223200609172327440      11463        542     0 2453996.479711  1.335438e+01  3.267850e-02  1.335438e+01  3.267850e-02 
   85620706   6.442101e+00   1.478332e-01   6.442101e+00   1.478332e-01 224200609172328430      20157       1736     0 2453996.480394  1.297743e+01  2.491554e-02  1.297743e+01  2.491554e-02 
   85620706   4.440274e+00   1.371757e-01   4.440274e+00   1.371757e-01 223200609172328430      11464        538     0 2453996.480394  1.338148e+01  3.354234e-02  1.338148e+01  3.354234e-02 
   85620769   6.475873e+00   1.480484e-01   6.475873e+00   1.480484e-01 224200609172329460      20156       1738     0 2453996.481123  1.297175e+01  2.482169e-02  1.297175e+01  2.482169e-02 
   85620769   4.669619e+00   1.375061e-01   4.669619e+00   1.375061e-01 223200609172329460      11464        536     0 2453996.481123  1.332680e+01  3.197174e-02  1.332680e+01  3.197174e-02 
   85620823   6.729438e+00   1.491254e-01   6.729438e+00   1.491254e-01 224200609172330410      20155       1739     0 2453996.481748  1.293005e+01  2.406017e-02  1.293005e+01  2.406017e-02 
   85620823   4.337197e+00   1.379130e-01   4.337197e+00   1.379130e-01 223200609172330410      11464        533     0 2453996.481748  1.340698e+01  3.452406e-02  1.340698e+01  3.452406e-02 
   85706443   6.203324e+00   1.461741e-01   6.203324e+00   1.461741e-01 224200609182317440      20159       1690     0 2453997.472720  1.301844e+01  2.558420e-02  1.301844e+01  2.558420e-02 
   85706443   4.510723e+00   1.355632e-01   4.510723e+00   1.355632e-01 223200609182317440      11467        516     0 2453997.472720  1.336438e+01  3.263034e-02  1.336438e+01  3.263034e-02 
   85706506   6.276500e+00   1.473558e-01   6.276500e+00   1.473558e-01 224200609182318460      20153       1715     0 2453997.473449  1.300571e+01  2.549034e-02  1.300571e+01  2.549034e-02 
   85706506   4.750370e+00   1.350497e-01   4.750370e+00   1.350497e-01 223200609182318460      11470        492     0 2453997.473449  1.330818e+01  3.086683e-02  1.330818e+01  3.086683e-02 
   85706561   6.594635e+00   1.471848e-01   6.594635e+00   1.471848e-01 224200609182319420      20150       1718     0 2453997.474086  1.295202e+01  2.423249e-02  1.295202e+01  2.423249e-02 
   85706561   4.597543e+00   1.337584e-01   4.597543e+00   1.337584e-01 223200609182319410      11471        489     0 2453997.474086  1.334369e+01  3.158792e-02  1.334369e+01  3.158792e-02 
   85706638   6.245762e+00   1.462834e-01   6.245762e+00   1.462834e-01 224200609182320580      20153       1694     0 2453997.474977  1.301104e+01  2.542937e-02  1.301104e+01  2.542937e-02 
   85706638   4.352981e+00   1.327217e-01   4.352981e+00   1.327217e-01 223200609182320580      11467        514     0 2453997.474977  1.340303e+01  3.310404e-02  1.340303e+01  3.310404e-02 
   85878757   6.428221e+00   1.383028e-01   6.428221e+00   1.383028e-01 224200609202309430      20134       1736     0 2453999.467095  1.297977e+01  2.335964e-02  1.297977e+01  2.335964e-02 
   85878757   4.472528e+00   1.329451e-01   4.472528e+00   1.329451e-01 223200609202309430      11469        568     0 2453999.467095  1.337362e+01  3.227342e-02  1.337362e+01  3.227342e-02 
   85878814   6.381024e+00   1.382231e-01   6.381024e+00   1.382231e-01 224200609202310410      20128       1737     0 2453999.467755  1.298777e+01  2.351885e-02  1.298777e+01  2.351885e-02 
   85878814   4.507453e+00   1.325161e-01   4.507453e+00   1.325161e-01 223200609202310400      11471        565     0 2453999.467755  1.336517e+01  3.192003e-02  1.336517e+01  3.192003e-02 
   85878875   6.299979e+00   1.379365e-01   6.299979e+00   1.379365e-01 224200609202311410      20125       1740     0 2453999.468461  1.300165e+01  2.377200e-02  1.300165e+01  2.377200e-02 
   85878875   4.622352e+00   1.328766e-01   4.622352e+00   1.328766e-01 223200609202311410      11472        563     0 2453999.468461  1.333784e+01  3.121127e-02  1.333784e+01  3.121127e-02 
   85878935   6.392265e+00   1.376436e-01   6.392265e+00   1.376436e-01 224200609202312420      20124       1742     0 2453999.469155  1.298586e+01  2.337906e-02  1.298586e+01  2.337906e-02 
   85878935   4.830773e+00   1.326797e-01   4.830773e+00   1.326797e-01 223200609202312420      11472        560     0 2453999.469155  1.328996e+01  2.982041e-02  1.328996e+01  2.982041e-02 
   85964880   6.401402e+00   1.308450e-01   6.401402e+00   1.308450e-01 224200609212305090      20129       1757     0 2454000.463889  1.298431e+01  2.219258e-02  1.298431e+01  2.219258e-02 
   85964880   4.723412e+00   1.228556e-01   4.723412e+00   1.228556e-01 223200609212305090      11483        563     0 2454000.463889  1.331436e+01  2.824001e-02  1.331436e+01  2.824001e-02 
   85965033   6.849041e+00   1.314497e-01   6.849041e+00   1.314497e-01 224200609212307420      20123       1760     0 2454000.465660  1.291093e+01  2.083799e-02  1.291093e+01  2.083799e-02 
   85965033   4.806292e+00   1.224266e-01   4.806292e+00   1.224266e-01 223200609212307420      11485        556     0 2454000.465660  1.329548e+01  2.765613e-02  1.329548e+01  2.765613e-02 
   85965096   6.740252e+00   1.321070e-01   6.740252e+00   1.321070e-01 224200609212308460      20121       1761     0 2454000.466389  1.292831e+01  2.128020e-02  1.292831e+01  2.128020e-02 
   85965096   4.554549e+00   1.225456e-01   4.554549e+00   1.225456e-01 223200609212308460      11486        553     0 2454000.466389  1.335389e+01  2.921314e-02  1.335389e+01  2.921314e-02 
   85965152   6.697740e+00   1.323432e-01   6.697740e+00   1.323432e-01 224200609212309410      20120       1763     0 2454000.467037  1.293518e+01  2.145356e-02  1.293518e+01  2.145356e-02 
   85965152   4.717698e+00   1.231098e-01   4.717698e+00   1.231098e-01 223200609212309410      11487        551     0 2454000.467037  1.331567e+01  2.833272e-02  1.331567e+01  2.833272e-02 
   86404994   6.281750e+00   1.293875e-01   6.281750e+00   1.293875e-01 224200609270120390      20229       1967     0 2454005.557801  1.300480e+01  2.236338e-02  1.300480e+01  2.236338e-02 
   86404994   4.564688e+00   1.269866e-01   4.564688e+00   1.269866e-01 223200609270120390      11349        213     0 2454005.557801  1.335147e+01  3.020458e-02  1.335147e+01  3.020458e-02 
   86405053   6.472330e+00   1.308112e-01   6.472330e+00   1.308112e-01 224200609270121390      20225       1992     0 2454005.558484  1.297235e+01  2.194371e-02  1.297235e+01  2.194371e-02 
   86405055   4.775006e+00   1.275504e-01   4.775006e+00   1.275504e-01 223200609270121400      11352        185     0 2454005.558507  1.330257e+01  2.900238e-02  1.330257e+01  2.900238e-02 
   86405123   6.566264e+00   1.318259e-01   6.566264e+00   1.318259e-01 224200609270122490      20226       1992     0 2454005.559294  1.295670e+01  2.179757e-02  1.295670e+01  2.179757e-02 
   86405123   4.672270e+00   1.271355e-01   4.672270e+00   1.271355e-01 223200609270122490      11351        183     0 2454005.559294  1.332618e+01  2.954370e-02  1.332618e+01  2.954370e-02 
   86405182   6.331710e+00   1.317903e-01   6.331710e+00   1.317903e-01 224200609270123480      20226       1992     0 2454005.559977  1.299620e+01  2.259895e-02  1.299620e+01  2.259895e-02 
   86405184   4.800931e+00   1.288669e-01   4.800931e+00   1.288669e-01 223200609270123490      11350        181     0 2454005.560000  1.329669e+01  2.914351e-02  1.329669e+01  2.914351e-02 
   87688166   4.486439e+00   1.061535e-01   4.486439e+00   1.061535e-01 223200610112147440      11144        363     0 2454020.409329  1.337025e+01  2.568966e-02  1.337025e+01  2.568966e-02 
   87688240   4.432966e+00   1.046406e-01   4.432966e+00   1.046406e-01 223200610112148580      11147        333     0 2454020.410185  1.338326e+01  2.562901e-02  1.338326e+01  2.562901e-02 
   87688294   4.679174e+00   1.061465e-01   4.679174e+00   1.061465e-01 223200610112149520      11147        331     0 2454020.410810  1.332458e+01  2.462988e-02  1.332458e+01  2.462988e-02 
   87860512   4.653806e+00   1.162156e-01   4.653806e+00   1.162156e-01 223200610132140170      11107        385     0 2454022.404074  1.333048e+01  2.711327e-02  1.333048e+01  2.711327e-02 
   87860579   4.731952e+00   1.166097e-01   4.731952e+00   1.166097e-01 223200610132141240      11107        380     0 2454022.404850  1.331240e+01  2.675594e-02  1.331240e+01  2.675594e-02 
   87860635   4.526804e+00   1.160478e-01   4.526804e+00   1.160478e-01 223200610132142200      11107        378     0 2454022.405498  1.336052e+01  2.783370e-02  1.336052e+01  2.783370e-02 
   87860695   4.611805e+00   1.162256e-01   4.611805e+00   1.162256e-01 223200610132143190      11107        375     0 2454022.406192  1.334032e+01  2.736256e-02  1.334032e+01  2.736256e-02 
   88033124   4.580565e+00   1.097827e-01   4.580565e+00   1.097827e-01 223200610152137170      11103        415     0 2454024.401898  1.334770e+01  2.602199e-02  1.334770e+01  2.602199e-02 
   88033185   4.603452e+00   1.110792e-01   4.603452e+00   1.110792e-01 223200610152138180      11103        411     0 2454024.402604  1.334229e+01  2.619842e-02  1.334229e+01  2.619842e-02 
   88033240   4.528798e+00   1.108860e-01   4.528798e+00   1.108860e-01 223200610152139130      11102        406     0 2454024.403241  1.336004e+01  2.658395e-02  1.336004e+01  2.658395e-02 
   88033299   4.535161e+00   1.098109e-01   4.535161e+00   1.098109e-01 223200610152140120      11102        402     0 2454024.403924  1.335852e+01  2.628926e-02  1.335852e+01  2.628926e-02 
   88377447   4.786173e+00   1.146220e-01   4.786173e+00   1.146220e-01 223200610192116140      11088        431     0 2454028.387118  1.330003e+01  2.600191e-02  1.330003e+01  2.600191e-02 
   88377499   4.720108e+00   1.156467e-01   4.720108e+00   1.156467e-01 223200610192117070      11087        427     0 2454028.387720  1.331512e+01  2.660155e-02  1.331512e+01  2.660155e-02 
   88377584   4.659568e+00   1.154194e-01   4.659568e+00   1.154194e-01 223200610192118310      11084        450     0 2454028.388704  1.332914e+01  2.689423e-02  1.332914e+01  2.689423e-02 
   88377646   4.587697e+00   1.144127e-01   4.587697e+00   1.144127e-01 223200610192119340      11083        447     0 2454028.389421  1.334601e+01  2.707730e-02  1.334601e+01  2.707730e-02 
   88463612   4.613799e+00   1.122718e-01   4.613799e+00   1.122718e-01 223200610202112230      11110        385     0 2454029.384398  1.333985e+01  2.642031e-02  1.333985e+01  2.642031e-02 
   88463684   4.715508e+00   1.116476e-01   4.715508e+00   1.116476e-01 223200610202113350      11108        380     0 2454029.385231  1.331618e+01  2.570673e-02  1.331618e+01  2.570673e-02 
   88463747   4.595605e+00   1.120736e-01   4.595605e+00   1.120736e-01 223200610202114380      11108        378     0 2454029.385961  1.334414e+01  2.647808e-02  1.334414e+01  2.647808e-02 
   88463806   4.630328e+00   1.121504e-01   4.630328e+00   1.121504e-01 223200610202115380      11107        376     0 2454029.386644  1.333597e+01  2.629752e-02  1.333597e+01  2.629752e-02 
   88551560   4.759692e+00   1.212908e-01   4.759692e+00   1.212908e-01 223200610212138150      11106        326     0 2454030.402315  1.330605e+01  2.766782e-02  1.330605e+01  2.766782e-02 
   88551692   4.794606e+00   1.198545e-01   4.794606e+00   1.198545e-01 223200610212140270      11103        316     0 2454030.403843  1.329812e+01  2.714109e-02  1.329812e+01  2.714109e-02 
   88551764   4.590819e+00   1.204159e-01   4.590819e+00   1.204159e-01 223200610212141400      11098        338     0 2454030.404676  1.334527e+01  2.847866e-02  1.334527e+01  2.847866e-02 
   88637622   6.433145e+00   1.194653e+00   6.433145e+00   1.194653e+00 223200610222132420      11104        371     0 2454031.398403  1.297894e+01  2.016250e-01  1.297894e+01  2.016250e-01 
   88637695   8.696424e+00   1.513760e+00   8.696424e+00   1.513760e+00 223200610222133550      11104        339     0 2454031.399248  1.265165e+01  1.889914e-01  1.265165e+01  1.889914e-01 
   88722112   4.814263e+00   1.154716e-01   4.814263e+00   1.154716e-01 223200610232100550      11094        416     0 2454032.376296  1.329368e+01  2.604182e-02  1.329368e+01  2.604182e-02 
   88722166   4.752037e+00   1.157127e-01   4.752037e+00   1.157127e-01 223200610232101500      11095        413     0 2454032.376921  1.330780e+01  2.643791e-02  1.330780e+01  2.643791e-02 
   88722228   4.745518e+00   1.152639e-01   4.745518e+00   1.152639e-01 223200610232102520      11095        411     0 2454032.377639  1.330929e+01  2.637154e-02  1.330929e+01  2.637154e-02 
   88722295   4.627957e+00   1.150046e-01   4.627957e+00   1.150046e-01 223200610232103590      11095        408     0 2454032.378414  1.333653e+01  2.698060e-02  1.333653e+01  2.698060e-02 
   88980557   4.930729e+00   1.292404e-01   4.930729e+00   1.292404e-01 223200610262048320      11096        478     0 2454035.367558  1.326772e+01  2.845857e-02  1.326772e+01  2.845857e-02 
   88980611   4.796662e+00   1.294031e-01   4.796662e+00   1.294031e-01 223200610262049260      11097        475     0 2454035.368183  1.329765e+01  2.929082e-02  1.329765e+01  2.929082e-02 
   88980671   4.888519e+00   1.296695e-01   4.888519e+00   1.296695e-01 223200610262050270      11097        473     0 2454035.368877  1.327706e+01  2.879960e-02  1.327706e+01  2.879960e-02 
   88980735   4.896753e+00   1.278463e-01   4.896753e+00   1.278463e-01 223200610262051300      11092        464     0 2454035.369618  1.327523e+01  2.834691e-02  1.327523e+01  2.834691e-02 
   89066673   5.064871e+00   1.376333e-01   5.064871e+00   1.376333e-01 223200610272043520      11117        449     0 2454036.364271  1.323858e+01  2.950400e-02  1.323858e+01  2.950400e-02 
   89066736   5.163476e+00   1.379040e-01   5.163476e+00   1.379040e-01 223200610272044550      11116        447     0 2454036.365000  1.321764e+01  2.899750e-02  1.321764e+01  2.899750e-02 
   89066792   5.196562e+00   1.390612e-01   5.196562e+00   1.390612e-01 223200610272045520      11116        443     0 2454036.365648  1.321071e+01  2.905466e-02  1.321071e+01  2.905466e-02 
   89066857   5.082786e+00   1.396600e-01   5.082786e+00   1.396600e-01 223200610272046560      11115        440     0 2454036.366400  1.323475e+01  2.983294e-02  1.323475e+01  2.983294e-02 
   89152871   6.205987e+00   2.171686e-01   6.205987e+00   2.171686e-01 223200610282040350      11100        460     0 2454037.361933  1.301797e+01  3.799374e-02  1.301797e+01  3.799374e-02 
   89152944   5.186467e+00   2.073354e-01   5.186467e+00   2.073354e-01 223200610282041480      11102        427     0 2454037.362778  1.321282e+01  4.340379e-02  1.321282e+01  4.340379e-02 
   89153005   5.510851e+00   1.766510e-01   5.510851e+00   1.766510e-01 223200610282042490      11102        424     0 2454037.363484  1.314695e+01  3.480352e-02  1.314695e+01  3.480352e-02 
   89238992   5.696924e+00   1.834799e-01   5.696924e+00   1.834799e-01 223200610292035590      11094        416     0 2454038.358704  1.311090e+01  3.496826e-02  1.311090e+01  3.496826e-02 
   89239047   5.342052e+00   1.837984e-01   5.342052e+00   1.837984e-01 223200610292036550      11095        413     0 2454038.359340  1.318073e+01  3.735592e-02  1.318073e+01  3.735592e-02 
   89239094   5.345424e+00   1.834452e-01   5.345424e+00   1.834452e-01 223200610292037410      11093        405     0 2454038.359884  1.318004e+01  3.726061e-02  1.318004e+01  3.726061e-02 
   89239172   5.449921e+00   1.835501e-01   5.449921e+00   1.835501e-01 223200610292038590      11093        403     0 2454038.360787  1.315902e+01  3.656708e-02  1.315902e+01  3.656708e-02 
   89411367   6.795224e+00   2.801675e-01   6.795224e+00   2.801675e-01 223200610312029020      11087        417     0 2454040.353785  1.291949e+01  4.476513e-02  1.291949e+01  4.476513e-02 
   89411440   6.176990e+00   2.823100e-01   6.176990e+00   2.823100e-01 223200610312030160      11084        438     0 2454040.354630  1.302306e+01  4.962211e-02  1.302306e+01  4.962211e-02 
   89411510   6.346059e+00   2.839481e-01   6.346059e+00   2.839481e-01 223200610312031250      11087        406     0 2454040.355440  1.299374e+01  4.858036e-02  1.299374e+01  4.858036e-02 
   89411567   6.251542e+00   2.821856e-01   6.251542e+00   2.821856e-01 223200610312032230      11086        402     0 2454040.356100  1.301003e+01  4.900874e-02  1.301003e+01  4.900874e-02 
   89842128   5.887999e+00   4.027338e-01   5.887999e+00   4.027338e-01 223200611052008420      11098        419     0 2454045.339444  1.307508e+01  7.426362e-02  1.307508e+01  7.426362e-02 
   89842186   6.071040e+00   4.018953e-01   6.071040e+00   4.018953e-01 223200611052009400      11099        415     0 2454045.340116  1.304184e+01  7.187464e-02  1.304184e+01  7.187464e-02 
   89842259   6.263534e+00   4.039231e-01   6.263534e+00   4.039231e-01 223200611052010530      11098        412     0 2454045.340961  1.300795e+01  7.001725e-02  1.300795e+01  7.001725e-02 
   89842318   6.098877e+00   4.056995e-01   6.098877e+00   4.056995e-01 223200611052011520      11098        409     0 2454045.341644  1.303687e+01  7.222381e-02  1.303687e+01  7.222381e-02 
   89928312   6.229737e+00   3.110896e-01   6.229737e+00   3.110896e-01 223200611062005110      11101        437     0 2454046.336944  1.301383e+01  5.421777e-02  1.301383e+01  5.421777e-02 
   89928381   6.226779e+00   3.087379e-01   6.226779e+00   3.087379e-01 223200611062006190      11102        433     0 2454046.337743  1.301434e+01  5.383347e-02  1.301434e+01  5.383347e-02 
   89928435   6.139268e+00   3.073989e-01   6.139268e+00   3.073989e-01 223200611062007140      11102        431     0 2454046.338368  1.302971e+01  5.436401e-02  1.302971e+01  5.436401e-02 
   89928499   6.480220e+00   3.103365e-01   6.480220e+00   3.103365e-01 223200611062008180      11102        428     0 2454046.339109  1.297103e+01  5.199588e-02  1.297103e+01  5.199588e-02 
   90014500   5.548921e+00   2.039337e-01   5.548921e+00   2.039337e-01 223200611072001430      11109        445     0 2454047.334491  1.313948e+01  3.990306e-02  1.313948e+01  3.990306e-02 
   90014554   5.363004e+00   2.232626e-01   5.363004e+00   2.232626e-01 223200611072002370      11110        442     0 2454047.335116  1.317648e+01  4.519950e-02  1.317648e+01  4.519950e-02 
   90014643   5.797083e+00   1.907034e-01   5.797083e+00   1.907034e-01 223200611072004050      11106        464     0 2454047.336146  1.309198e+01  3.571698e-02  1.309198e+01  3.571698e-02 
   90014705   5.387174e+00   1.932738e-01   5.387174e+00   1.932738e-01 223200611072005080      11104        461     0 2454047.336863  1.317160e+01  3.895272e-02  1.317160e+01  3.895272e-02 
   90272989   4.737813e+00   1.266808e-01   4.737813e+00   1.266808e-01 223200611101950030      11105        428     0 2454050.326262  1.331106e+01  2.903079e-02  1.331106e+01  2.903079e-02 
   90273043   4.882967e+00   1.286334e-01   4.882967e+00   1.286334e-01 223200611101950570      11105        425     0 2454050.326887  1.327829e+01  2.860196e-02  1.327829e+01  2.860196e-02 
   90273091   4.885555e+00   1.324311e-01   4.885555e+00   1.324311e-01 223200611101951450      11104        421     0 2454050.327442  1.327771e+01  2.943079e-02  1.327771e+01  2.943079e-02 
   90273156   4.923995e+00   1.272437e-01   4.923995e+00   1.272437e-01 223200611101952500      11104        419     0 2454050.328194  1.326921e+01  2.805720e-02  1.326921e+01  2.805720e-02 
   90617604   4.529338e+00   1.193386e-01   4.529338e+00   1.193386e-01 223200611141933540      11096        454     0 2454054.314861  1.335991e+01  2.860697e-02  1.335991e+01  2.860697e-02 
   90617666   4.775767e+00   1.200312e-01   4.775767e+00   1.200312e-01 223200611141934560      11096        450     0 2454054.315579  1.330239e+01  2.728833e-02  1.330239e+01  2.728833e-02 
   90617726   4.724453e+00   1.196544e-01   4.724453e+00   1.196544e-01 223200611141935570      11100        421     0 2454054.316273  1.331412e+01  2.749812e-02  1.331412e+01  2.749812e-02 
   90617777   4.633996e+00   1.187059e-01   4.633996e+00   1.187059e-01 223200611141936470      11100        419     0 2454054.316863  1.333511e+01  2.781267e-02  1.333511e+01  2.781267e-02 
   93120145   6.194313e+00   2.473508e-01   6.194313e+00   2.473508e-01 223200612131844400      11768        267     0 2454083.279456  1.302002e+01  4.335569e-02  1.302002e+01  4.335569e-02 
   93120204   6.036094e+00   2.318475e-01   6.036094e+00   2.318475e-01 223200612131845380      11769        265     0 2454083.280139  1.304811e+01  4.170348e-02  1.304811e+01  4.170348e-02 
   93120280   5.841422e+00   2.121597e-01   5.841422e+00   2.121597e-01 223200612131846550      11766        287     0 2454083.281019  1.308370e+01  3.943394e-02  1.308370e+01  3.943394e-02 
   93120344   5.332227e+00   1.990451e-01   5.332227e+00   1.990451e-01 223200612131847580      11769        259     0 2454083.281759  1.318273e+01  4.052926e-02  1.318273e+01  4.052926e-02 
   93292979   5.923121e+00   2.887332e-01   5.923121e+00   2.887332e-01 223200612151845190      11742        239     0 2454085.279850  1.306862e+01  5.292635e-02  1.306862e+01  5.292635e-02 
   93293033   6.107272e+00   2.726542e-01   6.107272e+00   2.726542e-01 223200612151846130      11741        237     0 2454085.280475  1.303538e+01  4.847198e-02  1.303538e+01  4.847198e-02 
   93293087   5.924860e+00   2.580074e-01   5.924860e+00   2.580074e-01 223200612151847070      11741        235     0 2454085.281100  1.306831e+01  4.728026e-02  1.306831e+01  4.728026e-02 
   93293141   5.903234e+00   2.456893e-01   5.903234e+00   2.456893e-01 223200612151848010      11741        232     0 2454085.281725  1.307228e+01  4.518790e-02  1.307228e+01  4.518790e-02 
   93725377   6.030294e+00   2.467490e-01   6.030294e+00   2.467490e-01 223200612201852110      11211        150     0 2454090.284456  1.304915e+01  4.442656e-02  1.304915e+01  4.442656e-02 
   93725436   5.639304e+00   2.299867e-01   5.639304e+00   2.299867e-01 223200612201853100      11210        147     0 2454090.285139  1.312194e+01  4.427954e-02  1.312194e+01  4.427954e-02 
   93725493   5.773319e+00   2.178185e-01   5.773319e+00   2.178185e-01 223200612201854080      11209        145     0 2454090.285799  1.309644e+01  4.096330e-02  1.309644e+01  4.096330e-02 
   93725555   6.063849e+00   2.050970e-01   6.063849e+00   2.050970e-01 223200612201855100      11209        143     0 2454090.286516  1.304313e+01  3.672288e-02  1.304313e+01  3.672288e-02 
   94935181   6.521357e+00   3.959962e-01   6.521357e+00   3.959962e-01 224200701031856070      19372       1625     0 2454104.286817  1.296416e+01  6.592937e-02  1.296416e+01  6.592937e-02 
   94935247   6.695896e+00   3.916737e-01   6.695896e+00   3.916737e-01 224200701031857140      19372       1625     0 2454104.287581  1.293548e+01  6.350992e-02  1.293548e+01  6.350992e-02 
   94935305   6.091322e+00   3.866892e-01   6.091322e+00   3.866892e-01 224200701031858120      19372       1625     0 2454104.288252  1.303822e+01  6.892493e-02  1.303822e+01  6.892493e-02 
   94935370   6.760994e+00   3.815921e-01   6.760994e+00   3.815921e-01 224200701031859170      19373       1624     0 2454104.289005  1.292497e+01  6.127941e-02  1.292497e+01  6.127941e-02 
   95021610   6.342003e+00   2.994120e-01   6.342003e+00   2.994120e-01 224200701041856390      19374       1609     0 2454105.287153  1.299443e+01  5.125882e-02  1.299443e+01  5.125882e-02 
   95021747   6.314784e+00   2.720769e-01   6.314784e+00   2.720769e-01 224200701041858560      19371       1634     0 2454105.288738  1.299910e+01  4.677988e-02  1.299910e+01  4.677988e-02 
   95107911   6.324997e+00   2.575643e-01   6.324997e+00   2.575643e-01 224200701051855020      19394       1647     0 2454106.286007  1.299735e+01  4.421312e-02  1.299735e+01  4.421312e-02 
   95107967   6.534294e+00   2.438883e-01   6.534294e+00   2.438883e-01 224200701051855570      19394       1647     0 2454106.286655  1.296200e+01  4.052454e-02  1.296200e+01  4.052454e-02 
   95108021   6.592729e+00   2.318127e-01   6.592729e+00   2.318127e-01 224200701051856510      19394       1647     0 2454106.287280  1.295234e+01  3.817666e-02  1.295234e+01  3.817666e-02 
   95108075   6.312387e+00   2.212610e-01   6.312387e+00   2.212610e-01 224200701051857460      19395       1647     0 2454106.287905  1.299952e+01  3.805722e-02  1.299952e+01  3.805722e-02 
   95280698   6.384934e+00   2.360575e-01   6.384934e+00   2.360575e-01 224200701071854530      19415       1634     0 2454108.285856  1.298711e+01  4.014091e-02  1.298711e+01  4.014091e-02 
   95280884   6.303115e+00   2.018316e-01   6.303115e+00   2.018316e-01 224200701071857590      19404       1578     0 2454108.288009  1.300111e+01  3.476640e-02  1.300111e+01  3.476640e-02 
   95280940   6.484375e+00   1.932098e-01   6.484375e+00   1.932098e-01 224200701071858540      19404       1578     0 2454108.288657  1.297033e+01  3.235093e-02  1.297033e+01  3.235093e-02 
   95367162   6.203332e+00   2.575263e-01   6.203332e+00   2.575263e-01 224200701081855580      19412       1655     0 2454109.286597  1.301844e+01  4.507361e-02  1.301844e+01  4.507361e-02 
   95367216   6.159873e+00   2.433176e-01   6.159873e+00   2.433176e-01 224200701081856520      19411       1654     0 2454109.287222  1.302607e+01  4.288718e-02  1.302607e+01  4.288718e-02 
   95367273   6.320140e+00   2.304553e-01   6.320140e+00   2.304553e-01 224200701081857490      19412       1654     0 2454109.287882  1.299818e+01  3.959002e-02  1.299818e+01  3.959002e-02 
   95367329   6.202007e+00   2.184372e-01   6.202007e+00   2.184372e-01 224200701081858450      19412       1653     0 2454109.288530  1.301867e+01  3.824021e-02  1.301867e+01  3.824021e-02 
   95453547   6.573925e+00   2.551009e-01   6.573925e+00   2.551009e-01 224200701091855450      19406       1675     0 2454110.286424  1.295544e+01  4.213210e-02  1.295544e+01  4.213210e-02 
   95453603   6.853530e+00   2.425136e-01   6.853530e+00   2.425136e-01 224200701091856400      19406       1674     0 2454110.287072  1.291021e+01  3.841913e-02  1.291021e+01  3.841913e-02 
   95453657   6.878288e+00   2.305280e-01   6.878288e+00   2.305280e-01 224200701091857350      19406       1673     0 2454110.287697  1.290630e+01  3.638892e-02  1.290630e+01  3.638892e-02 
   95453713   6.428479e+00   2.195246e-01   6.428479e+00   2.195246e-01 224200701091858300      19407       1673     0 2454110.288345  1.297973e+01  3.707667e-02  1.297973e+01  3.707667e-02 
   95539937   6.921876e+00   2.514458e-01   6.921876e+00   2.514458e-01 224200701101855350      19412       1682     0 2454111.286308  1.289944e+01  3.944087e-02  1.289944e+01  3.944087e-02 
   95539991   6.895936e+00   2.382202e-01   6.895936e+00   2.382202e-01 224200701101856300      19411       1681     0 2454111.286933  1.290352e+01  3.750691e-02  1.290352e+01  3.750691e-02 
   95540045   6.638864e+00   2.269472e-01   6.638864e+00   2.269472e-01 224200701101857240      19411       1680     0 2454111.287558  1.294477e+01  3.711563e-02  1.294477e+01  3.711563e-02 
   95540101   6.932013e+00   2.165899e-01   6.932013e+00   2.165899e-01 224200701101858190      19411       1680     0 2454111.288206  1.289785e+01  3.392382e-02  1.289785e+01  3.392382e-02 
   95626319   6.293532e+00   2.726522e-01   6.293532e+00   2.726522e-01 224200701111855200      19433       1671     0 2454112.286100  1.300276e+01  4.703709e-02  1.300276e+01  4.703709e-02 
   95626376   6.647430e+00   2.581299e-01   6.647430e+00   2.581299e-01 224200701111856160      19432       1670     0 2454112.286759  1.294337e+01  4.216095e-02  1.294337e+01  4.216095e-02 
   95626430   6.652222e+00   2.449421e-01   6.652222e+00   2.449421e-01 224200701111857110      19432       1669     0 2454112.287384  1.294258e+01  3.997814e-02  1.294258e+01  3.997814e-02 
   95626486   6.471692e+00   2.328791e-01   6.471692e+00   2.328791e-01 224200701111858070      19432       1669     0 2454112.288032  1.297246e+01  3.906955e-02  1.297246e+01  3.906955e-02 
   95712705   6.249393e+00   2.537820e-01   6.249393e+00   2.537820e-01 224200701121855060      19405       1671     0 2454113.285938  1.301041e+01  4.409089e-02  1.301041e+01  4.409089e-02 
   95712759   6.635371e+00   2.413462e-01   6.635371e+00   2.413462e-01 224200701121856000      19404       1671     0 2454113.286563  1.294534e+01  3.949127e-02  1.294534e+01  3.949127e-02 
   95712813   6.395475e+00   2.306766e-01   6.395475e+00   2.306766e-01 224200701121856550      19404       1670     0 2454113.287187  1.298532e+01  3.916125e-02  1.298532e+01  3.916125e-02 
   95712869   6.308712e+00   2.198841e-01   6.308712e+00   2.198841e-01 224200701121857500      19404       1670     0 2454113.287836  1.300015e+01  3.784242e-02  1.300015e+01  3.784242e-02 
   95799125   6.604337e+00   2.235518e-01   6.604337e+00   2.235518e-01 224200701131855270      19405       1686     0 2454114.286169  1.295043e+01  3.675147e-02  1.295043e+01  3.675147e-02 
   95799303   6.591940e+00   1.931531e-01   6.591940e+00   1.931531e-01 224200701131858250      19395       1693     0 2454114.288229  1.295247e+01  3.181370e-02  1.295247e+01  3.181370e-02 
   95799357   6.496443e+00   1.861396e-01   6.496443e+00   1.861396e-01 224200701131859190      19396       1693     0 2454114.288854  1.296831e+01  3.110921e-02  1.296831e+01  3.110921e-02 
   95885650   6.514663e+00   2.044067e-01   6.514663e+00   2.044067e-01 224200701141857330      19406       1690     0 2454115.287616  1.296527e+01  3.406662e-02  1.296527e+01  3.406662e-02 
   95885705   6.808925e+00   1.960420e-01   6.808925e+00   1.960420e-01 224200701141858280      19406       1690     0 2454115.288252  1.291730e+01  3.126053e-02  1.291730e+01  3.126053e-02 
   95885836   6.565413e+00   1.813911e-01   6.565413e+00   1.813911e-01 224200701141900400      19409       1686     0 2454115.289769  1.295685e+01  2.999714e-02  1.295685e+01  2.999714e-02 
  105941744   5.897712e+00   3.159859e-01   5.897712e+00   3.159859e-01 223200705110414520      11075        731     0 2454231.677593  1.307329e+01  5.817146e-02  1.307329e+01  5.817146e-02 
  105941800   6.361036e+00   3.373847e-01   6.361036e+00   3.373847e-01 223200705110415490      11079        730     0 2454231.678241  1.299118e+01  5.758686e-02  1.299118e+01  5.758686e-02 
  105941859   6.394310e+00   3.547590e-01   6.394310e+00   3.547590e-01 223200705110416470      11081        730     0 2454231.678924  1.298552e+01  6.023730e-02  1.298552e+01  6.023730e-02 
  105941914   6.152971e+00   3.801390e-01   6.152971e+00   3.801390e-01 223200705110417430      11083        729     0 2454231.679560  1.302729e+01  6.707850e-02  1.302729e+01  6.707850e-02 
  106027799   5.529156e+00   2.008745e-01   5.529156e+00   2.008745e-01 223200705120409040      11100        707     0 2454232.673600  1.314335e+01  3.944499e-02  1.314335e+01  3.944499e-02 
  106027925   5.722872e+00   2.129144e-01   5.722872e+00   2.129144e-01 223200705120411090      11087        720     0 2454232.675058  1.310596e+01  4.039400e-02  1.310596e+01  4.039400e-02 
  106027979   5.851988e+00   2.207628e-01   5.851988e+00   2.207628e-01 223200705120412040      11090        719     0 2454232.675683  1.308174e+01  4.095890e-02  1.308174e+01  4.095890e-02 
  106028033   5.801121e+00   2.337695e-01   5.801121e+00   2.337695e-01 223200705120412580      11092        718     0 2454232.676308  1.309122e+01  4.375238e-02  1.309122e+01  4.375238e-02 
  106114054   5.246147e+00   2.008817e-01   5.246147e+00   2.008817e-01 223200705130406340      11076        731     0 2454233.671921  1.320040e+01  4.157438e-02  1.320040e+01  4.157438e-02 
  106114108   5.139683e+00   2.057865e-01   5.139683e+00   2.057865e-01 223200705130407290      11080        730     0 2454233.672546  1.322266e+01  4.347168e-02  1.322266e+01  4.347168e-02 
  106114164   5.528462e+00   2.108693e-01   5.528462e+00   2.108693e-01 223200705130408240      11082        731     0 2454233.673194  1.314349e+01  4.141282e-02  1.314349e+01  4.141282e-02 
  106114218   5.474735e+00   2.156792e-01   5.474735e+00   2.156792e-01 223200705130409190      11084        730     0 2454233.673819  1.315409e+01  4.277313e-02  1.315409e+01  4.277313e-02 
  124569728   6.813591e+00   2.854218e-01   6.813591e+00   2.854218e-01 223200712121844190      10622       4806     0 2454447.279259  1.291656e+01  4.548171e-02  1.291656e+01  4.548171e-02 
  124570462   7.744915e+00   1.636636e-01   7.744915e+00   1.636636e-01 222200712121856320      14100      22022     0 2454447.287755  1.277746e+01  2.294358e-02  1.277746e+01  2.294358e-02 
  124571594   7.839128e+00   1.260440e-01   7.839128e+00   1.260440e-01 222200712121915250      14120      21977     0 2454447.300856  1.276433e+01  1.745743e-02  1.276433e+01  1.745743e-02 
  124571658   6.684152e+00   1.147955e-01   6.684152e+00   1.147955e-01 221200712121916280       9327       8389     0 2454447.301597  1.293738e+01  1.864680e-02  1.293738e+01  1.864680e-02 
  124571718   4.817553e+00   1.009250e-01   4.817553e+00   1.009250e-01 223200712121917280      10638       4769     0 2454447.302292  1.329293e+01  2.274564e-02  1.329293e+01  2.274564e-02 
  124572802   7.872948e+00   1.214155e-01   7.872948e+00   1.214155e-01 222200712121935320      14096      22001     0 2454447.314838  1.275966e+01  1.674413e-02  1.275966e+01  1.674413e-02 
  124572993   6.433852e+00   1.145723e-01   6.433852e+00   1.145723e-01 221200712121938430       9365       8457     0 2454447.317049  1.297882e+01  1.933457e-02  1.297882e+01  1.933457e-02 
