\OBJNAME = '1SWASP J001150.78-721130.0'
\OBSSTART = '2006-05-11T04:14:48'
\OBSSTOP = '2007-12-12T19:39:43'
\TSTART = 74405744
\TSTOP = 124573046
\JD_REF = 2453005.5
\RA_OBJ = '2.961614'
\DEC_OBJ = '-72.191689'
\WASP_MAG = 13.68191
\HJD_START = 2453866.677593
\HJD_STOP = 2454447.317662
\fixlen = T
\NUMRECORDS = 366
\
\ This file was produced by the NASA Exoplanet Archive  http://exoplanetarchive.ipac.caltech.edu 
\ Wed Sep 11, 14:22:35 2013
\ Documentation for the SuperWASP dataset can be found at http://exoplanetarchive.ipac.caltech.edu/docs/SuperWASPMission.html
\
|TMID      |FLUX2         |FLUX2_ERR     |TAMFLUX2      |TAMFLUX2_ERR  |IMAGEID           |CCDX      |CCDY      |FLAG |           HJD|         MAG2|     MAG2_ERR|      TAMMAG2|  TAMMAG2_ERR|
|int       |float         |float         |float         |float         |char              |int       |int       |int  |        double|        float|        float|        float|        float|
|sec       |micro Vega    |micro Vega    |micro Vega    |micro Vega    |                  |1/16 pixel|1/16 pixel|     |           day|          mag|          mag|          mag|          mag|
|null      |null          |null          |null          |null          |null              |null      |null      |null |          null|         null|         null|         null|         null|
   74405744   3.843206e+00   2.094970e-01   3.843206e+00   2.094970e-01 223200605110414480      10589       3989     0 2453866.677593  1.353827e+01  5.918479e-02  1.353827e+01  5.918479e-02 
   74405797   3.779575e+00   2.258009e-01   3.779575e+00   2.258009e-01 223200605110415410      10593       3986     0 2453866.678206  1.355639e+01  6.486472e-02  1.355639e+01  6.486472e-02 
   74405881   3.927551e+00   2.562594e-01   3.927551e+00   2.562594e-01 223200605110417040      10598       3985     0 2453866.679178  1.351470e+01  7.084086e-02  1.351470e+01  7.084086e-02 
   74405946   4.204855e+00   2.876104e-01   4.204855e+00   2.876104e-01 223200605110418100      10607       3959     0 2453866.679931  1.344062e+01  7.426417e-02  1.344062e+01  7.426417e-02 
   74491857   3.848275e+00   2.252564e-01   3.848275e+00   2.252564e-01 223200605120409570      10611       3917     0 2453867.674271  1.353683e+01  6.355312e-02  1.353683e+01  6.355312e-02 
   74491995   3.900511e+00   2.392086e-01   3.900511e+00   2.392086e-01 223200605120412150      10620       3914     0 2453867.675868  1.352220e+01  6.658573e-02  1.352220e+01  6.658573e-02 
   74492048   4.199193e+00   2.480772e-01   4.199193e+00   2.480772e-01 223200605120413070      10623       3912     0 2453867.676481  1.344209e+01  6.414265e-02  1.344209e+01  6.414265e-02 
   74750380   4.338900e+00   3.147452e-01   4.338900e+00   3.147452e-01 223200605150358270      10607       3921     0 2453870.666435  1.340655e+01  7.875995e-02  1.340655e+01  7.875995e-02 
   74750440   4.142175e+00   3.185034e-01   4.142175e+00   3.185034e-01 223200605150359270      10612       3916     0 2453870.667130  1.345693e+01  8.348558e-02  1.345693e+01  8.348558e-02 
   74750494   3.966268e+00   3.199546e-01   3.966268e+00   3.199546e-01 223200605150400210      10616       3916     0 2453870.667755  1.350404e+01  8.758547e-02  1.350404e+01  8.758547e-02 
   74750553   3.951385e+00   3.197196e-01   3.951385e+00   3.197196e-01 223200605150401200      10619       3914     0 2453870.668438  1.350813e+01  8.785079e-02  1.350813e+01  8.785079e-02 
   75613641   3.256676e+00   1.222010e-01   3.256676e+00   1.222010e-01 223200605250345300      10685       3932     0 2453880.657882  1.371806e+01  4.074048e-02  1.371806e+01  4.074048e-02 
   75613704   3.287314e+00   1.223473e-01   3.287314e+00   1.223473e-01 223200605250346340      10694       3904     0 2453880.658611  1.370790e+01  4.040908e-02  1.370790e+01  4.040908e-02 
   75613762   3.212445e+00   1.213926e-01   3.212445e+00   1.213926e-01 223200605250347310      10698       3903     0 2453880.659282  1.373291e+01  4.102819e-02  1.373291e+01  4.102819e-02 
   75613830   3.125687e+00   1.214959e-01   3.125687e+00   1.214959e-01 223200605250348400      10695       3926     0 2453880.660069  1.376264e+01  4.220288e-02  1.376264e+01  4.220288e-02 
   75700096   3.153356e+00   1.190046e-01   3.153356e+00   1.190046e-01 223200605260346210      10704       3923     0 2453881.658519  1.375307e+01  4.097476e-02  1.375307e+01  4.097476e-02 
   75700159   3.152831e+00   1.198854e-01   3.152831e+00   1.198854e-01 223200605260347250      10712       3892     0 2453881.659248  1.375325e+01  4.128490e-02  1.375325e+01  4.128490e-02 
   75700226   3.114729e+00   1.191037e-01   3.114729e+00   1.191037e-01 223200605260348310      10710       3916     0 2453881.660023  1.376645e+01  4.151746e-02  1.376645e+01  4.151746e-02 
   75700295   3.143345e+00   1.170134e-01   3.143345e+00   1.170134e-01 223200605260349400      10717       3886     0 2453881.660822  1.375652e+01  4.041750e-02  1.375652e+01  4.041750e-02 
   76132316   2.999278e+00   9.986835e-02   2.999278e+00   9.986835e-02 223200605310349440      10768       3895     0 2453886.661065  1.380746e+01  3.615239e-02  1.380746e+01  3.615239e-02 
   76132383   3.000763e+00   9.982444e-02   3.000763e+00   9.982444e-02 223200605310350510      10775       3865     0 2453886.661840  1.380692e+01  3.611861e-02  1.380692e+01  3.611861e-02 
   76132432   3.039186e+00   1.004195e-01   3.039186e+00   1.004195e-01 223200605310351390      10777       3864     0 2453886.662407  1.379311e+01  3.587458e-02  1.379311e+01  3.587458e-02 
   76132494   3.052691e+00   1.008548e-01   3.052691e+00   1.008548e-01 223200605310352410      10779       3862     0 2453886.663125  1.378829e+01  3.587070e-02  1.378829e+01  3.587070e-02 
   76218786   3.203028e+00   1.024806e-01   3.203028e+00   1.024806e-01 223200606010350510      10786       3857     0 2453887.661875  1.373610e+01  3.473816e-02  1.373610e+01  3.473816e-02 
   76218854   3.043904e+00   1.025896e-01   3.043904e+00   1.025896e-01 223200606010351580      10786       3879     0 2453887.662662  1.379142e+01  3.659301e-02  1.379142e+01  3.659301e-02 
   76218924   3.294352e+00   1.038343e-01   3.294352e+00   1.038343e-01 223200606010353090      10789       3878     0 2453887.663472  1.370557e+01  3.422132e-02  1.370557e+01  3.422132e-02 
   76219010   3.130280e+00   1.031373e-01   3.130280e+00   1.031373e-01 223200606010354350      10797       3850     0 2453887.664468  1.376104e+01  3.577325e-02  1.376104e+01  3.577325e-02 
   76478193   3.086935e+00   1.101121e-01   3.086935e+00   1.101121e-01 223200606040354060      10797       3849     0 2453890.664271  1.377618e+01  3.872875e-02  1.377618e+01  3.872875e-02 
   76478266   3.073240e+00   1.099838e-01   3.073240e+00   1.099838e-01 223200606040355190      10797       3872     0 2453890.665116  1.378101e+01  3.885598e-02  1.378101e+01  3.885598e-02 
   76478342   3.043969e+00   1.119109e-01   3.043969e+00   1.119109e-01 223200606040356360      10805       3841     0 2453890.665995  1.379140e+01  3.991699e-02  1.379140e+01  3.991699e-02 
   76478395   2.995726e+00   1.113499e-01   2.995726e+00   1.113499e-01 223200606040357280      10807       3839     0 2453890.666609  1.380874e+01  4.035652e-02  1.380874e+01  4.035652e-02 
   76564535   3.305614e+00   2.669291e-01   3.305614e+00   2.669291e-01 223200606050353060      10824       3834     0 2453891.663600  1.370187e+01  8.767374e-02  1.370187e+01  8.767374e-02 
   76564594   3.452389e+00   2.593603e-01   3.452389e+00   2.593603e-01 223200606050354050      10828       3833     0 2453891.664282  1.365470e+01  8.156607e-02  1.365470e+01  8.156607e-02 
   76564654   3.768712e+00   2.599414e-01   3.768712e+00   2.599414e-01 223200606050355050      10831       3830     0 2453891.664977  1.355952e+01  7.488734e-02  1.355952e+01  7.488734e-02 
   76564712   3.514908e+00   2.374516e-01   3.514908e+00   2.374516e-01 223200606050356020      10833       3830     0 2453891.665648  1.363521e+01  7.334778e-02  1.363521e+01  7.334778e-02 
   76650906   2.886424e+00   9.979454e-02   2.886424e+00   9.979454e-02 223200606060352330      10813       3830     0 2453892.663264  1.384910e+01  3.753812e-02  1.384910e+01  3.753812e-02 
   76651040   2.904609e+00   1.025657e-01   2.904609e+00   1.025657e-01 223200606060354480      10819       3829     0 2453892.664815  1.384228e+01  3.833895e-02  1.384228e+01  3.833895e-02 
   76651096   2.986715e+00   1.022715e-01   2.986715e+00   1.022715e-01 223200606060355430      10822       3827     0 2453892.665463  1.381202e+01  3.717804e-02  1.381202e+01  3.717804e-02 
   76651172   2.861813e+00   1.011151e-01   2.861813e+00   1.011151e-01 223200606060357000      10819       3849     0 2453892.666343  1.385840e+01  3.836194e-02  1.385840e+01  3.836194e-02 
   76737401   3.066615e+00   1.062216e-01   3.066615e+00   1.062216e-01 223200606070354040      10823       3833     0 2453893.664363  1.378335e+01  3.760793e-02  1.378335e+01  3.760793e-02 
   76737454   3.038610e+00   1.046276e-01   3.038610e+00   1.046276e-01 223200606070354570      10826       3831     0 2453893.664977  1.379331e+01  3.738498e-02  1.379331e+01  3.738498e-02 
   76737509   3.040610e+00   1.044870e-01   3.040610e+00   1.044870e-01 223200606070355530      10827       3829     0 2453893.665613  1.379260e+01  3.731019e-02  1.379260e+01  3.731019e-02 
   76737565   2.958933e+00   1.041853e-01   2.958933e+00   1.041853e-01 223200606070356480      10829       3827     0 2453893.666262  1.382216e+01  3.822936e-02  1.382216e+01  3.822936e-02 
   76823791   2.938231e+00   1.036533e-01   2.938231e+00   1.036533e-01 223200606080353510      10849       3833     0 2453894.664248  1.382979e+01  3.830216e-02  1.382979e+01  3.830216e-02 
   76823850   3.097322e+00   1.047672e-01   3.097322e+00   1.047672e-01 223200606080354510      10853       3830     0 2453894.664931  1.377253e+01  3.672526e-02  1.377253e+01  3.672526e-02 
   76823909   3.064348e+00   1.051848e-01   3.064348e+00   1.051848e-01 223200606080355500      10855       3828     0 2453894.665613  1.378415e+01  3.726841e-02  1.378415e+01  3.726841e-02 
   76823995   3.053576e+00   1.046872e-01   3.053576e+00   1.046872e-01 223200606080357160      10853       3850     0 2453894.666609  1.378798e+01  3.722294e-02  1.378798e+01  3.722294e-02 
   76910217   2.962520e+00   1.005598e-01   2.962520e+00   1.005598e-01 223200606090354140      10845       3819     0 2453895.664549  1.382085e+01  3.685438e-02  1.382085e+01  3.685438e-02 
   76910271   2.941196e+00   1.010682e-01   2.941196e+00   1.010682e-01 223200606090355080      10848       3818     0 2453895.665174  1.382869e+01  3.730925e-02  1.382869e+01  3.730925e-02 
   76910355   2.912317e+00   1.003558e-01   2.912317e+00   1.003558e-01 223200606090356320      10846       3840     0 2453895.666146  1.383940e+01  3.741362e-02  1.383940e+01  3.741362e-02 
   76910427   3.075898e+00   1.010550e-01   3.075898e+00   1.010550e-01 223200606090357440      10852       3812     0 2453895.666979  1.378007e+01  3.567071e-02  1.378007e+01  3.567071e-02 
   76996572   3.899681e+00   2.063539e-01   3.899681e+00   2.063539e-01 223200606100353270      10851       3820     0 2453896.664028  1.352243e+01  5.745256e-02  1.352243e+01  5.745256e-02 
   76996637   3.714283e+00   2.038555e-01   3.714283e+00   2.038555e-01 223200606100354320      10854       3816     0 2453896.664780  1.357531e+01  5.958998e-02  1.357531e+01  5.958998e-02 
   76996698   3.593115e+00   2.010656e-01   3.593115e+00   2.010656e-01 223200606100355320      10856       3815     0 2453896.665486  1.361132e+01  6.075645e-02  1.361132e+01  6.075645e-02 
   76996753   3.840979e+00   1.996012e-01   3.840979e+00   1.996012e-01 223200606100356270      10858       3813     0 2453896.666123  1.353890e+01  5.642183e-02  1.353890e+01  5.642183e-02 
   77082992   4.001606e+00   3.417484e-01   4.001606e+00   3.417484e-01 223200606110353440      10863       3809     0 2453897.664259  1.349441e+01  9.272525e-02  1.349441e+01  9.272525e-02 
   77083069   4.086745e+00   3.462077e-01   4.086745e+00   3.462077e-01 223200606110355000      10863       3832     0 2453897.665150  1.347156e+01  9.197822e-02  1.347156e+01  9.197822e-02 
   77083150   4.449395e+00   3.458935e-01   4.449395e+00   3.458935e-01 223200606110356210      10869       3803     0 2453897.666088  1.337925e+01  8.440483e-02  1.337925e+01  8.440483e-02 
   77083204   3.457289e+00   3.449380e-01   3.457289e+00   3.449380e-01 223200606110357160      10871       3801     0 2453897.666713  1.365316e+01  1.083256e-01  1.365316e+01  1.083256e-01 
   77169258   3.321964e+00   4.311094e-01   3.321964e+00   4.311094e-01 223200606120351270      10862       3829     0 2453898.662708  1.369651e+01  1.409024e-01  1.369651e+01  1.409024e-01 
   77169320   3.952585e+00   4.334939e-01   3.952585e+00   4.334939e-01 223200606120352290      10870       3801     0 2453898.663426  1.350780e+01  1.190770e-01  1.350780e+01  1.190770e-01 
   77169378   4.287573e+00   4.312518e-01   4.287573e+00   4.312518e-01 223200606120353260      10871       3799     0 2453898.664097  1.341947e+01  1.092057e-01  1.341947e+01  1.092057e-01 
   77169438   3.630499e+00   4.325450e-01   3.630499e+00   4.325450e-01 223200606120354260      10873       3796     0 2453898.664792  1.360008e+01  1.293572e-01  1.360008e+01  1.293572e-01 
   77514749   7.428125e+00   2.542591e+00   7.428125e+00   2.542591e+00 223200606160349260      10874       3766     0 2453902.661447  1.282280e+01  3.716406e-01  1.282280e+01  3.716406e-01 
   77601369   3.757355e+00   1.789531e-01   3.757355e+00   1.789531e-01 223200606170353030      10886       3752     0 2453903.663993  1.356279e+01  5.171100e-02  1.356279e+01  5.171100e-02 
   77601439   3.424632e+00   1.769467e-01   3.424632e+00   1.769467e-01 223200606170354120      10884       3775     0 2453903.664803  1.366347e+01  5.609890e-02  1.366347e+01  5.609890e-02 
   77601509   3.692915e+00   1.782454e-01   3.692915e+00   1.782454e-01 223200606170355220      10885       3773     0 2453903.665613  1.358158e+01  5.240527e-02  1.358158e+01  5.240527e-02 
   77601566   3.791662e+00   1.776598e-01   3.791662e+00   1.776598e-01 223200606170356190      10891       3745     0 2453903.666273  1.355293e+01  5.087276e-02  1.355293e+01  5.087276e-02 
   77687713   3.076825e+00   1.512404e-01   3.076825e+00   1.512404e-01 223200606180352030      10907       3746     0 2453904.663345  1.377974e+01  5.336923e-02  1.377974e+01  5.336923e-02 
   77687756   3.560422e+00   1.508747e-01   3.560422e+00   1.508747e-01 223200606180352470      10908       3744     0 2453904.663843  1.362125e+01  4.600879e-02  1.362125e+01  4.600879e-02 
   77687824   3.344985e+00   1.498207e-01   3.344985e+00   1.498207e-01 223200606180353550      10909       3743     0 2453904.664630  1.368901e+01  4.862992e-02  1.368901e+01  4.862992e-02 
   77687875   3.422104e+00   1.495870e-01   3.422104e+00   1.495870e-01 223200606180354460      10910       3742     0 2453904.665220  1.366427e+01  4.745986e-02  1.366427e+01  4.745986e-02 
   77774350   3.525235e+00   1.291281e-01   3.525235e+00   1.291281e-01 223200606190355570      10952       3727     0 2453905.666088  1.363203e+01  3.977027e-02  1.363203e+01  3.977027e-02 
   77774406   3.281049e+00   1.279773e-01   3.281049e+00   1.279773e-01 223200606190356530      10952       3727     0 2453905.666736  1.370997e+01  4.234929e-02  1.370997e+01  4.234929e-02 
   77774468   3.233222e+00   1.283202e-01   3.233222e+00   1.283202e-01 223200606190357560      10951       3726     0 2453905.667454  1.372591e+01  4.309087e-02  1.372591e+01  4.309087e-02 
   77774533   3.458230e+00   1.283449e-01   3.458230e+00   1.283449e-01 223200606190359000      10946       3752     0 2453905.668206  1.365287e+01  4.029496e-02  1.365287e+01  4.029496e-02 
   77860763   3.067715e+00   1.113019e-01   3.067715e+00   1.113019e-01 223200606200356080      10936       3721     0 2453906.666238  1.378296e+01  3.939250e-02  1.378296e+01  3.939250e-02 
   77860822   3.238304e+00   1.114720e-01   3.238304e+00   1.114720e-01 223200606200357080      10936       3720     0 2453906.666921  1.372421e+01  3.737438e-02  1.372421e+01  3.737438e-02 
   77860886   3.124566e+00   1.113239e-01   3.124566e+00   1.113239e-01 223200606200358110      10936       3721     0 2453906.667662  1.376303e+01  3.868341e-02  1.376303e+01  3.868341e-02 
   77860951   3.241052e+00   1.112891e-01   3.241052e+00   1.112891e-01 223200606200359170      10930       3748     0 2453906.668414  1.372328e+01  3.728142e-02  1.372328e+01  3.728142e-02 
   77947074   3.034248e+00   1.149278e-01   3.034248e+00   1.149278e-01 223200606210354360      10930       3720     0 2453907.665208  1.379487e+01  4.112444e-02  1.379487e+01  4.112444e-02 
   77947128   3.084329e+00   1.148221e-01   3.084329e+00   1.148221e-01 223200606210355300      10931       3722     0 2453907.665833  1.377710e+01  4.041946e-02  1.377710e+01  4.041946e-02 
   77947206   3.069552e+00   1.142943e-01   3.069552e+00   1.142943e-01 223200606210356480      10927       3747     0 2453907.666736  1.378231e+01  4.042736e-02  1.378231e+01  4.042736e-02 
   77947273   2.955987e+00   1.149434e-01   2.955987e+00   1.149434e-01 223200606210357550      10931       3722     0 2453907.667512  1.382324e+01  4.221893e-02  1.382324e+01  4.221893e-02 
   78119984   2.879810e+00   1.009379e-01   2.879810e+00   1.009379e-01 223200606230356210      10922       3701     0 2453909.666481  1.385159e+01  3.805542e-02  1.385159e+01  3.805542e-02 
   78120038   2.885607e+00   1.008528e-01   2.885607e+00   1.008528e-01 223200606230357150      10921       3702     0 2453909.667106  1.384941e+01  3.794693e-02  1.384941e+01  3.794693e-02 
   78120186   2.988528e+00   1.012439e-01   2.988528e+00   1.012439e-01 223200606230359440      10919       3711     0 2453909.668819  1.381136e+01  3.678217e-02  1.381136e+01  3.678217e-02 
   78120248   2.798873e+00   1.008292e-01   2.798873e+00   1.008292e-01 223200606230400460      10921       3689     0 2453909.669537  1.388254e+01  3.911370e-02  1.388254e+01  3.911370e-02 
   78206444   2.858154e+00   1.064026e-01   2.858154e+00   1.064026e-01 223200606240357190      10941       3687     0 2453910.667176  1.385979e+01  4.041963e-02  1.385979e+01  4.041963e-02 
   78206503   3.063385e+00   1.060805e-01   3.063385e+00   1.060805e-01 223200606240358180      10938       3691     0 2453910.667859  1.378450e+01  3.759759e-02  1.378450e+01  3.759759e-02 
   78206578   3.187882e+00   1.053131e-01   3.187882e+00   1.053131e-01 223200606240359320      10928       3721     0 2453910.668727  1.374124e+01  3.586791e-02  1.374124e+01  3.586791e-02 
   78206637   3.201764e+00   1.065409e-01   3.201764e+00   1.065409e-01 223200606240400310      10925       3704     0 2453910.669410  1.373653e+01  3.612876e-02  1.373653e+01  3.612876e-02 
   78292883   2.845548e+00   9.695818e-02   2.845548e+00   9.695818e-02 223200606250357560      10943       3670     0 2453911.667627  1.386458e+01  3.699512e-02  1.386458e+01  3.699512e-02 
   78292937   2.955266e+00   9.683947e-02   2.955266e+00   9.683947e-02 223200606250358490      10936       3677     0 2453911.668252  1.382351e+01  3.557801e-02  1.382351e+01  3.557801e-02 
   78292988   2.921588e+00   9.640832e-02   2.921588e+00   9.640832e-02 223200606250359400      10926       3691     0 2453911.668843  1.383595e+01  3.582789e-02  1.383595e+01  3.582789e-02 
   78293050   2.947820e+00   9.778074e-02   2.947820e+00   9.778074e-02 223200606250400430      10926       3690     0 2453911.669560  1.382625e+01  3.601457e-02  1.382625e+01  3.601457e-02 
   78724951   2.994040e+00   9.911216e-02   2.994040e+00   9.911216e-02 223200606300358520      10949       3675     0 2453916.668414  1.380936e+01  3.594141e-02  1.380936e+01  3.594141e-02 
   78725028   2.830029e+00   9.745305e-02   2.830029e+00   9.745305e-02 223200606300400090      10956       3646     0 2453916.669306  1.387052e+01  3.738784e-02  1.387052e+01  3.738784e-02 
   78725075   2.824205e+00   9.783734e-02   2.824205e+00   9.783734e-02 223200606300400570      10957       3644     0 2453916.669850  1.387276e+01  3.761268e-02  1.387276e+01  3.761268e-02 
   78725139   2.826481e+00   9.817218e-02   2.826481e+00   9.817218e-02 223200606300402000      10957       3642     0 2453916.670590  1.387189e+01  3.771102e-02  1.387189e+01  3.771102e-02 
   78811387   2.837986e+00   1.030715e-01   2.837986e+00   1.030715e-01 223200607010359260      10949       3639     0 2453917.668831  1.386747e+01  3.943249e-02  1.386747e+01  3.943249e-02 
   78811466   2.908808e+00   1.021967e-01   2.908808e+00   1.021967e-01 223200607010400450      10946       3661     0 2453917.669745  1.384071e+01  3.814590e-02  1.384071e+01  3.814590e-02 
   78811531   2.960847e+00   1.029561e-01   2.960847e+00   1.029561e-01 223200607010401510      10952       3634     0 2453917.670498  1.382146e+01  3.775391e-02  1.382146e+01  3.775391e-02 
   78811582   2.728361e+00   1.018545e-01   2.728361e+00   1.018545e-01 223200607010402420      10952       3631     0 2453917.671088  1.391024e+01  4.053258e-02  1.391024e+01  4.053258e-02 
   78897858   4.914474e+00   5.121067e-01   4.914474e+00   5.121067e-01 223200607020400340      10962       3627     0 2453918.669653  1.327131e+01  1.131382e-01  1.327131e+01  1.131382e-01 
   78897912   2.754824e+00   2.927659e-01   2.754824e+00   2.927659e-01 223200607020401280      10962       3625     0 2453918.670278  1.389977e+01  1.153858e-01  1.389977e+01  1.153858e-01 
   78984200   2.581523e+00   9.652286e-02   2.581523e+00   9.652286e-02 223200607030359350      10968       3615     0 2453919.668981  1.397031e+01  4.059570e-02  1.397031e+01  4.059570e-02 
   78984254   2.731265e+00   9.600130e-02   2.731265e+00   9.600130e-02 223200607030400290      10970       3612     0 2453919.669606  1.390909e+01  3.816270e-02  1.390909e+01  3.816270e-02 
   78984312   2.823855e+00   9.624016e-02   2.823855e+00   9.624016e-02 223200607030401270      10970       3610     0 2453919.670278  1.387289e+01  3.700323e-02  1.387289e+01  3.700323e-02 
   78984367   2.750355e+00   9.668405e-02   2.750355e+00   9.668405e-02 223200607030402220      10971       3609     0 2453919.670914  1.390153e+01  3.816735e-02  1.390153e+01  3.816735e-02 
   79070524   2.860141e+00   9.647860e-02   2.860141e+00   9.647860e-02 223200607040358180      10964       3594     0 2453920.668102  1.385903e+01  3.662431e-02  1.385903e+01  3.662431e-02 
   79070570   2.984819e+00   9.642401e-02   2.984819e+00   9.642401e-02 223200607040359040      10966       3592     0 2453920.668634  1.381271e+01  3.507462e-02  1.381271e+01  3.507462e-02 
   79070636   2.845109e+00   9.629408e-02   2.845109e+00   9.629408e-02 223200607040400090      10967       3590     0 2453920.669398  1.386475e+01  3.674739e-02  1.386475e+01  3.674739e-02 
   79070688   2.924416e+00   9.723148e-02   2.924416e+00   9.723148e-02 223200607040401020      10967       3588     0 2453920.670000  1.383490e+01  3.609888e-02  1.383490e+01  3.609888e-02 
   79415953   2.794528e+00   9.708110e-02   2.794528e+00   9.708110e-02 223200607080355190      10962       3579     0 2453924.666123  1.388423e+01  3.771830e-02  1.388423e+01  3.771830e-02 
   79416110   2.805645e+00   9.625417e-02   2.805645e+00   9.625417e-02 223200607080357570      10964       3602     0 2453924.667940  1.387992e+01  3.724882e-02  1.387992e+01  3.724882e-02 
   79416177   2.752907e+00   9.635371e-02   2.752907e+00   9.635371e-02 223200607080359030      10969       3574     0 2453924.668715  1.390052e+01  3.800167e-02  1.390052e+01  3.800167e-02 
   79416235   2.767538e+00   9.686160e-02   2.767538e+00   9.686160e-02 223200607080400010      10970       3571     0 2453924.669387  1.389477e+01  3.800002e-02  1.389477e+01  3.800002e-02 
   79502441   3.439556e+00   1.489675e-01   3.439556e+00   1.489675e-01 223200607090356460      10974       3572     0 2453925.667141  1.365874e+01  4.702352e-02  1.365874e+01  4.702352e-02 
   79502493   3.407609e+00   1.465438e-01   3.407609e+00   1.465438e-01 223200607090357380      10975       3570     0 2453925.667743  1.366888e+01  4.669214e-02  1.366888e+01  4.669214e-02 
   79502562   3.367401e+00   1.424451e-01   3.367401e+00   1.424451e-01 223200607090358470      10975       3567     0 2453925.668542  1.368176e+01  4.592809e-02  1.368176e+01  4.592809e-02 
   79502716   3.316890e+00   1.400830e-01   3.316890e+00   1.400830e-01 223200607090401200      10973       3550     0 2453925.670324  1.369817e+01  4.585432e-02  1.369817e+01  4.585432e-02 
   80278195   3.615750e+00   1.588405e-01   3.615750e+00   1.588405e-01 223200607180325470      11005       3530     0 2453934.645775  1.360450e+01  4.769673e-02  1.360450e+01  4.769673e-02 
   80278257   3.204457e+00   1.587550e-01   3.204457e+00   1.587550e-01 223200607180326500      11009       3501     0 2453934.646493  1.373561e+01  5.378968e-02  1.373561e+01  5.378968e-02 
   80278332   3.778227e+00   1.817518e-01   3.778227e+00   1.817518e-01 223200607180328050      11004       3525     0 2453934.647361  1.355678e+01  5.222958e-02  1.355678e+01  5.222958e-02 
   80278410   3.158558e+00   2.345110e-01   3.158558e+00   2.345110e-01 223200607180329220      11010       3497     0 2453934.648264  1.375128e+01  8.061210e-02  1.375128e+01  8.061210e-02 
   80364287   3.126755e+00   1.189265e-01   3.126755e+00   1.189265e-01 223200607190320380      11002       3512     0 2453935.642211  1.376227e+01  4.129626e-02  1.376227e+01  4.129626e-02 
   80364343   3.068633e+00   1.185239e-01   3.068633e+00   1.185239e-01 223200607190321350      11001       3510     0 2453935.642859  1.378264e+01  4.193600e-02  1.378264e+01  4.193600e-02 
   80364403   3.155638e+00   1.189486e-01   3.155638e+00   1.189486e-01 223200607190322340      11002       3509     0 2453935.643553  1.375228e+01  4.092589e-02  1.375228e+01  4.092589e-02 
   80364464   3.086076e+00   1.182335e-01   3.086076e+00   1.182335e-01 223200607190323360      11002       3507     0 2453935.644259  1.377648e+01  4.159680e-02  1.377648e+01  4.159680e-02 
   80450503   3.049995e+00   1.059617e-01   3.049995e+00   1.059617e-01 223200607200317340      11006       3503     0 2453936.640081  1.378925e+01  3.772035e-02  1.378925e+01  3.772035e-02 
   80450564   3.044522e+00   1.065489e-01   3.044522e+00   1.065489e-01 223200607200318350      11006       3502     0 2453936.640787  1.379120e+01  3.799757e-02  1.379120e+01  3.799757e-02 
   80450628   3.028420e+00   1.066060e-01   3.028420e+00   1.066060e-01 223200607200319380      11006       3500     0 2453936.641528  1.379696e+01  3.822006e-02  1.379696e+01  3.822006e-02 
   80450685   2.933990e+00   1.071013e-01   2.933990e+00   1.071013e-01 223200607200320360      11006       3498     0 2453936.642187  1.383135e+01  3.963347e-02  1.383135e+01  3.963347e-02 
   80967435   2.776114e+00   9.510048e-02   2.776114e+00   9.510048e-02 223200607260253020      10964       3539     0 2453942.623090  1.389141e+01  3.719386e-02  1.389141e+01  3.719386e-02 
   80967494   2.832410e+00   9.418330e-02   2.832410e+00   9.418330e-02 223200607260254000      10965       3537     0 2453942.623773  1.386961e+01  3.610303e-02  1.386961e+01  3.610303e-02 
   80967554   2.785234e+00   9.400550e-02   2.785234e+00   9.400550e-02 223200607260255010      10967       3535     0 2453942.624468  1.388785e+01  3.664522e-02  1.388785e+01  3.664522e-02 
   80967610   2.839496e+00   9.446964e-02   2.839496e+00   9.446964e-02 223200607260255560      10967       3533     0 2453942.625116  1.386690e+01  3.612242e-02  1.386690e+01  3.612242e-02 
   81053655   2.934982e+00   1.034301e-01   2.934982e+00   1.034301e-01 223200607270250020      10961       3535     0 2453943.621007  1.383099e+01  3.826199e-02  1.383099e+01  3.826199e-02 
   81053717   2.856642e+00   1.069750e-01   2.856642e+00   1.069750e-01 223200607270251040      10962       3532     0 2453943.621725  1.386036e+01  4.065859e-02  1.386036e+01  4.065859e-02 
   81053773   2.886629e+00   1.047891e-01   2.886629e+00   1.047891e-01 223200607270251590      10962       3531     0 2453943.622373  1.384902e+01  3.941406e-02  1.384902e+01  3.941406e-02 
   81053835   2.801904e+00   1.031176e-01   2.801904e+00   1.031176e-01 223200607270253010      10963       3528     0 2453943.623090  1.388137e+01  3.995815e-02  1.388137e+01  3.995815e-02 
   81139832   4.202350e+00   6.795304e-01   4.202350e+00   6.795304e-01 223200607280246190      10978       3527     0 2453944.618426  1.344127e+01  1.755669e-01  1.344127e+01  1.755669e-01 
   81139891   2.978669e+00   1.154397e+00   2.978669e+00   1.154397e+00 223200607280247170      10979       3524     0 2453944.619109  1.381494e+01  4.207835e-01  1.381494e+01  4.207835e-01 
   81139945   3.809166e+00   7.206951e-01   3.809166e+00   7.206951e-01 223200607280248110      10980       3523     0 2453944.619734  1.354792e+01  2.054223e-01  1.354792e+01  2.054223e-01 
   81139999   3.369549e+00   4.700695e-01   3.369549e+00   4.700695e-01 223200607280249060      10980       3521     0 2453944.620359  1.368107e+01  1.514663e-01  1.368107e+01  1.514663e-01 
   82346068   3.661839e+00   3.554153e-01   3.661839e+00   3.554153e-01 223200608110150170      10975       3569     0 2453958.579491  1.359075e+01  1.053811e-01  1.359075e+01  1.053811e-01 
   82346124   4.377236e+00   3.551614e-01   4.377236e+00   3.551614e-01 223200608110151120      10977       3567     0 2453958.580139  1.339700e+01  8.809507e-02  1.339700e+01  8.809507e-02 
   82346179   4.096097e+00   3.595871e-01   4.096097e+00   3.595871e-01 223200608110152070      10978       3564     0 2453958.580775  1.346907e+01  9.531467e-02  1.346907e+01  9.531467e-02 
   82346238   4.118165e+00   3.601706e-01   4.118165e+00   3.601706e-01 223200608110153070      10978       3562     0 2453958.581458  1.346324e+01  9.495775e-02  1.346324e+01  9.495775e-02 
   82518424   3.894369e+00   2.314881e-01   3.894369e+00   2.314881e-01 223200608130142530      10979       3538     0 2453960.574352  1.352391e+01  6.453828e-02  1.352391e+01  6.453828e-02 
   82518483   3.767502e+00   2.311066e-01   3.767502e+00   2.311066e-01 223200608130143520      10980       3535     0 2453960.575035  1.355987e+01  6.660160e-02  1.355987e+01  6.660160e-02 
   82518545   3.801071e+00   2.328856e-01   3.801071e+00   2.328856e-01 223200608130144550      10978       3530     0 2453960.575752  1.355023e+01  6.652157e-02  1.355023e+01  6.652157e-02 
   82518623   3.941287e+00   2.299939e-01   3.941287e+00   2.299939e-01 223200608130146120      10974       3552     0 2453960.576655  1.351091e+01  6.335839e-02  1.351091e+01  6.335839e-02 
   82604605   3.365289e+00   1.872780e-01   3.365289e+00   1.872780e-01 223200608140139160      10977       3558     0 2453961.571817  1.368244e+01  6.042133e-02  1.368244e+01  6.042133e-02 
   82604661   3.491432e+00   1.899521e-01   3.491432e+00   1.899521e-01 223200608140140120      10984       3555     0 2453961.572465  1.364249e+01  5.906990e-02  1.364249e+01  5.906990e-02 
   82604718   3.665435e+00   1.912494e-01   3.665435e+00   1.912494e-01 223200608140141080      10997       3552     0 2453961.573125  1.358969e+01  5.665007e-02  1.358969e+01  5.665007e-02 
   82604772   3.299503e+00   1.937727e-01   3.299503e+00   1.937727e-01 223200608140142030      10997       3550     0 2453961.573750  1.370388e+01  6.376319e-02  1.370388e+01  6.376319e-02 
   82863079   3.035954e+00   1.239560e-01   3.035954e+00   1.239560e-01 223200608170127120      10968       3567     0 2453964.563414  1.379426e+01  4.433003e-02  1.379426e+01  4.433003e-02 
   82863147   3.317180e+00   1.233365e-01   3.317180e+00   1.233365e-01 223200608170128190      10976       3534     0 2453964.564201  1.369808e+01  4.036905e-02  1.369808e+01  4.036905e-02 
   82863203   3.183074e+00   1.236990e-01   3.183074e+00   1.236990e-01 223200608170129150      10977       3532     0 2453964.564850  1.374288e+01  4.219348e-02  1.374288e+01  4.219348e-02 
   82863263   3.224247e+00   1.246991e-01   3.224247e+00   1.246991e-01 223200608170130160      10977       3530     0 2453964.565544  1.372893e+01  4.199146e-02  1.372893e+01  4.199146e-02 
   82949252   2.821026e+00   9.686181e-02   2.821026e+00   9.686181e-02 223200608180123250      10972       3513     0 2453965.560787  1.387398e+01  3.727961e-02  1.387398e+01  3.727961e-02 
   82949314   2.812109e+00   9.709511e-02   2.812109e+00   9.709511e-02 223200608180124270      10975       3512     0 2453965.561505  1.387742e+01  3.748790e-02  1.387742e+01  3.748790e-02 
   82949377   2.789948e+00   9.654999e-02   2.789948e+00   9.654999e-02 223200608180125310      10975       3509     0 2453965.562234  1.388601e+01  3.757352e-02  1.388601e+01  3.757352e-02 
   82949468   2.802462e+00   9.791610e-02   2.802462e+00   9.791610e-02 223200608180127020      10970       3529     0 2453965.563287  1.388115e+01  3.793501e-02  1.388115e+01  3.793501e-02 
   83724678   2.888734e+00   9.598442e-02   2.888734e+00   9.598442e-02 223200608270047250      10952       3565     0 2453974.535625  1.384823e+01  3.607605e-02  1.384823e+01  3.607605e-02 
   83724742   2.830616e+00   9.574381e-02   2.830616e+00   9.574381e-02 223200608270048280      10955       3531     0 2453974.536366  1.387030e+01  3.672447e-02  1.387030e+01  3.672447e-02 
   83724817   2.920490e+00   9.586859e-02   2.920490e+00   9.586859e-02 223200608270049440      10951       3553     0 2453974.537234  1.383636e+01  3.564072e-02  1.383636e+01  3.564072e-02 
   83724879   2.909045e+00   9.536318e-02   2.909045e+00   9.536318e-02 223200608270050460      10956       3523     0 2453974.537951  1.384062e+01  3.559230e-02  1.384062e+01  3.559230e-02 
   83810844   2.786491e+00   9.094468e-02   2.786491e+00   9.094468e-02 223200608280043330      10957       3554     0 2453975.532917  1.388736e+01  3.543606e-02  1.388736e+01  3.543606e-02 
   83810896   2.748928e+00   9.035378e-02   2.748928e+00   9.035378e-02 223200608280044250      10958       3551     0 2453975.533519  1.390209e+01  3.568691e-02  1.390209e+01  3.568691e-02 
   83810967   2.817298e+00   9.074365e-02   2.817298e+00   9.074365e-02 223200608280045350      10957       3547     0 2453975.534340  1.387542e+01  3.497110e-02  1.387542e+01  3.497110e-02 
   83811024   2.830086e+00   9.184387e-02   2.830086e+00   9.184387e-02 223200608280046320      10957       3545     0 2453975.535000  1.387050e+01  3.523517e-02  1.387050e+01  3.523517e-02 
   84328677   4.028419e+00   2.587410e-01   4.028419e+00   2.587410e-01 223200609030034170      10947       3483     0 2453981.526354  1.348716e+01  6.973589e-02  1.348716e+01  6.973589e-02 
   84328749   4.275847e+00   2.590373e-01   4.275847e+00   2.590373e-01 223200609030035280      10943       3505     0 2453981.527188  1.342244e+01  6.577578e-02  1.342244e+01  6.577578e-02 
   84328816   3.539929e+00   2.747815e-01   3.539929e+00   2.747815e-01 223200609030036350      10944       3469     0 2453981.527963  1.362751e+01  8.427887e-02  1.362751e+01  8.427887e-02 
   84328873   3.646798e+00   2.664285e-01   3.646798e+00   2.664285e-01 223200609030037320      10945       3468     0 2453981.528623  1.359522e+01  7.932221e-02  1.359522e+01  7.932221e-02 
   84500184   4.229642e+00   4.087478e-01   4.229642e+00   4.087478e-01 223200609050012480      10954       3549     0 2453983.511389  1.343424e+01  1.049247e-01  1.343424e+01  1.049247e-01 
   84500244   4.104989e+00   4.095617e-01   4.104989e+00   4.095617e-01 223200609050013480      10956       3546     0 2453983.512083  1.346672e+01  1.083261e-01  1.346672e+01  1.083261e-01 
   84500306   4.018322e+00   4.094660e-01   4.018322e+00   4.094660e-01 223200609050014500      10956       3542     0 2453983.512801  1.348989e+01  1.106366e-01  1.348989e+01  1.106366e-01 
   84844858   4.218744e+00   5.676898e-01   4.218744e+00   5.676898e-01 223200609082357310      10964       3558     0 2453987.500671  1.343704e+01  1.461012e-01  1.343704e+01  1.461012e-01 
   84844914   3.925510e+00   5.646775e-01   3.925510e+00   5.646775e-01 223200609082358260      10965       3553     0 2453987.501319  1.351526e+01  1.561817e-01  1.351526e+01  1.561817e-01 
   84844971   3.855441e+00   5.599622e-01   3.855441e+00   5.599622e-01 223200609082359230      10964       3550     0 2453987.501979  1.353481e+01  1.576923e-01  1.353481e+01  1.576923e-01 
   84845033   3.778812e+00   5.626349e-01   3.778812e+00   5.626349e-01 223200609090000260      10964       3548     0 2453987.502697  1.355661e+01  1.616580e-01  1.355661e+01  1.616580e-01 
   85017158   4.435361e+00   3.028457e-01   4.435361e+00   3.028457e-01 223200609102349160      10941       3509     0 2453989.494884  1.338268e+01  7.413415e-02  1.338268e+01  7.413415e-02 
   85017225   3.459999e+00   3.934759e-01   3.459999e+00   3.934759e-01 223200609102350220      10943       3506     0 2453989.495660  1.365231e+01  1.234719e-01  1.365231e+01  1.234719e-01 
   85017284   3.664638e+00   3.406816e-01   3.664638e+00   3.406816e-01 223200609102351210      10943       3504     0 2453989.496343  1.358992e+01  1.009354e-01  1.358992e+01  1.009354e-01 
   85017342   4.001995e+00   3.562384e-01   4.001995e+00   3.562384e-01 223200609102352200      10941       3497     0 2453989.497014  1.349431e+01  9.664736e-02  1.349431e+01  9.664736e-02 
   85361750   2.872773e+00   9.417623e-02   2.872773e+00   9.417623e-02 223200609142332380      10943       3463     0 2453993.483218  1.385425e+01  3.559310e-02  1.385425e+01  3.559310e-02 
   85361807   2.764950e+00   9.270253e-02   2.764950e+00   9.270253e-02 223200609142333360      10944       3460     0 2453993.483877  1.389578e+01  3.640241e-02  1.389578e+01  3.640241e-02 
   85361868   2.858947e+00   9.295391e-02   2.858947e+00   9.295391e-02 223200609142334370      10945       3457     0 2453993.484583  1.385948e+01  3.530103e-02  1.385948e+01  3.530103e-02 
   85361943   2.767939e+00   9.349522e-02   2.767939e+00   9.349522e-02 223200609142335520      10940       3479     0 2453993.485451  1.389461e+01  3.667404e-02  1.389461e+01  3.667404e-02 
   85620647   2.900502e+00   1.043627e-01   2.900502e+00   1.043627e-01 223200609172327440      10913       3470     0 2453996.479711  1.384382e+01  3.906590e-02  1.384382e+01  3.906590e-02 
   85620706   2.942353e+00   1.059955e-01   2.942353e+00   1.059955e-01 223200609172328430      10914       3467     0 2453996.480394  1.382826e+01  3.911278e-02  1.382826e+01  3.911278e-02 
   85620769   2.797444e+00   1.067472e-01   2.797444e+00   1.067472e-01 223200609172329460      10914       3464     0 2453996.481123  1.388310e+01  4.143056e-02  1.388310e+01  4.143056e-02 
   85620823   2.851498e+00   1.062917e-01   2.851498e+00   1.062917e-01 223200609172330410      10913       3461     0 2453996.481748  1.386232e+01  4.047177e-02  1.386232e+01  4.047177e-02 
   85706444   2.800733e+00   1.034482e-01   2.800733e+00   1.034482e-01 223200609182317440      10916       3445     0 2453997.472731  1.388182e+01  4.010302e-02  1.388182e+01  4.010302e-02 
   85706507   2.640001e+00   1.033057e-01   2.640001e+00   1.033057e-01 223200609182318460      10921       3420     0 2453997.473461  1.394599e+01  4.248605e-02  1.394599e+01  4.248605e-02 
   85706562   2.857463e+00   1.030044e-01   2.857463e+00   1.030044e-01 223200609182319410      10922       3418     0 2453997.474097  1.386005e+01  3.913822e-02  1.386005e+01  3.913822e-02 
   85706639   2.891763e+00   1.028686e-01   2.891763e+00   1.028686e-01 223200609182320580      10917       3442     0 2453997.474988  1.384709e+01  3.862301e-02  1.384709e+01  3.862301e-02 
   85878758   2.876346e+00   1.029447e-01   2.876346e+00   1.029447e-01 223200609202309430      10919       3497     0 2453999.467106  1.385290e+01  3.885875e-02  1.385290e+01  3.885875e-02 
   85878815   2.916756e+00   1.037839e-01   2.916756e+00   1.037839e-01 223200609202310400      10921       3494     0 2453999.467766  1.383775e+01  3.863278e-02  1.383775e+01  3.863278e-02 
   85878876   2.802952e+00   1.042275e-01   2.802952e+00   1.042275e-01 223200609202311410      10922       3491     0 2453999.468472  1.388096e+01  4.037314e-02  1.388096e+01  4.037314e-02 
   85878936   2.988776e+00   1.044807e-01   2.988776e+00   1.044807e-01 223200609202312420      10922       3488     0 2453999.469167  1.381127e+01  3.795496e-02  1.381127e+01  3.795496e-02 
   85964881   2.838542e+00   9.592374e-02   2.838542e+00   9.592374e-02 223200609212305090      10933       3492     0 2454000.463900  1.386726e+01  3.669075e-02  1.386726e+01  3.669075e-02 
   85965034   2.909564e+00   9.618695e-02   2.909564e+00   9.618695e-02 223200609212307420      10935       3484     0 2454000.465671  1.384043e+01  3.589336e-02  1.384043e+01  3.589336e-02 
   85965097   2.883060e+00   9.603225e-02   2.883060e+00   9.603225e-02 223200609212308460      10936       3481     0 2454000.466400  1.385037e+01  3.616507e-02  1.385037e+01  3.616507e-02 
   85965153   3.017096e+00   9.594332e-02   3.017096e+00   9.594332e-02 223200609212309410      10936       3479     0 2454000.467049  1.380103e+01  3.452642e-02  1.380103e+01  3.452642e-02 
   86404994   3.026346e+00   9.966920e-02   3.026346e+00   9.966920e-02 223200609270120390      10798       3141     0 2454005.557801  1.379770e+01  3.575759e-02  1.379770e+01  3.575759e-02 
   86405055   2.870570e+00   9.954566e-02   2.870570e+00   9.954566e-02 223200609270121400      10801       3113     0 2454005.558507  1.385508e+01  3.765130e-02  1.385508e+01  3.765130e-02 
   86405123   3.112674e+00   1.006899e-01   3.112674e+00   1.006899e-01 223200609270122490      10800       3111     0 2454005.559294  1.376717e+01  3.512190e-02  1.376717e+01  3.512190e-02 
   86405184   2.845378e+00   9.991173e-02   2.845378e+00   9.991173e-02 223200609270123490      10799       3109     0 2454005.560000  1.386465e+01  3.812435e-02  1.386465e+01  3.812435e-02 
   87688165   2.934537e+00   8.179685e-02   2.934537e+00   8.179685e-02 223200610112147440      10596       3292     0 2454020.409317  1.383115e+01  3.026375e-02  1.383115e+01  3.026375e-02 
   87688239   2.777955e+00   8.139764e-02   2.777955e+00   8.139764e-02 223200610112148580      10600       3262     0 2454020.410174  1.389069e+01  3.181357e-02  1.389069e+01  3.181357e-02 
   87688293   2.854757e+00   8.206542e-02   2.854757e+00   8.206542e-02 223200610112149520      10600       3260     0 2454020.410799  1.386108e+01  3.121166e-02  1.386108e+01  3.121166e-02 
   87860510   3.044546e+00   9.091417e-02   3.044546e+00   9.091417e-02 223200610132140170      10560       3314     0 2454022.404051  1.379119e+01  3.242163e-02  1.379119e+01  3.242163e-02 
   87860577   3.044410e+00   9.060273e-02   3.044410e+00   9.060273e-02 223200610132141240      10560       3309     0 2454022.404826  1.379124e+01  3.231201e-02  1.379124e+01  3.231201e-02 
   87860633   2.776680e+00   9.008674e-02   2.776680e+00   9.008674e-02 223200610132142200      10559       3307     0 2454022.405475  1.389119e+01  3.522580e-02  1.389119e+01  3.522580e-02 
   87860693   2.961835e+00   9.102815e-02   2.961835e+00   9.102815e-02 223200610132143190      10559       3304     0 2454022.406169  1.382110e+01  3.336881e-02  1.382110e+01  3.336881e-02 
   88033122   2.888550e+00   8.653074e-02   2.888550e+00   8.653074e-02 223200610152137170      10555       3344     0 2454024.401875  1.384830e+01  3.252493e-02  1.384830e+01  3.252493e-02 
   88033183   2.915675e+00   8.694014e-02   2.915675e+00   8.694014e-02 223200610152138180      10555       3339     0 2454024.402581  1.383815e+01  3.237480e-02  1.383815e+01  3.237480e-02 
   88033238   3.011992e+00   8.737954e-02   3.011992e+00   8.737954e-02 223200610152139130      10554       3335     0 2454024.403218  1.380287e+01  3.149791e-02  1.380287e+01  3.149791e-02 
   88033297   2.872972e+00   8.674914e-02   2.872972e+00   8.674914e-02 223200610152140120      10554       3331     0 2454024.403900  1.385417e+01  3.278382e-02  1.385417e+01  3.278382e-02 
   88377445   2.846493e+00   8.898907e-02   2.846493e+00   8.898907e-02 223200610192116140      10540       3360     0 2454028.387095  1.386422e+01  3.394317e-02  1.386422e+01  3.394317e-02 
   88377497   2.900416e+00   9.011444e-02   2.900416e+00   9.011444e-02 223200610192117070      10539       3356     0 2454028.387697  1.384385e+01  3.373338e-02  1.384385e+01  3.373338e-02 
   88377582   2.973193e+00   9.080710e-02   2.973193e+00   9.080710e-02 223200610192118310      10534       3379     0 2454028.388681  1.381694e+01  3.316061e-02  1.381694e+01  3.316061e-02 
   88377644   2.891119e+00   8.998502e-02   2.891119e+00   8.998502e-02 223200610192119340      10534       3375     0 2454028.389398  1.384733e+01  3.379326e-02  1.384733e+01  3.379326e-02 
   88463610   2.910330e+00   8.781110e-02   2.910330e+00   8.781110e-02 223200610202112230      10563       3314     0 2454029.384375  1.384014e+01  3.275918e-02  1.384014e+01  3.275918e-02 
   88463682   2.787492e+00   8.672109e-02   2.787492e+00   8.672109e-02 223200610202113350      10560       3309     0 2454029.385208  1.388697e+01  3.377823e-02  1.388697e+01  3.377823e-02 
   88463745   3.027731e+00   8.824590e-02   3.027731e+00   8.824590e-02 223200610202114380      10560       3307     0 2454029.385937  1.379721e+01  3.164485e-02  1.379721e+01  3.164485e-02 
   88463804   2.918033e+00   8.795860e-02   2.918033e+00   8.795860e-02 223200610202115380      10560       3304     0 2454029.386620  1.383727e+01  3.272759e-02  1.383727e+01  3.272759e-02 
   88551557   2.924200e+00   9.557565e-02   2.924200e+00   9.557565e-02 223200610212138150      10558       3255     0 2454030.402280  1.383498e+01  3.548674e-02  1.383498e+01  3.548674e-02 
   88551689   3.046210e+00   9.559584e-02   3.046210e+00   9.559584e-02 223200610212140270      10555       3245     0 2454030.403808  1.379060e+01  3.407258e-02  1.379060e+01  3.407258e-02 
   88551761   3.015701e+00   9.616313e-02   3.015701e+00   9.616313e-02 223200610212141400      10549       3267     0 2454030.404641  1.380153e+01  3.462152e-02  1.380153e+01  3.462152e-02 
   88637619   3.111472e+00   1.049451e+00   3.111472e+00   1.049451e+00 223200610222132420      10555       3299     0 2454031.398368  1.376759e+01  3.662032e-01  1.376759e+01  3.662032e-01 
   88637767   2.023872e+00   1.301280e+00   2.023872e+00   1.301280e+00 223200610222135100      10550       3289     0 2454031.400081  1.423454e+01  6.980934e-01  1.423454e+01  6.980934e-01 
   88637829   3.066754e+00   2.066760e+00   3.066754e+00   2.066760e+00 223200610222136110      10550       3287     0 2454031.400799  1.378330e+01  7.317066e-01  1.378330e+01  7.317066e-01 
   88640080   5.694542e+00   2.020672e+00   5.694542e+00   2.020672e+00 223200610222213430      10549       3163     0 2454031.426852  1.311135e+01  3.852679e-01  1.311135e+01  3.852679e-01 
   88722110   2.929814e+00   8.993014e-02   2.929814e+00   8.993014e-02 223200610232100550      10547       3345     0 2454032.376273  1.383290e+01  3.332660e-02  1.383290e+01  3.332660e-02 
   88722164   3.055185e+00   9.018107e-02   3.055185e+00   9.018107e-02 223200610232101500      10547       3342     0 2454032.376898  1.378741e+01  3.204820e-02  1.378741e+01  3.204820e-02 
   88722226   3.039182e+00   9.052036e-02   3.039182e+00   9.052036e-02 223200610232102520      10547       3340     0 2454032.377616  1.379311e+01  3.233816e-02  1.379311e+01  3.233816e-02 
   88722293   2.921411e+00   9.090342e-02   2.921411e+00   9.090342e-02 223200610232103590      10547       3337     0 2454032.378391  1.383602e+01  3.378418e-02  1.383602e+01  3.378418e-02 
   88980554   3.176538e+00   1.016886e-01   3.176538e+00   1.016886e-01 223200610262048320      10546       3407     0 2454035.367523  1.374512e+01  3.475713e-02  1.374512e+01  3.475713e-02 
   88980608   3.084433e+00   1.020118e-01   3.084433e+00   1.020118e-01 223200610262049260      10546       3403     0 2454035.368148  1.377706e+01  3.590880e-02  1.377706e+01  3.590880e-02 
   88980668   3.003179e+00   1.021605e-01   3.003179e+00   1.021605e-01 223200610262050270      10547       3401     0 2454035.368843  1.380605e+01  3.693411e-02  1.380605e+01  3.693411e-02 
   88980732   3.072582e+00   1.003200e-01   3.072582e+00   1.003200e-01 223200610262051300      10542       3392     0 2454035.369583  1.378124e+01  3.544949e-02  1.378124e+01  3.544949e-02 
   89066670   3.271052e+00   1.139446e-01   3.271052e+00   1.139446e-01 223200610272043520      10567       3378     0 2454036.364236  1.371328e+01  3.782092e-02  1.371328e+01  3.782092e-02 
   89066733   3.161872e+00   1.136142e-01   3.161872e+00   1.136142e-01 223200610272044550      10566       3375     0 2454036.364965  1.375014e+01  3.901342e-02  1.375014e+01  3.901342e-02 
   89066789   3.448435e+00   1.146267e-01   3.448435e+00   1.146267e-01 223200610272045520      10566       3371     0 2454036.365613  1.365594e+01  3.609022e-02  1.365594e+01  3.609022e-02 
   89066854   3.235063e+00   1.142083e-01   3.235063e+00   1.142083e-01 223200610272046560      10565       3369     0 2454036.366366  1.372529e+01  3.833017e-02  1.372529e+01  3.833017e-02 
   89152941   3.497388e+00   1.692777e-01   3.497388e+00   1.692777e-01 223200610282041480      10554       3356     0 2454037.362743  1.364064e+01  5.255109e-02  1.364064e+01  5.255109e-02 
   89153002   3.442810e+00   1.471435e-01   3.442810e+00   1.471435e-01 223200610282042490      10554       3353     0 2454037.363449  1.365772e+01  4.640383e-02  1.365772e+01  4.640383e-02 
   89238989   3.550402e+00   1.530753e-01   3.550402e+00   1.530753e-01 223200610292035590      10546       3345     0 2454038.358669  1.362431e+01  4.681158e-02  1.362431e+01  4.681158e-02 
   89239044   3.477981e+00   1.534803e-01   3.477981e+00   1.534803e-01 223200610292036550      10547       3342     0 2454038.359306  1.364668e+01  4.791276e-02  1.364668e+01  4.791276e-02 
   89239091   3.484185e+00   1.547407e-01   3.484185e+00   1.547407e-01 223200610292037410      10546       3334     0 2454038.359850  1.364475e+01  4.822023e-02  1.364475e+01  4.822023e-02 
   89239169   3.720197e+00   1.540048e-01   3.720197e+00   1.540048e-01 223200610292038590      10545       3332     0 2454038.360752  1.357359e+01  4.494632e-02  1.357359e+01  4.494632e-02 
   89411364   4.219904e+00   2.432820e-01   4.219904e+00   2.432820e-01 223200610312029020      10540       3346     0 2454040.353750  1.343674e+01  6.259408e-02  1.343674e+01  6.259408e-02 
   89411437   4.177115e+00   2.430649e-01   4.177115e+00   2.430649e-01 223200610312030160      10536       3367     0 2454040.354595  1.344781e+01  6.317884e-02  1.344781e+01  6.317884e-02 
   89411507   4.514787e+00   2.488452e-01   4.514787e+00   2.488452e-01 223200610312031250      10539       3335     0 2454040.355405  1.336341e+01  5.984363e-02  1.336341e+01  5.984363e-02 
   89411564   4.037622e+00   2.460030e-01   4.037622e+00   2.460030e-01 223200610312032230      10539       3331     0 2454040.356065  1.348469e+01  6.615163e-02  1.348469e+01  6.615163e-02 
   89506222   3.870267e+00   2.523801e-01   3.870267e+00   2.523801e-01 223200611012250050      10468       2972     0 2454041.451644  1.353065e+01  7.080110e-02  1.353065e+01  7.080110e-02 
   89506295   4.132845e+00   2.549446e-01   4.132845e+00   2.549446e-01 223200611012251190      10471       2941     0 2454041.452488  1.345938e+01  6.697650e-02  1.345938e+01  6.697650e-02 
   89506352   3.774622e+00   2.551715e-01   3.774622e+00   2.551715e-01 223200611012252160      10470       2939     0 2454041.453148  1.355782e+01  7.339806e-02  1.355782e+01  7.339806e-02 
   89506414   4.120722e+00   2.566708e-01   4.120722e+00   2.566708e-01 223200611012253170      10469       2936     0 2454041.453866  1.346257e+01  6.762837e-02  1.346257e+01  6.762837e-02 
   89842124   3.895175e+00   3.543465e-01   3.895175e+00   3.543465e-01 223200611052008420      10551       3348     0 2454045.339398  1.352368e+01  9.877044e-02  1.352368e+01  9.877044e-02 
   89842182   4.040967e+00   3.539232e-01   4.040967e+00   3.539232e-01 223200611052009400      10551       3344     0 2454045.340069  1.348379e+01  9.509321e-02  1.348379e+01  9.509321e-02 
   89842255   4.003009e+00   3.555385e-01   4.003009e+00   3.555385e-01 223200611052010530      10551       3341     0 2454045.340914  1.349403e+01  9.643305e-02  1.349403e+01  9.643305e-02 
   89842314   3.900262e+00   3.554296e-01   3.900262e+00   3.554296e-01 223200611052011520      10551       3338     0 2454045.341597  1.352227e+01  9.894313e-02  1.352227e+01  9.894313e-02 
   89928308   3.893136e+00   2.721925e-01   3.893136e+00   2.721925e-01 223200611062005110      10553       3366     0 2454046.336898  1.352425e+01  7.591060e-02  1.352425e+01  7.591060e-02 
   89928377   3.609194e+00   2.715848e-01   3.609194e+00   2.715848e-01 223200611062006190      10554       3362     0 2454046.337697  1.360647e+01  8.169983e-02  1.360647e+01  8.169983e-02 
   89928431   3.672197e+00   2.705618e-01   3.672197e+00   2.705618e-01 223200611062007140      10554       3360     0 2454046.338322  1.358769e+01  7.999565e-02  1.358769e+01  7.999565e-02 
   89928495   3.905617e+00   2.722026e-01   3.905617e+00   2.722026e-01 223200611062008180      10554       3357     0 2454046.339062  1.352078e+01  7.567082e-02  1.352078e+01  7.567082e-02 
   90014496   3.110464e+00   1.759962e-01   3.110464e+00   1.759962e-01 223200611072001430      10561       3374     0 2454047.334444  1.376794e+01  6.143333e-02  1.376794e+01  6.143333e-02 
   90014550   3.343634e+00   1.735229e-01   3.343634e+00   1.735229e-01 223200611072002370      10561       3371     0 2454047.335069  1.368945e+01  5.634610e-02  1.368945e+01  5.634610e-02 
   90014639   3.656503e+00   1.610174e-01   3.656503e+00   1.610174e-01 223200611072004050      10556       3393     0 2454047.336100  1.359233e+01  4.781153e-02  1.359233e+01  4.781153e-02 
   90014701   3.811671e+00   1.659731e-01   3.811671e+00   1.659731e-01 223200611072005080      10555       3389     0 2454047.336817  1.354721e+01  4.727680e-02  1.354721e+01  4.727680e-02 
   90272985   2.904495e+00   9.856044e-02   2.904495e+00   9.856044e-02 223200611101950030      10557       3357     0 2454050.326215  1.384232e+01  3.684325e-02  1.384232e+01  3.684325e-02 
   90273039   2.996191e+00   9.951462e-02   2.996191e+00   9.951462e-02 223200611101950570      10558       3354     0 2454050.326840  1.380858e+01  3.606146e-02  1.380858e+01  3.606146e-02 
   90273087   2.974564e+00   1.024090e-01   2.974564e+00   1.024090e-01 223200611101951450      10557       3350     0 2454050.327396  1.381644e+01  3.738013e-02  1.381644e+01  3.738013e-02 
   90273152   3.067599e+00   9.925500e-02   3.067599e+00   9.925500e-02 223200611101952500      10556       3348     0 2454050.328148  1.378300e+01  3.513012e-02  1.378300e+01  3.513012e-02 
   90617600   2.911489e+00   9.441746e-02   2.911489e+00   9.441746e-02 223200611141933540      10547       3383     0 2454054.314815  1.383971e+01  3.520976e-02  1.383971e+01  3.520976e-02 
   90617662   2.995072e+00   9.397294e-02   2.995072e+00   9.397294e-02 223200611141934560      10547       3379     0 2454054.315532  1.380898e+01  3.406601e-02  1.380898e+01  3.406601e-02 
   90617722   3.050591e+00   9.468721e-02   3.050591e+00   9.468721e-02 223200611141935570      10552       3350     0 2454054.316227  1.378904e+01  3.370026e-02  1.378904e+01  3.370026e-02 
   90617773   2.960770e+00   9.455778e-02   2.960770e+00   9.455778e-02 223200611141936470      10552       3348     0 2454054.316817  1.382149e+01  3.467515e-02  1.382149e+01  3.467515e-02 
   93120140   4.042104e+00   2.130197e-01   4.042104e+00   2.130197e-01 223200612131844400      11218       3195     0 2454083.279398  1.348348e+01  5.721872e-02  1.348348e+01  5.721872e-02 
   93120199   3.736903e+00   2.000771e-01   3.736903e+00   2.000771e-01 223200612131845380      11219       3193     0 2454083.280081  1.356872e+01  5.813149e-02  1.356872e+01  5.813149e-02 
   93120275   3.714887e+00   1.792801e-01   3.714887e+00   1.792801e-01 223200612131846550      11214       3215     0 2454083.280961  1.357514e+01  5.239770e-02  1.357514e+01  5.239770e-02 
   93120339   3.892952e+00   1.699480e-01   3.892952e+00   1.699480e-01 223200612131847580      11218       3187     0 2454083.281701  1.352430e+01  4.739830e-02  1.352430e+01  4.739830e-02 
   93292974   3.999157e+00   2.567233e-01   3.999157e+00   2.567233e-01 223200612151845190      11191       3167     0 2454085.279792  1.349508e+01  6.969836e-02  1.349508e+01  6.969836e-02 
   93293028   3.750124e+00   2.412103e-01   3.750124e+00   2.412103e-01 223200612151846130      11191       3165     0 2454085.280417  1.356489e+01  6.983546e-02  1.356489e+01  6.983546e-02 
   93293082   4.135901e+00   2.272142e-01   4.135901e+00   2.272142e-01 223200612151847070      11190       3163     0 2454085.281042  1.345857e+01  5.964734e-02  1.345857e+01  5.964734e-02 
   93293136   3.696225e+00   2.129102e-01   3.696225e+00   2.129102e-01 223200612151848010      11190       3160     0 2454085.281667  1.358060e+01  6.254087e-02  1.358060e+01  6.254087e-02 
   93467315   3.107193e+00   1.048125e-01   3.107193e+00   1.048125e-01 223200612171911070      11543       2989     0 2454087.297627  1.376908e+01  3.662441e-02  1.376908e+01  3.662441e-02 
   93467371   3.007837e+00   1.031455e-01   3.007837e+00   1.031455e-01 223200612171912030      11541       2986     0 2454087.298275  1.380436e+01  3.723248e-02  1.380436e+01  3.723248e-02 
   93467431   3.124794e+00   1.026927e-01   3.124794e+00   1.026927e-01 223200612171913020      11540       2983     0 2454087.298970  1.376295e+01  3.568158e-02  1.376295e+01  3.568158e-02 
   93467501   3.178925e+00   1.010299e-01   3.178925e+00   1.010299e-01 223200612171914130      11533       3005     0 2454087.299780  1.374430e+01  3.450608e-02  1.374430e+01  3.450608e-02 
   93556672   2.954682e+00   9.441581e-02   2.954682e+00   9.441581e-02 223200612182000260      10603       2923     0 2454088.331852  1.382372e+01  3.469444e-02  1.382372e+01  3.469444e-02 
   93556730   2.996034e+00   9.454644e-02   2.996034e+00   9.454644e-02 223200612182001250      10603       2922     0 2454088.332523  1.380863e+01  3.426291e-02  1.380863e+01  3.426291e-02 
   93556799   3.020319e+00   9.508120e-02   3.020319e+00   9.508120e-02 223200612182002330      10602       2919     0 2454088.333322  1.379987e+01  3.417965e-02  1.379987e+01  3.417965e-02 
   93556863   3.106225e+00   9.615159e-02   3.106225e+00   9.615159e-02 223200612182003370      10601       2917     0 2454088.334062  1.376942e+01  3.360851e-02  1.376942e+01  3.360851e-02 
   93725371   3.875894e+00   2.120340e-01   3.875894e+00   2.120340e-01 223200612201852110      10662       3079     0 2454090.284387  1.352907e+01  5.939632e-02  1.352907e+01  5.939632e-02 
   93725430   3.768212e+00   1.993672e-01   3.768212e+00   1.993672e-01 223200612201853100      10661       3076     0 2454090.285069  1.355966e+01  5.744394e-02  1.355966e+01  5.744394e-02 
   93725487   3.783706e+00   1.874474e-01   3.783706e+00   1.874474e-01 223200612201854080      10660       3074     0 2454090.285729  1.355521e+01  5.378832e-02  1.355521e+01  5.378832e-02 
   93725549   3.719485e+00   1.751609e-01   3.719485e+00   1.751609e-01 223200612201855100      10660       3071     0 2454090.286447  1.357379e+01  5.113053e-02  1.357379e+01  5.113053e-02 
   94935175   3.240228e+00   3.886917e-01   3.240228e+00   3.886917e-01 223200701031856070      10603       2925     0 2454104.286748  1.372356e+01  1.302433e-01  1.372356e+01  1.302433e-01 
   94935241   3.834917e+00   3.847162e-01   3.834917e+00   3.847162e-01 223200701031857140      10602       2923     0 2454104.287512  1.354061e+01  1.089207e-01  1.354061e+01  1.089207e-01 
   94935299   4.046362e+00   3.797598e-01   4.046362e+00   3.797598e-01 223200701031858120      10602       2922     0 2454104.288183  1.348234e+01  1.018991e-01  1.348234e+01  1.018991e-01 
   95021604   3.975189e+00   2.911069e-01   3.975189e+00   2.911069e-01 223200701041856390      10600       2941     0 2454105.287083  1.350161e+01  7.950978e-02  1.350161e+01  7.950978e-02 
   95021676   4.356118e+00   2.732138e-01   4.356118e+00   2.732138e-01 223200701041857500      10603       2913     0 2454105.287917  1.340225e+01  6.809714e-02  1.340225e+01  6.809714e-02 
   95021741   3.817769e+00   2.599443e-01   3.817769e+00   2.599443e-01 223200701041858560      10603       2912     0 2454105.288669  1.354548e+01  7.392586e-02  1.354548e+01  7.392586e-02 
   95021797   3.860918e+00   2.512016e-01   3.860918e+00   2.512016e-01 223200701041859510      10602       2910     0 2454105.289317  1.353327e+01  7.064115e-02  1.353327e+01  7.064115e-02 
   95107905   4.073671e+00   2.531691e-01   4.073671e+00   2.531691e-01 223200701051855020      10577       2907     0 2454106.285938  1.347503e+01  6.747620e-02  1.347503e+01  6.747620e-02 
   95107961   3.832553e+00   2.374147e-01   3.832553e+00   2.374147e-01 223200701051855570      10576       2904     0 2454106.286586  1.354128e+01  6.725820e-02  1.354128e+01  6.725820e-02 
   95108015   3.874420e+00   2.232496e-01   3.874420e+00   2.232496e-01 223200701051856510      10576       2903     0 2454106.287211  1.352948e+01  6.256190e-02  1.352948e+01  6.256190e-02 
   95108069   3.667537e+00   2.091352e-01   3.667537e+00   2.091352e-01 223200701051857460      10575       2901     0 2454106.287836  1.358906e+01  6.191253e-02  1.358906e+01  6.191253e-02 
   95280694   3.777654e+00   2.275633e-01   3.777654e+00   2.275633e-01 223200701071854540      10555       2888     0 2454108.285810  1.355694e+01  6.540424e-02  1.355694e+01  6.540424e-02 
   95280823   3.547838e+00   1.917297e-01   3.547838e+00   1.917297e-01 223200701071857030      10573       2912     0 2454108.287303  1.362509e+01  5.867479e-02  1.362509e+01  5.867479e-02 
   95280879   3.818044e+00   1.809732e-01   3.818044e+00   1.809732e-01 223200701071857590      10572       2909     0 2454108.287951  1.354540e+01  5.146347e-02  1.354540e+01  5.146347e-02 
   95280935   3.596659e+00   1.712589e-01   3.596659e+00   1.712589e-01 223200701071858540      10571       2907     0 2454108.288600  1.361025e+01  5.169872e-02  1.361025e+01  5.169872e-02 
   95367156   3.618413e+00   2.519257e-01   3.618413e+00   2.519257e-01 223200701081855580      10557       2879     0 2454109.286528  1.360370e+01  7.559276e-02  1.360370e+01  7.559276e-02 
   95367212   3.842827e+00   2.365111e-01   3.842827e+00   2.365111e-01 223200701081856530      10557       2878     0 2454109.287176  1.353837e+01  6.682310e-02  1.353837e+01  6.682310e-02 
   95367267   3.830453e+00   2.227560e-01   3.830453e+00   2.227560e-01 223200701081857490      10555       2876     0 2454109.287812  1.354187e+01  6.314007e-02  1.354187e+01  6.314007e-02 
   95367323   3.702749e+00   2.097050e-01   3.702749e+00   2.097050e-01 223200701081858450      10554       2875     0 2454109.288461  1.357869e+01  6.149083e-02  1.357869e+01  6.149083e-02 
   95453542   3.904575e+00   2.456262e-01   3.904575e+00   2.456262e-01 223200701091855450      10560       2875     0 2454110.286366  1.352107e+01  6.830095e-02  1.352107e+01  6.830095e-02 
   95453598   3.813199e+00   2.311423e-01   3.813199e+00   2.311423e-01 223200701091856400      10559       2874     0 2454110.287014  1.354678e+01  6.581363e-02  1.354678e+01  6.581363e-02 
   95453652   3.729769e+00   2.172257e-01   3.729769e+00   2.172257e-01 223200701091857350      10558       2873     0 2454110.287639  1.357080e+01  6.323463e-02  1.357080e+01  6.323463e-02 
   95453708   3.709153e+00   2.047811e-01   3.709153e+00   2.047811e-01 223200701091858300      10557       2872     0 2454110.288287  1.357681e+01  5.994336e-02  1.357681e+01  5.994336e-02 
   95539931   3.853694e+00   2.456773e-01   3.853694e+00   2.456773e-01 223200701101855350      10556       2869     0 2454111.286238  1.353531e+01  6.921714e-02  1.353531e+01  6.921714e-02 
   95539985   4.152397e+00   2.308134e-01   4.152397e+00   2.308134e-01 223200701101856300      10556       2868     0 2454111.286863  1.345425e+01  6.035150e-02  1.345425e+01  6.035150e-02 
   95540039   3.633335e+00   2.156846e-01   3.633335e+00   2.156846e-01 223200701101857240      10555       2866     0 2454111.287488  1.359924e+01  6.445245e-02  1.359924e+01  6.445245e-02 
   95540095   4.059031e+00   2.043439e-01   4.059031e+00   2.043439e-01 223200701101858190      10554       2865     0 2454111.288137  1.347894e+01  5.465943e-02  1.347894e+01  5.465943e-02 
   95626315   3.988892e+00   2.540378e-01   3.988892e+00   2.540378e-01 223200701111855210      10539       2848     0 2454112.286053  1.349787e+01  6.914678e-02  1.349787e+01  6.914678e-02 
   95626371   4.213181e+00   2.386833e-01   4.213181e+00   2.386833e-01 223200701111856160      10538       2848     0 2454112.286701  1.343847e+01  6.150886e-02  1.343847e+01  6.150886e-02 
   95626425   4.183171e+00   2.238039e-01   4.183171e+00   2.238039e-01 223200701111857110      10537       2846     0 2454112.287326  1.344624e+01  5.808821e-02  1.344624e+01  5.808821e-02 
   95626481   3.655777e+00   2.108332e-01   3.655777e+00   2.108332e-01 223200701111858070      10537       2846     0 2454112.287975  1.359255e+01  6.261597e-02  1.359255e+01  6.261597e-02 
   95712698   3.946720e+00   2.373118e-01   3.946720e+00   2.373118e-01 223200701121855050      10567       2843     0 2454113.285856  1.350941e+01  6.528430e-02  1.350941e+01  6.528430e-02 
   95712754   3.880461e+00   2.228695e-01   3.880461e+00   2.228695e-01 223200701121856000      10566       2843     0 2454113.286505  1.352779e+01  6.235814e-02  1.352779e+01  6.235814e-02 
   95712808   4.005665e+00   2.102581e-01   4.005665e+00   2.102581e-01 223200701121856550      10566       2841     0 2454113.287130  1.349331e+01  5.699069e-02  1.349331e+01  5.699069e-02 
   95712862   3.710834e+00   1.985485e-01   3.710834e+00   1.985485e-01 223200701121857490      10565       2839     0 2454113.287755  1.357632e+01  5.809262e-02  1.357632e+01  5.809262e-02 
   95799119   4.172359e+00   2.120456e-01   4.172359e+00   2.120456e-01 223200701131855270      10563       2858     0 2454114.286100  1.344905e+01  5.517897e-02  1.344905e+01  5.517897e-02 
   95799173   3.544256e+00   1.995669e-01   3.544256e+00   1.995669e-01 223200701131856210      10563       2857     0 2454114.286725  1.362619e+01  6.113490e-02  1.362619e+01  6.113490e-02 
   95799297   3.795373e+00   1.749661e-01   3.795373e+00   1.749661e-01 223200701131858250      10564       2861     0 2454114.288160  1.355186e+01  5.005243e-02  1.355186e+01  5.005243e-02 
   95799351   3.568167e+00   1.661823e-01   3.568167e+00   1.661823e-01 223200701131859190      10563       2859     0 2454114.288785  1.361889e+01  5.056680e-02  1.361889e+01  5.056680e-02 
   95885589   3.555528e+00   1.976289e-01   3.555528e+00   1.976289e-01 223200701141856390      10558       2836     0 2454115.286910  1.362274e+01  6.034928e-02  1.362274e+01  6.034928e-02 
   95885645   3.350132e+00   1.851882e-01   3.350132e+00   1.851882e-01 223200701141857340      10558       2835     0 2454115.287558  1.368735e+01  6.001741e-02  1.368735e+01  6.001741e-02 
   95885699   3.688804e+00   1.746852e-01   3.688804e+00   1.746852e-01 223200701141858290      10558       2834     0 2454115.288183  1.358279e+01  5.141577e-02  1.358279e+01  5.141577e-02 
   95885831   3.630768e+00   1.554209e-01   3.630768e+00   1.554209e-01 223200701141900410      10556       2835     0 2454115.289711  1.360000e+01  4.647688e-02  1.360000e+01  4.647688e-02 
  105941748   3.536011e+00   2.692235e-01   3.536011e+00   2.692235e-01 223200705110414520      10534       3661     0 2454231.677639  1.362872e+01  8.266565e-02  1.362872e+01  8.266565e-02 
  105941804   3.725456e+00   2.868992e-01   3.725456e+00   2.868992e-01 223200705110415490      10537       3660     0 2454231.678287  1.357205e+01  8.361337e-02  1.357205e+01  8.361337e-02 
  105941863   4.050972e+00   3.019698e-01   4.050972e+00   3.019698e-01 223200705110416470      10539       3659     0 2454231.678970  1.348110e+01  8.093383e-02  1.348110e+01  8.093383e-02 
  105941918   3.995106e+00   3.221310e-01   3.995106e+00   3.221310e-01 223200705110417430      10541       3659     0 2454231.679606  1.349618e+01  8.754473e-02  1.349618e+01  8.754473e-02 
  106027803   3.638968e+00   1.671686e-01   3.638968e+00   1.671686e-01 223200705120409040      10558       3637     0 2454232.673646  1.359755e+01  4.987723e-02  1.359755e+01  4.987723e-02 
  106027929   3.645440e+00   1.781486e-01   3.645440e+00   1.781486e-01 223200705120411090      10545       3649     0 2454232.675104  1.359562e+01  5.305892e-02  1.359562e+01  5.305892e-02 
  106027983   3.915246e+00   1.878692e-01   3.915246e+00   1.878692e-01 223200705120412040      10548       3649     0 2454232.675729  1.351810e+01  5.209815e-02  1.351810e+01  5.209815e-02 
  106028037   3.749772e+00   1.984077e-01   3.749772e+00   1.984077e-01 223200705120412580      10550       3648     0 2454232.676354  1.356499e+01  5.744861e-02  1.356499e+01  5.744861e-02 
  106114058   3.485197e+00   1.664275e-01   3.485197e+00   1.664275e-01 223200705130406340      10534       3661     0 2454233.671968  1.364443e+01  5.184700e-02  1.364443e+01  5.184700e-02 
  106114112   3.567868e+00   1.715364e-01   3.567868e+00   1.715364e-01 223200705130407290      10538       3660     0 2454233.672593  1.361898e+01  5.220036e-02  1.361898e+01  5.220036e-02 
  106114168   3.561733e+00   1.745333e-01   3.561733e+00   1.745333e-01 223200705130408240      10541       3661     0 2454233.673241  1.362085e+01  5.320382e-02  1.362085e+01  5.320382e-02 
  106114222   3.672393e+00   1.799188e-01   3.672393e+00   1.799188e-01 223200705130409190      10542       3660     0 2454233.673866  1.358763e+01  5.319285e-02  1.358763e+01  5.319285e-02 
  124569530   4.625672e+00   3.097993e-01   4.625672e+00   3.097993e-01 221200712121841060       9721       5304     0 2454447.276968  1.333706e+01  7.271625e-02  1.333706e+01  7.271625e-02 
  124569723   4.270719e+00   2.493807e-01   4.270719e+00   2.493807e-01 223200712121844190       9906       7694     0 2454447.279201  1.342375e+01  6.339976e-02  1.342375e+01  6.339976e-02 
  124571653   4.270961e+00   9.971144e-02   4.270961e+00   9.971144e-02 221200712121916280       9671       5428     0 2454447.301539  1.342369e+01  2.534809e-02  1.342369e+01  2.534809e-02 
  124571713   3.172961e+00   8.253355e-02   3.172961e+00   8.253355e-02 223200712121917280       9920       7657     0 2454447.302234  1.374634e+01  2.824175e-02  1.374634e+01  2.824175e-02 
  124572987   4.157307e+00   9.772166e-02   4.157307e+00   9.772166e-02 221200712121938430       9710       5497     0 2454447.316979  1.345297e+01  2.552141e-02  1.345297e+01  2.552141e-02 
  124573046   3.235622e+00   8.040617e-02   3.235622e+00   8.040617e-02 223200712121939430       9905       7584     0 2454447.317662  1.372511e+01  2.698096e-02  1.372511e+01  2.698096e-02 
