\OBJNAME = '1SWASP J000940.88-720749.1'
\OBSSTART = '2006-05-11T04:14:48'
\OBSSTOP = '2007-12-12T19:38:43'
\TSTART = 74405745
\TSTOP = 124572986
\JD_REF = 2453005.5
\RA_OBJ = '2.420369'
\DEC_OBJ = '-72.130308'
\WASP_MAG = 15.91049
\HJD_START = 2453866.677604
\HJD_STOP = 2454447.316968
\fixlen = T
\NUMRECORDS = 312
\
\ This file was produced by the NASA Exoplanet Archive  http://exoplanetarchive.ipac.caltech.edu 
\ Tue Sep 17, 10:14:54 2013
\ Documentation for the SuperWASP dataset can be found at http://exoplanetarchive.ipac.caltech.edu/docs/SuperWASPMission.html
\
|TMID      |FLUX2         |FLUX2_ERR     |TAMFLUX2      |TAMFLUX2_ERR  |IMAGEID           |CCDX      |CCDY      |FLAG |           HJD|         MAG2|     MAG2_ERR|      TAMMAG2|  TAMMAG2_ERR|
|int       |float         |float         |float         |float         |char              |int       |int       |int  |        double|        float|        float|        float|        float|
|sec       |micro Vega    |micro Vega    |micro Vega    |micro Vega    |                  |1/16 pixel|1/16 pixel|     |           day|          mag|          mag|          mag|          mag|
|null      |null          |null          |null          |null          |null              |null      |null      |null |          null|         null|         null|         null|         null|
   74405745   7.472199e-01   2.011649e-01   7.472199e-01   2.011649e-01 223200605110414480      10708       4691     0 2453866.677604  1.531638e+01  2.923006e-01  1.531638e+01  2.923006e-01 
   74405798   3.228682e-01   2.196617e-01   3.228682e-01   2.196617e-01 223200605110415410      10713       4688     0 2453866.678218  1.622744e+01  7.386776e-01  1.622744e+01  7.386776e-01 
   74405947   5.100290e-01   2.792516e-01   5.100290e-01   2.792516e-01 223200605110418100      10726       4661     0 2453866.679942  1.573101e+01  5.944655e-01  1.573101e+01  5.944655e-01 
   74491996   4.788328e-01   2.306608e-01   4.788328e-01   2.306608e-01 223200605120412150      10740       4616     0 2453867.675880  1.579954e+01  5.230169e-01  1.579954e+01  5.230169e-01 
   74750381   2.312917e-01   3.112721e-01   2.312917e-01   3.112721e-01 223200605150358270      10727       4622     0 2453870.666447  1.658960e+01  1.461188e+00  1.658960e+01  1.461188e+00 
   74750441   8.801119e-01   3.114264e-01   8.801119e-01   3.114264e-01 223200605150359270      10732       4618     0 2453870.667141  1.513866e+01  3.841877e-01  1.513866e+01  3.841877e-01 
   74750495   3.659789e-01   3.094407e-01   3.659789e-01   3.094407e-01 223200605150400210      10736       4618     0 2453870.667766  1.609136e+01  9.180096e-01  1.609136e+01  9.180096e-01 
   74750554   2.566983e-01   3.112409e-01   2.566983e-01   3.112409e-01 223200605150401200      10739       4616     0 2453870.668449  1.647644e+01  1.316435e+00  1.647644e+01  1.316435e+00 
   75613642   4.906658e-01   1.125883e-01   4.906658e-01   1.125883e-01 223200605250345300      10804       4634     0 2453880.657894  1.577304e+01  2.491343e-01  1.577304e+01  2.491343e-01 
   75613705   3.419807e-01   1.097100e-01   3.419807e-01   1.097100e-01 223200605250346340      10814       4606     0 2453880.658623  1.616500e+01  3.483135e-01  1.616500e+01  3.483135e-01 
   75613763   2.951595e-01   1.095595e-01   2.951595e-01   1.095595e-01 223200605250347310      10817       4605     0 2453880.659294  1.632486e+01  4.030130e-01  1.632486e+01  4.030130e-01 
   75613831   4.777663e-01   1.099953e-01   4.777663e-01   1.099953e-01 223200605250348400      10815       4627     0 2453880.660081  1.580196e+01  2.499681e-01  1.580196e+01  2.499681e-01 
   75700097   3.233755e-01   1.091911e-01   3.233755e-01   1.091911e-01 223200605260346210      10824       4625     0 2453881.658530  1.622573e+01  3.666115e-01  1.622573e+01  3.666115e-01 
   75700227   3.883382e-01   1.080271e-01   3.883382e-01   1.080271e-01 223200605260348310      10830       4618     0 2453881.660035  1.602698e+01  3.020288e-01  1.602698e+01  3.020288e-01 
   76132384   3.013673e-01   8.830526e-02   3.013673e-01   8.830526e-02 223200605310350510      10895       4567     0 2453886.661852  1.630226e+01  3.181385e-01  1.630226e+01  3.181385e-01 
   76132433   2.859004e-01   8.869222e-02   2.859004e-01   8.869222e-02 223200605310351390      10896       4566     0 2453886.662419  1.635946e+01  3.368191e-01  1.635946e+01  3.368191e-01 
   76218787   4.452145e-01   9.169585e-02   4.452145e-01   9.169585e-02 223200606010350510      10906       4559     0 2453887.661887  1.587858e+01  2.236177e-01  1.587858e+01  2.236177e-01 
   76218855   4.146202e-01   9.139086e-02   4.146202e-01   9.139086e-02 223200606010351580      10905       4581     0 2453887.662674  1.595587e+01  2.393196e-01  1.595587e+01  2.393196e-01 
   76218925   4.109082e-01   9.159742e-02   4.109082e-01   9.159742e-02 223200606010353090      10908       4580     0 2453887.663484  1.596564e+01  2.420272e-01  1.596564e+01  2.420272e-01 
   76219011   5.043761e-01   9.246072e-02   5.043761e-01   9.246072e-02 223200606010354350      10916       4552     0 2453887.664479  1.574311e+01  1.990346e-01  1.574311e+01  1.990346e-01 
   76478194   5.163586e-01   9.948020e-02   5.163586e-01   9.948020e-02 223200606040354060      10917       4551     0 2453890.664282  1.571762e+01  2.091756e-01  1.571762e+01  2.091756e-01 
   76478267   3.724445e-01   9.966801e-02   3.724445e-01   9.966801e-02 223200606040355190      10916       4574     0 2453890.665127  1.607235e+01  2.905494e-01  1.607235e+01  2.905494e-01 
   76478343   2.762580e-01   9.947401e-02   2.762580e-01   9.947401e-02 223200606040356360      10924       4543     0 2453890.666007  1.639671e+01  3.909494e-01  1.639671e+01  3.909494e-01 
   76478396   3.315249e-01   9.869377e-02   3.315249e-01   9.869377e-02 223200606040357280      10926       4541     0 2453890.666620  1.619871e+01  3.232209e-01  1.619871e+01  3.232209e-01 
   76564536   3.657369e-01   2.506837e-01   3.657369e-01   2.506837e-01 223200606050353060      10943       4536     0 2453891.663611  1.609208e+01  7.441889e-01  1.609208e+01  7.441889e-01 
   76564595   1.556579e-01   2.413261e-01   1.556579e-01   2.413261e-01 223200606050354050      10947       4535     0 2453891.664294  1.701957e+01  1.683290e+00  1.701957e+01  1.683290e+00 
   76564655   1.981163e-01   2.429129e-01   1.981163e-01   2.429129e-01 223200606050355050      10950       4532     0 2453891.664988  1.675770e+01  1.331240e+00  1.675770e+01  1.331240e+00 
   76564713   2.877769e-01   2.216014e-01   2.877769e-01   2.216014e-01 223200606050356020      10952       4532     0 2453891.665660  1.635236e+01  8.360693e-01  1.635236e+01  8.360693e-01 
   76650907   2.967517e-01   8.691730e-02   2.967517e-01   8.691730e-02 223200606060352330      10932       4532     0 2453892.663275  1.631902e+01  3.180086e-01  1.631902e+01  3.180086e-01 
   76651041   3.328226e-01   9.007878e-02   3.328226e-01   9.007878e-02 223200606060354480      10939       4531     0 2453892.664826  1.619447e+01  2.938567e-01  1.619447e+01  2.938567e-01 
   76737455   2.648246e-01   9.177928e-02   2.648246e-01   9.177928e-02 223200606070354570      10945       4533     0 2453893.664988  1.644260e+01  3.762809e-01  1.644260e+01  3.762809e-01 
   76737510   2.413218e-01   9.119479e-02   2.413218e-01   9.119479e-02 223200606070355530      10946       4531     0 2453893.665625  1.654351e+01  4.102979e-01  1.654351e+01  4.102979e-01 
   76737566   2.505244e-01   9.240389e-02   2.505244e-01   9.240389e-02 223200606070356480      10948       4529     0 2453893.666273  1.650287e+01  4.004664e-01  1.650287e+01  4.004664e-01 
   76823792   3.956718e-01   9.214706e-02   3.956718e-01   9.214706e-02 223200606080353510      10968       4535     0 2453894.664259  1.600666e+01  2.528554e-01  1.600666e+01  2.528554e-01 
   76823851   2.755603e-01   9.179291e-02   2.755603e-01   9.179291e-02 223200606080354510      10972       4532     0 2453894.664942  1.639946e+01  3.616748e-01  1.639946e+01  3.616748e-01 
   76823910   4.605113e-01   9.215649e-02   4.605113e-01   9.215649e-02 223200606080355500      10974       4530     0 2453894.665625  1.584190e+01  2.172759e-01  1.584190e+01  2.172759e-01 
   76823996   4.044098e-01   9.309051e-02   4.044098e-01   9.309051e-02 223200606080357160      10972       4552     0 2453894.666620  1.598295e+01  2.499249e-01  1.598295e+01  2.499249e-01 
   76910218   4.426523e-01   8.944039e-02   4.426523e-01   8.944039e-02 223200606090354140      10964       4522     0 2453895.664560  1.588484e+01  2.193799e-01  1.588484e+01  2.193799e-01 
   76910272   4.471169e-01   8.946300e-02   4.471169e-01   8.946300e-02 223200606090355080      10967       4520     0 2453895.665185  1.587395e+01  2.172442e-01  1.587395e+01  2.172442e-01 
   76910356   3.778082e-01   8.905113e-02   3.778082e-01   8.905113e-02 223200606090356320      10965       4542     0 2453895.666157  1.605682e+01  2.559139e-01  1.605682e+01  2.559139e-01 
   76910428   3.076735e-01   8.777329e-02   3.076735e-01   8.777329e-02 223200606090357440      10972       4514     0 2453895.666991  1.627977e+01  3.097405e-01  1.627977e+01  3.097405e-01 
   76996573   4.207045e-01   1.988761e-01   4.207045e-01   1.988761e-01 223200606100353270      10970       4522     0 2453896.664039  1.594006e+01  5.132526e-01  1.594006e+01  5.132526e-01 
   76996638   5.249452e-01   1.956716e-01   5.249452e-01   1.956716e-01 223200606100354320      10974       4519     0 2453896.664792  1.569971e+01  4.047061e-01  1.569971e+01  4.047061e-01 
   76996699   6.200319e-01   1.917745e-01   6.200319e-01   1.917745e-01 223200606100355320      10975       4517     0 2453896.665498  1.551896e+01  3.358170e-01  1.551896e+01  3.358170e-01 
   76996754   7.440817e-01   1.890579e-01   7.440817e-01   1.890579e-01 223200606100356270      10977       4515     0 2453896.666134  1.532095e+01  2.758671e-01  1.532095e+01  2.758671e-01 
   77082994   3.512804e-01   3.373488e-01   3.512804e-01   3.373488e-01 223200606110353440      10982       4511     0 2453897.664282  1.613587e+01  1.042680e+00  1.613587e+01  1.042680e+00 
   77083071   5.941146e-01   3.373554e-01   5.941146e-01   3.373554e-01 223200606110355000      10981       4534     0 2453897.665174  1.556532e+01  6.165144e-01  1.556532e+01  6.165144e-01 
   77083206   4.161872e-01   3.362677e-01   4.161872e-01   3.362677e-01 223200606110357160      10990       4503     0 2453897.666736  1.595178e+01  8.772479e-01  1.595178e+01  8.772479e-01 
   77169260   7.637436e-01   4.227740e-01   7.637436e-01   4.227740e-01 223200606120351270      10981       4531     0 2453898.662731  1.529263e+01  6.010167e-01  1.529263e+01  6.010167e-01 
   77169322   5.446196e-01   4.241263e-01   5.446196e-01   4.241263e-01 223200606120352290      10989       4503     0 2453898.663449  1.565977e+01  8.455276e-01  1.565977e+01  8.455276e-01 
   77169380   6.107791e-01   4.194518e-01   6.107791e-01   4.194518e-01 223200606120353260      10990       4501     0 2453898.664120  1.553529e+01  7.456306e-01  1.553529e+01  7.456306e-01 
   77169440   4.634612e-01   4.146445e-01   4.634612e-01   4.146445e-01 223200606120354260      10992       4498     0 2453898.664815  1.583497e+01  9.713781e-01  1.583497e+01  9.713781e-01 
   77514685  -7.117231e-01   1.945868e+00  -7.117231e-01   1.945868e+00 223200606160348210      10991       4470     0 2453902.660706          null          null          null          null 
   77514750   5.630847e+00   2.473015e+00   5.630847e+00   2.473015e+00 223200606160349260      10993       4468     0 2453902.661458  1.312357e+01  4.768467e-01  1.312357e+01  4.768467e-01 
   77601370   4.281678e-01   1.702725e-01   4.281678e-01   1.702725e-01 223200606170353030      11005       4454     0 2453903.664005  1.592097e+01  4.317738e-01  1.592097e+01  4.317738e-01 
   77601567   3.351826e-01   1.666563e-01   3.351826e-01   1.666563e-01 223200606170356190      11010       4448     0 2453903.666285  1.618680e+01  5.398412e-01  1.618680e+01  5.398412e-01 
   77687714   4.193641e-01   1.408604e-01   4.193641e-01   1.408604e-01 223200606180352030      11025       4448     0 2453904.663356  1.594352e+01  3.646896e-01  1.594352e+01  3.646896e-01 
   77687757   3.663566e-01   1.409239e-01   3.663566e-01   1.409239e-01 223200606180352470      11027       4447     0 2453904.663854  1.609024e+01  4.176443e-01  1.609024e+01  4.176443e-01 
   77687876   1.795258e-01   1.418879e-01   1.795258e-01   1.418879e-01 223200606180354460      11029       4444     0 2453904.665231  1.686468e+01  8.581130e-01  1.686468e+01  8.581130e-01 
   77774351   3.433628e-01   1.168653e-01   3.433628e-01   1.168653e-01 223200606190355570      11071       4429     0 2453905.666100  1.616062e+01  3.695371e-01  1.616062e+01  3.695371e-01 
   77774407   2.467627e-01   1.164089e-01   2.467627e-01   1.164089e-01 223200606190356530      11070       4429     0 2453905.666748  1.651930e+01  5.121917e-01  1.651930e+01  5.121917e-01 
   77774469   5.216727e-01   1.172412e-01   5.216727e-01   1.172412e-01 223200606190357560      11070       4428     0 2453905.667465  1.570650e+01  2.440103e-01  1.570650e+01  2.440103e-01 
   77774534   3.777448e-01   1.176886e-01   3.777448e-01   1.176886e-01 223200606190359000      11064       4454     0 2453905.668218  1.605700e+01  3.382687e-01  1.605700e+01  3.382687e-01 
   77860765   3.220062e-01   1.003259e-01   3.220062e-01   1.003259e-01 223200606200356080      11054       4423     0 2453906.666262  1.623034e+01  3.382787e-01  1.623034e+01  3.382787e-01 
   77860824   4.014781e-01   1.004278e-01   4.014781e-01   1.004278e-01 223200606200357080      11055       4423     0 2453906.666944  1.599085e+01  2.715926e-01  1.599085e+01  2.715926e-01 
   77860888   5.201308e-01   1.010283e-01   5.201308e-01   1.010283e-01 223200606200358110      11055       4423     0 2453906.667685  1.570972e+01  2.108901e-01  1.570972e+01  2.108901e-01 
   77860953   4.713745e-01   1.012932e-01   4.713745e-01   1.012932e-01 223200606200359170      11049       4450     0 2453906.668438  1.581658e+01  2.333136e-01  1.581658e+01  2.333136e-01 
   77947075   2.978318e-01   1.031473e-01   2.978318e-01   1.031473e-01 223200606210354360      11049       4423     0 2453907.665220  1.631507e+01  3.760216e-01  1.631507e+01  3.760216e-01 
   77947129   4.765819e-01   1.037973e-01   4.765819e-01   1.037973e-01 223200606210355300      11049       4424     0 2453907.665845  1.580466e+01  2.364691e-01  1.580466e+01  2.364691e-01 
   77947207   4.083533e-01   1.042102e-01   4.083533e-01   1.042102e-01 223200606210356480      11045       4449     0 2453907.666748  1.597241e+01  2.770766e-01  1.597241e+01  2.770766e-01 
   77947274   3.061860e-01   1.036501e-01   3.061860e-01   1.036501e-01 223200606210357550      11050       4424     0 2453907.667523  1.628504e+01  3.675446e-01  1.628504e+01  3.675446e-01 
   78119985   2.832592e-01   8.679974e-02   2.832592e-01   8.679974e-02 223200606230356210      11041       4403     0 2453909.666493  1.636954e+01  3.327056e-01  1.636954e+01  3.327056e-01 
   78120187   2.632572e-01   8.641548e-02   2.632572e-01   8.641548e-02 223200606230359440      11037       4414     0 2453909.668831  1.644905e+01  3.563995e-01  1.644905e+01  3.563995e-01 
   78206445   3.192974e-01   9.468427e-02   3.192974e-01   9.468427e-02 223200606240357190      11059       4389     0 2453910.667187  1.623951e+01  3.219647e-01  1.623951e+01  3.219647e-01 
   78206504   2.980211e-01   9.348227e-02   2.980211e-01   9.348227e-02 223200606240358180      11056       4393     0 2453910.667870  1.631438e+01  3.405713e-01  1.631438e+01  3.405713e-01 
   78292884   3.701360e-01   8.511279e-02   3.701360e-01   8.511279e-02 223200606250357560      11061       4372     0 2453911.667639  1.607910e+01  2.496659e-01  1.607910e+01  2.496659e-01 
   78292938   3.703672e-01   8.346332e-02   3.703672e-01   8.346332e-02 223200606250358490      11055       4380     0 2453911.668264  1.607842e+01  2.446746e-01  1.607842e+01  2.446746e-01 
   78293051   3.505816e-01   8.579820e-02   3.505816e-01   8.579820e-02 223200606250400430      11045       4392     0 2453911.669572  1.613803e+01  2.657143e-01  1.613803e+01  2.657143e-01 
   78724953   3.317049e-01   8.630698e-02   3.317049e-01   8.630698e-02 223200606300358520      11067       4377     0 2453916.668438  1.619812e+01  2.825009e-01  1.619812e+01  2.825009e-01 
   78725030   2.957016e-01   8.520038e-02   2.957016e-01   8.520038e-02 223200606300400090      11075       4348     0 2453916.669329  1.632287e+01  3.128338e-01  1.632287e+01  3.128338e-01 
   78725077   3.710753e-01   8.622196e-02   3.710753e-01   8.622196e-02 223200606300400570      11075       4346     0 2453916.669873  1.607635e+01  2.522794e-01  1.607635e+01  2.522794e-01 
   78811389   2.891695e-01   9.047393e-02   2.891695e-01   9.047393e-02 223200607010359260      11068       4341     0 2453917.668854  1.634712e+01  3.397010e-01  1.634712e+01  3.397010e-01 
   78811533   4.234850e-01   8.859119e-02   4.234850e-01   8.859119e-02 223200607010401510      11070       4336     0 2453917.670521  1.593291e+01  2.271320e-01  1.593291e+01  2.271320e-01 
   78811584   3.006086e-01   8.830832e-02   3.006086e-01   8.830832e-02 223200607010402420      11071       4334     0 2453917.671111  1.630500e+01  3.189525e-01  1.630500e+01  3.189525e-01 
   78897800   5.181212e-01   2.298326e-01   5.181212e-01   2.298326e-01 223200607020359350      11078       4331     0 2453918.668981  1.571392e+01  4.816217e-01  1.571392e+01  4.816217e-01 
   78897913   3.640080e-01   2.705797e-01   3.640080e-01   2.705797e-01 223200607020401280      11080       4327     0 2453918.670289  1.609722e+01  8.070678e-01  1.609722e+01  8.070678e-01 
   78897986   3.770505e-01   1.517025e-01   3.770505e-01   1.517025e-01 223200607020402420      11076       4349     0 2453918.671134  1.605900e+01  4.368365e-01  1.605900e+01  4.368365e-01 
   78984256   2.797537e-01   8.297030e-02   2.797537e-01   8.297030e-02 223200607030400290      11089       4315     0 2453919.669630  1.638306e+01  3.220125e-01  1.638306e+01  3.220125e-01 
   78984314   3.133923e-01   8.326928e-02   3.133923e-01   8.326928e-02 223200607030401270      11089       4313     0 2453919.670301  1.625978e+01  2.884844e-01  1.625978e+01  2.884844e-01 
   78984369   3.559966e-01   8.424075e-02   3.559966e-01   8.424075e-02 223200607030402220      11089       4311     0 2453919.670937  1.612139e+01  2.569225e-01  1.612139e+01  2.569225e-01 
   79070526   2.766986e-01   8.411276e-02   2.766986e-01   8.411276e-02 223200607040358180      11083       4296     0 2453920.668125  1.639498e+01  3.300507e-01  1.639498e+01  3.300507e-01 
   79070572   2.558737e-01   8.313377e-02   2.558737e-01   8.313377e-02 223200607040359040      11084       4295     0 2453920.668657  1.647994e+01  3.527586e-01  1.647994e+01  3.527586e-01 
   79070638   2.620239e-01   8.358890e-02   2.620239e-01   8.358890e-02 223200607040400090      11085       4293     0 2453920.669421  1.645415e+01  3.463646e-01  1.645415e+01  3.463646e-01 
   79415955   3.348113e-01   8.501376e-02   3.348113e-01   8.501376e-02 223200607080355190      11081       4281     0 2453924.666146  1.618800e+01  2.756861e-01  1.618800e+01  2.756861e-01 
   79416179   3.204452e-01   8.319972e-02   3.204452e-01   8.319972e-02 223200607080359030      11088       4276     0 2453924.668738  1.623561e+01  2.818992e-01  1.623561e+01  2.818992e-01 
   79416237   3.512888e-01   8.312640e-02   3.512888e-01   8.312640e-02 223200607080400010      11089       4273     0 2453924.669410  1.613584e+01  2.569215e-01  1.613584e+01  2.569215e-01 
   79502494   2.944138e-01   1.378985e-01   2.944138e-01   1.378985e-01 223200607090357380      11093       4272     0 2453925.667755  1.632760e+01  5.085423e-01  1.632760e+01  5.085423e-01 
   79502563   4.382839e-01   1.352871e-01   4.382839e-01   1.352871e-01 223200607090358470      11094       4269     0 2453925.668553  1.589561e+01  3.351403e-01  1.589561e+01  3.351403e-01 
   79502717   2.653570e-01   1.306810e-01   2.653570e-01   1.306810e-01 223200607090401200      11091       4252     0 2453925.670336  1.644042e+01  5.346970e-01  1.644042e+01  5.346970e-01 
   80278196   6.679655e-01   1.475418e-01   6.679655e-01   1.475418e-01 223200607180325470      11123       4232     0 2453934.645787  1.543812e+01  2.398208e-01  1.543812e+01  2.398208e-01 
   80278258   5.709593e-01   1.502186e-01   5.709593e-01   1.502186e-01 223200607180326500      11128       4203     0 2453934.646505  1.560849e+01  2.856567e-01  1.560849e+01  2.856567e-01 
   80278333   3.590119e-01   1.683970e-01   3.590119e-01   1.683970e-01 223200607180328050      11123       4227     0 2453934.647373  1.611223e+01  5.092738e-01  1.611223e+01  5.092738e-01 
   80278411   2.960825e-01   2.202669e-01   2.960825e-01   2.202669e-01 223200607180329220      11128       4199     0 2453934.648275  1.632147e+01  8.077227e-01  1.632147e+01  8.077227e-01 
   80364288   2.573722e-01   1.070810e-01   2.573722e-01   1.070810e-01 223200607190320380      11120       4214     0 2453935.642222  1.647360e+01  4.517278e-01  1.647360e+01  4.517278e-01 
   80364344   1.953069e-01   1.063510e-01   1.953069e-01   1.063510e-01 223200607190321350      11120       4213     0 2453935.642870  1.677321e+01  5.912212e-01  1.677321e+01  5.912212e-01 
   80364404   4.855526e-01   1.066877e-01   4.855526e-01   1.066877e-01 223200607190322340      11120       4211     0 2453935.643565  1.578441e+01  2.385635e-01  1.578441e+01  2.385635e-01 
   80364465   3.894065e-01   1.056119e-01   3.894065e-01   1.056119e-01 223200607190323360      11121       4210     0 2453935.644271  1.602399e+01  2.944663e-01  1.602399e+01  2.944663e-01 
   80450504   3.155681e-01   9.549633e-02   3.155681e-01   9.549633e-02 223200607200317340      11125       4206     0 2453936.640093  1.625227e+01  3.285636e-01  1.625227e+01  3.285636e-01 
   80450565   2.852203e-01   9.578758e-02   2.852203e-01   9.578758e-02 223200607200318350      11124       4204     0 2453936.640799  1.636205e+01  3.646319e-01  1.636205e+01  3.646319e-01 
   80450686   4.051409e-01   9.657044e-02   4.051409e-01   9.657044e-02 223200607200320360      11124       4201     0 2453936.642199  1.598098e+01  2.587998e-01  1.598098e+01  2.587998e-01 
   80967436   2.898727e-01   8.213091e-02   2.898727e-01   8.213091e-02 223200607260253020      11083       4242     0 2453942.623102  1.634448e+01  3.076275e-01  1.634448e+01  3.076275e-01 
   80967495   3.699239e-01   8.085133e-02   3.699239e-01   8.085133e-02 223200607260254000      11084       4239     0 2453942.623785  1.607972e+01  2.373015e-01  1.607972e+01  2.373015e-01 
   80967555   4.066543e-01   8.064374e-02   4.066543e-01   8.064374e-02 223200607260255010      11085       4237     0 2453942.624479  1.597694e+01  2.153134e-01  1.597694e+01  2.153134e-01 
   80967611   3.192032e-01   8.058270e-02   3.192032e-01   8.058270e-02 223200607260255560      11086       4235     0 2453942.625127  1.623983e+01  2.740946e-01  1.623983e+01  2.740946e-01 
   81053718   2.693797e-01   9.536104e-02   2.693797e-01   9.536104e-02 223200607270251040      11080       4235     0 2453943.621736  1.642409e+01  3.843545e-01  1.642409e+01  3.843545e-01 
   81053774   2.777932e-01   9.245223e-02   2.777932e-01   9.245223e-02 223200607270251590      11081       4233     0 2453943.622384  1.639070e+01  3.613446e-01  1.639070e+01  3.613446e-01 
   81139947   3.047069e-01   6.792584e-01   3.047069e-01   6.792584e-01 223200607280248110      11098       4225     0 2453944.619757  1.629029e+01  2.420352e+00  1.629029e+01  2.420352e+00 
   81140001   7.246212e-01   4.425302e-01   7.246212e-01   4.425302e-01 223200607280249060      11099       4223     0 2453944.620382  1.534972e+01  6.630675e-01  1.534972e+01  6.630675e-01 
   82346070   4.163851e-01   3.500474e-01   4.163851e-01   3.500474e-01 223200608110150170      11093       4272     0 2453958.579514  1.595126e+01  9.127619e-01  1.595126e+01  9.127619e-01 
   82346126   3.119617e-01   3.511335e-01   3.119617e-01   3.511335e-01 223200608110151120      11095       4270     0 2453958.580162  1.626475e+01  1.222072e+00  1.626475e+01  1.222072e+00 
   82346181   4.414761e-01   3.533489e-01   4.414761e-01   3.533489e-01 223200608110152070      11096       4266     0 2453958.580799  1.588773e+01  8.690053e-01  1.588773e+01  8.690053e-01 
   82346240   4.993656e-01   3.507904e-01   4.993656e-01   3.507904e-01 223200608110153070      11096       4264     0 2453958.581481  1.575395e+01  7.627020e-01  1.575395e+01  7.627020e-01 
   82518425   2.174738e-01   2.240967e-01   2.174738e-01   2.240967e-01 223200608130142530      11097       4240     0 2453960.574363  1.665648e+01  1.118805e+00  1.665648e+01  1.118805e+00 
   82518484   4.705444e-01   2.239046e-01   4.705444e-01   2.239046e-01 223200608130143520      11098       4237     0 2453960.575046  1.581850e+01  5.166402e-01  1.581850e+01  5.166402e-01 
   82518624   5.166562e-01   2.234795e-01   5.166562e-01   2.234795e-01 223200608130146120      11092       4255     0 2453960.576667  1.571700e+01  4.696365e-01  1.571700e+01  4.696365e-01 
   82604607   1.647016e-01   1.781773e-01   1.647016e-01   1.781773e-01 223200608140139160      11096       4261     0 2453961.571840  1.695826e+01  1.174574e+00  1.695826e+01  1.174574e+00 
   82604720   3.226803e-01   1.808436e-01   3.226803e-01   1.808436e-01 223200608140141080      11115       4255     0 2453961.573148  1.622807e+01  6.084945e-01  1.622807e+01  6.084945e-01 
   82604774   5.638255e-01   1.853065e-01   5.638255e-01   1.853065e-01 223200608140142030      11115       4253     0 2453961.573773  1.562214e+01  3.568386e-01  1.562214e+01  3.568386e-01 
   82863080   3.816447e-01   1.114567e-01   3.816447e-01   1.114567e-01 223200608170127120      11086       4270     0 2453964.563426  1.604585e+01  3.170829e-01  1.604585e+01  3.170829e-01 
   82863264   3.895704e-01   1.134037e-01   3.895704e-01   1.134037e-01 223200608170130160      11096       4233     0 2453964.565556  1.602353e+01  3.160584e-01  1.602353e+01  3.160584e-01 
   82949253   3.103532e-01   8.430155e-02   3.103532e-01   8.430155e-02 223200608180123250      11091       4215     0 2453965.560799  1.627036e+01  2.949207e-01  1.627036e+01  2.949207e-01 
   82949315   2.319407e-01   8.438110e-02   2.319407e-01   8.438110e-02 223200608180124270      11093       4214     0 2453965.561516  1.658656e+01  3.949972e-01  1.658656e+01  3.949972e-01 
   82949378   2.816452e-01   8.416782e-02   2.816452e-01   8.416782e-02 223200608180125310      11093       4211     0 2453965.562245  1.637574e+01  3.244663e-01  1.637574e+01  3.244663e-01 
   83724679   3.675736e-01   8.256746e-02   3.675736e-01   8.256746e-02 223200608270047250      11070       4268     0 2453974.535637  1.608664e+01  2.438880e-01  1.608664e+01  2.438880e-01 
   83724743   2.918799e-01   8.322813e-02   2.918799e-01   8.322813e-02 223200608270048280      11074       4233     0 2453974.536377  1.633699e+01  3.095935e-01  1.633699e+01  3.095935e-01 
   83724818   3.102396e-01   8.173916e-02   3.102396e-01   8.173916e-02 223200608270049440      11069       4255     0 2453974.537245  1.627076e+01  2.860611e-01  1.627076e+01  2.860611e-01 
   83810846   3.464598e-01   7.788792e-02   3.464598e-01   7.788792e-02 223200608280043330      11075       4256     0 2453975.532940  1.615087e+01  2.440861e-01  1.615087e+01  2.440861e-01 
   83810898   2.366966e-01   7.806549e-02   2.366966e-01   7.806549e-02 223200608280044250      11076       4254     0 2453975.533542  1.656452e+01  3.580906e-01  1.656452e+01  3.580906e-01 
   83810969   3.063966e-01   7.816274e-02   3.063966e-01   7.816274e-02 223200608280045350      11076       4250     0 2453975.534363  1.628429e+01  2.769757e-01  1.628429e+01  2.769757e-01 
   83811026   1.868412e-01   7.844710e-02   1.868412e-01   7.844710e-02 223200608280046320      11076       4247     0 2453975.535023  1.682132e+01  4.558585e-01  1.682132e+01  4.558585e-01 
   84328750   6.367817e-01   2.529841e-01   6.367817e-01   2.529841e-01 223200609030035280      11061       4207     0 2453981.527199  1.549002e+01  4.313487e-01  1.549002e+01  4.313487e-01 
   84328874   6.341872e-01   2.606966e-01   6.341872e-01   2.606966e-01 223200609030037320      11063       4170     0 2453981.528634  1.549446e+01  4.463174e-01  1.549446e+01  4.463174e-01 
   84500245   9.682569e-01   4.007027e-01   9.682569e-01   4.007027e-01 223200609050013480      11074       4248     0 2453983.512095  1.503502e+01  4.493218e-01  1.503502e+01  4.493218e-01 
   84500307   2.189700e-01   3.973682e-01   2.189700e-01   3.973682e-01 223200609050014500      11074       4245     0 2453983.512812  1.664904e+01  1.970309e+00  1.664904e+01  1.970309e+00 
   84500385   4.250776e-01   3.967691e-01   4.250776e-01   3.967691e-01 223200609050016080      11069       4267     0 2453983.513715  1.592883e+01  1.013434e+00  1.592883e+01  1.013434e+00 
   84844858   8.779822e-01   5.551608e-01   8.779822e-01   5.551608e-01 223200609082357310      11082       4260     0 2453987.500671  1.514129e+01  6.865291e-01  1.514129e+01  6.865291e-01 
   84844914   7.844092e-01   5.490919e-01   7.844092e-01   5.490919e-01 223200609082358260      11083       4256     0 2453987.501319  1.526364e+01  7.600256e-01  1.526364e+01  7.600256e-01 
   84844971   9.060886e-01   5.507179e-01   9.060886e-01   5.507179e-01 223200609082359230      11082       4253     0 2453987.501979  1.510707e+01  6.599095e-01  1.510707e+01  6.599095e-01 
   84845033   3.178669e-01   5.525707e-01   3.178669e-01   5.525707e-01 223200609090000260      11082       4250     0 2453987.502697  1.624439e+01  1.887419e+00  1.624439e+01  1.887419e+00 
   85017225   2.809965e-01   3.877741e-01   2.809965e-01   3.877741e-01 223200609102350220      11061       4209     0 2453989.495660  1.637825e+01  1.498317e+00  1.637825e+01  1.498317e+00 
   85017284   3.433031e-01   3.349492e-01   3.433031e-01   3.349492e-01 223200609102351210      11061       4207     0 2453989.496343  1.616081e+01  1.059320e+00  1.616081e+01  1.059320e+00 
   85017342   6.528381e-01   3.464141e-01   6.528381e-01   3.464141e-01 223200609102352200      11059       4200     0 2453989.497014  1.546299e+01  5.761239e-01  1.546299e+01  5.761239e-01 
   85361808   3.217438e-01   8.113375e-02   3.217438e-01   8.113375e-02 223200609142333360      11063       4162     0 2453993.483889  1.623122e+01  2.737897e-01  1.623122e+01  2.737897e-01 
   85361869   3.119709e-01   8.131892e-02   3.119709e-01   8.131892e-02 223200609142334370      11063       4160     0 2453993.484595  1.626472e+01  2.830110e-01  1.626472e+01  2.830110e-01 
   85361944   2.797690e-01   8.092202e-02   2.797690e-01   8.092202e-02 223200609142335520      11058       4182     0 2453993.485463  1.638300e+01  3.140458e-01  1.638300e+01  3.140458e-01 
   85620707   3.238404e-01   9.373865e-02   3.238404e-01   9.373865e-02 223200609172328430      11032       4169     0 2453996.480405  1.622417e+01  3.142776e-01  1.622417e+01  3.142776e-01 
   85620770   3.493994e-01   9.405623e-02   3.493994e-01   9.405623e-02 223200609172329460      11032       4167     0 2453996.481134  1.614170e+01  2.922747e-01  1.614170e+01  2.922747e-01 
   85620824   2.767330e-01   9.411008e-02   2.767330e-01   9.411008e-02 223200609172330410      11032       4164     0 2453996.481759  1.639485e+01  3.692335e-01  1.639485e+01  3.692335e-01 
   85706444   2.976183e-01   9.022110e-02   2.976183e-01   9.022110e-02 223200609182317440      11034       4147     0 2453997.472731  1.631585e+01  3.291351e-01  1.631585e+01  3.291351e-01 
   85706507   2.894799e-01   9.000012e-02   2.894799e-01   9.000012e-02 223200609182318460      11039       4123     0 2453997.473461  1.634595e+01  3.375597e-01  1.634595e+01  3.375597e-01 
   85706562   2.974059e-01   8.953086e-02   2.974059e-01   8.953086e-02 223200609182319410      11040       4120     0 2453997.474097  1.631663e+01  3.268504e-01  1.631663e+01  3.268504e-01 
   85878758   2.837133e-01   9.070995e-02   2.837133e-01   9.070995e-02 223200609202309430      11037       4199     0 2453999.467106  1.636780e+01  3.471371e-01  1.636780e+01  3.471371e-01 
   85878815   2.881497e-01   9.023115e-02   2.881497e-01   9.023115e-02 223200609202310400      11039       4196     0 2453999.467766  1.635095e+01  3.399885e-01  1.635095e+01  3.399885e-01 
   85878876   3.015784e-01   9.027099e-02   3.015784e-01   9.027099e-02 223200609202311410      11040       4194     0 2453999.468472  1.630150e+01  3.249928e-01  1.630150e+01  3.249928e-01 
   85964881   2.760989e-01   8.363526e-02   2.760989e-01   8.363526e-02 223200609212305090      11051       4194     0 2454000.463900  1.639734e+01  3.288899e-01  1.639734e+01  3.288899e-01 
   85965034   4.234520e-01   8.371012e-02   4.234520e-01   8.371012e-02 223200609212307420      11053       4187     0 2454000.465671  1.593299e+01  2.146345e-01  1.593299e+01  2.146345e-01 
   85965097   3.324823e-01   8.365028e-02   3.324823e-01   8.365028e-02 223200609212308460      11054       4184     0 2454000.466400  1.619558e+01  2.731648e-01  1.619558e+01  2.731648e-01 
   85965153   3.037095e-01   8.309475e-02   3.037095e-01   8.309475e-02 223200609212309410      11054       4182     0 2454000.467049  1.629385e+01  2.970579e-01  1.629385e+01  2.970579e-01 
   86404995   4.426365e-01   8.717661e-02   4.426365e-01   8.717661e-02 223200609270120390      10915       3843     0 2454005.557812  1.588488e+01  2.138349e-01  1.588488e+01  2.138349e-01 
   86405056   3.899271e-01   8.734678e-02   3.899271e-01   8.734678e-02 223200609270121400      10919       3815     0 2454005.558519  1.602254e+01  2.432145e-01  1.602254e+01  2.432145e-01 
   86405124   3.046815e-01   8.791844e-02   3.046815e-01   8.791844e-02 223200609270122490      10918       3813     0 2454005.559306  1.629038e+01  3.132995e-01  1.629038e+01  3.132995e-01 
   86405185   4.082710e-01   8.861047e-02   4.082710e-01   8.861047e-02 223200609270123490      10917       3812     0 2454005.560012  1.597263e+01  2.356473e-01  1.597263e+01  2.356473e-01 
   87688165   3.488944e-01   6.858734e-02   3.488944e-01   6.858734e-02 223200610112147440      10715       3994     0 2454020.409317  1.614326e+01  2.134400e-01  1.614326e+01  2.134400e-01 
   87688239   3.649147e-01   6.785239e-02   3.649147e-01   6.785239e-02 223200610112148580      10719       3965     0 2454020.410174  1.609452e+01  2.018829e-01  1.609452e+01  2.018829e-01 
   87688293   4.651876e-01   6.919671e-02   4.651876e-01   6.919671e-02 223200610112149520      10719       3962     0 2454020.410799  1.583093e+01  1.615040e-01  1.583093e+01  1.615040e-01 
   87860510   4.775949e-01   7.920603e-02   4.775949e-01   7.920603e-02 223200610132140170      10678       4016     0 2454022.404051  1.580235e+01  1.800630e-01  1.580235e+01  1.800630e-01 
   87860577   4.055361e-01   7.903264e-02   4.055361e-01   7.903264e-02 223200610132141240      10678       4012     0 2454022.404826  1.597993e+01  2.115938e-01  1.597993e+01  2.115938e-01 
   87860633   3.643631e-01   7.851028e-02   3.643631e-01   7.851028e-02 223200610132142200      10678       4009     0 2454022.405475  1.609616e+01  2.339473e-01  1.609616e+01  2.339473e-01 
   87860693   3.571010e-01   7.818140e-02   3.571010e-01   7.818140e-02 223200610132143190      10678       4007     0 2454022.406169  1.611802e+01  2.377049e-01  1.611802e+01  2.377049e-01 
   88033122   2.807528e-01   7.292981e-02   2.807528e-01   7.292981e-02 223200610152137170      10674       4047     0 2454024.401875  1.637919e+01  2.820374e-01  1.637919e+01  2.820374e-01 
   88033183   2.760216e-01   7.364065e-02   2.760216e-01   7.364065e-02 223200610152138180      10674       4042     0 2454024.402581  1.639764e+01  2.896679e-01  1.639764e+01  2.896679e-01 
   88033238   3.257385e-01   7.365438e-02   3.257385e-01   7.365438e-02 223200610152139130      10673       4038     0 2454024.403218  1.621783e+01  2.455022e-01  1.621783e+01  2.455022e-01 
   88033297   2.356013e-01   7.227138e-02   2.356013e-01   7.227138e-02 223200610152140120      10672       4034     0 2454024.403900  1.656956e+01  3.330539e-01  1.656956e+01  3.330539e-01 
   88377445   4.460084e-01   7.646423e-02   4.460084e-01   7.646423e-02 223200610192116140      10659       4062     0 2454028.387095  1.587664e+01  1.861406e-01  1.587664e+01  1.861406e-01 
   88377497   3.046719e-01   7.702652e-02   3.046719e-01   7.702652e-02 223200610192117070      10658       4059     0 2454028.387697  1.629042e+01  2.744945e-01  1.629042e+01  2.744945e-01 
   88377644   3.734381e-01   7.673198e-02   3.734381e-01   7.673198e-02 223200610192119340      10652       4078     0 2454028.389398  1.606945e+01  2.230918e-01  1.606945e+01  2.230918e-01 
   88463610   3.816867e-01   7.600459e-02   3.816867e-01   7.600459e-02 223200610202112230      10682       4016     0 2454029.384375  1.604573e+01  2.162015e-01  1.604573e+01  2.162015e-01 
   88463682   3.583744e-01   7.591156e-02   3.583744e-01   7.591156e-02 223200610202113350      10679       4011     0 2454029.385208  1.611416e+01  2.299835e-01  1.611416e+01  2.299835e-01 
   88463804   3.362828e-01   7.589103e-02   3.362828e-01   7.589103e-02 223200610202115380      10678       4007     0 2454029.386620  1.618324e+01  2.450257e-01  1.618324e+01  2.450257e-01 
   88551557   3.994566e-01   8.384362e-02   3.994566e-01   8.384362e-02 223200610212138150      10677       3958     0 2454030.402280  1.599633e+01  2.278905e-01  1.599633e+01  2.278905e-01 
   88551689   3.953248e-01   8.285467e-02   3.953248e-01   8.285467e-02 223200610212140270      10673       3947     0 2454030.403808  1.600761e+01  2.275563e-01  1.600761e+01  2.275563e-01 
   88551761   5.720631e-01   8.405006e-02   5.720631e-01   8.405006e-02 223200610212141400      10667       3969     0 2454030.404641  1.560639e+01  1.595218e-01  1.560639e+01  1.595218e-01 
   88637619   7.110467e-01   1.003472e+00   7.110467e-01   1.003472e+00 223200610222132420      10673       4002     0 2454031.398368  1.537025e+01  1.532262e+00  1.537025e+01  1.532262e+00 
   88637692   1.628570e+00   1.235337e+00   1.628570e+00   1.235337e+00 223200610222133550      10674       3970     0 2454031.399213  1.447048e+01  8.235784e-01  1.447048e+01  8.235784e-01 
   88637767   4.154924e-01   1.267363e+00   4.154924e-01   1.267363e+00 223200610222135100      10669       3992     0 2454031.400081  1.595359e+01  3.311796e+00  1.595359e+01  3.311796e+00 
   88637829   8.961156e-01   2.024897e+00   8.961156e-01   2.024897e+00 223200610222136110      10669       3990     0 2454031.400799  1.511909e+01  2.453379e+00  1.511909e+01  2.453379e+00 
   88640080   1.132771e+00   1.929847e+00   1.132771e+00   1.929847e+00 223200610222213430      10667       3866     0 2454031.426852  1.486464e+01  1.849722e+00  1.486464e+01  1.849722e+00 
   88722109   4.139474e-01   7.850149e-02   4.139474e-01   7.850149e-02 223200610232100550      10665       4048     0 2454032.376262  1.595764e+01  2.059010e-01  1.595764e+01  2.059010e-01 
   88722292   4.121103e-01   7.914558e-02   4.121103e-01   7.914558e-02 223200610232103590      10666       4039     0 2454032.378380  1.596247e+01  2.085158e-01  1.596247e+01  2.085158e-01 
   88980608   2.812507e-01   9.040668e-02   2.812507e-01   9.040668e-02 223200610262049260      10665       4106     0 2454035.368148  1.637727e+01  3.490058e-01  1.637727e+01  3.490058e-01 
   88980668   3.746781e-01   9.023231e-02   3.746781e-01   9.023231e-02 223200610262050270      10665       4104     0 2454035.368843  1.606586e+01  2.614746e-01  1.606586e+01  2.614746e-01 
   88980732   3.456377e-01   8.915464e-02   3.456377e-01   8.915464e-02 223200610262051300      10661       4095     0 2454035.369583  1.615345e+01  2.800584e-01  1.615345e+01  2.800584e-01 
   89066670   4.139400e-01   1.015050e-01   4.139400e-01   1.015050e-01 223200610272043520      10685       4080     0 2454036.364236  1.595766e+01  2.662415e-01  1.595766e+01  2.662415e-01 
   89066733   4.199632e-01   1.022869e-01   4.199632e-01   1.022869e-01 223200610272044550      10685       4078     0 2454036.364965  1.594197e+01  2.644445e-01  1.594197e+01  2.644445e-01 
   89066789   5.122858e-01   1.037438e-01   5.122858e-01   1.037438e-01 223200610272045520      10684       4074     0 2454036.365613  1.572622e+01  2.198750e-01  1.572622e+01  2.198750e-01 
   89066854   5.562650e-01   1.043961e-01   5.562650e-01   1.043961e-01 223200610272046560      10684       4071     0 2454036.366366  1.563680e+01  2.037645e-01  1.563680e+01  2.037645e-01 
   89152868   3.747214e-01   1.723473e-01   3.747214e-01   1.723473e-01 223200610282040350      10670       4091     0 2454037.361898  1.606573e+01  4.993693e-01  1.606573e+01  4.993693e-01 
   89152941   4.751564e-01   1.570518e-01   4.751564e-01   1.570518e-01 223200610282041480      10673       4058     0 2454037.362743  1.580791e+01  3.588660e-01  1.580791e+01  3.588660e-01 
   89153002   4.211581e-01   1.358747e-01   4.211581e-01   1.358747e-01 223200610282042490      10673       4056     0 2454037.363449  1.593889e+01  3.502833e-01  1.593889e+01  3.502833e-01 
   89238989   7.174111e-01   1.451321e-01   7.174111e-01   1.451321e-01 223200610292035590      10665       4048     0 2454038.358669  1.536058e+01  2.196450e-01  1.536058e+01  2.196450e-01 
   89239044   7.284876e-01   1.459056e-01   7.284876e-01   1.459056e-01 223200610292036550      10666       4044     0 2454038.359306  1.534394e+01  2.174582e-01  1.534394e+01  2.174582e-01 
   89239091   3.423213e-01   1.450969e-01   3.423213e-01   1.450969e-01 223200610292037410      10665       4037     0 2454038.359850  1.616392e+01  4.602035e-01  1.616392e+01  4.602035e-01 
   89239169   5.354916e-01   1.455846e-01   5.354916e-01   1.455846e-01 223200610292038590      10664       4035     0 2454038.360752  1.567812e+01  2.951811e-01  1.567812e+01  2.951811e-01 
   89411364   4.197991e-01   2.320815e-01   4.197991e-01   2.320815e-01 223200610312029020      10659       4049     0 2454040.353750  1.594240e+01  6.002401e-01  1.594240e+01  6.002401e-01 
   89411437   5.099012e-01   2.336649e-01   5.099012e-01   2.336649e-01 223200610312030160      10654       4070     0 2454040.354595  1.573129e+01  4.975461e-01  1.573129e+01  4.975461e-01 
   89411507   4.644546e-01   2.378902e-01   4.644546e-01   2.378902e-01 223200610312031250      10658       4037     0 2454040.355405  1.583264e+01  5.561080e-01  1.583264e+01  5.561080e-01 
   89506222   4.344840e-01   2.444825e-01   4.344840e-01   2.444825e-01 223200611012250050      10586       3674     0 2454041.451644  1.590507e+01  6.109419e-01  1.590507e+01  6.109419e-01 
   89506295   3.904757e-01   2.438590e-01   3.904757e-01   2.438590e-01 223200611012251190      10589       3644     0 2454041.452488  1.602102e+01  6.780641e-01  1.602102e+01  6.780641e-01 
   89506352   5.405869e-01   2.465795e-01   5.405869e-01   2.465795e-01 223200611012252160      10589       3641     0 2454041.453148  1.566784e+01  4.952418e-01  1.566784e+01  4.952418e-01 
   89506414   5.983046e-01   2.480078e-01   5.983046e-01   2.480078e-01 223200611012253170      10588       3639     0 2454041.453866  1.555769e+01  4.500584e-01  1.555769e+01  4.500584e-01 
   89842124   4.158187e-01   3.397989e-01   4.158187e-01   3.397989e-01 223200611052008420      10669       4051     0 2454045.339398  1.595274e+01  8.872453e-01  1.595274e+01  8.872453e-01 
   89842255   5.815021e-01   3.432542e-01   5.815021e-01   3.432542e-01 223200611052010530      10670       4043     0 2454045.340914  1.558862e+01  6.409001e-01  1.558862e+01  6.409001e-01 
   89842314   3.241451e-01   3.452719e-01   3.241451e-01   3.452719e-01 223200611052011520      10670       4041     0 2454045.341597  1.622315e+01  1.156505e+00  1.622315e+01  1.156505e+00 
   89928308   5.582970e-01   2.620465e-01   5.582970e-01   2.620465e-01 223200611062005110      10672       4069     0 2454046.336898  1.563284e+01  5.096111e-01  1.563284e+01  5.096111e-01 
   89928377   6.669297e-01   2.589188e-01   6.669297e-01   2.589188e-01 223200611062006190      10673       4065     0 2454046.337697  1.543980e+01  4.215115e-01  1.543980e+01  4.215115e-01 
   89928431   5.938368e-01   2.589371e-01   5.938368e-01   2.589371e-01 223200611062007140      10673       4062     0 2454046.338322  1.556583e+01  4.734269e-01  1.556583e+01  4.734269e-01 
   89928495   4.639487e-01   2.613397e-01   4.639487e-01   2.613397e-01 223200611062008180      10673       4060     0 2454046.339062  1.583383e+01  6.115912e-01  1.583383e+01  6.115912e-01 
   90014496   6.666651e-01   1.744025e-01   6.666651e-01   1.744025e-01 223200611072001430      10679       4077     0 2454047.334444  1.544023e+01  2.840342e-01  1.544023e+01  2.840342e-01 
   90014550   6.952978e-01   1.673972e-01   6.952978e-01   1.673972e-01 223200611072002370      10680       4074     0 2454047.335069  1.539457e+01  2.613985e-01  1.539457e+01  2.613985e-01 
   90014639   4.531229e-01   1.504463e-01   4.531229e-01   1.504463e-01 223200611072004050      10674       4096     0 2454047.336100  1.585946e+01  3.604885e-01  1.585946e+01  3.604885e-01 
   90014701   5.305396e-01   1.552276e-01   5.305396e-01   1.552276e-01 223200611072005080      10673       4092     0 2454047.336817  1.568821e+01  3.176706e-01  1.568821e+01  3.176706e-01 
   90272984   2.845638e-01   8.619016e-02   2.845638e-01   8.619016e-02 223200611101950030      10676       4059     0 2454050.326204  1.636455e+01  3.288546e-01  1.636455e+01  3.288546e-01 
   90273038   2.564783e-01   8.660371e-02   2.564783e-01   8.660371e-02 223200611101950570      10676       4056     0 2454050.326829  1.647737e+01  3.666162e-01  1.647737e+01  3.666162e-01 
   90273086   2.972270e-01   8.886866e-02   2.972270e-01   8.886866e-02 223200611101951450      10675       4052     0 2454050.327384  1.631728e+01  3.246282e-01  1.631728e+01  3.246282e-01 
   90273151   2.468306e-01   8.498071e-02   2.468306e-01   8.498071e-02 223200611101952500      10675       4050     0 2454050.328137  1.651900e+01  3.738068e-01  1.651900e+01  3.738068e-01 
   90617599   4.286199e-01   8.272148e-02   4.286199e-01   8.272148e-02 223200611141933540      10666       4085     0 2454054.314803  1.591982e+01  2.095423e-01  1.591982e+01  2.095423e-01 
   90617661   4.442312e-01   8.229709e-02   4.442312e-01   8.229709e-02 223200611141934560      10666       4081     0 2454054.315521  1.588098e+01  2.011413e-01  1.588098e+01  2.011413e-01 
   90617721   4.341110e-01   8.209592e-02   4.341110e-01   8.209592e-02 223200611141935570      10671       4053     0 2454054.316215  1.590600e+01  2.053272e-01  1.590600e+01  2.053272e-01 
   90617772   4.000743e-01   8.145067e-02   4.000743e-01   8.145067e-02 223200611141936470      10671       4051     0 2454054.316806  1.599465e+01  2.210446e-01  1.599465e+01  2.210446e-01 
   93120139   2.236621e-01   2.048938e-01   2.236621e-01   2.048938e-01 223200612131844400      11336       3897     0 2454083.279387  1.662602e+01  9.946314e-01  1.662602e+01  9.946314e-01 
   93120198   3.982220e-01   1.911300e-01   3.982220e-01   1.911300e-01 223200612131845380      11337       3896     0 2454083.280069  1.599969e+01  5.211100e-01  1.599969e+01  5.211100e-01 
   93120274   5.400299e-01   1.731055e-01   5.400299e-01   1.731055e-01 223200612131846550      11332       3917     0 2454083.280949  1.566896e+01  3.480318e-01  1.566896e+01  3.480318e-01 
   93120338   4.869311e-01   1.621935e-01   4.869311e-01   1.621935e-01 223200612131847580      11336       3889     0 2454083.281690  1.578133e+01  3.616529e-01  1.578133e+01  3.616529e-01 
   93292972   3.923168e-01   2.459598e-01   3.923168e-01   2.459598e-01 223200612151845190      11309       3869     0 2454085.279769  1.601591e+01  6.806958e-01  1.601591e+01  6.806958e-01 
   93293026   6.083093e-01   2.323656e-01   6.083093e-01   2.323656e-01 223200612151846130      11309       3867     0 2454085.280394  1.553969e+01  4.147375e-01  1.553969e+01  4.147375e-01 
   93293134   4.778633e-01   2.058008e-01   4.778633e-01   2.058008e-01 223200612151848010      11308       3863     0 2454085.281644  1.580174e+01  4.675943e-01  1.580174e+01  4.675943e-01 
   93467313   4.649660e-01   9.302047e-02   4.649660e-01   9.302047e-02 223200612171911070      11661       3691     0 2454087.297604  1.583145e+01  2.172117e-01  1.583145e+01  2.172117e-01 
   93467369   4.856160e-01   9.259015e-02   4.856160e-01   9.259015e-02 223200612171912030      11660       3689     0 2454087.298252  1.578427e+01  2.070130e-01  1.578427e+01  2.070130e-01 
   93467429   3.617900e-01   9.121225e-02   3.617900e-01   9.121225e-02 223200612171913020      11658       3686     0 2454087.298947  1.610386e+01  2.737300e-01  1.610386e+01  2.737300e-01 
   93467499   4.748347e-01   9.047186e-02   4.748347e-01   9.047186e-02 223200612171914130      11651       3707     0 2454087.299757  1.580864e+01  2.068697e-01  1.580864e+01  2.068697e-01 
   93556671   5.012175e-01   8.255909e-02   5.012175e-01   8.255909e-02 223200612182000260      10722       3626     0 2454088.331840  1.574993e+01  1.788400e-01  1.574993e+01  1.788400e-01 
   93556729   3.906903e-01   8.215811e-02   3.906903e-01   8.215811e-02 223200612182001250      10721       3624     0 2454088.332512  1.602042e+01  2.283198e-01  1.602042e+01  2.283198e-01 
   93556798   3.138237e-01   8.231466e-02   3.138237e-01   8.231466e-02 223200612182002330      10720       3622     0 2454088.333310  1.625829e+01  2.847851e-01  1.625829e+01  2.847851e-01 
   93556862   3.859951e-01   8.263053e-02   3.859951e-01   8.263053e-02 223200612182003370      10719       3620     0 2454088.334051  1.603354e+01  2.324259e-01  1.603354e+01  2.324259e-01 
   93725429   3.600757e-01   1.894137e-01   3.600757e-01   1.894137e-01 223200612201853100      10779       3779     0 2454090.285058  1.610902e+01  5.711410e-01  1.610902e+01  5.711410e-01 
   93725486   3.886494e-01   1.776965e-01   3.886494e-01   1.776965e-01 223200612201854080      10779       3776     0 2454090.285718  1.602611e+01  4.964170e-01  1.602611e+01  4.964170e-01 
   94935174   5.734661e-01   3.796448e-01   5.734661e-01   3.796448e-01 223200701031856070      10721       3627     0 2454104.286736  1.560373e+01  7.187791e-01  1.560373e+01  7.187791e-01 
   94935240   7.615399e-01   3.758386e-01   7.615399e-01   3.758386e-01 223200701031857140      10721       3626     0 2454104.287500  1.529577e+01  5.358393e-01  1.529577e+01  5.358393e-01 
   94935298   5.798028e-01   3.703582e-01   5.798028e-01   3.703582e-01 223200701031858120      10720       3624     0 2454104.288171  1.559180e+01  6.935335e-01  1.559180e+01  6.935335e-01 
   94935363   9.402968e-01   3.649877e-01   9.402968e-01   3.649877e-01 223200701031859170      10719       3622     0 2454104.288924  1.506684e+01  4.214432e-01  1.506684e+01  4.214432e-01 
   95021603   7.280493e-01   2.801881e-01   7.280493e-01   2.801881e-01 223200701041856390      10718       3644     0 2454105.287072  1.534460e+01  4.178445e-01  1.534460e+01  4.178445e-01 
   95021675   6.104389e-01   2.627609e-01   6.104389e-01   2.627609e-01 223200701041857500      10722       3616     0 2454105.287905  1.553589e+01  4.673524e-01  1.553589e+01  4.673524e-01 
   95021740   5.958263e-01   2.496605e-01   5.958263e-01   2.496605e-01 223200701041858560      10721       3614     0 2454105.288657  1.556220e+01  4.549420e-01  1.556220e+01  4.549420e-01 
   95021796   4.625611e-01   2.410249e-01   4.625611e-01   2.410249e-01 223200701041859510      10720       3613     0 2454105.289306  1.583708e+01  5.657421e-01  1.583708e+01  5.657421e-01 
   95107904   5.264517e-01   2.462928e-01   5.264517e-01   2.462928e-01 223200701051855020      10695       3609     0 2454106.285926  1.569660e+01  5.079478e-01  1.569660e+01  5.079478e-01 
   95108014   6.930979e-01   2.157925e-01   6.930979e-01   2.157925e-01 223200701051856510      10694       3606     0 2454106.287199  1.539801e+01  3.380397e-01  1.539801e+01  3.380397e-01 
   95280692   5.270101e-01   2.189933e-01   5.270101e-01   2.189933e-01 223200701071854540      10673       3591     0 2454108.285787  1.569545e+01  4.511673e-01  1.569545e+01  4.511673e-01 
   95280821   4.499463e-01   1.839751e-01   4.499463e-01   1.839751e-01 223200701071857030      10692       3615     0 2454108.287280  1.586710e+01  4.439398e-01  1.586710e+01  4.439398e-01 
   95280877   4.390395e-01   1.720067e-01   4.390395e-01   1.720067e-01 223200701071857590      10690       3612     0 2454108.287928  1.589374e+01  4.253707e-01  1.589374e+01  4.253707e-01 
   95280933   5.290332e-01   1.628649e-01   5.290332e-01   1.628649e-01 223200701071858540      10689       3610     0 2454108.288576  1.569129e+01  3.342493e-01  1.569129e+01  3.342493e-01 
   95367155   5.094749e-01   2.458045e-01   5.094749e-01   2.458045e-01 223200701081855580      10675       3581     0 2454109.286516  1.573219e+01  5.238331e-01  1.573219e+01  5.238331e-01 
   95367211   7.049279e-01   2.299026e-01   7.049279e-01   2.299026e-01 223200701081856530      10675       3580     0 2454109.287164  1.537964e+01  3.540993e-01  1.537964e+01  3.540993e-01 
   95367266   7.624991e-01   2.146879e-01   7.624991e-01   2.146879e-01 223200701081857490      10674       3579     0 2454109.287801  1.529440e+01  3.056990e-01  1.529440e+01  3.056990e-01 
   95367322   3.885224e-01   2.011483e-01   3.885224e-01   2.011483e-01 223200701081858450      10673       3577     0 2454109.288449  1.602646e+01  5.621162e-01  1.602646e+01  5.621162e-01 
   95453540   4.756511e-01   2.395417e-01   4.756511e-01   2.395417e-01 223200701091855450      10678       3578     0 2454110.286343  1.580678e+01  5.467873e-01  1.580678e+01  5.467873e-01 
   95453706   5.345310e-01   1.965044e-01   5.345310e-01   1.965044e-01 223200701091858300      10675       3574     0 2454110.288264  1.568007e+01  3.991400e-01  1.568007e+01  3.991400e-01 
   95539930   6.773050e-01   2.366573e-01   6.773050e-01   2.366573e-01 223200701101855350      10675       3571     0 2454111.286227  1.542304e+01  3.793686e-01  1.542304e+01  3.793686e-01 
   95539984   4.249145e-01   2.205798e-01   4.249145e-01   2.205798e-01 223200701101856300      10674       3570     0 2454111.286852  1.592925e+01  5.636247e-01  1.592925e+01  5.636247e-01 
   95540038   6.048055e-01   2.058897e-01   6.048055e-01   2.058897e-01 223200701101857240      10674       3569     0 2454111.287477  1.554596e+01  3.696108e-01  1.554596e+01  3.696108e-01 
   95540094   2.684388e-01   1.920151e-01   2.684388e-01   1.920151e-01 223200701101858190      10673       3568     0 2454111.288125  1.642789e+01  7.766332e-01  1.642789e+01  7.766332e-01 
   95626314   4.781040e-01   2.437631e-01   4.781040e-01   2.437631e-01 223200701111855210      10657       3551     0 2454112.286042  1.580119e+01  5.535687e-01  1.580119e+01  5.535687e-01 
   95626370   4.722102e-01   2.271769e-01   4.722102e-01   2.271769e-01 223200701111856160      10656       3550     0 2454112.286690  1.581466e+01  5.223416e-01  1.581466e+01  5.223416e-01 
   95626480   4.806167e-01   2.002065e-01   4.806167e-01   2.002065e-01 223200701111858070      10655       3548     0 2454112.287963  1.579550e+01  4.522776e-01  1.579550e+01  4.522776e-01 
   95712696   4.880382e-01   2.289650e-01   4.880382e-01   2.289650e-01 223200701121855050      10686       3545     0 2454113.285833  1.577887e+01  5.093791e-01  1.577887e+01  5.093791e-01 
   95712752   3.438227e-01   2.144486e-01   3.438227e-01   2.144486e-01 223200701121856000      10685       3545     0 2454113.286481  1.615916e+01  6.771964e-01  1.615916e+01  6.771964e-01 
   95712806   6.488242e-01   2.025171e-01   6.488242e-01   2.025171e-01 223200701121856550      10684       3544     0 2454113.287106  1.546968e+01  3.388913e-01  1.546968e+01  3.388913e-01 
   95712860   5.730834e-01   1.906403e-01   5.730834e-01   1.906403e-01 223200701121857490      10684       3542     0 2454113.287731  1.560445e+01  3.611791e-01  1.560445e+01  3.611791e-01 
   95799118   5.169304e-01   2.032930e-01   5.169304e-01   2.032930e-01 223200701131855270      10682       3561     0 2454114.286088  1.571642e+01  4.269885e-01  1.571642e+01  4.269885e-01 
   95799172   5.623361e-01   1.907167e-01   5.623361e-01   1.907167e-01 223200701131856210      10681       3559     0 2454114.286713  1.562501e+01  3.682295e-01  1.562501e+01  3.682295e-01 
   95799350   6.418247e-01   1.580030e-01   6.418247e-01   1.580030e-01 223200701131859190      10682       3561     0 2454114.288773  1.548146e+01  2.672850e-01  1.548146e+01  2.672850e-01 
   95885588   4.114866e-01   1.902232e-01   4.114866e-01   1.902232e-01 223200701141856390      10677       3539     0 2454115.286898  1.596411e+01  5.019191e-01  1.596411e+01  5.019191e-01 
   95885644   6.466295e-01   1.786452e-01   6.466295e-01   1.786452e-01 223200701141857340      10677       3537     0 2454115.287546  1.547336e+01  2.999588e-01  1.547336e+01  2.999588e-01 
   95885698   6.436233e-01   1.673137e-01   6.436233e-01   1.673137e-01 223200701141858290      10677       3536     0 2454115.288171  1.547842e+01  2.822445e-01  1.547842e+01  2.822445e-01 
   95885830   5.897722e-01   1.451414e-01   5.897722e-01   1.451414e-01 223200701141900410      10674       3537     0 2454115.289699  1.557329e+01  2.671978e-01  1.557329e+01  2.671978e-01 
  105941749   4.351955e-01   2.587444e-01   4.351955e-01   2.587444e-01 223200705110414520      10654       4363     0 2454231.677650  1.590329e+01  6.455241e-01  1.590329e+01  6.455241e-01 
  105941805   5.316939e-01   2.768264e-01   5.316939e-01   2.768264e-01 223200705110415490      10657       4362     0 2454231.678299  1.568585e+01  5.652906e-01  1.568585e+01  5.652906e-01 
  105941864   6.397580e-01   2.941824e-01   6.397580e-01   2.941824e-01 223200705110416470      10660       4361     0 2454231.678981  1.548496e+01  4.992601e-01  1.548496e+01  4.992601e-01 
  105941919   3.477257e-01   3.153886e-01   3.477257e-01   3.153886e-01 223200705110417430      10662       4361     0 2454231.679618  1.614691e+01  9.847707e-01  1.614691e+01  9.847707e-01 
  106027804   4.377924e-01   1.580192e-01   4.377924e-01   1.580192e-01 223200705120409040      10679       4339     0 2454232.673657  1.589683e+01  3.918930e-01  1.589683e+01  3.918930e-01 
  106027930   5.462252e-01   1.707253e-01   5.462252e-01   1.707253e-01 223200705120411090      10665       4351     0 2454232.675116  1.565657e+01  3.393532e-01  1.565657e+01  3.393532e-01 
  106027984   4.830646e-01   1.777891e-01   4.830646e-01   1.777891e-01 223200705120412040      10668       4351     0 2454232.675741  1.578999e+01  3.996002e-01  1.578999e+01  3.996002e-01 
  106114059   4.301667e-01   1.551099e-01   4.301667e-01   1.551099e-01 223200705130406340      10655       4363     0 2454233.671979  1.591591e+01  3.914971e-01  1.591591e+01  3.914971e-01 
  106114113   2.942155e-01   1.607403e-01   2.942155e-01   1.607403e-01 223200705130407290      10658       4362     0 2454233.672604  1.632834e+01  5.931780e-01  1.632834e+01  5.931780e-01 
  106114223   3.542016e-01   1.717392e-01   3.542016e-01   1.717392e-01 223200705130409190      10662       4362     0 2454233.673877  1.612687e+01  5.264350e-01  1.612687e+01  5.264350e-01 
  124569528   9.154285e-01   3.064981e-01   9.154285e-01   3.064981e-01 221200712121841060       9554       4611     0 2454447.276944  1.509594e+01  3.635208e-01  1.509594e+01  3.635208e-01 
  124569721   8.183545e-01   2.412440e-01   8.183545e-01   2.412440e-01 223200712121844190       9984       8401     0 2454447.279178  1.521765e+01  3.200670e-01  1.521765e+01  3.200670e-01 
  124570455   5.493078e-01   1.444672e-01   5.493078e-01   1.444672e-01 222200712121856320      12535      25324     0 2454447.287674  1.565046e+01  2.855482e-01  1.565046e+01  2.855482e-01 
  124571587   7.311339e-01   1.029288e-01   7.311339e-01   1.029288e-01 222200712121915250      12553      25278     0 2454447.300775  1.534001e+01  1.528501e-01  1.534001e+01  1.528501e-01 
  124571651   3.780199e-01   8.965623e-02   3.780199e-01   8.965623e-02 221200712121916280       9504       4735     0 2454447.301516  1.605621e+01  2.575085e-01  1.605621e+01  2.575085e-01 
  124571711   4.398247e-01   7.228181e-02   4.398247e-01   7.228181e-02 223200712121917280       9997       8364     0 2454447.302211  1.589180e+01  1.784330e-01  1.589180e+01  1.784330e-01 
  124572795   4.511099e-01   9.964656e-02   4.511099e-01   9.964656e-02 222200712121935320      12526      25301     0 2454447.314757  1.586429e+01  2.398313e-01  1.586429e+01  2.398313e-01 
  124572986   6.515197e-01   9.040036e-02   6.515197e-01   9.040036e-02 221200712121938430       9543       4803     0 2454447.316968  1.546518e+01  1.506498e-01  1.546518e+01  1.506498e-01 
