\OBJNAME = '1SWASP J001731.34-722257.5'
\OBSSTART = '2006-05-11T04:14:48'
\OBSSTOP = '2007-12-12T19:39:43'
\TSTART = 74405743
\TSTOP = 124573049
\JD_REF = 2453005.5
\RA_OBJ = '4.380614'
\DEC_OBJ = '-72.382642'
\WASP_MAG = 13.88872
\HJD_START = 2453866.677581
\HJD_STOP = 2454447.317697
\fixlen = T
\NUMRECORDS = 473
\
\ This file was produced by the NASA Exoplanet Archive  http://exoplanetarchive.ipac.caltech.edu 
\ Mon Sep 16, 06:59:47 2013
\ Documentation for the SuperWASP dataset can be found at http://exoplanetarchive.ipac.caltech.edu/docs/SuperWASPMission.html
\
|TMID      |FLUX2         |FLUX2_ERR     |TAMFLUX2      |TAMFLUX2_ERR  |IMAGEID           |CCDX      |CCDY      |FLAG |           HJD|         MAG2|     MAG2_ERR|      TAMMAG2|  TAMMAG2_ERR|
|int       |float         |float         |float         |float         |char              |int       |int       |int  |        double|        float|        float|        float|        float|
|sec       |micro Vega    |micro Vega    |micro Vega    |micro Vega    |                  |1/16 pixel|1/16 pixel|     |           day|          mag|          mag|          mag|          mag|
|null      |null          |null          |null          |null          |null              |null      |null      |null |          null|         null|         null|         null|         null|
   74405743   2.831298e+00   2.125622e-01   2.831298e+00   2.125622e-01 223200605110414480      10124       2145     0 2453866.677581  1.387004e+01  8.151291e-02  1.387004e+01  8.151291e-02 
   74405796   3.055646e+00   2.301870e-01   3.055646e+00   2.301870e-01 223200605110415410      10128       2142     0 2453866.678194  1.378724e+01  8.179066e-02  1.378724e+01  8.179066e-02 
   74405880   3.248218e+00   2.630728e-01   3.248218e+00   2.630728e-01 223200605110417040      10133       2140     0 2453866.679167  1.372089e+01  8.793397e-02  1.372089e+01  8.793397e-02 
   74405945   2.620578e+00   2.922036e-01   2.620578e+00   2.922036e-01 223200605110418100      10141       2114     0 2453866.679919  1.395401e+01  1.210638e-01  1.395401e+01  1.210638e-01 
   74491856   3.031753e+00   2.319360e-01   3.031753e+00   2.319360e-01 223200605120409570      10144       2073     0 2453867.674259  1.379577e+01  8.306158e-02  1.379577e+01  8.306158e-02 
   74491994   3.003023e+00   2.453124e-01   3.003023e+00   2.453124e-01 223200605120412150      10153       2070     0 2453867.675856  1.380610e+01  8.869245e-02  1.380610e+01  8.869245e-02 
   74492047   2.957201e+00   2.539178e-01   2.957201e+00   2.539178e-01 223200605120413070      10156       2068     0 2453867.676470  1.382280e+01  9.322623e-02  1.382280e+01  9.322623e-02 
   74750379   3.324357e+00   3.260826e-01   3.324357e+00   3.260826e-01 223200605150358270      10140       2077     0 2453870.666424  1.369573e+01  1.064991e-01  1.369573e+01  1.064991e-01 
   74750439   3.231586e+00   3.272294e-01   3.231586e+00   3.272294e-01 223200605150359270      10145       2072     0 2453870.667118  1.372646e+01  1.099417e-01  1.372646e+01  1.099417e-01 
   74750493   3.134562e+00   3.280536e-01   3.134562e+00   3.280536e-01 223200605150400210      10149       2072     0 2453870.667743  1.375956e+01  1.136302e-01  1.375956e+01  1.136302e-01 
   74750552   3.356925e+00   3.276884e-01   3.356925e+00   3.276884e-01 223200605150401200      10152       2071     0 2453870.668426  1.368515e+01  1.059852e-01  1.368515e+01  1.059852e-01 
   75613639   2.536709e+00   1.248089e-01   2.536709e+00   1.248089e-01 223200605250345300      10219       2088     0 2453880.657859  1.398932e+01  5.341963e-02  1.398932e+01  5.341963e-02 
   75613702   2.646384e+00   1.238035e-01   2.646384e+00   1.238035e-01 223200605250346340      10228       2060     0 2453880.658588  1.394337e+01  5.079325e-02  1.394337e+01  5.079325e-02 
   75613760   2.657135e+00   1.244633e-01   2.657135e+00   1.244633e-01 223200605250347310      10231       2059     0 2453880.659259  1.393897e+01  5.085732e-02  1.393897e+01  5.085732e-02 
   75613828   2.558629e+00   1.237121e-01   2.558629e+00   1.237121e-01 223200605250348400      10229       2081     0 2453880.660046  1.397998e+01  5.249656e-02  1.397998e+01  5.249656e-02 
   75700094   2.725695e+00   1.207121e-01   2.725695e+00   1.207121e-01 223200605260346210      10239       2078     0 2453881.658495  1.391131e+01  4.808388e-02  1.391131e+01  4.808388e-02 
   75700157   2.422184e+00   1.204957e-01   2.422184e+00   1.204957e-01 223200605260347250      10246       2048     0 2453881.659225  1.403948e+01  5.401199e-02  1.403948e+01  5.401199e-02 
   75700224   2.427911e+00   1.202271e-01   2.427911e+00   1.202271e-01 223200605260348310      10245       2072     0 2453881.660000  1.403692e+01  5.376448e-02  1.403692e+01  5.376448e-02 
   75700293   2.572143e+00   1.211368e-01   2.572143e+00   1.211368e-01 223200605260349400      10251       2042     0 2453881.660799  1.397426e+01  5.113364e-02  1.397426e+01  5.113364e-02 
   76132314   2.457403e+00   1.008616e-01   2.457403e+00   1.008616e-01 223200605310349440      10302       2051     0 2453886.661042  1.402381e+01  4.456310e-02  1.402381e+01  4.456310e-02 
   76132381   2.617645e+00   1.022631e-01   2.617645e+00   1.022631e-01 223200605310350510      10310       2021     0 2453886.661817  1.395522e+01  4.241642e-02  1.395522e+01  4.241642e-02 
   76132430   2.550998e+00   1.028953e-01   2.550998e+00   1.028953e-01 223200605310351390      10311       2019     0 2453886.662384  1.398322e+01  4.379368e-02  1.398322e+01  4.379368e-02 
   76132492   2.351370e+00   1.016170e-01   2.351370e+00   1.016170e-01 223200605310352410      10313       2018     0 2453886.663102  1.407170e+01  4.692145e-02  1.407170e+01  4.692145e-02 
   76218784   2.475047e+00   1.031957e-01   2.475047e+00   1.031957e-01 223200606010350510      10321       2013     0 2453887.661852  1.401604e+01  4.526933e-02  1.401604e+01  4.526933e-02 
   76218852   2.503211e+00   1.037564e-01   2.503211e+00   1.037564e-01 223200606010351580      10321       2035     0 2453887.662639  1.400376e+01  4.500318e-02  1.400376e+01  4.500318e-02 
   76218922   2.470671e+00   1.037207e-01   2.470671e+00   1.037207e-01 223200606010353090      10324       2033     0 2453887.663449  1.401796e+01  4.558023e-02  1.401796e+01  4.558023e-02 
   76219008   2.488654e+00   1.048243e-01   2.488654e+00   1.048243e-01 223200606010354350      10331       2005     0 2453887.664444  1.401009e+01  4.573234e-02  1.401009e+01  4.573234e-02 
   76478190   2.577121e+00   1.119688e-01   2.577121e+00   1.119688e-01 223200606040354060      10332       2005     0 2453890.664236  1.397216e+01  4.717241e-02  1.397216e+01  4.717241e-02 
   76478263   2.451721e+00   1.119179e-01   2.451721e+00   1.119179e-01 223200606040355190      10332       2027     0 2453890.665081  1.402632e+01  4.956264e-02  1.402632e+01  4.956264e-02 
   76478339   2.675270e+00   1.132156e-01   2.675270e+00   1.132156e-01 223200606040356360      10340       1997     0 2453890.665961  1.393158e+01  4.594779e-02  1.393158e+01  4.594779e-02 
   76478392   2.496273e+00   1.132548e-01   2.496273e+00   1.132548e-01 223200606040357280      10342       1995     0 2453890.666574  1.400677e+01  4.925957e-02  1.400677e+01  4.925957e-02 
   76564533   2.883118e+00   2.737578e-01   2.883118e+00   2.737578e-01 223200606050353060      10358       1989     0 2453891.663576  1.385034e+01  1.030932e-01  1.385034e+01  1.030932e-01 
   76564592   2.618507e+00   2.647698e-01   2.618507e+00   2.647698e-01 223200606050354050      10363       1989     0 2453891.664259  1.395487e+01  1.097844e-01  1.395487e+01  1.097844e-01 
   76564652   2.954988e+00   2.623951e-01   2.954988e+00   2.623951e-01 223200606050355050      10365       1986     0 2453891.664954  1.382361e+01  9.641084e-02  1.382361e+01  9.641084e-02 
   76564710   2.884318e+00   2.394124e-01   2.884318e+00   2.394124e-01 223200606050356020      10367       1985     0 2453891.665625  1.384989e+01  9.012167e-02  1.384989e+01  9.012167e-02 
   76650904   2.484699e+00   1.011739e-01   2.484699e+00   1.011739e-01 223200606060352330      10347       1986     0 2453892.663241  1.401182e+01  4.421000e-02  1.401182e+01  4.421000e-02 
   76651038   2.613495e+00   1.041770e-01   2.613495e+00   1.041770e-01 223200606060354480      10354       1985     0 2453892.664792  1.395695e+01  4.327887e-02  1.395695e+01  4.327887e-02 
   76651094   2.472723e+00   1.033847e-01   2.472723e+00   1.033847e-01 223200606060355430      10357       1982     0 2453892.665440  1.401706e+01  4.539487e-02  1.401706e+01  4.539487e-02 
   76651170   2.390757e+00   1.026583e-01   2.390757e+00   1.026583e-01 223200606060357000      10355       2005     0 2453892.666319  1.405366e+01  4.662130e-02  1.405366e+01  4.662130e-02 
   76737398   2.466957e+00   1.080067e-01   2.466957e+00   1.080067e-01 223200606070354040      10358       1989     0 2453893.664329  1.401960e+01  4.753517e-02  1.401960e+01  4.753517e-02 
   76737451   2.666081e+00   1.072363e-01   2.666081e+00   1.072363e-01 223200606070354570      10360       1987     0 2453893.664942  1.393532e+01  4.367114e-02  1.393532e+01  4.367114e-02 
   76737506   2.351644e+00   1.051953e-01   2.351644e+00   1.051953e-01 223200606070355530      10362       1984     0 2453893.665579  1.407157e+01  4.856806e-02  1.407157e+01  4.856806e-02 
   76737562   2.527340e+00   1.063034e-01   2.527340e+00   1.063034e-01 223200606070356480      10364       1983     0 2453893.666227  1.399334e+01  4.566772e-02  1.399334e+01  4.566772e-02 
   76823788   2.609900e+00   1.051339e-01   2.609900e+00   1.051339e-01 223200606080353510      10384       1988     0 2453894.664213  1.395844e+01  4.373658e-02  1.395844e+01  4.373658e-02 
   76823847   2.642596e+00   1.059763e-01   2.642596e+00   1.059763e-01 223200606080354510      10388       1985     0 2453894.664896  1.394492e+01  4.354155e-02  1.394492e+01  4.354155e-02 
   76823906   2.705283e+00   1.070804e-01   2.705283e+00   1.070804e-01 223200606080355500      10390       1983     0 2453894.665579  1.391947e+01  4.297572e-02  1.391947e+01  4.297572e-02 
   76823992   2.542070e+00   1.064338e-01   2.542070e+00   1.064338e-01 223200606080357160      10389       2005     0 2453894.666574  1.398703e+01  4.545879e-02  1.398703e+01  4.545879e-02 
   76910214   2.559037e+00   1.034354e-01   2.559037e+00   1.034354e-01 223200606090354140      10380       1975     0 2453895.664514  1.397981e+01  4.388523e-02  1.397981e+01  4.388523e-02 
   76910268   2.567580e+00   1.030373e-01   2.567580e+00   1.030373e-01 223200606090355080      10383       1973     0 2453895.665139  1.397619e+01  4.357088e-02  1.397619e+01  4.357088e-02 
   76910352   2.463285e+00   1.029929e-01   2.463285e+00   1.029929e-01 223200606090356320      10382       1995     0 2453895.666111  1.402121e+01  4.539610e-02  1.402121e+01  4.539610e-02 
   76910424   2.565862e+00   1.016996e-01   2.565862e+00   1.016996e-01 223200606090357440      10388       1968     0 2453895.666944  1.397692e+01  4.303400e-02  1.397692e+01  4.303400e-02 
   76996570   3.231890e+00   2.122819e-01   3.231890e+00   2.122819e-01 223200606100353270      10386       1976     0 2453896.664005  1.372636e+01  7.131522e-02  1.372636e+01  7.131522e-02 
   76996635   2.881863e+00   2.087160e-01   2.881863e+00   2.087160e-01 223200606100354320      10390       1972     0 2453896.664757  1.385082e+01  7.863364e-02  1.385082e+01  7.863364e-02 
   76996696   2.957107e+00   2.061512e-01   2.957107e+00   2.061512e-01 223200606100355320      10391       1970     0 2453896.665463  1.382283e+01  7.569106e-02  1.382283e+01  7.569106e-02 
   76996751   3.188054e+00   2.030163e-01   3.188054e+00   2.030163e-01 223200606100356270      10393       1969     0 2453896.666100  1.374119e+01  6.914027e-02  1.374119e+01  6.914027e-02 
   77082990   3.401108e+00   3.511734e-01   3.401108e+00   3.511734e-01 223200606110353440      10398       1964     0 2453897.664236  1.367095e+01  1.121056e-01  1.367095e+01  1.121056e-01 
   77083067   3.326671e+00   3.503584e-01   3.326671e+00   3.503584e-01 223200606110355000      10398       1987     0 2453897.665127  1.369498e+01  1.143480e-01  1.369498e+01  1.143480e-01 
   77083148   3.144303e+00   3.533942e-01   3.144303e+00   3.533942e-01 223200606110356210      10405       1958     0 2453897.666065  1.375619e+01  1.220284e-01  1.375619e+01  1.220284e-01 
   77083202   4.001601e+00   3.549021e-01   4.001601e+00   3.549021e-01 223200606110357160      10406       1956     0 2453897.666690  1.349442e+01  9.629432e-02  1.349442e+01  9.629432e-02 
   77169256   2.760670e+00   4.362282e-01   2.760670e+00   4.362282e-01 223200606120351270      10398       1984     0 2453898.662685  1.389746e+01  1.715636e-01  1.389746e+01  1.715636e-01 
   77169318   3.384711e+00   4.439650e-01   3.384711e+00   4.439650e-01 223200606120352290      10405       1956     0 2453898.663403  1.367620e+01  1.424141e-01  1.367620e+01  1.424141e-01 
   77169376   3.766068e+00   4.426885e-01   3.766068e+00   4.426885e-01 223200606120353260      10407       1954     0 2453898.664074  1.356028e+01  1.276250e-01  1.356028e+01  1.276250e-01 
   77169436   3.370333e+00   4.409997e-01   3.370333e+00   4.409997e-01 223200606120354260      10408       1951     0 2453898.664769  1.368082e+01  1.420664e-01  1.368082e+01  1.420664e-01 
   77514681   3.230414e+00   2.046496e+00   3.230414e+00   2.046496e+00 223200606160348210      10408       1923     0 2453902.660660  1.372685e+01  6.878260e-01  1.372685e+01  6.878260e-01 
   77514746   2.106456e+00   2.574803e+00   2.106456e+00   2.574803e+00 223200606160349260      10409       1921     0 2453902.661412  1.419112e+01  1.327142e+00  1.419112e+01  1.327142e+00 
   77601366   3.292656e+00   1.831268e-01   3.292656e+00   1.831268e-01 223200606170353030      10422       1907     0 2453903.663958  1.370613e+01  6.038532e-02  1.370613e+01  6.038532e-02 
   77601436   3.226019e+00   1.822976e-01   3.226019e+00   1.822976e-01 223200606170354120      10420       1930     0 2453903.664769  1.372833e+01  6.135358e-02  1.372833e+01  6.135358e-02 
   77601506   2.816426e+00   1.809410e-01   2.816426e+00   1.809410e-01 223200606170355220      10421       1928     0 2453903.665579  1.387575e+01  6.975325e-02  1.387575e+01  6.975325e-02 
   77601563   3.335403e+00   1.814574e-01   3.335403e+00   1.814574e-01 223200606170356190      10427       1900     0 2453903.666238  1.369213e+01  5.906799e-02  1.369213e+01  5.906799e-02 
   77687710   3.005525e+00   1.550091e-01   3.005525e+00   1.550091e-01 223200606180352030      10442       1901     0 2453904.663310  1.380520e+01  5.599674e-02  1.380520e+01  5.599674e-02 
   77687753   3.204819e+00   1.549979e-01   3.204819e+00   1.549979e-01 223200606180352470      10444       1899     0 2453904.663808  1.373549e+01  5.251073e-02  1.373549e+01  5.251073e-02 
   77687821   2.853501e+00   1.542414e-01   2.853501e+00   1.542414e-01 223200606180353550      10445       1898     0 2453904.664595  1.386156e+01  5.868792e-02  1.386156e+01  5.868792e-02 
   77687872   3.146410e+00   1.548409e-01   3.146410e+00   1.548409e-01 223200606180354460      10446       1896     0 2453904.665185  1.375546e+01  5.343136e-02  1.375546e+01  5.343136e-02 
   77774347   2.643242e+00   1.305229e-01   2.643242e+00   1.305229e-01 223200606190355570      10487       1882     0 2453905.666053  1.394466e+01  5.361366e-02  1.394466e+01  5.361366e-02 
   77774403  -2.748940e+00   1.326737e-01  -2.748940e+00   1.326737e-01 223200606190356530      10487       1882     0 2453905.666701          null          null          null          null 
   77774465   2.578681e+00   1.300906e-01   2.578681e+00   1.300906e-01 223200606190357560      10487       1881     0 2453905.667419  1.397151e+01  5.477397e-02  1.397151e+01  5.477397e-02 
   77774530   2.657945e+00   1.287467e-01   2.657945e+00   1.287467e-01 223200606190359000      10482       1906     0 2453905.668171  1.393863e+01  5.259155e-02  1.393863e+01  5.259155e-02 
   77860760   2.606567e+00   1.137244e-01   2.606567e+00   1.137244e-01 223200606200356080      10471       1876     0 2453906.666204  1.395983e+01  4.737079e-02  1.395983e+01  4.737079e-02 
   77860819   2.798393e+00   1.140739e-01   2.798393e+00   1.140739e-01 223200606200357080      10472       1875     0 2453906.666887  1.388273e+01  4.425919e-02  1.388273e+01  4.425919e-02 
   77860883   2.759705e+00   1.138338e-01   2.759705e+00   1.138338e-01 223200606200358110      10472       1876     0 2453906.667627  1.389784e+01  4.478519e-02  1.389784e+01  4.478519e-02 
   77860948   2.630608e+00   1.121214e-01   2.630608e+00   1.121214e-01 223200606200359170      10467       1902     0 2453906.668380  1.394986e+01  4.627625e-02  1.394986e+01  4.627625e-02 
   77947071   2.686015e+00   1.162688e-01   2.686015e+00   1.162688e-01 223200606210354360      10466       1875     0 2453907.665174  1.392723e+01  4.699814e-02  1.392723e+01  4.699814e-02 
   77947125   2.809085e+00   1.168139e-01   2.809085e+00   1.168139e-01 223200606210355300      10466       1877     0 2453907.665799  1.387859e+01  4.514978e-02  1.387859e+01  4.514978e-02 
   77947203   2.769384e+00   1.161208e-01   2.769384e+00   1.161208e-01 223200606210356480      10463       1901     0 2453907.666701  1.389404e+01  4.552528e-02  1.389404e+01  4.552528e-02 
   77947270   2.559467e+00   1.170187e-01   2.559467e+00   1.170187e-01 223200606210357550      10467       1877     0 2453907.667477  1.397963e+01  4.963999e-02  1.397963e+01  4.963999e-02 
   78119981   2.612211e+00   1.024150e-01   2.612211e+00   1.024150e-01 223200606230356210      10458       1856     0 2453909.666447  1.395748e+01  4.256778e-02  1.395748e+01  4.256778e-02 
   78120035   2.535976e+00   1.028460e-01   2.535976e+00   1.028460e-01 223200606230357150      10457       1857     0 2453909.667072  1.398964e+01  4.403195e-02  1.398964e+01  4.403195e-02 
   78120183   2.464866e+00   1.030833e-01   2.464866e+00   1.030833e-01 223200606230359440      10455       1866     0 2453909.668785  1.402052e+01  4.540676e-02  1.402052e+01  4.540676e-02 
   78120245   2.517640e+00   1.032690e-01   2.517640e+00   1.032690e-01 223200606230400460      10457       1844     0 2453909.669502  1.399752e+01  4.453506e-02  1.399752e+01  4.453506e-02 
   78206440   2.676321e+00   1.078796e-01   2.676321e+00   1.078796e-01 223200606240357190      10477       1842     0 2453910.667130  1.393115e+01  4.376502e-02  1.393115e+01  4.376502e-02 
   78206499   2.674192e+00   1.081974e-01   2.674192e+00   1.081974e-01 223200606240358180      10474       1845     0 2453910.667813  1.393202e+01  4.392888e-02  1.393202e+01  4.392888e-02 
   78206574   2.531967e+00   1.059254e-01   2.531967e+00   1.059254e-01 223200606240359320      10465       1875     0 2453910.668681  1.399135e+01  4.542219e-02  1.399135e+01  4.542219e-02 
   78206633   2.626969e+00   1.068861e-01   2.626969e+00   1.068861e-01 223200606240400310      10461       1859     0 2453910.669363  1.395136e+01  4.417657e-02  1.395136e+01  4.417657e-02 
   78292880   2.759376e+00   9.856252e-02   2.759376e+00   9.856252e-02 223200606250357560      10479       1825     0 2453911.667593  1.389797e+01  3.878169e-02  1.389797e+01  3.878169e-02 
   78292934   2.671896e+00   9.890516e-02   2.671896e+00   9.890516e-02 223200606250358490      10473       1832     0 2453911.668218  1.393295e+01  4.019068e-02  1.393295e+01  4.019068e-02 
   78292985   2.625854e+00   9.893641e-02   2.625854e+00   9.893641e-02 223200606250359400      10462       1846     0 2453911.668808  1.395182e+01  4.090829e-02  1.395182e+01  4.090829e-02 
   78293047   2.717790e+00   9.996472e-02   2.717790e+00   9.996472e-02 223200606250400430      10463       1845     0 2453911.669525  1.391446e+01  3.993527e-02  1.391446e+01  3.993527e-02 
   78724948   2.420754e+00   1.003510e-01   2.420754e+00   1.003510e-01 223200606300358520      10486       1829     0 2453916.668380  1.404012e+01  4.500875e-02  1.404012e+01  4.500875e-02 
   78725025   2.451071e+00   1.004669e-01   2.451071e+00   1.004669e-01 223200606300400090      10492       1800     0 2453916.669271  1.402661e+01  4.450337e-02  1.402661e+01  4.450337e-02 
   78725072   2.675296e+00   1.013703e-01   2.675296e+00   1.013703e-01 223200606300400570      10493       1799     0 2453916.669815  1.393157e+01  4.114005e-02  1.393157e+01  4.114005e-02 
   78725136   2.456083e+00   1.000736e-01   2.456083e+00   1.000736e-01 223200606300402000      10494       1797     0 2453916.670556  1.402439e+01  4.423872e-02  1.402439e+01  4.423872e-02 
   78811384   2.505024e+00   1.049701e-01   2.505024e+00   1.049701e-01 223200607010359260      10486       1794     0 2453917.668796  1.400297e+01  4.549664e-02  1.400297e+01  4.549664e-02 
   78811463   2.460418e+00   1.048241e-01   2.460418e+00   1.048241e-01 223200607010400450      10483       1816     0 2453917.669711  1.402248e+01  4.625708e-02  1.402248e+01  4.625708e-02 
   78811528   2.640244e+00   1.051326e-01   2.640244e+00   1.051326e-01 223200607010401510      10488       1788     0 2453917.670463  1.394589e+01  4.323339e-02  1.394589e+01  4.323339e-02 
   78811579   2.412058e+00   1.043216e-01   2.412058e+00   1.043216e-01 223200607010402420      10489       1786     0 2453917.671053  1.404403e+01  4.695831e-02  1.404403e+01  4.695831e-02 
   78897854   4.367091e+00   5.239071e-01   4.367091e+00   5.239071e-01 223200607020400340      10498       1782     0 2453918.669606  1.339952e+01  1.302530e-01  1.339952e+01  1.302530e-01 
   78897908   2.262644e+00   2.965821e-01   2.262644e+00   2.965821e-01 223200607020401280      10498       1779     0 2453918.670231  1.411346e+01  1.423163e-01  1.411346e+01  1.423163e-01 
   78984197   2.447372e+00   9.931816e-02   2.447372e+00   9.931816e-02 223200607030359350      10504       1769     0 2453919.668947  1.402825e+01  4.406102e-02  1.402825e+01  4.406102e-02 
   78984251   2.463841e+00   9.859420e-02   2.463841e+00   9.859420e-02 223200607030400290      10506       1767     0 2453919.669572  1.402097e+01  4.344747e-02  1.402097e+01  4.344747e-02 
   78984309   2.361276e+00   9.773091e-02   2.361276e+00   9.773091e-02 223200607030401270      10507       1765     0 2453919.670243  1.406713e+01  4.493771e-02  1.406713e+01  4.493771e-02 
   78984364   2.372224e+00   9.784373e-02   2.372224e+00   9.784373e-02 223200607030402220      10507       1763     0 2453919.670880  1.406211e+01  4.478196e-02  1.406211e+01  4.478196e-02 
   79070521   2.646327e+00   9.948056e-02   2.646327e+00   9.948056e-02 223200607040358180      10501       1748     0 2453920.668067  1.394339e+01  4.081507e-02  1.394339e+01  4.081507e-02 
   79070567   2.695856e+00   9.932450e-02   2.695856e+00   9.932450e-02 223200607040359040      10502       1747     0 2453920.668600  1.392326e+01  4.000236e-02  1.392326e+01  4.000236e-02 
   79070633   2.680148e+00   9.895618e-02   2.680148e+00   9.895618e-02 223200607040400090      10503       1745     0 2453920.669363  1.392960e+01  4.008759e-02  1.392960e+01  4.008759e-02 
   79070685   2.427484e+00   9.822151e-02   2.427484e+00   9.822151e-02 223200607040401020      10503       1743     0 2453920.669965  1.403711e+01  4.393151e-02  1.403711e+01  4.393151e-02 
   79415950   2.567632e+00   9.994670e-02   2.567632e+00   9.994670e-02 223200607080355190      10499       1733     0 2453924.666088  1.397617e+01  4.226312e-02  1.397617e+01  4.226312e-02 
   79416107   2.364933e+00   9.828161e-02   2.364933e+00   9.828161e-02 223200607080357570      10502       1756     0 2453924.667905  1.406545e+01  4.512106e-02  1.406545e+01  4.512106e-02 
   79416174   2.616722e+00   9.883367e-02   2.616722e+00   9.883367e-02 223200607080359030      10506       1728     0 2453924.668681  1.395561e+01  4.100843e-02  1.395561e+01  4.100843e-02 
   79416232   2.624018e+00   9.900787e-02   2.624018e+00   9.900787e-02 223200607080400010      10507       1725     0 2453924.669352  1.395258e+01  4.096648e-02  1.395258e+01  4.096648e-02 
   79502437   3.042872e+00   1.497162e-01   3.042872e+00   1.497162e-01 223200607090356460      10511       1727     0 2453925.667095  1.379179e+01  5.342088e-02  1.379179e+01  5.342088e-02 
   79502489   2.923766e+00   1.488845e-01   2.923766e+00   1.488845e-01 223200607090357380      10511       1725     0 2453925.667697  1.383514e+01  5.528823e-02  1.383514e+01  5.528823e-02 
   79502558   3.052619e+00   1.471697e-01   3.052619e+00   1.471697e-01 223200607090358470      10512       1722     0 2453925.668495  1.378832e+01  5.234456e-02  1.378832e+01  5.234456e-02 
   79502712   2.818644e+00   1.441419e-01   2.818644e+00   1.441419e-01 223200607090401200      10509       1704     0 2453925.670278  1.387490e+01  5.552338e-02  1.387490e+01  5.552338e-02 
   80278191   3.112339e+00   1.617207e-01   3.112339e+00   1.617207e-01 223200607180325470      10542       1684     0 2453934.645729  1.376728e+01  5.641630e-02  1.376728e+01  5.641630e-02 
   80278253   3.020173e+00   1.630686e-01   3.020173e+00   1.630686e-01 223200607180326500      10546       1655     0 2453934.646447  1.379992e+01  5.862252e-02  1.379992e+01  5.862252e-02 
   80278328   3.241895e+00   1.787492e-01   3.241895e+00   1.787492e-01 223200607180328050      10541       1679     0 2453934.647315  1.372300e+01  5.986473e-02  1.372300e+01  5.986473e-02 
   80278406   2.896433e+00   2.381666e-01   2.896433e+00   2.381666e-01 223200607180329220      10546       1651     0 2453934.648218  1.384534e+01  8.927777e-02  1.384534e+01  8.927777e-02 
   80364283   2.591802e+00   1.203686e-01   2.591802e+00   1.203686e-01 223200607190320380      10538       1666     0 2453935.642164  1.396600e+01  5.042397e-02  1.396600e+01  5.042397e-02 
   80364339   2.696836e+00   1.205627e-01   2.696836e+00   1.205627e-01 223200607190321350      10538       1665     0 2453935.642812  1.392286e+01  4.853826e-02  1.392286e+01  4.853826e-02 
   80364399   2.786319e+00   1.205265e-01   2.786319e+00   1.205265e-01 223200607190322340      10538       1663     0 2453935.643507  1.388742e+01  4.696535e-02  1.388742e+01  4.696535e-02 
   80364460   2.739705e+00   1.201566e-01   2.739705e+00   1.201566e-01 223200607190323360      10539       1662     0 2453935.644213  1.390574e+01  4.761785e-02  1.390574e+01  4.761785e-02 
   80450499   2.615260e+00   1.089887e-01   2.615260e+00   1.089887e-01 223200607200317340      10542       1658     0 2453936.640035  1.395621e+01  4.524728e-02  1.395621e+01  4.524728e-02 
   80450560   2.734103e+00   1.100325e-01   2.734103e+00   1.100325e-01 223200607200318350      10542       1656     0 2453936.640741  1.390796e+01  4.369502e-02  1.390796e+01  4.369502e-02 
   80450624   2.690717e+00   1.095388e-01   2.690717e+00   1.095388e-01 223200607200319380      10542       1654     0 2453936.641481  1.392533e+01  4.420035e-02  1.392533e+01  4.420035e-02 
   80450681   2.844138e+00   1.099725e-01   2.844138e+00   1.099725e-01 223200607200320360      10542       1653     0 2453936.642141  1.386512e+01  4.198163e-02  1.386512e+01  4.198163e-02 
   80967431   2.337563e+00   9.640040e-02   2.337563e+00   9.640040e-02 223200607260253020      10501       1694     0 2453942.623044  1.407809e+01  4.477559e-02  1.407809e+01  4.477559e-02 
   80967490   2.499362e+00   9.665535e-02   2.499362e+00   9.665535e-02 223200607260254000      10502       1692     0 2453942.623727  1.400543e+01  4.198775e-02  1.400543e+01  4.198775e-02 
   80967550   2.438842e+00   9.601494e-02   2.438842e+00   9.601494e-02 223200607260255010      10503       1689     0 2453942.624421  1.403204e+01  4.274457e-02  1.403204e+01  4.274457e-02 
   80967606   2.571304e+00   9.660816e-02   2.571304e+00   9.660816e-02 223200607260255560      10504       1687     0 2453942.625069  1.397462e+01  4.079306e-02  1.397462e+01  4.079306e-02 
   81053651   2.704764e+00   1.073499e-01   2.704764e+00   1.073499e-01 223200607270250020      10497       1689     0 2453943.620961  1.391968e+01  4.309217e-02  1.391968e+01  4.309217e-02 
   81053713   2.749152e+00   1.110677e-01   2.749152e+00   1.110677e-01 223200607270251040      10498       1687     0 2453943.621678  1.390200e+01  4.386466e-02  1.390200e+01  4.386466e-02 
   81053769   2.683656e+00   1.077400e-01   2.683656e+00   1.077400e-01 223200607270251590      10499       1685     0 2453943.622326  1.392818e+01  4.358891e-02  1.392818e+01  4.358891e-02 
   81053831   2.710869e+00   1.057544e-01   2.710869e+00   1.057544e-01 223200607270253010      10500       1682     0 2453943.623044  1.391723e+01  4.235608e-02  1.391723e+01  4.235608e-02 
   81139829   3.561517e+00   6.841904e-01   3.561517e+00   6.841904e-01 223200607280246190      10515       1681     0 2453944.618391  1.362091e+01  2.085777e-01  1.362091e+01  2.085777e-01 
   81139942   3.828727e+00   7.374285e-01   3.828727e+00   7.374285e-01 223200607280248110      10516       1677     0 2453944.619699  1.354236e+01  2.091180e-01  1.354236e+01  2.091180e-01 
   81139996   2.619218e+00   4.827056e-01   2.619218e+00   4.827056e-01 223200607280249060      10517       1675     0 2453944.620324  1.395457e+01  2.000951e-01  1.395457e+01  2.000951e-01 
   82346065   3.202899e+00   3.652517e-01   3.202899e+00   3.652517e-01 224200608110150170      21208        624     0 2453958.579456  1.373614e+01  1.238154e-01  1.373614e+01  1.238154e-01 
   82346065   3.759091e+00   3.657295e-01   3.759091e+00   3.657295e-01 223200608110150170      10512       1723     0 2453958.579456  1.356229e+01  1.056338e-01  1.356229e+01  1.056338e-01 
   82346121   2.985664e+00   3.622946e-01   2.985664e+00   3.622946e-01 224200608110151120      21204        626     0 2453958.580104  1.381240e+01  1.317489e-01  1.381240e+01  1.317489e-01 
   82346121   3.613874e+00   3.683167e-01   3.613874e+00   3.683167e-01 223200608110151120      10515       1721     0 2453958.580104  1.360507e+01  1.106558e-01  1.360507e+01  1.106558e-01 
   82346176   2.635787e+00   3.627502e-01   2.635787e+00   3.627502e-01 224200608110152070      21202        627     0 2453958.580741  1.394772e+01  1.494250e-01  1.394772e+01  1.494250e-01 
   82346176   3.404646e+00   3.698069e-01   3.404646e+00   3.698069e-01 223200608110152070      10516       1718     0 2453958.580741  1.366982e+01  1.179312e-01  1.366982e+01  1.179312e-01 
   82346235   3.081043e+00   3.631772e-01   3.081043e+00   3.631772e-01 224200608110153070      21201        629     0 2453958.581424  1.377826e+01  1.279813e-01  1.377826e+01  1.279813e-01 
   82346235   4.061822e+00   3.680212e-01   4.061822e+00   3.680212e-01 223200608110153070      10516       1716     0 2453958.581424  1.347820e+01  9.837341e-02  1.347820e+01  9.837341e-02 
   82518421   4.534248e+00   3.712656e-01   4.534248e+00   3.712656e-01 224200608130142530      21167        709     0 2453960.574317  1.335874e+01  8.890072e-02  1.335874e+01  8.890072e-02 
   82518421   3.444467e+00   2.371891e-01   3.444467e+00   2.371891e-01 223200608130142530      10515       1692     0 2453960.574317  1.365720e+01  7.476503e-02  1.365720e+01  7.476503e-02 
   82518480   4.038167e+00   3.735395e-01   4.038167e+00   3.735395e-01 224200608130143530      21163        710     0 2453960.575000  1.348454e+01  1.004334e-01  1.348454e+01  1.004334e-01 
   82518480   3.434799e+00   2.380009e-01   3.434799e+00   2.380009e-01 223200608130143520      10516       1689     0 2453960.575000  1.366025e+01  7.523207e-02  1.366025e+01  7.523207e-02 
   82518542   4.470395e+00   3.729752e-01   4.470395e+00   3.729752e-01 224200608130144550      21162        711     0 2453960.575718  1.337414e+01  9.058576e-02  1.337414e+01  9.058576e-02 
   82518542   3.067452e+00   2.368558e-01   3.067452e+00   2.368558e-01 223200608130144550      10515       1684     0 2453960.575718  1.378306e+01  8.383630e-02  1.378306e+01  8.383630e-02 
   82518620   4.432647e+00   3.690978e-01   4.432647e+00   3.690978e-01 224200608130146120      21164        688     0 2453960.576620  1.338334e+01  9.040743e-02  1.338334e+01  9.040743e-02 
   82518620   3.577463e+00   2.368875e-01   3.577463e+00   2.368875e-01 223200608130146120      10512       1706     0 2453960.576620  1.361606e+01  7.189403e-02  1.361606e+01  7.189403e-02 
   82604602   2.698293e+00   1.953852e-01   2.698293e+00   1.953852e-01 224200608140139160      21141        720     0 2453961.571782  1.392228e+01  7.861914e-02  1.392228e+01  7.861914e-02 
   82604602   3.274616e+00   1.893457e-01   3.274616e+00   1.893457e-01 223200608140139160      10515       1713     0 2453961.571782  1.371210e+01  6.277993e-02  1.371210e+01  6.277993e-02 
   82604658   3.263710e+00   1.944357e-01   3.263710e+00   1.944357e-01 224200608140140120      21137        720     0 2453961.572431  1.371572e+01  6.468302e-02  1.371572e+01  6.468302e-02 
   82604658   3.233798e+00   1.929708e-01   3.233798e+00   1.929708e-01 223200608140140120      10522       1709     0 2453961.572431  1.372572e+01  6.478950e-02  1.372572e+01  6.478950e-02 
   82604715   2.927761e+00   1.967829e-01   2.927761e+00   1.967829e-01 224200608140141080      21133        717     0 2453961.573090  1.383366e+01  7.297556e-02  1.383366e+01  7.297556e-02 
   82604715   3.206685e+00   1.958297e-01   3.206685e+00   1.958297e-01 223200608140141080      10535       1707     0 2453961.573090  1.373486e+01  6.630526e-02  1.373486e+01  6.630526e-02 
   82604769   2.963706e+00   1.966493e-01   2.963706e+00   1.966493e-01 224200608140142030      21133        719     0 2453961.573715  1.382041e+01  7.204153e-02  1.382041e+01  7.204153e-02 
   82604769   3.452567e+00   1.990501e-01   3.452567e+00   1.990501e-01 223200608140142030      10534       1704     0 2453961.573715  1.365464e+01  6.259593e-02  1.365464e+01  6.259593e-02 
   82863075   2.989169e+00   1.316333e-01   2.989169e+00   1.316333e-01 224200608170127120      21152        693     0 2453964.563368  1.381112e+01  4.781247e-02  1.381112e+01  4.781247e-02 
   82863075   2.874956e+00   1.269871e-01   2.874956e+00   1.269871e-01 223200608170127120      10505       1722     0 2453964.563368  1.385342e+01  4.795725e-02  1.385342e+01  4.795725e-02 
   82863143   2.879912e+00   1.269990e-01   2.879912e+00   1.269990e-01 223200608170128190      10513       1689     0 2453964.564155  1.385155e+01  4.787922e-02  1.385155e+01  4.787922e-02 
   82863199   3.054393e+00   1.318554e-01   3.054393e+00   1.318554e-01 224200608170129150      21141        719     0 2453964.564803  1.378769e+01  4.687042e-02  1.378769e+01  4.687042e-02 
   82863199   2.983100e+00   1.276202e-01   2.983100e+00   1.276202e-01 223200608170129150      10514       1686     0 2453964.564803  1.381333e+01  4.644912e-02  1.381333e+01  4.644912e-02 
   82863259   2.970530e+00   1.315932e-01   2.970530e+00   1.315932e-01 224200608170130160      21140        720     0 2453964.565498  1.381791e+01  4.809782e-02  1.381791e+01  4.809782e-02 
   82863259   2.875620e+00   1.273075e-01   2.875620e+00   1.273075e-01 223200608170130160      10514       1684     0 2453964.565498  1.385317e+01  4.806712e-02  1.385317e+01  4.806712e-02 
   82949248   3.053726e+00   1.061838e-01   3.053726e+00   1.061838e-01 224200608180123250      21212        667     0 2453965.560741  1.378792e+01  3.775321e-02  1.378792e+01  3.775321e-02 
   82949248   2.487225e+00   9.816374e-02   2.487225e+00   9.816374e-02 223200608180123250      10509       1667     0 2453965.560741  1.401071e+01  4.285109e-02  1.401071e+01  4.285109e-02 
   82949310   3.012975e+00   1.071596e-01   3.012975e+00   1.071596e-01 224200608180124270      21207        668     0 2453965.561458  1.380251e+01  3.861547e-02  1.380251e+01  3.861547e-02 
   82949310   2.430039e+00   9.786295e-02   2.430039e+00   9.786295e-02 223200608180124270      10512       1666     0 2453965.561458  1.403597e+01  4.372510e-02  1.403597e+01  4.372510e-02 
   82949373   2.957567e+00   1.064209e-01   2.957567e+00   1.064209e-01 224200608180125310      21206        671     0 2453965.562187  1.382266e+01  3.906774e-02  1.382266e+01  3.906774e-02 
   82949373   2.396516e+00   9.720861e-02   2.396516e+00   9.720861e-02 223200608180125310      10511       1663     0 2453965.562187  1.405105e+01  4.404029e-02  1.405105e+01  4.404029e-02 
   82949464   2.825633e+00   1.071582e-01   2.825633e+00   1.071582e-01 224200608180127020      21209        649     0 2453965.563241  1.387221e+01  4.117519e-02  1.387221e+01  4.117519e-02 
   82949464   2.359587e+00   9.881523e-02   2.359587e+00   9.881523e-02 223200608180127020      10508       1683     0 2453965.563241  1.406791e+01  4.546883e-02  1.406791e+01  4.546883e-02 
   83724675   2.976290e+00   1.051826e-01   2.976290e+00   1.051826e-01 224200608270047250      21189        702     0 2453974.535590  1.381581e+01  3.837024e-02  1.381581e+01  3.837024e-02 
   83724675   2.561197e+00   9.794048e-02   2.561197e+00   9.794048e-02 223200608270047250      10489       1720     0 2453974.535590  1.397889e+01  4.151883e-02  1.397889e+01  4.151883e-02 
   83724739   2.840132e+00   1.048584e-01   2.840132e+00   1.048584e-01 224200608270048280      21182        727     0 2453974.536331  1.386665e+01  4.008580e-02  1.386665e+01  4.008580e-02 
   83724739   2.619336e+00   9.827499e-02   2.619336e+00   9.827499e-02 223200608270048280      10492       1685     0 2453974.536331  1.395452e+01  4.073593e-02  1.395452e+01  4.073593e-02 
   83724814   2.838540e+00   1.031487e-01   2.838540e+00   1.031487e-01 224200608270049440      21185        705     0 2453974.537199  1.386726e+01  3.945433e-02  1.386726e+01  3.945433e-02 
   83724814   2.593027e+00   9.821972e-02   2.593027e+00   9.821972e-02 223200608270049440      10489       1707     0 2453974.537199  1.396548e+01  4.112610e-02  1.396548e+01  4.112610e-02 
   83724876   3.117964e+00   1.050902e-01   3.117964e+00   1.050902e-01 224200608270050460      21180        730     0 2453974.537917  1.376532e+01  3.659458e-02  1.376532e+01  3.659458e-02 
   83724876   2.528191e+00   9.659585e-02   2.528191e+00   9.659585e-02 223200608270050460      10493       1678     0 2453974.537917  1.399298e+01  4.148341e-02  1.399298e+01  4.148341e-02 
   83810841   2.961463e+00   9.913604e-02   2.961463e+00   9.913604e-02 224200608280043330      21185        707     0 2453975.532882  1.382123e+01  3.634554e-02  1.382123e+01  3.634554e-02 
   83810841   2.505675e+00   9.283736e-02   2.505675e+00   9.283736e-02 223200608280043330      10494       1708     0 2453975.532882  1.400269e+01  4.022759e-02  1.400269e+01  4.022759e-02 
   83810893   3.022933e+00   9.983449e-02   3.022933e+00   9.983449e-02 224200608280044250      21183        709     0 2453975.533484  1.379893e+01  3.585733e-02  1.379893e+01  3.585733e-02 
   83810893   2.413369e+00   9.325344e-02   2.413369e+00   9.325344e-02 223200608280044250      10495       1706     0 2453975.533484  1.404344e+01  4.195338e-02  1.404344e+01  4.195338e-02 
   83810964   2.491942e+00   9.292794e-02   2.491942e+00   9.292794e-02 223200608280045350      10494       1701     0 2453975.534306  1.400866e+01  4.048874e-02  1.400866e+01  4.048874e-02 
   83810965   3.002275e+00   9.956188e-02   3.002275e+00   9.956188e-02 224200608280045360      21183        711     0 2453975.534317  1.380637e+01  3.600547e-02  1.380637e+01  3.600547e-02 
   83811021   2.964212e+00   9.979512e-02   2.964212e+00   9.979512e-02 224200608280046320      21182        712     0 2453975.534965  1.382023e+01  3.655324e-02  1.382023e+01  3.655324e-02 
   83811021   2.406375e+00   9.266465e-02   2.406375e+00   9.266465e-02 223200608280046320      10495       1699     0 2453975.534965  1.404659e+01  4.180967e-02  1.404659e+01  4.180967e-02 
   84328674   3.158422e+00   2.674015e-01   3.158422e+00   2.674015e-01 224200609030034170      21188        770     0 2453981.526319  1.375132e+01  9.192204e-02  1.375132e+01  9.192204e-02 
   84328674   3.392601e+00   2.632613e-01   3.392601e+00   2.632613e-01 223200609030034170      10484       1637     0 2453981.526319  1.367367e+01  8.425199e-02  1.367367e+01  8.425199e-02 
   84328746   3.089950e+00   2.701205e-01   3.089950e+00   2.701205e-01 224200609030035290      21191        745     0 2453981.527153  1.377512e+01  9.491435e-02  1.377512e+01  9.491435e-02 
   84328746   3.504057e+00   2.653525e-01   3.504057e+00   2.653525e-01 223200609030035280      10480       1658     0 2453981.527153  1.363857e+01  8.222008e-02  1.363857e+01  8.222008e-02 
   84328813   3.366485e+00   2.819559e-01   3.366485e+00   2.819559e-01 224200609030036350      21189        770     0 2453981.527928  1.368206e+01  9.093485e-02  1.368206e+01  9.093485e-02 
   84328813   3.908313e+00   2.838520e-01   3.908313e+00   2.838520e-01 223200609030036350      10480       1623     0 2453981.527928  1.352003e+01  7.885485e-02  1.352003e+01  7.885485e-02 
   84328870   3.316350e+00   2.837243e-01   3.316350e+00   2.837243e-01 224200609030037320      21187        771     0 2453981.528588  1.369835e+01  9.288850e-02  1.369835e+01  9.288850e-02 
   84328870   2.969755e+00   2.733864e-01   2.969755e+00   2.733864e-01 223200609030037320      10482       1622     0 2453981.528588  1.381820e+01  9.994985e-02  1.381820e+01  9.994985e-02 
   84500181   3.675611e+00   4.010963e-01   3.675611e+00   4.010963e-01 224200609050012480      21188        718     0 2453983.511354  1.358668e+01  1.184800e-01  1.358668e+01  1.184800e-01 
   84500181   3.146518e+00   4.177733e-01   3.146518e+00   4.177733e-01 223200609050012480      10491       1703     0 2453983.511354  1.375542e+01  1.441572e-01  1.375542e+01  1.441572e-01 
   84500241   3.292020e+00   3.962143e-01   3.292020e+00   3.962143e-01 224200609050013480      21184        718     0 2453983.512049  1.370634e+01  1.306753e-01  1.370634e+01  1.306753e-01 
   84500241   3.826600e+00   4.143011e-01   3.826600e+00   4.143011e-01 223200609050013480      10493       1700     0 2453983.512049  1.354297e+01  1.175517e-01  1.354297e+01  1.175517e-01 
   84500303   2.824496e+00   3.953974e-01   2.824496e+00   3.953974e-01 224200609050014500      21182        720     0 2453983.512766  1.387265e+01  1.519913e-01  1.387265e+01  1.519913e-01 
   84500303   3.622809e+00   4.100819e-01   3.622809e+00   4.100819e-01 223200609050014500      10493       1696     0 2453983.512766  1.360239e+01  1.228997e-01  1.360239e+01  1.228997e-01 
   84500381   2.503969e+00   4.013757e-01   2.503969e+00   4.013757e-01 224200609050016080      21185        697     0 2453983.513669  1.400343e+01  1.740395e-01  1.400343e+01  1.740395e-01 
   84500381   3.967893e+00   4.158030e-01   3.967893e+00   4.158030e-01 223200609050016080      10489       1719     0 2453983.513669  1.350360e+01  1.137768e-01  1.350360e+01  1.137768e-01 
   84844855   3.358142e+00   5.585629e-01   3.358142e+00   5.585629e-01 224200609082357310      21190        687     0 2453987.500637  1.368475e+01  1.805921e-01  1.368475e+01  1.805921e-01 
   84844855   3.658908e+00   5.769011e-01   3.658908e+00   5.769011e-01 223200609082357310      10502       1712     0 2453987.500637  1.359162e+01  1.711890e-01  1.359162e+01  1.711890e-01 
   84844911   4.015931e+00   5.797483e-01   4.015931e+00   5.797483e-01 223200609082358260      10503       1707     0 2453987.501285  1.349053e+01  1.567397e-01  1.349053e+01  1.567397e-01 
   84844912   2.202347e+00   5.568881e-01   2.202347e+00   5.568881e-01 224200609082358270      21188        690     0 2453987.501296  1.414279e+01  2.745415e-01  1.414279e+01  2.745415e-01 
   84844968   3.155028e+00   5.568328e-01   3.155028e+00   5.568328e-01 224200609082359230      21188        691     0 2453987.501944  1.375249e+01  1.916229e-01  1.375249e+01  1.916229e-01 
   84844968   3.458241e+00   5.754528e-01   3.458241e+00   5.754528e-01 223200609082359230      10502       1705     0 2453987.501944  1.365286e+01  1.806676e-01  1.365286e+01  1.806676e-01 
   84845030   2.458883e+00   5.566694e-01   2.458883e+00   5.566694e-01 224200609090000260      21187        692     0 2453987.502662  1.402316e+01  2.458019e-01  1.402316e+01  2.458019e-01 
   84845030   3.009860e+00   5.760197e-01   3.009860e+00   5.760197e-01 223200609090000260      10502       1702     0 2453987.502662  1.380363e+01  2.077863e-01  1.380363e+01  2.077863e-01 
   85017155   3.080224e+00   2.902740e-01   3.080224e+00   2.902740e-01 224200609102349160      21200        734     0 2453989.494850  1.377854e+01  1.023179e-01  1.377854e+01  1.023179e-01 
   85017222   2.874407e+00   3.870515e-01   2.874407e+00   3.870515e-01 224200609102350220      21197        734     0 2453989.495625  1.385363e+01  1.461996e-01  1.385363e+01  1.461996e-01 
   85017222   3.376934e+00   3.994773e-01   3.376934e+00   3.994773e-01 223200609102350220      10479       1660     0 2453989.495625  1.367869e+01  1.284385e-01  1.367869e+01  1.284385e-01 
   85017281   2.788406e+00   3.534912e-01   2.788406e+00   3.534912e-01 224200609102351210      21195        735     0 2453989.496308  1.388661e+01  1.376412e-01  1.388661e+01  1.376412e-01 
   85017281   3.533534e+00   3.530526e-01   3.533534e+00   3.530526e-01 223200609102351210      10480       1658     0 2453989.496308  1.362948e+01  1.084816e-01  1.362948e+01  1.084816e-01 
   85017339   3.206798e+00   3.427863e-01   3.206798e+00   3.427863e-01 224200609102352200      21195        736     0 2453989.496979  1.373482e+01  1.160587e-01  1.373482e+01  1.160587e-01 
   85017339   3.299383e+00   3.596350e-01   3.299383e+00   3.596350e-01 223200609102352200      10478       1651     0 2453989.496979  1.370392e+01  1.183464e-01  1.370392e+01  1.183464e-01 
   85361748   2.767938e+00   1.037292e-01   2.767938e+00   1.037292e-01 224200609142332380      21173        716     0 2453993.483194  1.389461e+01  4.068838e-02  1.389461e+01  4.068838e-02 
   85361748   2.260733e+00   9.371772e-02   2.260733e+00   9.371772e-02 223200609142332380      10480       1617     0 2453993.483194  1.411438e+01  4.500888e-02  1.411438e+01  4.500888e-02 
   85361801   2.902269e+00   1.027916e-01   2.902269e+00   1.027916e-01 224200609142333310      21168        716     0 2453993.483808  1.384316e+01  3.845439e-02  1.384316e+01  3.845439e-02 
   85361805   2.360284e+00   9.391223e-02   2.360284e+00   9.391223e-02 223200609142333360      10481       1614     0 2453993.483854  1.406759e+01  4.320000e-02  1.406759e+01  4.320000e-02 
   85361866   2.357566e+00   9.484290e-02   2.357566e+00   9.484290e-02 223200609142334370      10482       1611     0 2453993.484560  1.406884e+01  4.367841e-02  1.406884e+01  4.367841e-02 
   85361941   2.902471e+00   1.038417e-01   2.902471e+00   1.038417e-01 224200609142335520      21169        694     0 2453993.485428  1.384308e+01  3.884451e-02  1.384308e+01  3.884451e-02 
   85361941   2.424320e+00   9.413693e-02   2.424320e+00   9.413693e-02 223200609142335520      10478       1633     0 2453993.485428  1.403852e+01  4.215954e-02  1.403852e+01  4.215954e-02 
   85620645   3.086402e+00   1.197797e-01   3.086402e+00   1.197797e-01 224200609172327440      21202        677     0 2453996.479687  1.377637e+01  4.213632e-02  1.377637e+01  4.213632e-02 
   85620645   2.657434e+00   1.086770e-01   2.657434e+00   1.086770e-01 223200609172327440      10451       1624     0 2453996.479687  1.393884e+01  4.440185e-02  1.393884e+01  4.440185e-02 
   85620704   3.060522e+00   1.206946e-01   3.060522e+00   1.206946e-01 224200609172328430      21199        679     0 2453996.480370  1.378551e+01  4.281719e-02  1.378551e+01  4.281719e-02 
   85620704   2.766633e+00   1.094775e-01   2.766633e+00   1.094775e-01 223200609172328430      10451       1621     0 2453996.480370  1.389512e+01  4.296346e-02  1.389512e+01  4.296346e-02 
   85620767   2.593512e+00   1.083457e-01   2.593512e+00   1.083457e-01 223200609172329460      10451       1618     0 2453996.481100  1.396528e+01  4.535753e-02  1.396528e+01  4.535753e-02 
   85620821   2.947745e+00   1.209402e-01   2.947745e+00   1.209402e-01 224200609172330410      21197        682     0 2453996.481725  1.382627e+01  4.454577e-02  1.382627e+01  4.454577e-02 
   85620821   2.926576e+00   1.096662e-01   2.926576e+00   1.096662e-01 223200609172330410      10451       1615     0 2453996.481725  1.383410e+01  4.068542e-02  1.383410e+01  4.068542e-02 
   85706442   3.024130e+00   1.187751e-01   3.024130e+00   1.187751e-01 224200609182317440      21201        633     0 2453997.472708  1.379850e+01  4.264331e-02  1.379850e+01  4.264331e-02 
   85706442   2.577169e+00   1.057450e-01   2.577169e+00   1.057450e-01 223200609182317440      10454       1599     0 2453997.472708  1.397214e+01  4.454949e-02  1.397214e+01  4.454949e-02 
   85706505   3.089852e+00   1.185862e-01   3.089852e+00   1.185862e-01 224200609182318460      21194        658     0 2453997.473438  1.377516e+01  4.166988e-02  1.377516e+01  4.166988e-02 
   85706505   2.520131e+00   1.060833e-01   2.520131e+00   1.060833e-01 223200609182318460      10458       1574     0 2453997.473438  1.399644e+01  4.570352e-02  1.399644e+01  4.570352e-02 
   85706560   3.028752e+00   1.184340e-01   3.028752e+00   1.184340e-01 224200609182319420      21191        661     0 2453997.474074  1.379684e+01  4.245595e-02  1.379684e+01  4.245595e-02 
   85706560   2.365612e+00   1.044543e-01   2.365612e+00   1.044543e-01 223200609182319410      10459       1572     0 2453997.474074  1.406514e+01  4.794116e-02  1.406514e+01  4.794116e-02 
   85706637   3.300182e+00   1.183479e-01   3.300182e+00   1.183479e-01 224200609182320580      21195        638     0 2453997.474965  1.370366e+01  3.893575e-02  1.370366e+01  3.893575e-02 
   85706637   2.520021e+00   1.054149e-01   2.520021e+00   1.054149e-01 223200609182320580      10455       1596     0 2453997.474965  1.399649e+01  4.541754e-02  1.399649e+01  4.541754e-02 
   85878756   2.942137e+00   1.133809e-01   2.942137e+00   1.133809e-01 224200609202309430      21176        679     0 2453999.467083  1.382834e+01  4.184110e-02  1.382834e+01  4.184110e-02 
   85878756   2.558263e+00   1.060769e-01   2.558263e+00   1.060769e-01 223200609202309430      10456       1650     0 2453999.467083  1.398014e+01  4.501960e-02  1.398014e+01  4.501960e-02 
   85878813   2.900489e+00   1.135069e-01   2.900489e+00   1.135069e-01 224200609202310410      21170        681     0 2453999.467743  1.384382e+01  4.248904e-02  1.384382e+01  4.248904e-02 
   85878813   2.717951e+00   1.059888e-01   2.717951e+00   1.059888e-01 223200609202310400      10458       1648     0 2453999.467743  1.391440e+01  4.233936e-02  1.391440e+01  4.233936e-02 
   85878874   3.212891e+00   1.137072e-01   3.212891e+00   1.137072e-01 224200609202311410      21167        683     0 2453999.468449  1.373276e+01  3.842534e-02  1.373276e+01  3.842534e-02 
   85878874   2.620721e+00   1.062924e-01   2.620721e+00   1.062924e-01 223200609202311410      10459       1645     0 2453999.468449  1.395395e+01  4.403593e-02  1.395395e+01  4.403593e-02 
   85878934   3.063261e+00   1.131221e-01   3.063261e+00   1.131221e-01 224200609202312420      21166        686     0 2453999.469144  1.378454e+01  4.009492e-02  1.378454e+01  4.009492e-02 
   85878934   2.723426e+00   1.073922e-01   2.723426e+00   1.073922e-01 223200609202312420      10459       1642     0 2453999.469144  1.391221e+01  4.281374e-02  1.391221e+01  4.281374e-02 
   85964879   3.147905e+00   1.089730e-01   3.147905e+00   1.089730e-01 224200609212305090      21170        700     0 2454000.463877  1.375495e+01  3.758574e-02  1.375495e+01  3.758574e-02 
   85964879   2.522600e+00   9.835236e-02   2.522600e+00   9.835236e-02 223200609212305090      10470       1645     0 2454000.463877  1.399538e+01  4.233135e-02  1.399538e+01  4.233135e-02 
   85965032   3.076585e+00   1.078529e-01   3.076585e+00   1.078529e-01 224200609212307420      21165        703     0 2454000.465648  1.377983e+01  3.806177e-02  1.377983e+01  3.806177e-02 
   85965032   2.396201e+00   9.739011e-02   2.396201e+00   9.739011e-02 223200609212307420      10472       1638     0 2454000.465648  1.405119e+01  4.412833e-02  1.405119e+01  4.412833e-02 
   85965095   3.095746e+00   1.085125e-01   3.095746e+00   1.085125e-01 224200609212308460      21163        704     0 2454000.466377  1.377309e+01  3.805749e-02  1.377309e+01  3.805749e-02 
   85965095   2.317428e+00   9.698366e-02   2.317428e+00   9.698366e-02 223200609212308460      10473       1635     0 2454000.466377  1.408748e+01  4.543789e-02  1.408748e+01  4.543789e-02 
   85965151   3.198170e+00   1.093085e-01   3.198170e+00   1.093085e-01 224200609212309410      21162        706     0 2454000.467025  1.373775e+01  3.710890e-02  1.373775e+01  3.710890e-02 
   85965151   2.254110e+00   9.644543e-02   2.254110e+00   9.644543e-02 223200609212309410      10474       1633     0 2454000.467025  1.411756e+01  4.645500e-02  1.411756e+01  4.645500e-02 
   86404993   2.979114e+00   1.080458e-01   2.979114e+00   1.080458e-01 224200609270120390      21272        912     0 2454005.557789  1.381478e+01  3.937734e-02  1.381478e+01  3.937734e-02 
   86404993   2.121859e+00   9.836938e-02   2.121859e+00   9.836938e-02 223200609270120390      10336       1294     0 2454005.557789  1.418321e+01  5.033490e-02  1.418321e+01  5.033490e-02 
   86405052   2.839438e+00   1.082525e-01   2.839438e+00   1.082525e-01 224200609270121390      21268        937     0 2454005.558472  1.386692e+01  4.139343e-02  1.386692e+01  4.139343e-02 
   86405054   2.100047e+00   9.966557e-02   2.100047e+00   9.966557e-02 223200609270121400      10339       1267     0 2454005.558495  1.419443e+01  5.152784e-02  1.419443e+01  5.152784e-02 
   86405122   3.041257e+00   1.094041e-01   3.041257e+00   1.094041e-01 224200609270122490      21268        936     0 2454005.559282  1.379237e+01  3.905767e-02  1.379237e+01  3.905767e-02 
   86405122   2.099479e+00   9.905684e-02   2.099479e+00   9.905684e-02 223200609270122490      10338       1264     0 2454005.559282  1.419472e+01  5.122698e-02  1.419472e+01  5.122698e-02 
   86405181   3.137423e+00   1.101896e-01   3.137423e+00   1.101896e-01 224200609270123480      21268        936     0 2454005.559965  1.375857e+01  3.813233e-02  1.375857e+01  3.813233e-02 
   86405183   2.182432e+00   9.975290e-02   2.182432e+00   9.975290e-02 223200609270123490      10337       1263     0 2454005.559988  1.415265e+01  4.962615e-02  1.415265e+01  4.962615e-02 
   87688164   2.073489e+00   8.166337e-02   2.073489e+00   8.166337e-02 223200610112147440      10133       1446     0 2454020.409306  1.420825e+01  4.276135e-02  1.420825e+01  4.276135e-02 
   87688238   2.045116e+00   8.134859e-02   2.045116e+00   8.134859e-02 223200610112148580      10136       1417     0 2454020.410162  1.422320e+01  4.318748e-02  1.422320e+01  4.318748e-02 
   87688292   2.036657e+00   8.171245e-02   2.036657e+00   8.171245e-02 223200610112149520      10136       1414     0 2454020.410787  1.422771e+01  4.356084e-02  1.422771e+01  4.356084e-02 
   87860510   2.104725e+00   9.087441e-02   2.104725e+00   9.087441e-02 223200610132140170      10095       1468     0 2454022.404051  1.419201e+01  4.687832e-02  1.419201e+01  4.687832e-02 
   87860577   2.036366e+00   9.092068e-02   2.036366e+00   9.092068e-02 223200610132141240      10096       1463     0 2454022.404826  1.422786e+01  4.847667e-02  1.422786e+01  4.847667e-02 
   87860633   2.150186e+00   9.102783e-02   2.150186e+00   9.102783e-02 223200610132142200      10095       1461     0 2454022.405475  1.416881e+01  4.596465e-02  1.416881e+01  4.596465e-02 
   87860693   2.152762e+00   9.008176e-02   2.152762e+00   9.008176e-02 223200610132143190      10095       1459     0 2454022.406169  1.416751e+01  4.543250e-02  1.416751e+01  4.543250e-02 
   88033122   1.899447e+00   8.618055e-02   1.899447e+00   8.618055e-02 223200610152137170      10092       1499     0 2454024.401875  1.430343e+01  4.926152e-02  1.430343e+01  4.926152e-02 
   88033183   1.973217e+00   8.644214e-02   1.973217e+00   8.644214e-02 223200610152138180      10091       1494     0 2454024.402581  1.426206e+01  4.756380e-02  1.426206e+01  4.756380e-02 
   88033238   1.916109e+00   8.578549e-02   1.916109e+00   8.578549e-02 223200610152139130      10090       1489     0 2454024.403218  1.429395e+01  4.860932e-02  1.429395e+01  4.860932e-02 
   88033297   2.072571e+00   8.623657e-02   2.072571e+00   8.623657e-02 223200610152140120      10090       1486     0 2454024.403900  1.420873e+01  4.517601e-02  1.420873e+01  4.517601e-02 
   88377444   2.129681e+00   9.003730e-02   2.129681e+00   9.003730e-02 223200610192116140      10076       1514     0 2454028.387083  1.417921e+01  4.590223e-02  1.417921e+01  4.590223e-02 
   88377496   2.114928e+00   9.065725e-02   2.114928e+00   9.065725e-02 223200610192117070      10075       1510     0 2454028.387685  1.418676e+01  4.654068e-02  1.418676e+01  4.654068e-02 
   88377581   2.022211e+00   9.007652e-02   2.022211e+00   9.007652e-02 223200610192118310      10071       1533     0 2454028.388669  1.423543e+01  4.836275e-02  1.423543e+01  4.836275e-02 
   88377643   2.089638e+00   8.997282e-02   2.089638e+00   8.997282e-02 223200610192119340      10071       1529     0 2454028.389387  1.419982e+01  4.674834e-02  1.419982e+01  4.674834e-02 
   88463609   2.018731e+00   8.754379e-02   2.018731e+00   8.754379e-02 223200610202112230      10099       1468     0 2454029.384363  1.423730e+01  4.708394e-02  1.423730e+01  4.708394e-02 
   88463681   2.055367e+00   8.769210e-02   2.055367e+00   8.769210e-02 223200610202113350      10096       1463     0 2454029.385197  1.421778e+01  4.632304e-02  1.421778e+01  4.632304e-02 
   88463744   2.040772e+00   8.763889e-02   2.040772e+00   8.763889e-02 223200610202114380      10096       1461     0 2454029.385926  1.422551e+01  4.662600e-02  1.422551e+01  4.662600e-02 
   88463803   2.035084e+00   8.678909e-02   2.035084e+00   8.678909e-02 223200610202115380      10096       1459     0 2454029.386609  1.422854e+01  4.630295e-02  1.422854e+01  4.630295e-02 
   88551557   2.178578e+00   9.456379e-02   2.178578e+00   9.456379e-02 223200610212138150      10094       1409     0 2454030.402280  1.415457e+01  4.712785e-02  1.415457e+01  4.712785e-02 
   88551689   2.159297e+00   9.581716e-02   2.159297e+00   9.581716e-02 223200610212140270      10091       1399     0 2454030.403808  1.416422e+01  4.817889e-02  1.416422e+01  4.817889e-02 
   88551761   2.306802e+00   9.676979e-02   2.306802e+00   9.676979e-02 223200610212141400      10086       1421     0 2454030.404641  1.409247e+01  4.554653e-02  1.409247e+01  4.554653e-02 
   88637619   2.548289e+00   1.063264e+00   2.548289e+00   1.063264e+00 223200610222132420      10092       1453     0 2454031.398368  1.398438e+01  4.530210e-01  1.398438e+01  4.530210e-01 
   88637767   2.396429e+00   1.337713e+00   2.396429e+00   1.337713e+00 223200610222135100      10087       1443     0 2454031.400081  1.405109e+01  6.060722e-01  1.405109e+01  6.060722e-01 
   88640080   3.890678e+00   2.054166e+00   3.890678e+00   2.054166e+00 223200610222213430      10085       1317     0 2454031.426852  1.352494e+01  5.732395e-01  1.352494e+01  5.732395e-01 
   88722110   2.187112e+00   9.043738e-02   2.187112e+00   9.043738e-02 223200610232100550      10083       1499     0 2454032.376273  1.415032e+01  4.489550e-02  1.415032e+01  4.489550e-02 
   88722164   1.997853e+00   9.022173e-02   1.997853e+00   9.022173e-02 223200610232101500      10083       1496     0 2454032.376898  1.424859e+01  4.903130e-02  1.424859e+01  4.903130e-02 
   88722226   2.044116e+00   9.041467e-02   2.044116e+00   9.041467e-02 223200610232102520      10083       1494     0 2454032.377616  1.422374e+01  4.802410e-02  1.422374e+01  4.802410e-02 
   88722293   2.152750e+00   9.072378e-02   2.152750e+00   9.072378e-02 223200610232103590      10083       1491     0 2454032.378391  1.416752e+01  4.575656e-02  1.416752e+01  4.575656e-02 
   88980555   2.213933e+00   1.029892e-01   2.213933e+00   1.029892e-01 223200610262048320      10084       1561     0 2454035.367535  1.413709e+01  5.050715e-02  1.413709e+01  5.050715e-02 
   88980609   2.195038e+00   1.030210e-01   2.195038e+00   1.030210e-01 223200610262049260      10084       1557     0 2454035.368160  1.414639e+01  5.095765e-02  1.414639e+01  5.095765e-02 
   88980669   2.124030e+00   1.018780e-01   2.124030e+00   1.018780e-01 223200610262050270      10084       1555     0 2454035.368854  1.418210e+01  5.207695e-02  1.418210e+01  5.207695e-02 
   88980733   2.126882e+00   1.012399e-01   2.126882e+00   1.012399e-01 223200610262051300      10080       1546     0 2454035.369595  1.418064e+01  5.168136e-02  1.418064e+01  5.168136e-02 
   89066671   2.288239e+00   1.139997e-01   2.288239e+00   1.139997e-01 223200610272043520      10104       1532     0 2454036.364248  1.410125e+01  5.409138e-02  1.410125e+01  5.409138e-02 
   89066734   2.484764e+00   1.150336e-01   2.484764e+00   1.150336e-01 223200610272044550      10104       1529     0 2454036.364977  1.401179e+01  5.026497e-02  1.401179e+01  5.026497e-02 
   89066790   2.321164e+00   1.148416e-01   2.321164e+00   1.148416e-01 223200610272045520      10103       1525     0 2454036.365625  1.408574e+01  5.371792e-02  1.408574e+01  5.371792e-02 
   89066855   2.264781e+00   1.146421e-01   2.264781e+00   1.146421e-01 223200610272046560      10103       1523     0 2454036.366377  1.411243e+01  5.495964e-02  1.411243e+01  5.495964e-02 
   89152868   2.793724e+00   1.843164e-01   2.793724e+00   1.843164e-01 223200610282040350      10088       1543     0 2454037.361898  1.388454e+01  7.163189e-02  1.388454e+01  7.163189e-02 
   89152941   2.589797e+00   1.733639e-01   2.589797e+00   1.733639e-01 223200610282041480      10090       1510     0 2454037.362743  1.396684e+01  7.268065e-02  1.396684e+01  7.268065e-02 
   89153002   2.562813e+00   1.483163e-01   2.562813e+00   1.483163e-01 223200610282042490      10090       1507     0 2454037.363449  1.397821e+01  6.283444e-02  1.397821e+01  6.283444e-02 
   89238989   2.709781e+00   1.555524e-01   2.709781e+00   1.555524e-01 223200610292035590      10082       1499     0 2454038.358669  1.391766e+01  6.232589e-02  1.391766e+01  6.232589e-02 
   89239044   2.624701e+00   1.565050e-01   2.624701e+00   1.565050e-01 223200610292036550      10083       1496     0 2454038.359306  1.395230e+01  6.474024e-02  1.395230e+01  6.474024e-02 
   89239091   2.283881e+00   1.530040e-01   2.283881e+00   1.530040e-01 223200610292037410      10082       1489     0 2454038.359850  1.410332e+01  7.273695e-02  1.410332e+01  7.273695e-02 
   89239169   2.591741e+00   1.535508e-01   2.591741e+00   1.535508e-01 223200610292038590      10081       1486     0 2454038.360752  1.396602e+01  6.432599e-02  1.396602e+01  6.432599e-02 
   89411364   2.981048e+00   2.466896e-01   2.981048e+00   2.466896e-01 223200610312029020      10076       1500     0 2454040.353750  1.381408e+01  8.984786e-02  1.381408e+01  8.984786e-02 
   89411437   3.308255e+00   2.476900e-01   3.308255e+00   2.476900e-01 223200610312030160      10072       1521     0 2454040.354595  1.370100e+01  8.128966e-02  1.370100e+01  8.128966e-02 
   89411507   3.105145e+00   2.500205e-01   3.105145e+00   2.500205e-01 223200610312031250      10075       1489     0 2454040.355405  1.376980e+01  8.742177e-02  1.376980e+01  8.742177e-02 
   89411564   3.262463e+00   2.492981e-01   3.262463e+00   2.492981e-01 223200610312032230      10075       1485     0 2454040.356065  1.371614e+01  8.296581e-02  1.371614e+01  8.296581e-02 
   89506223   2.415570e+00   2.551301e-01   2.415570e+00   2.551301e-01 223200611012250050      10005       1126     0 2454041.451655  1.404245e+01  1.146748e-01  1.404245e+01  1.146748e-01 
   89506296   2.685483e+00   2.561306e-01   2.685483e+00   2.561306e-01 223200611012251190      10007       1095     0 2454041.452500  1.392744e+01  1.035535e-01  1.392744e+01  1.035535e-01 
   89506353   2.470837e+00   2.575950e-01   2.470837e+00   2.575950e-01 223200611012252160      10007       1093     0 2454041.453160  1.401789e+01  1.131929e-01  1.401789e+01  1.131929e-01 
   89506415   2.663858e+00   2.587982e-01   2.663858e+00   2.587982e-01 223200611012253170      10006       1090     0 2454041.453877  1.393622e+01  1.054814e-01  1.393622e+01  1.054814e-01 
   89842125   2.848738e+00   3.602617e-01   2.848738e+00   3.602617e-01 223200611052008420      10086       1502     0 2454045.339410  1.386337e+01  1.373066e-01  1.386337e+01  1.373066e-01 
   89842183   3.008526e+00   3.622717e-01   3.008526e+00   3.622717e-01 223200611052009400      10087       1499     0 2454045.340081  1.380412e+01  1.307394e-01  1.380412e+01  1.307394e-01 
   89842256   3.016706e+00   3.618486e-01   3.016706e+00   3.618486e-01 223200611052010530      10087       1495     0 2454045.340926  1.380117e+01  1.302326e-01  1.380117e+01  1.302326e-01 
   89842315   2.570680e+00   3.630759e-01   2.570680e+00   3.630759e-01 223200611052011520      10087       1492     0 2454045.341609  1.397488e+01  1.533470e-01  1.397488e+01  1.533470e-01 
   89928309   2.914029e+00   2.764152e-01   2.914029e+00   2.764152e-01 223200611062005110      10090       1520     0 2454046.336910  1.383877e+01  1.029897e-01  1.383877e+01  1.029897e-01 
   89928378   2.967182e+00   2.769813e-01   2.967182e+00   2.769813e-01 223200611062006190      10090       1516     0 2454046.337708  1.381914e+01  1.013520e-01  1.381914e+01  1.013520e-01 
   89928432   2.839025e+00   2.777525e-01   2.839025e+00   2.777525e-01 223200611062007140      10090       1514     0 2454046.338333  1.386708e+01  1.062220e-01  1.386708e+01  1.062220e-01 
   89928496   2.670870e+00   2.786665e-01   2.670870e+00   2.786665e-01 223200611062008180      10090       1512     0 2454046.339074  1.393337e+01  1.132812e-01  1.393337e+01  1.132812e-01 
   90014497   2.752453e+00   1.808768e-01   2.752453e+00   1.808768e-01 223200611072001430      10097       1528     0 2454047.334456  1.390070e+01  7.134912e-02  1.390070e+01  7.134912e-02 
   90014551   2.353326e+00   1.785892e-01   2.353326e+00   1.785892e-01 223200611072002370      10097       1525     0 2454047.335081  1.407080e+01  8.239463e-02  1.407080e+01  8.239463e-02 
   90014640   2.688973e+00   1.633692e-01   2.688973e+00   1.633692e-01 223200611072004050      10093       1547     0 2454047.336111  1.392603e+01  6.596438e-02  1.392603e+01  6.596438e-02 
   90014702   2.595055e+00   1.687223e-01   2.595055e+00   1.687223e-01 223200611072005080      10092       1543     0 2454047.336829  1.396463e+01  7.059141e-02  1.396463e+01  7.059141e-02 
   90272986   2.150707e+00   9.984191e-02   2.150707e+00   9.984191e-02 223200611101950030      10093       1511     0 2454050.326227  1.416855e+01  5.040313e-02  1.416855e+01  5.040313e-02 
   90273040   2.043785e+00   9.880719e-02   2.043785e+00   9.880719e-02 223200611101950570      10094       1508     0 2454050.326852  1.422391e+01  5.249032e-02  1.422391e+01  5.249032e-02 
   90273088   2.229469e+00   1.015474e-01   2.229469e+00   1.015474e-01 223200611101951450      10093       1504     0 2454050.327407  1.412950e+01  4.945308e-02  1.412950e+01  4.945308e-02 
   90273153   2.134458e+00   9.874209e-02   2.134458e+00   9.874209e-02 223200611101952500      10092       1502     0 2454050.328160  1.417678e+01  5.022737e-02  1.417678e+01  5.022737e-02 
   90617601   2.181026e+00   9.409755e-02   2.181026e+00   9.409755e-02 223200611141933540      10084       1537     0 2454054.314826  1.415335e+01  4.684286e-02  1.415335e+01  4.684286e-02 
   90617663   2.129658e+00   9.380529e-02   2.129658e+00   9.380529e-02 223200611141934560      10084       1533     0 2454054.315544  1.417922e+01  4.782371e-02  1.417922e+01  4.782371e-02 
   90617723   2.157277e+00   9.463929e-02   2.157277e+00   9.463929e-02 223200611141935570      10088       1504     0 2454054.316238  1.416524e+01  4.763119e-02  1.416524e+01  4.763119e-02 
   90617774   2.163595e+00   9.452251e-02   2.163595e+00   9.452251e-02 223200611141936470      10088       1502     0 2454054.316829  1.416206e+01  4.743348e-02  1.416206e+01  4.743348e-02 
   93120142   2.714482e+00   2.164516e-01   2.714482e+00   2.164516e-01 223200612131844400      10756       1349     0 2454083.279421  1.391578e+01  8.657644e-02  1.391578e+01  8.657644e-02 
   93120201   2.821040e+00   2.022536e-01   2.821040e+00   2.022536e-01 223200612131845380      10756       1347     0 2454083.280104  1.387398e+01  7.784181e-02  1.387398e+01  7.784181e-02 
   93120277   2.933728e+00   1.845968e-01   2.933728e+00   1.845968e-01 223200612131846550      10753       1368     0 2454083.280984  1.383145e+01  6.831724e-02  1.383145e+01  6.831724e-02 
   93120341   2.615501e+00   1.718012e-01   2.615501e+00   1.718012e-01 223200612131847580      10756       1341     0 2454083.281725  1.395611e+01  7.131766e-02  1.395611e+01  7.131766e-02 
   93292976   2.892258e+00   2.606248e-01   2.892258e+00   2.606248e-01 223200612151845190      10729       1321     0 2454085.279815  1.384691e+01  9.783731e-02  1.384691e+01  9.783731e-02 
   93293030   2.920400e+00   2.442915e-01   2.920400e+00   2.442915e-01 223200612151846130      10729       1319     0 2454085.280440  1.383639e+01  9.082218e-02  1.383639e+01  9.082218e-02 
   93293084   2.326592e+00   2.294455e-01   2.326592e+00   2.294455e-01 223200612151847070      10728       1317     0 2454085.281065  1.408320e+01  1.070743e-01  1.408320e+01  1.070743e-01 
   93293138   2.634279e+00   2.162770e-01   2.634279e+00   2.162770e-01 223200612151848010      10728       1314     0 2454085.281690  1.394835e+01  8.914039e-02  1.394835e+01  8.914039e-02 
   93467318   2.103554e+00   1.036234e-01   2.103554e+00   1.036234e-01 223200612171911070      11080       1143     0 2454087.297662  1.419262e+01  5.348476e-02  1.419262e+01  5.348476e-02 
   93467374   2.196750e+00   1.033226e-01   2.196750e+00   1.033226e-01 223200612171912030      11078       1140     0 2454087.298310  1.414555e+01  5.106704e-02  1.414555e+01  5.106704e-02 
   93467434   2.221831e+00   1.017161e-01   2.221831e+00   1.017161e-01 223200612171913020      11077       1137     0 2454087.299005  1.413322e+01  4.970552e-02  1.413322e+01  4.970552e-02 
   93467504   2.079221e+00   1.010148e-01   2.079221e+00   1.010148e-01 223200612171914130      11071       1159     0 2454087.299815  1.420525e+01  5.274852e-02  1.420525e+01  5.274852e-02 
   93556675   2.168077e+00   9.419976e-02   2.168077e+00   9.419976e-02 223200612182000260      10140       1077     0 2454088.331887  1.415981e+01  4.717380e-02  1.415981e+01  4.717380e-02 
   93556733   2.182462e+00   9.396224e-02   2.182462e+00   9.396224e-02 223200612182001250      10140       1076     0 2454088.332558  1.415263e+01  4.674471e-02  1.415263e+01  4.674471e-02 
   93556802   2.049670e+00   9.378109e-02   2.049670e+00   9.378109e-02 223200612182002330      10139       1073     0 2454088.333356  1.422079e+01  4.967722e-02  1.422079e+01  4.967722e-02 
   93556866   2.101243e+00   9.496404e-02   2.101243e+00   9.496404e-02 223200612182003370      10138       1071     0 2454088.334097  1.419381e+01  4.906917e-02  1.419381e+01  4.906917e-02 
   93725374   2.663780e+00   2.143056e-01   2.663780e+00   2.143056e-01 223200612201852110      10199       1233     0 2454090.284421  1.393625e+01  8.734963e-02  1.393625e+01  8.734963e-02 
   93725433   2.783152e+00   2.012872e-01   2.783152e+00   2.012872e-01 223200612201853100      10198       1230     0 2454090.285104  1.388866e+01  7.852447e-02  1.388866e+01  7.852447e-02 
   93725490   2.734279e+00   1.901806e-01   2.734279e+00   1.901806e-01 223200612201854080      10197       1228     0 2454090.285764  1.390789e+01  7.551777e-02  1.390789e+01  7.551777e-02 
   93725552   2.595871e+00   1.784423e-01   2.595871e+00   1.784423e-01 223200612201855100      10197       1225     0 2454090.286481  1.396429e+01  7.463465e-02  1.396429e+01  7.463465e-02 
   94935178   2.965835e+00   3.632168e-01   2.965835e+00   3.632168e-01 224200701031856070      20416        571     0 2454104.286782  1.381963e+01  1.329673e-01  1.381963e+01  1.329673e-01 
   94935178   2.951238e+00   3.976472e-01   2.951238e+00   3.976472e-01 223200701031856070      10140       1079     0 2454104.286782  1.382499e+01  1.462916e-01  1.382499e+01  1.462916e-01 
   94935244   3.356514e+00   3.594420e-01   3.356514e+00   3.594420e-01 224200701031857140      20415        570     0 2454104.287546  1.368528e+01  1.162696e-01  1.368528e+01  1.162696e-01 
   94935244   3.482137e+00   3.922775e-01   3.482137e+00   3.922775e-01 223200701031857140      10139       1078     0 2454104.287546  1.364539e+01  1.223132e-01  1.364539e+01  1.223132e-01 
   94935302   3.067472e+00   3.550314e-01   3.067472e+00   3.550314e-01 224200701031858120      20416        570     0 2454104.288218  1.378305e+01  1.256643e-01  1.378305e+01  1.256643e-01 
   94935302   2.826767e+00   3.849409e-01   2.826767e+00   3.849409e-01 223200701031858120      10138       1076     0 2454104.288218  1.387177e+01  1.478529e-01  1.387177e+01  1.478529e-01 
   94935367   2.865513e+00   3.504421e-01   2.865513e+00   3.504421e-01 224200701031859170      20416        570     0 2454104.288970  1.385699e+01  1.327822e-01  1.385699e+01  1.327822e-01 
   94935367   3.248849e+00   3.801350e-01   3.248849e+00   3.801350e-01 223200701031859170      10137       1074     0 2454104.288970  1.372068e+01  1.270381e-01  1.372068e+01  1.270381e-01 
   95021607   2.824086e+00   2.753534e-01   2.824086e+00   2.753534e-01 224200701041856390      20418        555     0 2454105.287118  1.387281e+01  1.058616e-01  1.387281e+01  1.058616e-01 
   95021607   2.673388e+00   2.934619e-01   2.673388e+00   2.934619e-01 223200701041856390      10137       1095     0 2454105.287118  1.393234e+01  1.191833e-01  1.393234e+01  1.191833e-01 
   95021679   3.383786e+00   2.603250e-01   3.383786e+00   2.603250e-01 224200701041857500      20414        579     0 2454105.287951  1.367649e+01  8.352929e-02  1.367649e+01  8.352929e-02 
   95021679   2.837802e+00   2.762790e-01   2.837802e+00   2.762790e-01 223200701041857500      10140       1068     0 2454105.287951  1.386754e+01  1.057040e-01  1.386754e+01  1.057040e-01 
   95021744   2.858821e+00   2.487791e-01   2.858821e+00   2.487791e-01 224200701041858560      20415        579     0 2454105.288704  1.385953e+01  9.448279e-02  1.385953e+01  9.448279e-02 
   95021744   2.492893e+00   2.638857e-01   2.492893e+00   2.638857e-01 223200701041858560      10139       1066     0 2454105.288704  1.400824e+01  1.149312e-01  1.400824e+01  1.149312e-01 
   95021800   2.720825e+00   2.408574e-01   2.720825e+00   2.408574e-01 224200701041859510      20415        579     0 2454105.289352  1.391325e+01  9.611365e-02  1.391325e+01  9.611365e-02 
   95021800   2.691248e+00   2.552787e-01   2.691248e+00   2.552787e-01 223200701041859510      10139       1065     0 2454105.289352  1.392512e+01  1.029880e-01  1.392512e+01  1.029880e-01 
   95107909   2.649230e+00   2.378515e-01   2.649230e+00   2.378515e-01 224200701051855020      20437        592     0 2454106.285984  1.394220e+01  9.747924e-02  1.394220e+01  9.747924e-02 
   95107909   2.563286e+00   2.553842e-01   2.563286e+00   2.553842e-01 223200701051855020      10114       1061     0 2454106.285984  1.397801e+01  1.081740e-01  1.397801e+01  1.081740e-01 
   95107965   3.090501e+00   2.251462e-01   3.090501e+00   2.251462e-01 224200701051855570      20437        592     0 2454106.286632  1.377493e+01  7.909729e-02  1.377493e+01  7.909729e-02 
   95107965   2.721825e+00   2.365893e-01   2.721825e+00   2.365893e-01 223200701051855570      10113       1059     0 2454106.286632  1.391285e+01  9.437580e-02  1.391285e+01  9.437580e-02 
   95108019   3.262943e+00   2.135891e-01   3.262943e+00   2.135891e-01 224200701051856510      20438        592     0 2454106.287257  1.371598e+01  7.107149e-02  1.371598e+01  7.107149e-02 
   95108019   2.635817e+00   2.211641e-01   2.635817e+00   2.211641e-01 223200701051856510      10112       1057     0 2454106.287257  1.394771e+01  9.110145e-02  1.394771e+01  9.110145e-02 
   95108073   3.171923e+00   2.031366e-01   3.171923e+00   2.031366e-01 224200701051857460      20438        592     0 2454106.287882  1.374669e+01  6.953306e-02  1.374669e+01  6.953306e-02 
   95108073   2.624992e+00   2.074311e-01   2.624992e+00   2.074311e-01 223200701051857460      10111       1055     0 2454106.287882  1.395218e+01  8.579690e-02  1.395218e+01  8.579690e-02 
   95280696   2.594736e+00   2.148363e-01   2.594736e+00   2.148363e-01 224200701071854530      20458        579     0 2454108.285833  1.396477e+01  8.989601e-02  1.396477e+01  8.989601e-02 
   95280697   2.817248e+00   2.275980e-01   2.817248e+00   2.275980e-01 223200701071854540      10091       1042     0 2454108.285845  1.387544e+01  8.771408e-02  1.387544e+01  8.771408e-02 
   95280826   3.375451e+00   1.902689e-01   3.375451e+00   1.902689e-01 224200701071857030      20447        522     0 2454108.287338  1.367917e+01  6.120147e-02  1.367917e+01  6.120147e-02 
   95280826   2.863583e+00   1.957319e-01   2.863583e+00   1.957319e-01 223200701071857030      10110       1066     0 2454108.287338  1.385773e+01  7.421262e-02  1.385773e+01  7.421262e-02 
   95280882   3.047390e+00   1.793213e-01   3.047390e+00   1.793213e-01 224200701071857590      20448        523     0 2454108.287986  1.379018e+01  6.388953e-02  1.379018e+01  6.388953e-02 
   95280882   2.789178e+00   1.839293e-01   2.789178e+00   1.839293e-01 223200701071857590      10108       1063     0 2454108.287986  1.388631e+01  7.159796e-02  1.388631e+01  7.159796e-02 
   95280938   2.805559e+00   1.704541e-01   2.805559e+00   1.704541e-01 224200701071858540      20448        523     0 2454108.288634  1.387995e+01  6.596506e-02  1.387995e+01  6.596506e-02 
   95280938   2.687778e+00   1.722722e-01   2.687778e+00   1.722722e-01 223200701071858540      10108       1061     0 2454108.288634  1.392652e+01  6.959012e-02  1.392652e+01  6.959012e-02 
   95367160   3.106049e+00   2.345815e-01   3.106049e+00   2.345815e-01 224200701081855580      20456        601     0 2454109.286574  1.376948e+01  8.199952e-02  1.376948e+01  8.199952e-02 
   95367160   3.004050e+00   2.582085e-01   3.004050e+00   2.582085e-01 223200701081855580      10094       1033     0 2454109.286574  1.380573e+01  9.332313e-02  1.380573e+01  9.332313e-02 
   95367214   3.006649e+00   2.210331e-01   3.006649e+00   2.210331e-01 224200701081856520      20455        600     0 2454109.287199  1.380479e+01  7.981793e-02  1.380479e+01  7.981793e-02 
   95367216   2.441014e+00   2.408512e-01   2.441014e+00   2.408512e-01 223200701081856530      10093       1032     0 2454109.287222  1.403107e+01  1.071283e-01  1.403107e+01  1.071283e-01 
   95367271   3.134829e+00   2.086769e-01   3.134829e+00   2.086769e-01 224200701081857490      20456        599     0 2454109.287859  1.375947e+01  7.227472e-02  1.375947e+01  7.227472e-02 
   95367271   2.954913e+00   2.257016e-01   2.954913e+00   2.257016e-01 223200701081857490      10092       1030     0 2454109.287859  1.382364e+01  8.293079e-02  1.382364e+01  8.293079e-02 
   95367327   2.655784e+00   1.976259e-01   2.655784e+00   1.976259e-01 224200701081858450      20455        598     0 2454109.288507  1.393952e+01  8.079360e-02  1.393952e+01  8.079360e-02 
   95367327   2.726881e+00   2.112332e-01   2.726881e+00   2.112332e-01 223200701081858450      10091       1029     0 2454109.288507  1.391083e+01  8.410500e-02  1.391083e+01  8.410500e-02 
   95453545   3.000455e+00   2.323818e-01   3.000455e+00   2.323818e-01 224200701091855450      20450        621     0 2454110.286400  1.380703e+01  8.408930e-02  1.380703e+01  8.408930e-02 
   95453545   2.593025e+00   2.483329e-01   2.593025e+00   2.483329e-01 223200701091855450      10096       1029     0 2454110.286400  1.396548e+01  1.039809e-01  1.396548e+01  1.039809e-01 
   95453601   2.904246e+00   2.200350e-01   2.904246e+00   2.200350e-01 224200701091856400      20449        620     0 2454110.287049  1.384242e+01  8.225917e-02  1.384242e+01  8.225917e-02 
   95453655   3.022737e+00   2.085515e-01   3.022737e+00   2.085515e-01 224200701091857350      20449        619     0 2454110.287674  1.379900e+01  7.490983e-02  1.379900e+01  7.490983e-02 
   95453655   2.670915e+00   2.164114e-01   2.670915e+00   2.164114e-01 223200701091857350      10095       1027     0 2454110.287674  1.393335e+01  8.797228e-02  1.393335e+01  8.797228e-02 
   95453711   2.878728e+00   1.982687e-01   2.878728e+00   1.982687e-01 224200701091858300      20450        619     0 2454110.288322  1.385200e+01  7.477893e-02  1.385200e+01  7.477893e-02 
   95539935   3.169438e+00   2.328118e-01   3.169438e+00   2.328118e-01 224200701101855350      20455        627     0 2454111.286285  1.374754e+01  7.975328e-02  1.374754e+01  7.975328e-02 
   95539935   3.376370e+00   2.453489e-01   3.376370e+00   2.453489e-01 223200701101855350      10093       1023     0 2454111.286285  1.367887e+01  7.889690e-02  1.367887e+01  7.889690e-02 
   95539989   3.089187e+00   2.198758e-01   3.089187e+00   2.198758e-01 224200701101856300      20455        626     0 2454111.286910  1.377539e+01  7.727855e-02  1.377539e+01  7.727855e-02 
   95539989   2.922108e+00   2.300121e-01   2.922108e+00   2.300121e-01 223200701101856300      10093       1022     0 2454111.286910  1.383576e+01  8.546341e-02  1.383576e+01  8.546341e-02 
   95540043   2.946303e+00   2.084910e-01   2.946303e+00   2.084910e-01 224200701101857240      20454        626     0 2454111.287535  1.382681e+01  7.683088e-02  1.382681e+01  7.683088e-02 
   95540043   2.797862e+00   2.167979e-01   2.797862e+00   2.167979e-01 223200701101857240      10092       1021     0 2454111.287535  1.388293e+01  8.413075e-02  1.388293e+01  8.413075e-02 
   95540099   2.922529e+00   2.058481e-01   2.922529e+00   2.058481e-01 223200701101858190      10091       1020     0 2454111.288183  1.383560e+01  7.647400e-02  1.383560e+01  7.647400e-02 
   95626317   3.011887e+00   2.487090e-01   3.011887e+00   2.487090e-01 224200701111855200      20477        616     0 2454112.286076  1.380290e+01  8.965587e-02  1.380290e+01  8.965587e-02 
   95626318   2.484215e+00   2.574865e-01   2.484215e+00   2.574865e-01 223200701111855210      10075       1002     0 2454112.286088  1.401203e+01  1.125359e-01  1.401203e+01  1.125359e-01 
   95626374   3.001350e+00   2.416929e-01   3.001350e+00   2.416929e-01 223200701111856160      10075       1002     0 2454112.286736  1.380671e+01  8.743253e-02  1.380671e+01  8.743253e-02 
   95626428   2.835630e+00   2.224406e-01   2.835630e+00   2.224406e-01 224200701111857110      20476        615     0 2454112.287361  1.386838e+01  8.517074e-02  1.386838e+01  8.517074e-02 
   95626428   2.690624e+00   2.261329e-01   2.690624e+00   2.261329e-01 223200701111857110      10074       1001     0 2454112.287361  1.392537e+01  9.125078e-02  1.392537e+01  9.125078e-02 
   95626484   3.269304e+00   2.114077e-01   3.269304e+00   2.114077e-01 224200701111858070      20476        615     0 2454112.288009  1.371386e+01  7.020877e-02  1.371386e+01  7.020877e-02 
   95626484   2.592232e+00   2.120864e-01   2.592232e+00   2.120864e-01 223200701111858070      10073       1000     0 2454112.288009  1.396582e+01  8.883106e-02  1.396582e+01  8.883106e-02 
   95712701   2.901553e+00   2.394285e-01   2.901553e+00   2.394285e-01 223200701121855050      10104        997     0 2454113.285891  1.384342e+01  8.959240e-02  1.384342e+01  8.959240e-02 
   95712757   2.958758e+00   2.192285e-01   2.958758e+00   2.192285e-01 224200701121856000      20448        616     0 2454113.286539  1.382223e+01  8.044765e-02  1.382223e+01  8.044765e-02 
   95712757   2.650016e+00   2.244376e-01   2.650016e+00   2.244376e-01 223200701121856000      10103        997     0 2454113.286539  1.394188e+01  9.195448e-02  1.394188e+01  9.195448e-02 
   95712811   2.924463e+00   2.083459e-01   2.924463e+00   2.083459e-01 224200701121856550      20448        615     0 2454113.287164  1.383488e+01  7.735076e-02  1.383488e+01  7.735076e-02 
   95712811   2.534504e+00   2.116855e-01   2.534504e+00   2.116855e-01 223200701121856550      10102        995     0 2454113.287164  1.399027e+01  9.068260e-02  1.399027e+01  9.068260e-02 
   95712865   2.396946e+00   1.994021e-01   2.396946e+00   1.994021e-01 223200701121857490      10102        994     0 2454113.287789  1.405085e+01  9.032277e-02  1.405085e+01  9.032277e-02 
   95712867   2.847404e+00   1.982064e-01   2.847404e+00   1.982064e-01 224200701121857500      20448        615     0 2454113.287812  1.386388e+01  7.557783e-02  1.386388e+01  7.557783e-02 
   95799123   2.959064e+00   2.020771e-01   2.959064e+00   2.020771e-01 224200701131855270      20449        632     0 2454114.286146  1.382211e+01  7.414614e-02  1.382211e+01  7.414614e-02 
   95799123   2.574936e+00   2.125880e-01   2.574936e+00   2.125880e-01 223200701131855270      10100       1013     0 2454114.286146  1.397308e+01  8.963925e-02  1.397308e+01  8.963925e-02 
   95799177   2.796269e+00   1.921775e-01   2.796269e+00   1.921775e-01 224200701131856210      20449        632     0 2454114.286771  1.388355e+01  7.461900e-02  1.388355e+01  7.461900e-02 
   95799177   2.692640e+00   1.994868e-01   2.692640e+00   1.994868e-01 223200701131856210      10099       1011     0 2454114.286771  1.392455e+01  8.043810e-02  1.392455e+01  8.043810e-02 
   95799301   2.809083e+00   1.724081e-01   2.809083e+00   1.724081e-01 224200701131858250      20439        639     0 2454114.288206  1.387859e+01  6.663754e-02  1.387859e+01  6.663754e-02 
   95799301   2.691613e+00   1.764539e-01   2.691613e+00   1.764539e-01 223200701131858250      10101       1015     0 2454114.288206  1.392497e+01  7.117781e-02  1.392497e+01  7.117781e-02 
   95799355   2.963754e+00   1.653764e-01   2.963754e+00   1.653764e-01 224200701131859190      20440        638     0 2454114.288831  1.382039e+01  6.058388e-02  1.382039e+01  6.058388e-02 
   95799355   2.591914e+00   1.671755e-01   2.591914e+00   1.671755e-01 223200701131859190      10100       1013     0 2454114.288831  1.396595e+01  7.002901e-02  1.396595e+01  7.002901e-02 
   95885593   2.388793e+00   1.963338e-01   2.388793e+00   1.963338e-01 223200701141856390      10095        990     0 2454115.286956  1.405455e+01  8.923649e-02  1.405455e+01  8.923649e-02 
   95885648   3.075692e+00   1.834762e-01   3.075692e+00   1.834762e-01 224200701141857330      20450        636     0 2454115.287593  1.378014e+01  6.476834e-02  1.378014e+01  6.476834e-02 
   95885649   2.930547e+00   1.862063e-01   2.930547e+00   1.862063e-01 223200701141857340      10095        989     0 2454115.287604  1.383263e+01  6.898770e-02  1.383263e+01  6.898770e-02 
   95885703   2.995174e+00   1.753841e-01   2.995174e+00   1.753841e-01 224200701141858280      20450        636     0 2454115.288229  1.380894e+01  6.357612e-02  1.380894e+01  6.357612e-02 
   95885703   2.654251e+00   1.755619e-01   2.654251e+00   1.755619e-01 223200701141858290      10095        988     0 2454115.288229  1.394014e+01  7.181484e-02  1.394014e+01  7.181484e-02 
   95885834   2.935108e+00   1.595360e-01   2.935108e+00   1.595360e-01 224200701141900400      20453        632     0 2454115.289745  1.383094e+01  5.901474e-02  1.383094e+01  5.901474e-02 
   95885835   2.462778e+00   1.546167e-01   2.462778e+00   1.546167e-01 223200701141900410      10092        989     0 2454115.289757  1.402144e+01  6.816431e-02  1.402144e+01  6.816431e-02 
  105941747   3.100450e+00   2.778008e-01   3.100450e+00   2.778008e-01 223200705110414520      10066       1816     0 2454231.677627  1.377144e+01  9.728247e-02  1.377144e+01  9.728247e-02 
  105941803   3.233319e+00   2.951581e-01   3.233319e+00   2.951581e-01 223200705110415490      10069       1816     0 2454231.678275  1.372588e+01  9.911335e-02  1.372588e+01  9.911335e-02 
  105941862   2.792723e+00   3.092842e-01   2.792723e+00   3.092842e-01 223200705110416470      10071       1815     0 2454231.678958  1.388493e+01  1.202419e-01  1.388493e+01  1.202419e-01 
  105941917   2.884034e+00   3.352355e-01   2.884034e+00   3.352355e-01 223200705110417430      10073       1814     0 2454231.679595  1.385000e+01  1.262047e-01  1.385000e+01  1.262047e-01 
  106027802   2.573133e+00   1.698202e-01   2.573133e+00   1.698202e-01 223200705120409040      10090       1793     0 2454232.673634  1.397384e+01  7.165608e-02  1.397384e+01  7.165608e-02 
  106027928   2.800053e+00   1.823068e-01   2.800053e+00   1.823068e-01 223200705120411090      10077       1805     0 2454232.675093  1.388208e+01  7.069073e-02  1.388208e+01  7.069073e-02 
  106027982   2.891635e+00   1.907156e-01   2.891635e+00   1.907156e-01 223200705120412040      10080       1804     0 2454232.675718  1.384714e+01  7.160915e-02  1.384714e+01  7.160915e-02 
  106028036   2.904404e+00   2.017308e-01   2.904404e+00   2.017308e-01 223200705120412580      10082       1804     0 2454232.676343  1.384236e+01  7.541209e-02  1.384236e+01  7.541209e-02 
  106114057   2.461820e+00   1.696977e-01   2.461820e+00   1.696977e-01 223200705130406340      10067       1817     0 2454233.671956  1.402186e+01  7.484205e-02  1.402186e+01  7.484205e-02 
  106114111   2.465652e+00   1.741957e-01   2.465652e+00   1.741957e-01 223200705130407290      10070       1816     0 2454233.672581  1.402017e+01  7.670639e-02  1.402017e+01  7.670639e-02 
  106114167   2.640254e+00   1.793023e-01   2.640254e+00   1.793023e-01 223200705130408240      10073       1816     0 2454233.673229  1.394589e+01  7.373369e-02  1.394589e+01  7.373369e-02 
  106114221   2.719228e+00   1.854670e-01   2.719228e+00   1.854670e-01 223200705130409190      10074       1815     0 2454233.673854  1.391389e+01  7.405371e-02  1.391389e+01  7.405371e-02 
  124569532   3.520230e+00   2.971818e-01   3.520230e+00   2.971818e-01 221200712121841060      10313       7113     0 2454447.276991  1.363357e+01  9.165939e-02  1.363357e+01  9.165939e-02 
  124569725   3.151710e+00   2.522537e-01   3.151710e+00   2.522537e-01 223200712121844190       9550       5826     0 2454447.279225  1.375363e+01  8.689947e-02  1.375363e+01  8.689947e-02 
  124570459   3.600621e+00   1.417653e-01   3.600621e+00   1.417653e-01 222200712121856320      12797      22724     0 2454447.287720  1.360906e+01  4.274825e-02  1.360906e+01  4.274825e-02 
  124571591   3.200696e+00   1.038663e-01   3.200696e+00   1.038663e-01 222200712121915250      12817      22678     0 2454447.300822  1.373689e+01  3.523353e-02  1.373689e+01  3.523353e-02 
  124571655   2.898873e+00   9.343029e-02   2.898873e+00   9.343029e-02 221200712121916280      10262       7238     0 2454447.301563  1.384443e+01  3.499325e-02  1.384443e+01  3.499325e-02 
  124571715   2.261945e+00   8.122122e-02   2.261945e+00   8.122122e-02 223200712121917280       9565       5789     0 2454447.302257  1.411380e+01  3.898642e-02  1.411380e+01  3.898642e-02 
  124572799   3.512758e+00   1.025491e-01   3.512758e+00   1.025491e-01 222200712121935320      12792      22701     0 2454447.314803  1.363588e+01  3.169637e-02  1.363588e+01  3.169637e-02 
  124572990   2.832551e+00   9.140143e-02   2.832551e+00   9.140143e-02 221200712121938430      10300       7307     0 2454447.317014  1.386956e+01  3.503491e-02  1.386956e+01  3.503491e-02 
  124573049   2.284900e+00   8.064114e-02   2.284900e+00   8.064114e-02 223200712121939430       9551       5716     0 2454447.317697  1.410283e+01  3.831910e-02  1.410283e+01  3.831910e-02 
