\OBJNAME = '1SWASP J001947.08-722815.3'
\OBSSTART = '2006-05-11T04:14:48'
\OBSSTOP = '2007-12-12T19:39:43'
\TSTART = 74405743
\TSTOP = 124573050
\JD_REF = 2453005.5
\RA_OBJ = '4.946197'
\DEC_OBJ = '-72.470933'
\WASP_MAG = 15.07629
\HJD_START = 2453866.677581
\HJD_STOP = 2454447.317708
\fixlen = T
\NUMRECORDS = 395
\
\ This file was produced by the NASA Exoplanet Archive  http://exoplanetarchive.ipac.caltech.edu 
\ Mon Sep 16, 18:58:26 2013
\ Documentation for the SuperWASP dataset can be found at http://exoplanetarchive.ipac.caltech.edu/docs/SuperWASPMission.html
\
|TMID      |FLUX2         |FLUX2_ERR     |TAMFLUX2      |TAMFLUX2_ERR  |IMAGEID           |CCDX      |CCDY      |FLAG |           HJD|         MAG2|     MAG2_ERR|      TAMMAG2|  TAMMAG2_ERR|
|int       |float         |float         |float         |float         |char              |int       |int       |int  |        double|        float|        float|        float|        float|
|sec       |micro Vega    |micro Vega    |micro Vega    |micro Vega    |                  |1/16 pixel|1/16 pixel|     |           day|          mag|          mag|          mag|          mag|
|null      |null          |null          |null          |null          |null              |null      |null      |null |          null|         null|         null|         null|         null|
   74405743   9.844192e-01   2.145291e-01   9.844192e-01   2.145291e-01 223200605110414480       9877       1410     0 2453866.677581  1.501705e+01  2.366094e-01  1.501705e+01  2.366094e-01 
   74405796   1.202032e+00   2.349404e-01   1.202032e+00   2.349404e-01 223200605110415410       9881       1407     0 2453866.678194  1.480021e+01  2.122108e-01  1.480021e+01  2.122108e-01 
   74405880   1.285271e+00   2.608956e-01   1.285271e+00   2.608956e-01 223200605110417040       9886       1406     0 2453866.679167  1.472751e+01  2.203931e-01  1.472751e+01  2.203931e-01 
   74405945   7.494023e-01   2.981157e-01   7.494023e-01   2.981157e-01 223200605110418100       9894       1380     0 2453866.679919  1.531321e+01  4.319123e-01  1.531321e+01  4.319123e-01 
   74491855   7.870426e-01   2.334652e-01   7.870426e-01   2.334652e-01 223200605120409570       9897       1339     0 2453867.674248  1.526000e+01  3.220696e-01  1.526000e+01  3.220696e-01 
   74492046   1.015432e+00   2.558964e-01   1.015432e+00   2.558964e-01 223200605120413070       9908       1334     0 2453867.676458  1.498337e+01  2.736146e-01  1.498337e+01  2.736146e-01 
   74750378   1.375454e+00   3.300180e-01   1.375454e+00   3.300180e-01 223200605150358270       9893       1343     0 2453870.666412  1.465388e+01  2.605058e-01  1.465388e+01  2.605058e-01 
   74750492   1.101021e+00   3.305037e-01   1.101021e+00   3.305037e-01 223200605150400210       9901       1338     0 2453870.667731  1.489551e+01  3.259167e-01  1.489551e+01  3.259167e-01 
   75613701   7.478320e-01   1.192812e-01   7.478320e-01   1.192812e-01 223200605250346340       9981       1326     0 2453880.658576  1.531549e+01  1.731785e-01  1.531549e+01  1.731785e-01 
   75613827   7.961587e-01   1.194796e-01   7.961587e-01   1.194796e-01 223200605250348400       9982       1347     0 2453880.660035  1.524750e+01  1.629371e-01  1.524750e+01  1.629371e-01 
   75700156   7.345491e-01   1.157419e-01   7.345491e-01   1.157419e-01 223200605260347250       9999       1313     0 2453881.659213  1.533495e+01  1.710785e-01  1.533495e+01  1.710785e-01 
   75700292   7.226540e-01   1.167464e-01   7.226540e-01   1.167464e-01 223200605260349400      10003       1308     0 2453881.660787  1.535267e+01  1.754038e-01  1.535267e+01  1.754038e-01 
   76132313   6.887758e-01   9.723400e-02   6.887758e-01   9.723400e-02 223200605310349440      10056       1317     0 2453886.661030  1.540481e+01  1.532732e-01  1.540481e+01  1.532732e-01 
   76132380   8.642929e-01   9.753803e-02   8.642929e-01   9.753803e-02 223200605310350510      10063       1286     0 2453886.661806  1.515835e+01  1.225290e-01  1.515835e+01  1.225290e-01 
   76132429   7.734376e-01   9.759744e-02   7.734376e-01   9.759744e-02 223200605310351390      10064       1285     0 2453886.662373  1.527894e+01  1.370058e-01  1.527894e+01  1.370058e-01 
   76132491   7.030854e-01   9.714920e-02   7.030854e-01   9.714920e-02 223200605310352410      10066       1284     0 2453886.663090  1.538248e+01  1.500227e-01  1.538248e+01  1.500227e-01 
   76218783   6.652847e-01   9.962861e-02   6.652847e-01   9.962861e-02 223200606010350510      10074       1278     0 2453887.661840  1.544248e+01  1.625932e-01  1.544248e+01  1.625932e-01 
   76218851   6.447952e-01   1.002587e-01   6.447952e-01   1.002587e-01 223200606010351580      10074       1300     0 2453887.662627  1.547645e+01  1.688209e-01  1.547645e+01  1.688209e-01 
   76218921   6.972204e-01   9.927235e-02   6.972204e-01   9.927235e-02 223200606010353090      10077       1299     0 2453887.663438  1.539157e+01  1.545909e-01  1.539157e+01  1.545909e-01 
   76219007   7.972313e-01   1.007506e-01   7.972313e-01   1.007506e-01 223200606010354350      10085       1271     0 2453887.664433  1.524604e+01  1.372110e-01  1.524604e+01  1.372110e-01 
   76478189   8.140461e-01   1.083033e-01   8.140461e-01   1.083033e-01 223200606040354060      10085       1270     0 2453890.664225  1.522338e+01  1.444503e-01  1.522338e+01  1.444503e-01 
   76478262   8.253937e-01   1.088600e-01   8.253937e-01   1.088600e-01 223200606040355190      10086       1293     0 2453890.665069  1.520835e+01  1.431966e-01  1.520835e+01  1.431966e-01 
   76478338   9.679585e-01   1.080895e-01   9.679585e-01   1.080895e-01 223200606040356360      10093       1263     0 2453890.665949  1.503536e+01  1.212419e-01  1.503536e+01  1.212419e-01 
   76478391   7.477083e-01   1.079162e-01   7.477083e-01   1.079162e-01 223200606040357280      10095       1261     0 2453890.666562  1.531567e+01  1.567040e-01  1.531567e+01  1.567040e-01 
   76564591   5.542265e-01   2.626780e-01   5.542265e-01   2.626780e-01 223200606050354050      10116       1254     0 2453891.664248  1.564078e+01  5.145910e-01  1.564078e+01  5.145910e-01 
   76564709   4.762630e-01   2.410335e-01   4.762630e-01   2.410335e-01 223200606050356020      10121       1251     0 2453891.665613  1.580538e+01  5.494857e-01  1.580538e+01  5.494857e-01 
   76650903   7.093365e-01   9.605103e-02   7.093365e-01   9.605103e-02 223200606060352330      10100       1251     0 2453892.663229  1.537287e+01  1.470197e-01  1.537287e+01  1.470197e-01 
   76651093   7.067875e-01   9.734660e-02   7.067875e-01   9.734660e-02 223200606060355430      10110       1248     0 2453892.665428  1.537678e+01  1.495402e-01  1.537678e+01  1.495402e-01 
   76651169   6.893653e-01   9.819949e-02   6.893653e-01   9.819949e-02 223200606060357000      10108       1270     0 2453892.666308  1.540388e+01  1.546627e-01  1.540388e+01  1.546627e-01 
   76737397   8.067287e-01   1.035388e-01   8.067287e-01   1.035388e-01 223200606070354040      10111       1254     0 2453893.664317  1.523318e+01  1.393482e-01  1.523318e+01  1.393482e-01 
   76737450   8.718234e-01   1.015626e-01   8.718234e-01   1.015626e-01 223200606070354570      10114       1252     0 2453893.664931  1.514893e+01  1.264827e-01  1.514893e+01  1.264827e-01 
   76737505   8.287222e-01   1.009592e-01   8.287222e-01   1.009592e-01 223200606070355530      10115       1249     0 2453893.665567  1.520398e+01  1.322704e-01  1.520398e+01  1.322704e-01 
   76737561   8.667354e-01   1.024876e-01   8.667354e-01   1.024876e-01 223200606070356480      10117       1248     0 2453893.666215  1.515528e+01  1.283839e-01  1.515528e+01  1.283839e-01 
   76823787   1.007077e+00   1.023142e-01   1.007077e+00   1.023142e-01 223200606080353510      10138       1253     0 2453894.664201  1.499234e+01  1.103060e-01  1.499234e+01  1.103060e-01 
   76823846   8.326084e-01   1.013613e-01   8.326084e-01   1.013613e-01 223200606080354510      10141       1250     0 2453894.664884  1.519890e+01  1.321774e-01  1.519890e+01  1.321774e-01 
   76823905   8.349965e-01   1.005626e-01   8.349965e-01   1.005626e-01 223200606080355500      10143       1248     0 2453894.665567  1.519579e+01  1.307608e-01  1.519579e+01  1.307608e-01 
   76823991   8.635179e-01   1.021147e-01   8.635179e-01   1.021147e-01 223200606080357160      10142       1270     0 2453894.666562  1.515932e+01  1.283935e-01  1.515932e+01  1.283935e-01 
   76910213   7.962612e-01   9.810180e-02   7.962612e-01   9.810180e-02 223200606090354140      10134       1240     0 2453895.664502  1.524736e+01  1.337665e-01  1.524736e+01  1.337665e-01 
   76910267   8.016062e-01   9.824171e-02   8.016062e-01   9.824171e-02 223200606090355080      10136       1238     0 2453895.665127  1.524010e+01  1.330640e-01  1.524010e+01  1.330640e-01 
   76910351   6.537237e-01   9.866491e-02   6.537237e-01   9.866491e-02 223200606090356320      10135       1260     0 2453895.666100  1.546151e+01  1.638681e-01  1.546151e+01  1.638681e-01 
   76910423   6.765987e-01   9.572352e-02   6.765987e-01   9.572352e-02 223200606090357440      10141       1233     0 2453895.666933  1.542417e+01  1.536078e-01  1.542417e+01  1.536078e-01 
   76996568   1.000967e+00   2.125290e-01   1.000967e+00   2.125290e-01 223200606100353270      10139       1241     0 2453896.663981  1.499895e+01  2.305283e-01  1.499895e+01  2.305283e-01 
   76996633   1.013549e+00   2.076305e-01   1.013549e+00   2.076305e-01 223200606100354320      10143       1237     0 2453896.664734  1.498539e+01  2.224192e-01  1.498539e+01  2.224192e-01 
   77082989   8.691586e-01   3.599699e-01   8.691586e-01   3.599699e-01 223200606110353440      10152       1230     0 2453897.664225  1.515225e+01  4.496690e-01  1.515225e+01  4.496690e-01 
   77083147   5.783864e-01   3.564564e-01   5.783864e-01   3.564564e-01 223200606110356210      10158       1224     0 2453897.666053  1.559445e+01  6.691357e-01  1.559445e+01  6.691357e-01 
   77083201   8.538636e-01   3.559530e-01   8.538636e-01   3.559530e-01 223200606110357160      10160       1222     0 2453897.666678  1.517153e+01  4.526161e-01  1.517153e+01  4.526161e-01 
   77169255   6.552057e-01   4.494958e-01   6.552057e-01   4.494958e-01 223200606120351270      10151       1249     0 2453898.662674  1.545906e+01  7.448587e-01  1.545906e+01  7.448587e-01 
   77169317   1.618869e+00   4.485684e-01   1.618869e+00   4.485684e-01 223200606120352290      10158       1222     0 2453898.663391  1.447697e+01  3.008451e-01  1.447697e+01  3.008451e-01 
   77169375   1.142740e+00   4.431034e-01   1.142740e+00   4.431034e-01 223200606120353260      10160       1219     0 2453898.664062  1.485513e+01  4.210012e-01  1.485513e+01  4.210012e-01 
   77169435   6.526301e-01   4.404192e-01   6.526301e-01   4.404192e-01 223200606120354260      10162       1216     0 2453898.664757  1.546333e+01  7.326980e-01  1.546333e+01  7.326980e-01 
   77514680  -1.327236e+00   2.045064e+00  -1.327236e+00   2.045064e+00 223200606160348210      10161       1188     0 2453902.660648          null          null          null          null 
   77514745   1.083038e+00   2.592967e+00   1.083038e+00   2.592967e+00 223200606160349260      10163       1186     0 2453902.661400  1.491339e+01  2.599435e+00  1.491339e+01  2.599435e+00 
   77601365   1.057250e+00   1.802923e-01   1.057250e+00   1.802923e-01 223200606170353030      10176       1172     0 2453903.663947  1.493956e+01  1.851508e-01  1.493956e+01  1.851508e-01 
   77601435   7.811398e-01   1.794102e-01   7.811398e-01   1.794102e-01 223200606170354120      10174       1195     0 2453903.664757  1.526818e+01  2.493700e-01  1.526818e+01  2.493700e-01 
   77601505   1.137255e+00   1.803903e-01   1.137255e+00   1.803903e-01 223200606170355220      10175       1193     0 2453903.665567  1.486036e+01  1.722190e-01  1.486036e+01  1.722190e-01 
   77601562   1.295583e+00   1.799892e-01   1.295583e+00   1.799892e-01 223200606170356190      10180       1166     0 2453903.666227  1.471884e+01  1.508368e-01  1.471884e+01  1.508368e-01 
   77687709   9.219016e-01   1.524947e-01   9.219016e-01   1.524947e-01 223200606180352030      10196       1166     0 2453904.663299  1.508829e+01  1.795958e-01  1.508829e+01  1.795958e-01 
   77687752   7.030552e-01   1.525446e-01   7.030552e-01   1.525446e-01 223200606180352470      10197       1165     0 2453904.663796  1.538253e+01  2.355771e-01  1.538253e+01  2.355771e-01 
   77687820   8.773497e-01   1.530936e-01   8.773497e-01   1.530936e-01 223200606180353550      10199       1163     0 2453904.664583  1.514207e+01  1.894567e-01  1.514207e+01  1.894567e-01 
   77687871   7.054117e-01   1.525758e-01   7.054117e-01   1.525758e-01 223200606180354460      10200       1162     0 2453904.665174  1.537889e+01  2.348383e-01  1.537889e+01  2.348383e-01 
   77774345   8.515591e-01   1.270831e-01   8.515591e-01   1.270831e-01 223200606190355570      10241       1147     0 2453905.666030  1.517446e+01  1.620312e-01  1.517446e+01  1.620312e-01 
   77774463   8.628902e-01   1.275603e-01   8.628902e-01   1.275603e-01 223200606190357560      10241       1146     0 2453905.667396  1.516011e+01  1.605040e-01  1.516011e+01  1.605040e-01 
   77860947   8.157212e-01   1.083422e-01   8.157212e-01   1.083422e-01 223200606200359170      10221       1167     0 2453906.668368  1.522115e+01  1.442055e-01  1.522115e+01  1.442055e-01 
   77947070   8.582555e-01   1.129359e-01   8.582555e-01   1.129359e-01 223200606210354360      10220       1141     0 2453907.665162  1.516596e+01  1.428701e-01  1.516596e+01  1.428701e-01 
   77947124   7.462131e-01   1.124402e-01   7.462131e-01   1.124402e-01 223200606210355300      10220       1142     0 2453907.665787  1.531784e+01  1.636005e-01  1.531784e+01  1.636005e-01 
   77947202   8.230713e-01   1.132794e-01   8.230713e-01   1.132794e-01 223200606210356480      10217       1166     0 2453907.666690  1.521141e+01  1.494305e-01  1.521141e+01  1.494305e-01 
   77947269   7.773180e-01   1.133610e-01   7.773180e-01   1.133610e-01 223200606210357550      10221       1142     0 2453907.667465  1.527350e+01  1.583401e-01  1.527350e+01  1.583401e-01 
   78120034   8.016338e-01   9.665283e-02   8.016338e-01   9.665283e-02 223200606230357150      10211       1122     0 2453909.667060  1.524006e+01  1.309075e-01  1.524006e+01  1.309075e-01 
   78120244   8.326499e-01   9.801485e-02   8.326499e-01   9.801485e-02 223200606230400460      10211       1109     0 2453909.669491  1.519884e+01  1.278072e-01  1.519884e+01  1.278072e-01 
   78206498   8.348156e-01   1.040200e-01   8.348156e-01   1.040200e-01 223200606240358180      10228       1111     0 2453910.667801  1.519602e+01  1.352858e-01  1.519602e+01  1.352858e-01 
   78206573   7.989514e-01   1.026743e-01   7.989514e-01   1.026743e-01 223200606240359320      10219       1140     0 2453910.668669  1.524370e+01  1.395299e-01  1.524370e+01  1.395299e-01 
   78292878   7.171519e-01   9.395137e-02   7.171519e-01   9.395137e-02 223200606250357560      10232       1090     0 2453911.667569  1.536097e+01  1.422387e-01  1.536097e+01  1.422387e-01 
   78292932   6.910195e-01   9.321728e-02   6.910195e-01   9.321728e-02 223200606250358490      10226       1097     0 2453911.668194  1.540127e+01  1.464644e-01  1.540127e+01  1.464644e-01 
   78293045   6.740319e-01   9.444111e-02   6.740319e-01   9.444111e-02 223200606250400430      10217       1110     0 2453911.669502  1.542830e+01  1.521271e-01  1.542830e+01  1.521271e-01 
   78725071   6.782101e-01   9.478369e-02   6.782101e-01   9.478369e-02 223200606300400570      10247       1064     0 2453916.669803  1.542159e+01  1.517383e-01  1.542159e+01  1.517383e-01 
   78725135   7.064044e-01   9.499196e-02   7.064044e-01   9.499196e-02 223200606300402000      10248       1062     0 2453916.670544  1.537737e+01  1.460022e-01  1.537737e+01  1.460022e-01 
   78811383   7.460667e-01   9.860965e-02   7.460667e-01   9.860965e-02 223200607010359260      10240       1059     0 2453917.668785  1.531806e+01  1.435052e-01  1.531806e+01  1.435052e-01 
   78811462   6.864163e-01   9.926572e-02   6.864163e-01   9.926572e-02 223200607010400450      10238       1081     0 2453917.669699  1.540853e+01  1.570137e-01  1.540853e+01  1.570137e-01 
   78811527   6.176047e-01   9.746006e-02   6.176047e-01   9.746006e-02 223200607010401510      10242       1053     0 2453917.670451  1.552322e+01  1.713334e-01  1.552322e+01  1.713334e-01 
   78811578   6.917957e-01   9.862719e-02   6.917957e-01   9.862719e-02 223200607010402420      10243       1051     0 2453917.671042  1.540005e+01  1.547906e-01  1.540005e+01  1.547906e-01 
   78897853   1.119667e+00   5.181112e-01   1.119667e+00   5.181112e-01 223200607020400340      10252       1047     0 2453918.669595  1.487728e+01  5.024120e-01  1.487728e+01  5.024120e-01 
   78897907   7.020702e-01   2.963834e-01   7.020702e-01   2.963834e-01 223200607020401280      10252       1044     0 2453918.670220  1.538405e+01  4.583520e-01  1.538405e+01  4.583520e-01 
   78984196   6.294259e-01   9.336556e-02   6.294259e-01   9.336556e-02 223200607030359350      10258       1034     0 2453919.668935  1.550264e+01  1.610527e-01  1.550264e+01  1.610527e-01 
   78984308   7.756457e-01   9.273927e-02   7.756457e-01   9.273927e-02 223200607030401270      10261       1030     0 2453919.670231  1.527584e+01  1.298154e-01  1.527584e+01  1.298154e-01 
   79070519   7.571681e-01   9.353526e-02   7.571681e-01   9.353526e-02 223200607040358180      10255       1013     0 2453920.668044  1.530202e+01  1.341247e-01  1.530202e+01  1.341247e-01 
   79070565   6.745592e-01   9.226000e-02   6.745592e-01   9.226000e-02 223200607040359040      10256       1012     0 2453920.668576  1.542745e+01  1.484975e-01  1.542745e+01  1.484975e-01 
   79070683   6.728730e-01   9.136832e-02   6.728730e-01   9.136832e-02 223200607040401020      10257       1008     0 2453920.669942  1.543017e+01  1.474308e-01  1.543017e+01  1.474308e-01 
   79415948   7.234198e-01   9.435107e-02   7.234198e-01   9.435107e-02 223200607080355190      10253        998     0 2453924.666065  1.535152e+01  1.416062e-01  1.535152e+01  1.416062e-01 
   79416105   7.401041e-01   9.177771e-02   7.401041e-01   9.177771e-02 223200607080357570      10256       1021     0 2453924.667882  1.532677e+01  1.346388e-01  1.532677e+01  1.346388e-01 
   79416172   9.006543e-01   9.319886e-02   9.006543e-01   9.319886e-02 223200607080359030      10260        993     0 2453924.668657  1.511360e+01  1.123514e-01  1.511360e+01  1.123514e-01 
   79416230   7.433746e-01   9.305640e-02   7.433746e-01   9.305640e-02 223200607080400010      10261        990     0 2453924.669329  1.532198e+01  1.359141e-01  1.532198e+01  1.359141e-01 
   79502436   8.459475e-01   1.492952e-01   8.459475e-01   1.492952e-01 223200607090356460      10265        992     0 2453925.667083  1.518164e+01  1.916144e-01  1.518164e+01  1.916144e-01 
   79502488   8.733451e-01   1.480658e-01   8.733451e-01   1.480658e-01 223200607090357380      10265        990     0 2453925.667685  1.514704e+01  1.840749e-01  1.514704e+01  1.840749e-01 
   79502557   7.325383e-01   1.444494e-01   7.325383e-01   1.444494e-01 223200607090358470      10266        986     0 2453925.668484  1.533792e+01  2.140973e-01  1.533792e+01  2.140973e-01 
   79502711   7.471350e-01   1.409426e-01   7.471350e-01   1.409426e-01 223200607090401200      10263        969     0 2453925.670266  1.531650e+01  2.048184e-01  1.531650e+01  2.048184e-01 
   80278189   9.567316e-01   1.603464e-01   9.567316e-01   1.603464e-01 223200607180325470      10296        949     0 2453934.645706  1.504803e+01  1.819680e-01  1.504803e+01  1.819680e-01 
   80278251   8.377504e-01   1.593149e-01   8.377504e-01   1.593149e-01 223200607180326500      10300        920     0 2453934.646424  1.519221e+01  2.064751e-01  1.519221e+01  2.064751e-01 
   80278326   1.006250e+00   1.769432e-01   1.006250e+00   1.769432e-01 223200607180328050      10296        944     0 2453934.647292  1.499324e+01  1.909210e-01  1.499324e+01  1.909210e-01 
   80364281   7.421998e-01   1.160630e-01   7.421998e-01   1.160630e-01 223200607190320380      10292        931     0 2453935.642141  1.532370e+01  1.697847e-01  1.532370e+01  1.697847e-01 
   80364337   6.333716e-01   1.155530e-01   6.333716e-01   1.155530e-01 223200607190321350      10292        930     0 2453935.642789  1.549585e+01  1.980836e-01  1.549585e+01  1.980836e-01 
   80364397   9.428021e-01   1.160676e-01   9.428021e-01   1.160676e-01 223200607190322340      10292        928     0 2453935.643484  1.506395e+01  1.336645e-01  1.506395e+01  1.336645e-01 
   80364458   9.937029e-01   1.161502e-01   9.937029e-01   1.161502e-01 223200607190323360      10293        927     0 2453935.644190  1.500686e+01  1.269081e-01  1.500686e+01  1.269081e-01 
   80450497   9.457316e-01   1.053958e-01   9.457316e-01   1.053958e-01 223200607200317340      10296        923     0 2453936.640012  1.506058e+01  1.209988e-01  1.506058e+01  1.209988e-01 
   80450558   8.086708e-01   1.048161e-01   8.086708e-01   1.048161e-01 223200607200318350      10296        921     0 2453936.640718  1.523057e+01  1.407285e-01  1.523057e+01  1.407285e-01 
   80450622   8.123211e-01   1.044028e-01   8.123211e-01   1.044028e-01 223200607200319380      10296        919     0 2453936.641458  1.522568e+01  1.395436e-01  1.522568e+01  1.395436e-01 
   80450679   8.277869e-01   1.049434e-01   8.277869e-01   1.049434e-01 223200607200320360      10296        918     0 2453936.642118  1.520520e+01  1.376457e-01  1.520520e+01  1.376457e-01 
   80967429   7.075099e-01   8.966494e-02   7.075099e-01   8.966494e-02 223200607260253020      10255        959     0 2453942.623021  1.537567e+01  1.375992e-01  1.537567e+01  1.375992e-01 
   80967488   6.290175e-01   8.934817e-02   6.290175e-01   8.934817e-02 223200607260254000      10256        956     0 2453942.623704  1.550334e+01  1.542229e-01  1.550334e+01  1.542229e-01 
   80967548   7.296018e-01   8.960310e-02   7.296018e-01   8.960310e-02 223200607260255010      10257        954     0 2453942.624398  1.534229e+01  1.333408e-01  1.534229e+01  1.333408e-01 
   80967604   5.978605e-01   9.026621e-02   5.978605e-01   9.026621e-02 223200607260255560      10258        952     0 2453942.625046  1.555850e+01  1.639273e-01  1.555850e+01  1.639273e-01 
   81053650   6.625671e-01   1.012561e-01   6.625671e-01   1.012561e-01 223200607270250020      10251        954     0 2453943.620949  1.544693e+01  1.659270e-01  1.544693e+01  1.659270e-01 
   81053830   7.163873e-01   9.952763e-02   7.163873e-01   9.952763e-02 223200607270253010      10254        947     0 2453943.623032  1.536213e+01  1.508418e-01  1.536213e+01  1.508418e-01 
   81139886   1.172447e+00   1.174576e+00   1.172447e+00   1.174576e+00 223200607280247170      10270        943     0 2453944.619051  1.482727e+01  1.087712e+00  1.482727e+01  1.087712e+00 
   81139940   6.629306e-01   7.261041e-01   6.629306e-01   7.261041e-01 223200607280248110      10270        942     0 2453944.619676  1.544633e+01  1.189205e+00  1.544633e+01  1.189205e+00 
   81139994   3.930884e-01   4.741081e-01   3.930884e-01   4.741081e-01 223200607280249060      10271        940     0 2453944.620301  1.601377e+01  1.309522e+00  1.601377e+01  1.309522e+00 
   82346063   1.928141e+00   3.611614e-01   1.928141e+00   3.611614e-01 224200608110150170      21434       1366     0 2453958.579433  1.428715e+01  2.033707e-01  1.428715e+01  2.033707e-01 
   82346119   1.874754e+00   3.598939e-01   1.874754e+00   3.598939e-01 224200608110151120      21430       1368     0 2453958.580081  1.431764e+01  2.084279e-01  1.431764e+01  2.084279e-01 
   82346174   1.463293e+00   3.611069e-01   1.463293e+00   3.611069e-01 224200608110152070      21428       1369     0 2453958.580718  1.458667e+01  2.679356e-01  1.458667e+01  2.679356e-01 
   82346174   9.501035e-01   3.724642e-01   9.501035e-01   3.724642e-01 223200608110152070      10270        982     0 2453958.580718  1.505557e+01  4.256371e-01  1.505557e+01  4.256371e-01 
   82346233   1.713566e+00   3.579473e-01   1.713566e+00   3.579473e-01 224200608110153070      21427       1371     0 2453958.581400  1.441525e+01  2.268006e-01  1.441525e+01  2.268006e-01 
   82346233   8.561716e-01   3.690244e-01   8.561716e-01   3.690244e-01 223200608110153070      10271        981     0 2453958.581400  1.516860e+01  4.679722e-01  1.516860e+01  4.679722e-01 
   82518419   2.517326e+00   3.652684e-01   2.517326e+00   3.652684e-01 224200608130142530      21393       1451     0 2453960.574294  1.399765e+01  1.575428e-01  1.399765e+01  1.575428e-01 
   82518419   7.798180e-01   2.356913e-01   7.798180e-01   2.356913e-01 223200608130142530      10269        957     0 2453960.574294  1.527002e+01  3.281528e-01  1.527002e+01  3.281528e-01 
   82518478   2.563702e+00   3.631722e-01   2.563702e+00   3.631722e-01 224200608130143530      21389       1452     0 2453960.574977  1.397783e+01  1.538052e-01  1.397783e+01  1.538052e-01 
   82518540   9.501377e-01   2.373182e-01   9.501377e-01   2.373182e-01 223200608130144550      10269        949     0 2453960.575694  1.505553e+01  2.711880e-01  1.505553e+01  2.711880e-01 
   82604600   1.551526e+00   1.929489e-01   1.551526e+00   1.929489e-01 224200608140139160      21367       1462     0 2453961.571759  1.452310e+01  1.350234e-01  1.452310e+01  1.350234e-01 
   82604600   1.096690e+00   1.878683e-01   1.096690e+00   1.878683e-01 223200608140139160      10269        977     0 2453961.571759  1.489979e+01  1.859925e-01  1.489979e+01  1.859925e-01 
   82604656   1.562688e+00   1.939245e-01   1.562688e+00   1.939245e-01 224200608140140120      21363       1461     0 2453961.572407  1.451532e+01  1.347369e-01  1.451532e+01  1.347369e-01 
   82604713   1.593573e+00   1.923558e-01   1.593573e+00   1.923558e-01 224200608140141080      21359       1458     0 2453961.573067  1.449407e+01  1.310566e-01  1.449407e+01  1.310566e-01 
   82604713   1.012857e+00   1.929418e-01   1.012857e+00   1.929418e-01 223200608140141080      10289        971     0 2453961.573067  1.498613e+01  2.068255e-01  1.498613e+01  2.068255e-01 
   82604767   1.051375e+00   1.978197e-01   1.051375e+00   1.978197e-01 223200608140142030      10289        969     0 2453961.573692  1.494561e+01  2.042855e-01  1.494561e+01  2.042855e-01 
   82863074   1.361826e+00   1.269400e-01   1.361826e+00   1.269400e-01 224200608170127120      21378       1435     0 2453964.563356  1.466470e+01  1.012051e-01  1.466470e+01  1.012051e-01 
   82863074   5.438741e-01   1.213896e-01   5.438741e-01   1.213896e-01 223200608170127120      10260        986     0 2453964.563356  1.566125e+01  2.423310e-01  1.566125e+01  2.423310e-01 
   82863142   1.375557e+00   1.283353e-01   1.375557e+00   1.283353e-01 224200608170128190      21369       1460     0 2453964.564144  1.465380e+01  1.012963e-01  1.465380e+01  1.012963e-01 
   82863142   6.942307e-01   1.226456e-01   6.942307e-01   1.226456e-01 223200608170128190      10267        953     0 2453964.564144  1.539624e+01  1.918113e-01  1.539624e+01  1.918113e-01 
   82863198   1.468006e+00   1.286136e-01   1.468006e+00   1.286136e-01 224200608170129150      21367       1461     0 2453964.564792  1.458318e+01  9.512287e-02  1.458318e+01  9.512287e-02 
   82863258   7.900846e-01   1.229918e-01   7.900846e-01   1.229918e-01 223200608170130160      10268        949     0 2453964.565486  1.525582e+01  1.690162e-01  1.525582e+01  1.690162e-01 
   82949247   1.421011e+00   9.992836e-02   1.421011e+00   9.992836e-02 224200608180123250      21439       1409     0 2453965.560729  1.461851e+01  7.635142e-02  1.461851e+01  7.635142e-02 
   82949247   7.533468e-01   9.335384e-02   7.533468e-01   9.335384e-02 223200608180123250      10263        932     0 2453965.560729  1.530751e+01  1.345436e-01  1.530751e+01  1.345436e-01 
   82949309   1.177781e+00   1.011975e-01   1.177781e+00   1.011975e-01 224200608180124270      21434       1410     0 2453965.561447  1.482234e+01  9.328920e-02  1.482234e+01  9.328920e-02 
   82949309   7.368668e-01   9.405852e-02   7.368668e-01   9.405852e-02 223200608180124270      10266        931     0 2453965.561447  1.533153e+01  1.385910e-01  1.533153e+01  1.385910e-01 
   82949372   1.298960e+00   1.019213e-01   1.298960e+00   1.019213e-01 224200608180125310      21433       1413     0 2453965.562176  1.471601e+01  8.519126e-02  1.471601e+01  8.519126e-02 
   82949372   7.532404e-01   9.331460e-02   7.532404e-01   9.331460e-02 223200608180125310      10265        928     0 2453965.562176  1.530767e+01  1.345061e-01  1.530767e+01  1.345061e-01 
   82949463   1.452125e+00   1.016773e-01   1.452125e+00   1.016773e-01 224200608180127020      21436       1391     0 2453965.563229  1.459499e+01  7.602314e-02  1.459499e+01  7.602314e-02 
   83724674   1.314834e+00   1.005527e-01   1.314834e+00   1.005527e-01 224200608270047250      21415       1444     0 2453974.535579  1.470282e+01  8.303262e-02  1.470282e+01  8.303262e-02 
   83724674   6.696385e-01   9.201287e-02   6.696385e-01   9.201287e-02 223200608270047250      10244        984     0 2453974.535579  1.543540e+01  1.491880e-01  1.543540e+01  1.491880e-01 
   83724738   1.205056e+00   9.822601e-02   1.205056e+00   9.822601e-02 224200608270048280      21408       1469     0 2453974.536319  1.479748e+01  8.850039e-02  1.479748e+01  8.850039e-02 
   83724738   6.661727e-01   9.158210e-02   6.661727e-01   9.158210e-02 223200608270048280      10246        950     0 2453974.536319  1.544103e+01  1.492621e-01  1.544103e+01  1.492621e-01 
   83724813   6.897618e-01   9.118756e-02   6.897618e-01   9.118756e-02 223200608270049440      10243        972     0 2453974.537187  1.540325e+01  1.435365e-01  1.540325e+01  1.435365e-01 
   83724875   1.306173e+00   9.758990e-02   1.306173e+00   9.758990e-02 224200608270050460      21407       1472     0 2453974.537905  1.471000e+01  8.112039e-02  1.471000e+01  8.112039e-02 
   83724875   6.270071e-01   9.091999e-02   6.270071e-01   9.091999e-02 223200608270050460      10247        942     0 2453974.537905  1.550682e+01  1.574391e-01  1.550682e+01  1.574391e-01 
   83810840   1.177079e+00   9.463704e-02   1.177079e+00   9.463704e-02 224200608280043330      21411       1449     0 2453975.532870  1.482299e+01  8.729336e-02  1.482299e+01  8.729336e-02 
   83810840   7.229380e-01   8.778489e-02   7.229380e-01   8.778489e-02 223200608280043330      10248        973     0 2453975.532870  1.535225e+01  1.318392e-01  1.535225e+01  1.318392e-01 
   83810892   1.289266e+00   9.449460e-02   1.289266e+00   9.449460e-02 224200608280044250      21409       1451     0 2453975.533472  1.472414e+01  7.957749e-02  1.472414e+01  7.957749e-02 
   83810892   6.635774e-01   8.772495e-02   6.635774e-01   8.772495e-02 223200608280044250      10249        971     0 2453975.533472  1.544527e+01  1.435349e-01  1.544527e+01  1.435349e-01 
   83810963   5.685107e-01   8.640314e-02   5.685107e-01   8.640314e-02 223200608280045350      10249        966     0 2453975.534294  1.561315e+01  1.650124e-01  1.561315e+01  1.650124e-01 
   83810964   1.229069e+00   9.294927e-02   1.229069e+00   9.294927e-02 224200608280045360      21409       1453     0 2453975.534306  1.477606e+01  8.210989e-02  1.477606e+01  8.210989e-02 
   83811020   1.151047e+00   9.283220e-02   1.151047e+00   9.283220e-02 224200608280046320      21408       1453     0 2453975.534954  1.484727e+01  8.756518e-02  1.484727e+01  8.756518e-02 
   83811020   6.431633e-01   8.744080e-02   6.431633e-01   8.744080e-02 223200608280046320      10249        964     0 2453975.534954  1.547920e+01  1.476110e-01  1.547920e+01  1.476110e-01 
   84328673   1.311263e+00   2.619185e-01   1.311263e+00   2.619185e-01 224200609030034170      21415       1512     0 2453981.526308  1.470578e+01  2.168713e-01  1.470578e+01  2.168713e-01 
   84328673   6.771868e-01   2.620412e-01   6.771868e-01   2.620412e-01 223200609030034170      10238        902     0 2453981.526308  1.542323e+01  4.201331e-01  1.542323e+01  4.201331e-01 
   84328745   1.381078e+00   2.636011e-01   1.381078e+00   2.636011e-01 224200609030035290      21417       1487     0 2453981.527141  1.464946e+01  2.072311e-01  1.464946e+01  2.072311e-01 
   84328745   1.299164e+00   2.673690e-01   1.299164e+00   2.673690e-01 223200609030035280      10235        923     0 2453981.527141  1.471584e+01  2.234462e-01  1.471584e+01  2.234462e-01 
   84328812   1.216632e+00   2.844250e-01   1.216632e+00   2.844250e-01 223200609030036350      10234        888     0 2453981.527917  1.478710e+01  2.538249e-01  1.478710e+01  2.538249e-01 
   84328869   1.388474e+00   2.800077e-01   1.388474e+00   2.800077e-01 224200609030037320      21413       1513     0 2453981.528576  1.464366e+01  2.189567e-01  1.464366e+01  2.189567e-01 
   84328869   7.925985e-01   2.749434e-01   7.925985e-01   2.749434e-01 223200609030037320      10236        887     0 2453981.528576  1.525237e+01  3.766308e-01  1.525237e+01  3.766308e-01 
   84500180   1.257648e+00   3.978083e-01   1.257648e+00   3.978083e-01 224200609050012480      21414       1460     0 2453983.511343  1.475110e+01  3.434319e-01  1.475110e+01  3.434319e-01 
   84500180   1.051047e+00   4.207503e-01   1.051047e+00   4.207503e-01 223200609050012480      10246        968     0 2453983.511343  1.494594e+01  4.346384e-01  1.494594e+01  4.346384e-01 
   84500240   6.005543e-01   3.934590e-01   6.005543e-01   3.934590e-01 224200609050013480      21410       1459     0 2453983.512037  1.555362e+01  7.113331e-01  1.555362e+01  7.113331e-01 
   84500240   9.259191e-01   4.210988e-01   9.259191e-01   4.210988e-01 223200609050013480      10247        965     0 2453983.512037  1.508357e+01  4.937838e-01  1.508357e+01  4.937838e-01 
   84500302   7.437456e-01   3.942369e-01   7.437456e-01   3.942369e-01 224200609050014500      21408       1462     0 2453983.512755  1.532144e+01  5.755177e-01  1.532144e+01  5.755177e-01 
   84500302   1.037359e+00   4.197889e-01   1.037359e+00   4.197889e-01 223200609050014500      10247        961     0 2453983.512755  1.496018e+01  4.393674e-01  1.496018e+01  4.393674e-01 
   84500380   1.593996e+00   3.908724e-01   1.593996e+00   3.908724e-01 224200609050016080      21411       1439     0 2453983.513657  1.449378e+01  2.662402e-01  1.449378e+01  2.662402e-01 
   84500380   4.288813e-01   4.198007e-01   4.288813e-01   4.198007e-01 223200609050016080      10244        983     0 2453983.513657  1.591916e+01  1.062752e+00  1.591916e+01  1.062752e+00 
   84844854   1.839777e+00   5.538644e-01   1.839777e+00   5.538644e-01 224200609082357310      21416       1429     0 2453987.500625  1.433809e+01  3.268617e-01  1.433809e+01  3.268617e-01 
   84844854   1.332004e+00   5.769517e-01   1.332004e+00   5.769517e-01 223200609082357310      10256        977     0 2453987.500625  1.468874e+01  4.702836e-01  1.468874e+01  4.702836e-01 
   84844910   7.760276e-01   5.798016e-01   7.760276e-01   5.798016e-01 223200609082358260      10257        972     0 2453987.501273  1.527531e+01  8.112002e-01  1.527531e+01  8.112002e-01 
   84844911   1.758862e+00   5.532682e-01   1.758862e+00   5.532682e-01 224200609082358270      21414       1432     0 2453987.501285  1.438692e+01  3.415306e-01  1.438692e+01  3.415306e-01 
   84844967   1.404482e+00   5.820432e-01   1.404482e+00   5.820432e-01 223200609082359230      10256        969     0 2453987.501933  1.463121e+01  4.499508e-01  1.463121e+01  4.499508e-01 
   84845029   7.193442e-01   5.829017e-01   7.193442e-01   5.829017e-01 223200609090000260      10256        967     0 2453987.502650  1.535766e+01  8.798009e-01  1.535766e+01  8.798009e-01 
   85017154   1.186779e+00   2.889713e-01   1.186779e+00   2.889713e-01 224200609102349160      21426       1476     0 2453989.494838  1.481408e+01  2.643690e-01  1.481408e+01  2.643690e-01 
   85017221   7.426857e-01   3.808881e-01   7.426857e-01   3.808881e-01 224200609102350220      21423       1476     0 2453989.495613  1.532299e+01  5.568243e-01  1.532299e+01  5.568243e-01 
   85017221   1.141137e+00   4.078920e-01   1.141137e+00   4.078920e-01 223200609102350220      10233        925     0 2453989.495613  1.485666e+01  3.880908e-01  1.485666e+01  3.880908e-01 
   85017280   1.092352e+00   3.500805e-01   1.092352e+00   3.500805e-01 224200609102351210      21421       1477     0 2453989.496296  1.490409e+01  3.479616e-01  1.490409e+01  3.479616e-01 
   85017280   9.667662e-01   3.588631e-01   9.667662e-01   3.588631e-01 223200609102351210      10234        923     0 2453989.496296  1.503670e+01  4.030261e-01  1.503670e+01  4.030261e-01 
   85017338   1.469902e+00   3.404747e-01   1.469902e+00   3.404747e-01 224200609102352200      21421       1478     0 2453989.496968  1.458178e+01  2.514909e-01  1.458178e+01  2.514909e-01 
   85017338   1.086523e+00   3.670807e-01   1.086523e+00   3.670807e-01 223200609102352200      10232        916     0 2453989.496968  1.490990e+01  3.668162e-01  1.490990e+01  3.668162e-01 
   85361747   1.316763e+00   9.915064e-02   1.316763e+00   9.915064e-02 224200609142332380      21399       1458     0 2453993.483183  1.470123e+01  8.175489e-02  1.470123e+01  8.175489e-02 
   85361747   6.974244e-01   8.996028e-02   6.974244e-01   8.996028e-02 223200609142332380      10234        882     0 2453993.483183  1.539126e+01  1.400488e-01  1.539126e+01  1.400488e-01 
   85361800   1.060121e+00   9.757642e-02   1.060121e+00   9.757642e-02 224200609142333310      21395       1458     0 2453993.483796  1.493661e+01  9.993447e-02  1.493661e+01  9.993447e-02 
   85361804   6.308559e-01   8.876804e-02   6.308559e-01   8.876804e-02 223200609142333360      10236        879     0 2453993.483843  1.550017e+01  1.527750e-01  1.550017e+01  1.527750e-01 
   85361865   1.215890e+00   9.790414e-02   1.215890e+00   9.790414e-02 224200609142334370      21392       1460     0 2453993.484549  1.478776e+01  8.742441e-02  1.478776e+01  8.742441e-02 
   85361865   6.658705e-01   8.950250e-02   6.658705e-01   8.950250e-02 223200609142334370      10236        876     0 2453993.484549  1.544153e+01  1.459389e-01  1.544153e+01  1.459389e-01 
   85361940   1.042825e+00   9.801346e-02   1.042825e+00   9.801346e-02 224200609142335520      21395       1436     0 2453993.485417  1.495447e+01  1.020470e-01  1.495447e+01  1.020470e-01 
   85620644   1.855478e+00   1.160932e-01   1.855478e+00   1.160932e-01 224200609172327440      21428       1419     0 2453996.479676  1.432886e+01  6.793240e-02  1.432886e+01  6.793240e-02 
   85620644   8.165977e-01   1.034857e-01   8.165977e-01   1.034857e-01 223200609172327440      10205        889     0 2453996.479676  1.521998e+01  1.375935e-01  1.521998e+01  1.375935e-01 
   85620703   1.701636e+00   1.149741e-01   1.701636e+00   1.149741e-01 224200609172328430      21425       1421     0 2453996.480359  1.442283e+01  7.335997e-02  1.442283e+01  7.335997e-02 
   85620703   7.322068e-01   1.034228e-01   7.322068e-01   1.034228e-01 223200609172328430      10205        885     0 2453996.480359  1.533842e+01  1.533587e-01  1.533842e+01  1.533587e-01 
   85620766   1.900443e+00   1.152668e-01   1.900443e+00   1.152668e-01 224200609172329460      21424       1423     0 2453996.481088  1.430286e+01  6.585295e-02  1.430286e+01  6.585295e-02 
   85620766   6.909596e-01   1.028047e-01   6.909596e-01   1.028047e-01 223200609172329460      10205        883     0 2453996.481088  1.540137e+01  1.615422e-01  1.540137e+01  1.615422e-01 
   85620820   1.909146e+00   1.159746e-01   1.909146e+00   1.159746e-01 224200609172330410      21423       1425     0 2453996.481713  1.429790e+01  6.595527e-02  1.429790e+01  6.595527e-02 
   85620820   6.505592e-01   1.023953e-01   6.505592e-01   1.023953e-01 223200609172330410      10205        880     0 2453996.481713  1.546678e+01  1.708909e-01  1.546678e+01  1.708909e-01 
   85706441   2.095551e+00   1.150201e-01   2.095551e+00   1.150201e-01 224200609182317440      21427       1376     0 2453997.472697  1.419675e+01  5.959385e-02  1.419675e+01  5.959385e-02 
   85706441   6.773664e-01   9.837312e-02   6.773664e-01   9.837312e-02 223200609182317440      10209        863     0 2453997.472697  1.542294e+01  1.576807e-01  1.542294e+01  1.576807e-01 
   85706504   2.133109e+00   1.163211e-01   2.133109e+00   1.163211e-01 224200609182318460      21421       1400     0 2453997.473426  1.417747e+01  5.920675e-02  1.417747e+01  5.920675e-02 
   85706559   2.034500e+00   1.157132e-01   2.034500e+00   1.157132e-01 224200609182319420      21417       1403     0 2453997.474063  1.422886e+01  6.175200e-02  1.422886e+01  6.175200e-02 
   85706559   7.554796e-01   9.993444e-02   7.554796e-01   9.993444e-02 223200609182319410      10213        837     0 2453997.474063  1.530444e+01  1.436211e-01  1.530444e+01  1.436211e-01 
   85706636   2.041735e+00   1.149208e-01   2.041735e+00   1.149208e-01 224200609182320580      21421       1380     0 2453997.474954  1.422500e+01  6.111177e-02  1.422500e+01  6.111177e-02 
   85706636   6.969206e-01   9.845061e-02   6.969206e-01   9.845061e-02 223200609182320580      10209        861     0 2453997.474954  1.539204e+01  1.533773e-01  1.539204e+01  1.533773e-01 
   85878755   1.730970e+00   1.095136e-01   1.730970e+00   1.095136e-01 224200609202309430      21402       1421     0 2453999.467072  1.440428e+01  6.869171e-02  1.440428e+01  6.869171e-02 
   85878755   7.991697e-01   9.991608e-02   7.991697e-01   9.991608e-02 223200609202309430      10210        915     0 2453999.467072  1.524340e+01  1.357445e-01  1.524340e+01  1.357445e-01 
   85878812   1.489828e+00   1.086224e-01   1.489828e+00   1.086224e-01 224200609202310410      21396       1423     0 2453999.467731  1.456716e+01  7.916059e-02  1.456716e+01  7.916059e-02 
   85878873   1.762024e+00   1.083665e-01   1.762024e+00   1.083665e-01 224200609202311410      21393       1425     0 2453999.468437  1.438497e+01  6.677423e-02  1.438497e+01  6.677423e-02 
   85878933   1.562477e+00   1.088665e-01   1.562477e+00   1.088665e-01 224200609202312420      21392       1428     0 2453999.469132  1.451547e+01  7.564956e-02  1.451547e+01  7.564956e-02 
   85878933   7.939100e-01   1.018150e-01   7.939100e-01   1.018150e-01 223200609202312420      10214        907     0 2453999.469132  1.525057e+01  1.392408e-01  1.525057e+01  1.392408e-01 
   85964878   1.309378e+00   1.039336e-01   1.309378e+00   1.039336e-01 224200609212305090      21396       1442     0 2454000.463866  1.470734e+01  8.618210e-02  1.470734e+01  8.618210e-02 
   85964878   7.696987e-01   9.164347e-02   7.696987e-01   9.164347e-02 223200609212305090      10225        910     0 2454000.463866  1.528420e+01  1.292726e-01  1.528420e+01  1.292726e-01 
   85965031   1.211366e+00   1.028761e-01   1.211366e+00   1.028761e-01 224200609212307420      21391       1445     0 2454000.465637  1.479181e+01  9.220722e-02  1.479181e+01  9.220722e-02 
   85965031   6.425667e-01   9.203397e-02   6.425667e-01   9.203397e-02 223200609212307420      10227        902     0 2454000.465637  1.548020e+01  1.555091e-01  1.548020e+01  1.555091e-01 
   85965094   1.054597e+00   1.031755e-01   1.054597e+00   1.031755e-01 224200609212308460      21389       1446     0 2454000.466366  1.494228e+01  1.062223e-01  1.494228e+01  1.062223e-01 
   85965094   8.002099e-01   9.257945e-02   8.002099e-01   9.257945e-02 223200609212308460      10228        900     0 2454000.466366  1.524199e+01  1.256136e-01  1.524199e+01  1.256136e-01 
   85965150   1.229544e+00   1.036803e-01   1.229544e+00   1.036803e-01 224200609212309410      21388       1448     0 2454000.467014  1.477564e+01  9.155416e-02  1.477564e+01  9.155416e-02 
   85965150   6.672871e-01   9.148674e-02   6.672871e-01   9.148674e-02 223200609212309410      10228        898     0 2454000.467014  1.543922e+01  1.488577e-01  1.543922e+01  1.488577e-01 
   86404992   1.179222e+00   1.028789e-01   1.179222e+00   1.028789e-01 224200609270120390      21497       1654     0 2454005.557778  1.482101e+01  9.472323e-02  1.482101e+01  9.472323e-02 
   86404992   5.618879e-01   9.454975e-02   5.618879e-01   9.454975e-02 223200609270120390      10091        559     0 2454005.557778  1.562588e+01  1.826991e-01  1.562588e+01  1.826991e-01 
   86405051   1.049201e+00   1.021276e-01   1.049201e+00   1.021276e-01 224200609270121390      21493       1679     0 2454005.558461  1.494785e+01  1.056842e-01  1.494785e+01  1.056842e-01 
   86405053   7.732511e-01   9.537495e-02   7.732511e-01   9.537495e-02 223200609270121400      10094        531     0 2454005.558484  1.527920e+01  1.339182e-01  1.527920e+01  1.339182e-01 
   86405121   1.076469e+00   1.031342e-01   1.076469e+00   1.031342e-01 224200609270122490      21494       1678     0 2454005.559271  1.492000e+01  1.040224e-01  1.492000e+01  1.040224e-01 
   86405121   7.608767e-01   9.549642e-02   7.608767e-01   9.549642e-02 223200609270122490      10092        529     0 2454005.559271  1.529671e+01  1.362695e-01  1.529671e+01  1.362695e-01 
   86405180   1.179101e+00   1.040402e-01   1.179101e+00   1.040402e-01 224200609270123480      21494       1678     0 2454005.559954  1.482112e+01  9.580229e-02  1.482112e+01  9.580229e-02 
   86405182   6.365340e-01   9.572924e-02   6.365340e-01   9.572924e-02 223200609270123490      10092        527     0 2454005.559977  1.549045e+01  1.632860e-01  1.549045e+01  1.632860e-01 
   87688164   6.789773e-01   7.636259e-02   6.789773e-01   7.636259e-02 223200610112147440       9886        711     0 2454020.409306  1.542036e+01  1.221100e-01  1.542036e+01  1.221100e-01 
   87688238   7.075009e-01   7.664666e-02   7.075009e-01   7.664666e-02 223200610112148580       9889        682     0 2454020.410162  1.537568e+01  1.176230e-01  1.537568e+01  1.176230e-01 
   87688292   6.417929e-01   7.661073e-02   6.417929e-01   7.661073e-02 223200610112149520       9889        679     0 2454020.410787  1.548151e+01  1.296046e-01  1.548151e+01  1.296046e-01 
   87860509   7.505255e-01   8.757729e-02   7.505255e-01   8.757729e-02 223200610132140170       9849        733     0 2454022.404039  1.531159e+01  1.266928e-01  1.531159e+01  1.266928e-01 
   87860576   6.369411e-01   8.692260e-02   6.369411e-01   8.692260e-02 223200610132141240       9849        728     0 2454022.404815  1.548975e+01  1.481697e-01  1.548975e+01  1.481697e-01 
   87860632   6.782208e-01   8.696844e-02   6.782208e-01   8.696844e-02 223200610132142200       9849        726     0 2454022.405463  1.542157e+01  1.392247e-01  1.542157e+01  1.392247e-01 
   87860692   6.434121e-01   8.652563e-02   6.434121e-01   8.652563e-02 223200610132143190       9849        723     0 2454022.406157  1.547878e+01  1.460096e-01  1.547878e+01  1.460096e-01 
   88033122   7.926107e-01   8.302698e-02   7.926107e-01   8.302698e-02 223200610152137170       9845        763     0 2454024.401875  1.525235e+01  1.137327e-01  1.525235e+01  1.137327e-01 
   88033183   6.264114e-01   8.210988e-02   6.264114e-01   8.210988e-02 223200610152138180       9845        759     0 2454024.402581  1.550785e+01  1.423186e-01  1.550785e+01  1.423186e-01 
   88033238   6.430834e-01   8.146492e-02   6.430834e-01   8.146492e-02 223200610152139130       9844        754     0 2454024.403218  1.547933e+01  1.375401e-01  1.547933e+01  1.375401e-01 
   88033297   7.426656e-01   8.157977e-02   7.426656e-01   8.157977e-02 223200610152140120       9844        750     0 2454024.403900  1.532302e+01  1.192656e-01  1.532302e+01  1.192656e-01 
   88377444   7.153021e-01   8.579881e-02   7.153021e-01   8.579881e-02 223200610192116140       9830        779     0 2454028.387083  1.536378e+01  1.302320e-01  1.536378e+01  1.302320e-01 
   88377581   6.357882e-01   8.458650e-02   6.357882e-01   8.458650e-02 223200610192118310       9825        797     0 2454028.388669  1.549172e+01  1.444490e-01  1.549172e+01  1.444490e-01 
   88377643   5.933008e-01   8.469544e-02   5.933008e-01   8.469544e-02 223200610192119340       9825        794     0 2454028.389387  1.556681e+01  1.549926e-01  1.556681e+01  1.549926e-01 
   88463609   6.809087e-01   8.305544e-02   6.809087e-01   8.305544e-02 223200610202112230       9853        733     0 2454029.384363  1.541728e+01  1.324357e-01  1.541728e+01  1.324357e-01 
   88463681   5.937985e-01   8.358967e-02   5.937985e-01   8.358967e-02 223200610202113350       9850        728     0 2454029.385197  1.556590e+01  1.528408e-01  1.556590e+01  1.528408e-01 
   88463744   6.937478e-01   8.398846e-02   6.937478e-01   8.398846e-02 223200610202114380       9850        726     0 2454029.385926  1.539700e+01  1.314449e-01  1.539700e+01  1.314449e-01 
   88463803   6.648206e-01   8.365261e-02   6.648206e-01   8.365261e-02 223200610202115380       9849        724     0 2454029.386609  1.544324e+01  1.366158e-01  1.544324e+01  1.366158e-01 
   88551557   6.912878e-01   9.212211e-02   6.912878e-01   9.212211e-02 223200610212138150       9848        674     0 2454030.402280  1.540085e+01  1.446874e-01  1.540085e+01  1.446874e-01 
   88551689   6.209681e-01   9.131620e-02   6.209681e-01   9.131620e-02 223200610212140270       9845        664     0 2454030.403808  1.551733e+01  1.596630e-01  1.551733e+01  1.596630e-01 
   88637619   7.804415e-01   1.079989e+00   7.804415e-01   1.079989e+00 223200610222132420       9846        718     0 2454031.398368  1.526915e+01  1.502466e+00  1.526915e+01  1.502466e+00 
   88637692   1.092796e+00   1.344984e+00   1.092796e+00   1.344984e+00 223200610222133550       9846        686     0 2454031.399213  1.490365e+01  1.336299e+00  1.490365e+01  1.336299e+00 
   88637767   1.141678e+00   1.338692e+00   1.141678e+00   1.338692e+00 223200610222135100       9842        708     0 2454031.400081  1.485614e+01  1.273101e+00  1.485614e+01  1.273101e+00 
   88640080   5.243849e-01   2.067185e+00   5.243849e-01   2.067185e+00 223200610222213430       9839        582     0 2454031.426852  1.570087e+01  4.280112e+00  1.570087e+01  4.280112e+00 
   88722109   7.559313e-01   8.602200e-02   7.559313e-01   8.602200e-02 223200610232100550       9836        764     0 2454032.376262  1.530379e+01  1.235529e-01  1.530379e+01  1.235529e-01 
   88722163   6.684114e-01   8.628374e-02   6.684114e-01   8.628374e-02 223200610232101500       9837        761     0 2454032.376887  1.543739e+01  1.401558e-01  1.543739e+01  1.401558e-01 
   88722225   6.972916e-01   8.655307e-02   6.972916e-01   8.655307e-02 223200610232102520       9837        759     0 2454032.377604  1.539146e+01  1.347702e-01  1.539146e+01  1.347702e-01 
   88722292   6.522498e-01   8.605888e-02   6.522498e-01   8.605888e-02 223200610232103590       9837        756     0 2454032.378380  1.546397e+01  1.432543e-01  1.546397e+01  1.432543e-01 
   88980554   7.496307e-01   9.904047e-02   7.496307e-01   9.904047e-02 223200610262048320       9838        825     0 2454035.367523  1.531288e+01  1.434469e-01  1.531288e+01  1.434469e-01 
   88980608   7.607455e-01   9.899256e-02   7.607455e-01   9.899256e-02 223200610262049260       9838        822     0 2454035.368148  1.529690e+01  1.412827e-01  1.529690e+01  1.412827e-01 
   88980668   7.206388e-01   9.778529e-02   7.206388e-01   9.778529e-02 223200610262050270       9838        820     0 2454035.368843  1.535571e+01  1.473268e-01  1.535571e+01  1.473268e-01 
   88980732   6.502820e-01   9.831068e-02   6.502820e-01   9.831068e-02 223200610262051300       9834        811     0 2454035.369583  1.546725e+01  1.641439e-01  1.546725e+01  1.641439e-01 
   89066671   6.578714e-01   1.099436e-01   6.578714e-01   1.099436e-01 223200610272043520       9859        796     0 2454036.364248  1.545465e+01  1.814492e-01  1.545465e+01  1.814492e-01 
   89066733   5.685494e-01   1.108773e-01   5.685494e-01   1.108773e-01 223200610272044550       9858        794     0 2454036.364965  1.561308e+01  2.117388e-01  1.561308e+01  2.117388e-01 
   89066854   7.827014e-01   1.109535e-01   7.827014e-01   1.109535e-01 223200610272046560       9857        788     0 2454036.366366  1.526601e+01  1.539113e-01  1.526601e+01  1.539113e-01 
   89152869   9.398146e-01   1.818554e-01   9.398146e-01   1.818554e-01 223200610282040350       9842        807     0 2454037.361910  1.506739e+01  2.100922e-01  1.506739e+01  2.100922e-01 
   89152941   8.562437e-01   1.726537e-01   8.562437e-01   1.726537e-01 223200610282041480       9844        775     0 2454037.362743  1.516851e+01  2.189295e-01  1.516851e+01  2.189295e-01 
   89238990   9.481611e-01   1.541665e-01   9.481611e-01   1.541665e-01 223200610292035590       9836        764     0 2454038.358681  1.505779e+01  1.765362e-01  1.505779e+01  1.765362e-01 
   89239045   9.525869e-01   1.552936e-01   9.525869e-01   1.552936e-01 223200610292036550       9837        761     0 2454038.359317  1.505274e+01  1.770006e-01  1.505274e+01  1.770006e-01 
   89239169   6.373167e-01   1.531363e-01   6.373167e-01   1.531363e-01 223200610292038590       9835        751     0 2454038.360752  1.548911e+01  2.608848e-01  1.548911e+01  2.608848e-01 
   89411437   1.013209e+00   2.452729e-01   1.013209e+00   2.452729e-01 223200610312030160       9826        786     0 2454040.354595  1.498575e+01  2.628309e-01  1.498575e+01  2.628309e-01 
   89411507   9.258652e-01   2.511410e-01   9.258652e-01   2.511410e-01 223200610312031250       9829        754     0 2454040.355405  1.508363e+01  2.945071e-01  1.508363e+01  2.945071e-01 
   89506223   1.103194e+00   2.566959e-01   1.103194e+00   2.566959e-01 223200611012250050       9759        390     0 2454041.451655  1.489337e+01  2.526347e-01  1.489337e+01  2.526347e-01 
   89506296   9.675524e-01   2.588227e-01   9.675524e-01   2.588227e-01 223200611012251190       9761        360     0 2454041.452500  1.503581e+01  2.904382e-01  1.503581e+01  2.904382e-01 
   89506415   1.150519e+00   2.578111e-01   1.150519e+00   2.578111e-01 223200611012253170       9760        355     0 2454041.453877  1.484777e+01  2.432953e-01  1.484777e+01  2.432953e-01 
   89842125   1.083358e+00   3.589440e-01   1.083358e+00   3.589440e-01 223200611052008420       9840        767     0 2454045.339410  1.491307e+01  3.597333e-01  1.491307e+01  3.597333e-01 
   89842183   1.313290e+00   3.631619e-01   1.313290e+00   3.631619e-01 223200611052009400       9841        764     0 2454045.340081  1.470410e+01  3.002379e-01  1.470410e+01  3.002379e-01 
   89842256   8.673733e-01   3.669480e-01   8.673733e-01   3.669480e-01 223200611052010530       9840        760     0 2454045.340926  1.515448e+01  4.593295e-01  1.515448e+01  4.593295e-01 
   89842315   1.098325e+00   3.661326e-01   1.098325e+00   3.661326e-01 223200611052011520       9841        757     0 2454045.341609  1.489817e+01  3.619372e-01  1.489817e+01  3.619372e-01 
   89928309   5.427454e-01   2.768229e-01   5.427454e-01   2.768229e-01 223200611062005110       9843        785     0 2454046.336910  1.566351e+01  5.537728e-01  1.566351e+01  5.537728e-01 
   89928378   4.550600e-01   2.777012e-01   4.550600e-01   2.777012e-01 223200611062006190       9844        781     0 2454046.337708  1.585483e+01  6.625748e-01  1.585483e+01  6.625748e-01 
   89928432   1.024200e+00   2.800876e-01   1.024200e+00   2.800876e-01 223200611062007140       9844        779     0 2454046.338333  1.497404e+01  2.969169e-01  1.497404e+01  2.969169e-01 
   90014497   8.610847e-01   1.797385e-01   8.610847e-01   1.797385e-01 223200611072001430       9851        793     0 2454047.334456  1.516238e+01  2.266319e-01  1.516238e+01  2.266319e-01 
   90014640   7.537508e-01   1.631633e-01   7.537508e-01   1.631633e-01 223200611072004050       9847        812     0 2454047.336111  1.530693e+01  2.350286e-01  1.530693e+01  2.350286e-01 
   90014702   6.645470e-01   1.665616e-01   6.645470e-01   1.665616e-01 223200611072005080       9846        808     0 2454047.336829  1.544369e+01  2.721291e-01  1.544369e+01  2.721291e-01 
   90272986   6.321568e-01   9.468882e-02   6.321568e-01   9.468882e-02 223200611101950030       9847        776     0 2454050.326227  1.549794e+01  1.626296e-01  1.549794e+01  1.626296e-01 
   90273040   7.407897e-01   9.598549e-02   7.407897e-01   9.598549e-02 223200611101950570       9847        773     0 2454050.326852  1.532576e+01  1.406813e-01  1.532576e+01  1.406813e-01 
   90273088   7.604660e-01   9.842138e-02   7.604660e-01   9.842138e-02 223200611101951450       9846        769     0 2454050.327407  1.529730e+01  1.405191e-01  1.529730e+01  1.405191e-01 
   90273153   6.190360e-01   9.472286e-02   6.190360e-01   9.472286e-02 223200611101952500       9846        767     0 2454050.328160  1.552071e+01  1.661364e-01  1.552071e+01  1.661364e-01 
   90617602   6.130252e-01   8.925623e-02   6.130252e-01   8.925623e-02 223200611141933540       9838        802     0 2454054.314838  1.553130e+01  1.580833e-01  1.553130e+01  1.580833e-01 
   90617664   6.935305e-01   8.905097e-02   6.935305e-01   8.905097e-02 223200611141934560       9838        798     0 2454054.315556  1.539734e+01  1.394116e-01  1.539734e+01  1.394116e-01 
   90617724   7.005140e-01   8.946823e-02   7.005140e-01   8.946823e-02 223200611141935570       9842        769     0 2454054.316250  1.538646e+01  1.386685e-01  1.538646e+01  1.386685e-01 
   90617775   7.995183e-01   8.910765e-02   7.995183e-01   8.910765e-02 223200611141936470       9842        767     0 2454054.316840  1.524293e+01  1.210075e-01  1.524293e+01  1.210075e-01 
   93120144   7.446500e-01   2.157222e-01   7.446500e-01   2.157222e-01 223200612131844400      10510        613     0 2454083.279444  1.532012e+01  3.145346e-01  1.532012e+01  3.145346e-01 
   93120203   1.004030e+00   2.005906e-01   1.004030e+00   2.005906e-01 223200612131845380      10511        612     0 2454083.280127  1.499563e+01  2.169151e-01  1.499563e+01  2.169151e-01 
   93120279   1.002123e+00   1.840994e-01   1.002123e+00   1.840994e-01 223200612131846550      10508        633     0 2454083.281007  1.499770e+01  1.994606e-01  1.499770e+01  1.994606e-01 
   93120343   8.000779e-01   1.685015e-01   8.000779e-01   1.685015e-01 223200612131847580      10511        606     0 2454083.281748  1.524217e+01  2.286638e-01  1.524217e+01  2.286638e-01 
   93293032   9.314398e-01   2.458417e-01   9.314398e-01   2.458417e-01 223200612151846130      10483        584     0 2454085.280463  1.507711e+01  2.865673e-01  1.507711e+01  2.865673e-01 
   93293086   9.081442e-01   2.297910e-01   9.081442e-01   2.297910e-01 223200612151847070      10483        581     0 2454085.281088  1.510461e+01  2.747287e-01  1.510461e+01  2.747287e-01 
   93293140   7.746549e-01   2.143908e-01   7.746549e-01   2.143908e-01 223200612151848010      10483        579     0 2454085.281713  1.527723e+01  3.004856e-01  1.527723e+01  3.004856e-01 
   93467319   6.213769e-01   1.003458e-01   6.213769e-01   1.003458e-01 223200612171911070      10834        408     0 2454087.297674  1.551661e+01  1.753355e-01  1.551661e+01  1.753355e-01 
   93467375   6.253081e-01   9.846275e-02   6.253081e-01   9.846275e-02 223200612171912030      10832        405     0 2454087.298322  1.550976e+01  1.709636e-01  1.550976e+01  1.709636e-01 
   93467435   7.128642e-01   9.683127e-02   7.128642e-01   9.683127e-02 223200612171913020      10831        402     0 2454087.299016  1.536748e+01  1.474805e-01  1.536748e+01  1.474805e-01 
   93556676   6.610946e-01   8.988491e-02   6.610946e-01   8.988491e-02 223200612182000260       9895        342     0 2454088.331898  1.544934e+01  1.476213e-01  1.544934e+01  1.476213e-01 
   93556734   5.993274e-01   8.979825e-02   5.993274e-01   8.979825e-02 223200612182001250       9894        340     0 2454088.332569  1.555584e+01  1.626783e-01  1.555584e+01  1.626783e-01 
   93556803   6.536516e-01   9.044472e-02   6.536516e-01   9.044472e-02 223200612182002330       9893        338     0 2454088.333368  1.546163e+01  1.502321e-01  1.546163e+01  1.502321e-01 
   93556867   6.034498e-01   9.034117e-02   6.034498e-01   9.034117e-02 223200612182003370       9892        336     0 2454088.334109  1.554840e+01  1.625438e-01  1.554840e+01  1.625438e-01 
   93725435   7.286640e-01   1.973076e-01   7.286640e-01   1.973076e-01 223200612201853100       9952        495     0 2454090.285127  1.534368e+01  2.939966e-01  1.534368e+01  2.939966e-01 
   93725492   7.202879e-01   1.863826e-01   7.202879e-01   1.863826e-01 223200612201854080       9951        493     0 2454090.285787  1.535623e+01  2.809474e-01  1.535623e+01  2.809474e-01 
   94935180   1.522993e+00   3.543526e-01   1.522993e+00   3.543526e-01 224200701031856070      20641       1313     0 2454104.286806  1.454325e+01  2.526175e-01  1.454325e+01  2.526175e-01 
   94935180   1.111373e+00   4.023949e-01   1.111373e+00   4.023949e-01 223200701031856070       9894        344     0 2454104.286806  1.488535e+01  3.931139e-01  1.488535e+01  3.931139e-01 
   94935246   1.394473e+00   3.492042e-01   1.394473e+00   3.492042e-01 224200701031857140      20640       1313     0 2454104.287569  1.463898e+01  2.718912e-01  1.463898e+01  2.718912e-01 
   94935246   1.087091e+00   3.970020e-01   1.087091e+00   3.970020e-01 223200701031857140       9893        342     0 2454104.287569  1.490934e+01  3.965086e-01  1.490934e+01  3.965086e-01 
   94935304   9.008396e-01   3.447045e-01   9.008396e-01   3.447045e-01 224200701031858120      20641       1312     0 2454104.288241  1.511338e+01  4.154563e-01  1.511338e+01  4.154563e-01 
   94935304   5.466426e-01   3.901354e-01   5.466426e-01   3.901354e-01 223200701031858120       9892        341     0 2454104.288241  1.565574e+01  7.748858e-01  1.565574e+01  7.748858e-01 
   94935369   1.024080e+00   3.404109e-01   1.024080e+00   3.404109e-01 224200701031859170      20641       1312     0 2454104.288993  1.497417e+01  3.609072e-01  1.497417e+01  3.609072e-01 
   94935369   1.193595e+00   3.825691e-01   1.193595e+00   3.825691e-01 223200701031859170       9891        338     0 2454104.288993  1.480786e+01  3.479995e-01  1.480786e+01  3.479995e-01 
   95021609   9.653921e-01   2.972256e-01   9.653921e-01   2.972256e-01 223200701041856390       9891        360     0 2454105.287141  1.503824e+01  3.342784e-01  1.503824e+01  3.342784e-01 
   95021681   1.498346e+00   2.560343e-01   1.498346e+00   2.560343e-01 224200701041857500      20639       1322     0 2454105.287975  1.456097e+01  1.855290e-01  1.456097e+01  1.855290e-01 
   95021746   1.355702e+00   2.455684e-01   1.355702e+00   2.455684e-01 224200701041858560      20639       1322     0 2454105.288727  1.466959e+01  1.966682e-01  1.466959e+01  1.966682e-01 
   95021746   1.035369e+00   2.662598e-01   1.035369e+00   2.662598e-01 223200701041858560       9893        331     0 2454105.288727  1.496226e+01  2.792133e-01  1.496226e+01  2.792133e-01 
   95021802   1.325634e+00   2.378314e-01   1.325634e+00   2.378314e-01 224200701041859510      20640       1322     0 2454105.289375  1.469394e+01  1.947921e-01  1.469394e+01  1.947921e-01 
   95107910   7.185125e-01   2.342746e-01   7.185125e-01   2.342746e-01 224200701051855020      20662       1335     0 2454106.285995  1.535891e+01  3.540109e-01  1.535891e+01  3.540109e-01 
   95107910   5.139448e-01   2.579615e-01   5.139448e-01   2.579615e-01 223200701051855020       9868        326     0 2454106.285995  1.572271e+01  5.449595e-01  1.572271e+01  5.449595e-01 
   95107966   1.239303e+00   2.220354e-01   1.239303e+00   2.220354e-01 224200701051855570      20662       1334     0 2454106.286644  1.476706e+01  1.945228e-01  1.476706e+01  1.945228e-01 
   95108020   1.201159e+00   2.097760e-01   1.201159e+00   2.097760e-01 224200701051856510      20662       1334     0 2454106.287269  1.480100e+01  1.896186e-01  1.480100e+01  1.896186e-01 
   95108074   8.902920e-01   1.983506e-01   8.902920e-01   1.983506e-01 224200701051857460      20663       1335     0 2454106.287894  1.512617e+01  2.418950e-01  1.512617e+01  2.418950e-01 
   95108074   5.800177e-01   2.108051e-01   5.800177e-01   2.108051e-01 223200701051857460       9865        320     0 2454106.287894  1.559140e+01  3.946078e-01  1.559140e+01  3.946078e-01 
   95280698   1.322322e+00   2.113777e-01   1.322322e+00   2.113777e-01 224200701071854530      20683       1322     0 2454108.285856  1.469666e+01  1.735593e-01  1.469666e+01  1.735593e-01 
   95280828   1.044120e+00   1.827942e-01   1.044120e+00   1.827942e-01 224200701071857030      20671       1265     0 2454108.287361  1.495312e+01  1.900806e-01  1.495312e+01  1.900806e-01 
   95280828   8.742412e-01   1.969455e-01   8.742412e-01   1.969455e-01 223200701071857030       9864        331     0 2454108.287361  1.514592e+01  2.445910e-01  1.514592e+01  2.445910e-01 
   95280884   7.379309e-01   1.826784e-01   7.379309e-01   1.826784e-01 223200701071857590       9863        328     0 2454108.288009  1.532996e+01  2.687803e-01  1.532996e+01  2.687803e-01 
   95280940   1.211654e+00   1.652954e-01   1.211654e+00   1.652954e-01 224200701071858540      20672       1266     0 2454108.288657  1.479155e+01  1.481181e-01  1.479155e+01  1.481181e-01 
   95280940   7.167089e-01   1.709944e-01   7.167089e-01   1.709944e-01 223200701071858540       9862        326     0 2454108.288657  1.536164e+01  2.590389e-01  1.536164e+01  2.590389e-01 
   95367161   1.317562e+00   2.300093e-01   1.317562e+00   2.300093e-01 224200701081855580      20680       1343     0 2454109.286586  1.470057e+01  1.895398e-01  1.470057e+01  1.895398e-01 
   95367161   6.549178e-01   2.599758e-01   6.549178e-01   2.599758e-01 223200701081855580       9848        298     0 2454109.286586  1.545953e+01  4.309947e-01  1.545953e+01  4.309947e-01 
   95367215   9.501778e-01   2.165250e-01   9.501778e-01   2.165250e-01 224200701081856520      20680       1342     0 2454109.287211  1.505549e+01  2.474166e-01  1.505549e+01  2.474166e-01 
   95367217   6.368839e-01   2.419051e-01   6.368839e-01   2.419051e-01 223200701081856530       9847        297     0 2454109.287234  1.548985e+01  4.123924e-01  1.548985e+01  4.123924e-01 
   95367272   1.068767e+00   2.046114e-01   1.068767e+00   2.046114e-01 224200701081857490      20680       1342     0 2454109.287870  1.492779e+01  2.078609e-01  1.492779e+01  2.078609e-01 
   95367272   8.950365e-01   2.262348e-01   8.950365e-01   2.262348e-01 223200701081857490       9846        295     0 2454109.287870  1.512040e+01  2.744382e-01  1.512040e+01  2.744382e-01 
   95367328   1.088676e+00   1.938308e-01   1.088676e+00   1.938308e-01 224200701081858450      20680       1341     0 2454109.288519  1.490775e+01  1.933081e-01  1.490775e+01  1.933081e-01 
   95367328   3.961779e-01   2.114480e-01   3.961779e-01   2.114480e-01 223200701081858450       9845        293     0 2454109.288519  1.600527e+01  5.794808e-01  1.600527e+01  5.794808e-01 
   95453547   6.802352e-01   2.514931e-01   6.802352e-01   2.514931e-01 223200701091855450       9851        294     0 2454110.286424  1.541835e+01  4.014143e-01  1.541835e+01  4.014143e-01 
   95453603   1.073931e+00   2.147961e-01   1.073931e+00   2.147961e-01 224200701091856400      20674       1362     0 2454110.287072  1.492256e+01  2.171580e-01  1.492256e+01  2.171580e-01 
   95453657   1.188342e+00   2.026617e-01   1.188342e+00   2.026617e-01 224200701091857350      20674       1361     0 2454110.287697  1.481265e+01  1.851638e-01  1.481265e+01  1.851638e-01 
   95453657   6.622823e-01   2.195930e-01   6.622823e-01   2.195930e-01 223200701091857350       9849        292     0 2454110.287697  1.544739e+01  3.599989e-01  1.544739e+01  3.599989e-01 
   95453713   6.829456e-01   1.923733e-01   6.829456e-01   1.923733e-01 224200701091858300      20675       1361     0 2454110.288345  1.541403e+01  3.058331e-01  1.541403e+01  3.058331e-01 
   95453713   6.647302e-01   2.060359e-01   6.647302e-01   2.060359e-01 223200701091858300       9847        291     0 2454110.288345  1.544339e+01  3.365297e-01  1.544339e+01  3.365297e-01 
   95539936   9.797758e-01   2.498537e-01   9.797758e-01   2.498537e-01 223200701101855350       9847        288     0 2454111.286296  1.502218e+01  2.768758e-01  1.502218e+01  2.768758e-01 
   95539990   1.015440e+00   2.142752e-01   1.015440e+00   2.142752e-01 224200701101856300      20679       1369     0 2454111.286921  1.498336e+01  2.291097e-01  1.498336e+01  2.291097e-01 
   95540044   1.108508e+00   2.198382e-01   1.108508e+00   2.198382e-01 223200701101857240       9846        285     0 2454111.287546  1.488815e+01  2.153229e-01  1.488815e+01  2.153229e-01 
   95540100   1.076821e+00   1.925941e-01   1.076821e+00   1.925941e-01 224200701101858190      20680       1368     0 2454111.288194  1.491964e+01  1.941893e-01  1.491964e+01  1.941893e-01 
   95540100   6.162007e-01   2.057912e-01   6.162007e-01   2.057912e-01 223200701101858190       9845        284     0 2454111.288194  1.552569e+01  3.626021e-01  1.552569e+01  3.626021e-01 
   95626319   1.510608e+00   2.396838e-01   1.510608e+00   2.396838e-01 224200701111855200      20701       1359     0 2454112.286100  1.455212e+01  1.722712e-01  1.455212e+01  1.722712e-01 
   95626376   9.468665e-01   2.260550e-01   9.468665e-01   2.260550e-01 224200701111856160      20701       1358     0 2454112.286759  1.505928e+01  2.592097e-01  1.505928e+01  2.592097e-01 
   95626430   1.381420e+00   2.149813e-01   1.381420e+00   2.149813e-01 224200701111857110      20701       1358     0 2454112.287384  1.464919e+01  1.689665e-01  1.464919e+01  1.689665e-01 
   95626430   9.908525e-01   2.280957e-01   9.908525e-01   2.280957e-01 223200701111857110       9828        265     0 2454112.287384  1.500998e+01  2.499390e-01  1.500998e+01  2.499390e-01 
   95626486   1.053279e+00   2.036885e-01   1.053279e+00   2.036885e-01 224200701111858070      20701       1357     0 2454112.288032  1.494364e+01  2.099660e-01  1.494364e+01  2.099660e-01 
   95626486   9.187909e-01   2.144021e-01   9.187909e-01   2.144021e-01 223200701111858070       9827        265     0 2454112.288032  1.509196e+01  2.533601e-01  1.509196e+01  2.533601e-01 
   95712704   1.319136e+00   2.231147e-01   1.319136e+00   2.231147e-01 224200701121855060      20673       1360     0 2454113.285926  1.469928e+01  1.836388e-01  1.469928e+01  1.836388e-01 
   95712758   1.211849e+00   2.109683e-01   1.211849e+00   2.109683e-01 224200701121856000      20673       1359     0 2454113.286551  1.479138e+01  1.890142e-01  1.479138e+01  1.890142e-01 
   95712758   7.202854e-01   2.250730e-01   7.202854e-01   2.250730e-01 223200701121856000       9857        262     0 2454113.286551  1.535624e+01  3.392693e-01  1.535624e+01  3.392693e-01 
   95712812   9.692346e-01   2.004257e-01   9.692346e-01   2.004257e-01 224200701121856550      20673       1358     0 2454113.287176  1.503393e+01  2.245176e-01  1.503393e+01  2.245176e-01 
   95712866   6.863660e-01   1.980806e-01   6.863660e-01   1.980806e-01 223200701121857490       9856        259     0 2454113.287801  1.540861e+01  3.133372e-01  1.540861e+01  3.133372e-01 
   95712868   7.957939e-01   1.905008e-01   7.957939e-01   1.905008e-01 224200701121857500      20673       1358     0 2454113.287824  1.524800e+01  2.599094e-01  1.524800e+01  2.599094e-01 
   95799124   1.091473e+00   1.943153e-01   1.091473e+00   1.943153e-01 224200701131855270      20673       1375     0 2454114.286157  1.490497e+01  1.932947e-01  1.490497e+01  1.932947e-01 
   95799124   8.200995e-01   2.130500e-01   8.200995e-01   2.130500e-01 223200701131855270       9854        277     0 2454114.286157  1.521533e+01  2.820596e-01  1.521533e+01  2.820596e-01 
   95799178   1.049244e+00   1.844887e-01   1.049244e+00   1.844887e-01 224200701131856210      20673       1374     0 2454114.286782  1.494781e+01  1.909059e-01  1.494781e+01  1.909059e-01 
   95799178   8.357983e-01   1.997279e-01   8.357983e-01   1.997279e-01 223200701131856210       9853        276     0 2454114.286782  1.519475e+01  2.594557e-01  1.519475e+01  2.594557e-01 
   95799302   1.208054e+00   1.686628e-01   1.208054e+00   1.686628e-01 224200701131858250      20664       1382     0 2454114.288218  1.479478e+01  1.515858e-01  1.479478e+01  1.515858e-01 
   95799356   1.197026e+00   1.614677e-01   1.197026e+00   1.614677e-01 224200701131859190      20664       1381     0 2454114.288843  1.480474e+01  1.464563e-01  1.480474e+01  1.464563e-01 
   95799356   9.398214e-01   1.660231e-01   9.398214e-01   1.660231e-01 223200701131859190       9854        278     0 2454114.288843  1.506739e+01  1.918001e-01  1.506739e+01  1.918001e-01 
   95885594   7.787688e-01   1.889867e-01   7.787688e-01   1.889867e-01 224200701141856390      20676       1380     0 2454115.286968  1.527148e+01  2.634805e-01  1.527148e+01  2.634805e-01 
   95885649   1.131939e+00   1.790419e-01   1.131939e+00   1.790419e-01 224200701141857330      20675       1379     0 2454115.287604  1.486544e+01  1.717346e-01  1.486544e+01  1.717346e-01 
   95885650   9.427584e-01   1.891663e-01   9.427584e-01   1.891663e-01 223200701141857340       9849        254     0 2454115.287616  1.506400e+01  2.178558e-01  1.506400e+01  2.178558e-01 
   95885704   1.053696e+00   1.703701e-01   1.053696e+00   1.703701e-01 224200701141858280      20675       1378     0 2454115.288241  1.494321e+01  1.755513e-01  1.494321e+01  1.755513e-01 
   95885704   7.570605e-01   1.779524e-01   7.570605e-01   1.779524e-01 223200701141858290       9849        253     0 2454115.288241  1.530217e+01  2.552108e-01  1.530217e+01  2.552108e-01 
   95885835   1.149334e+00   1.539062e-01   1.149334e+00   1.539062e-01 224200701141900400      20678       1375     0 2454115.289757  1.484888e+01  1.453904e-01  1.484888e+01  1.453904e-01 
   95885836   8.314052e-01   1.553557e-01   8.314052e-01   1.553557e-01 223200701141900410       9846        254     0 2454115.289769  1.520047e+01  2.028805e-01  1.520047e+01  2.028805e-01 
  105941803   1.417392e+00   2.980257e-01   1.417392e+00   2.980257e-01 223200705110415490       9821       1081     0 2454231.678275  1.462127e+01  2.282914e-01  1.462127e+01  2.282914e-01 
  105941862   8.546941e-01   3.138880e-01   8.546941e-01   3.138880e-01 223200705110416470       9824       1081     0 2454231.678958  1.517047e+01  3.987400e-01  1.517047e+01  3.987400e-01 
  105941917   1.073741e+00   3.402897e-01   1.073741e+00   3.402897e-01 223200705110417430       9826       1080     0 2454231.679595  1.492275e+01  3.440926e-01  1.492275e+01  3.440926e-01 
  106027927   8.267545e-01   1.832652e-01   8.267545e-01   1.832652e-01 223200705120411090       9830       1070     0 2454232.675081  1.520656e+01  2.406741e-01  1.520656e+01  2.406741e-01 
  106027981   8.778219e-01   1.930627e-01   8.778219e-01   1.930627e-01 223200705120412040       9832       1070     0 2454232.675706  1.514148e+01  2.387909e-01  1.514148e+01  2.387909e-01 
  106114056   8.964352e-01   1.690962e-01   8.964352e-01   1.690962e-01 223200705130406340       9819       1082     0 2454233.671944  1.511870e+01  2.048051e-01  1.511870e+01  2.048051e-01 
  106114110   1.169957e+00   1.741595e-01   1.169957e+00   1.741595e-01 223200705130407290       9822       1081     0 2454233.672569  1.482958e+01  1.616230e-01  1.482958e+01  1.616230e-01 
  106114166   1.104007e+00   1.785202e-01   1.104007e+00   1.785202e-01 223200705130408240       9825       1082     0 2454233.673218  1.489257e+01  1.755663e-01  1.489257e+01  1.755663e-01 
  106114220   9.817867e-01   1.846375e-01   9.817867e-01   1.846375e-01 223200705130409190       9827       1081     0 2454233.673843  1.501996e+01  2.041873e-01  1.501996e+01  2.041873e-01 
  124570460   9.589780e-01   1.353483e-01   9.589780e-01   1.353483e-01 222200712121856320      12799      21950     0 2454447.287731  1.504548e+01  1.532392e-01  1.504548e+01  1.532392e-01 
  124571592   1.187463e+00   9.820418e-02   1.187463e+00   9.820418e-02 222200712121915250      12819      21904     0 2454447.300833  1.481345e+01  8.979160e-02  1.481345e+01  8.979160e-02 
  124571656   1.021497e+00   8.781364e-02   1.021497e+00   8.781364e-02 221200712121916280      10558       7954     0 2454447.301574  1.497691e+01  9.333629e-02  1.497691e+01  9.333629e-02 
  124571716   7.523078e-01   7.809508e-02   7.523078e-01   7.809508e-02 223200712121917280       9363       5042     0 2454447.302269  1.530901e+01  1.127078e-01  1.530901e+01  1.127078e-01 
  124572800   1.105180e+00   9.686623e-02   1.105180e+00   9.686623e-02 222200712121935320      12795      21927     0 2454447.314815  1.489142e+01  9.516236e-02  1.489142e+01  9.516236e-02 
  124573050   7.069167e-01   7.727617e-02   7.069167e-01   7.727617e-02 223200712121939430       9349       4969     0 2454447.317708  1.537658e+01  1.186870e-01  1.537658e+01  1.186870e-01 
