\OBJNAME = '1SWASP J001824.43-740609.2'
\OBSSTART = '2006-05-11T04:14:48'
\OBSSTOP = '2007-12-12T19:39:43'
\TSTART = 74405754
\TSTOP = 124573045
\JD_REF = 2453005.5
\RA_OBJ = '4.601808'
\DEC_OBJ = '-74.102567'
\WASP_MAG = 12.83271
\HJD_START = 2453866.677708
\HJD_STOP = 2454447.317650
\fixlen = T
\NUMRECORDS = 397
\
\ This file was produced by the NASA Exoplanet Archive  http://exoplanetarchive.ipac.caltech.edu 
\ Thu Sep 12, 06:59:18 2013
\ Documentation for the SuperWASP dataset can be found at http://exoplanetarchive.ipac.caltech.edu/docs/SuperWASPMission.html
\
|TMID      |FLUX2         |FLUX2_ERR     |TAMFLUX2      |TAMFLUX2_ERR  |IMAGEID           |CCDX      |CCDY      |FLAG |           HJD|         MAG2|     MAG2_ERR|      TAMMAG2|  TAMMAG2_ERR|
|int       |float         |float         |float         |float         |char              |int       |int       |int  |        double|        float|        float|        float|        float|
|sec       |micro Vega    |micro Vega    |micro Vega    |micro Vega    |                  |1/16 pixel|1/16 pixel|     |           day|          mag|          mag|          mag|          mag|
|null      |null          |null          |null          |null          |null              |null      |null      |null |          null|         null|         null|         null|         null|
   74405754   7.268360e+00   2.364352e-01   7.268360e+00   2.364352e-01 223200605110414480       3312        814     0 2453866.677708  1.284641e+01  3.531845e-02  1.284641e+01  3.531845e-02 
   74405807   7.500282e+00   2.615045e-01   7.500282e+00   2.615045e-01 223200605110415410       3316        811     0 2453866.678322  1.281231e+01  3.785537e-02  1.281231e+01  3.785537e-02 
   74405891   7.728169e+00   2.926670e-01   7.728169e+00   2.926670e-01 223200605110417040       3321        810     0 2453866.679294  1.277981e+01  4.111715e-02  1.277981e+01  4.111715e-02 
   74405956   7.920502e+00   3.226712e-01   7.920502e+00   3.226712e-01 223200605110418100       3329        786     0 2453866.680046  1.275312e+01  4.423167e-02  1.275312e+01  4.423167e-02 
   74491867   7.847082e+00   2.595699e-01   7.847082e+00   2.595699e-01 223200605120409570       3331        749     0 2453867.674387  1.276323e+01  3.591469e-02  1.276323e+01  3.591469e-02 
   74492005   7.898754e+00   2.750230e-01   7.898754e+00   2.750230e-01 223200605120412150       3340        746     0 2453867.675984  1.275610e+01  3.780387e-02  1.275610e+01  3.780387e-02 
   74492058   8.253397e+00   2.855408e-01   8.253397e+00   2.855408e-01 223200605120413070       3343        745     0 2453867.676597  1.270842e+01  3.756309e-02  1.270842e+01  3.756309e-02 
   74750389   8.501691e+00   3.597533e-01   8.501691e+00   3.597533e-01 223200605150358270       3328        754     0 2453870.666539  1.267624e+01  4.594363e-02  1.267624e+01  4.594363e-02 
   74750449   7.973507e+00   3.632843e-01   7.973507e+00   3.632843e-01 223200605150359270       3333        749     0 2453870.667234  1.274588e+01  4.946786e-02  1.274588e+01  4.946786e-02 
   74750503   8.038287e+00   3.645289e-01   8.038287e+00   3.645289e-01 223200605150400210       3337        749     0 2453870.667859  1.273709e+01  4.923731e-02  1.273709e+01  4.923731e-02 
   74750562   7.447613e+00   3.627635e-01   7.447613e+00   3.627635e-01 223200605150401200       3340        747     0 2453870.668542  1.281996e+01  5.288498e-02  1.281996e+01  5.288498e-02 
   75613648   6.809608e+00   1.498879e-01   6.809608e+00   1.498879e-01 223200605250345300       3408        760     0 2453880.657963  1.291719e+01  2.389849e-02  1.291719e+01  2.389849e-02 
   75613711   7.161305e+00   1.504828e-01   7.161305e+00   1.504828e-01 223200605250346340       3417        734     0 2453880.658692  1.286252e+01  2.281501e-02  1.286252e+01  2.281501e-02 
   75613769   6.768802e+00   1.478585e-01   6.768802e+00   1.478585e-01 223200605250347310       3420        733     0 2453880.659363  1.292372e+01  2.371703e-02  1.292372e+01  2.371703e-02 
   75613837   6.741671e+00   1.481821e-01   6.741671e+00   1.481821e-01 223200605250348400       3419        754     0 2453880.660150  1.292808e+01  2.386460e-02  1.292808e+01  2.386460e-02 
   75700102   7.034876e+00   1.464646e-01   7.034876e+00   1.464646e-01 223200605260346210       3428        750     0 2453881.658588  1.288186e+01  2.260487e-02  1.288186e+01  2.260487e-02 
   75700165   6.557748e+00   1.442518e-01   6.557748e+00   1.442518e-01 223200605260347250       3435        722     0 2453881.659317  1.295811e+01  2.388319e-02  1.295811e+01  2.388319e-02 
   75700232   6.659418e+00   1.448040e-01   6.659418e+00   1.448040e-01 223200605260348310       3434        743     0 2453881.660093  1.294141e+01  2.360860e-02  1.294141e+01  2.360860e-02 
   75700301   6.758411e+00   1.443671e-01   6.758411e+00   1.443671e-01 223200605260349400       3440        716     0 2453881.660891  1.292539e+01  2.319259e-02  1.292539e+01  2.319259e-02 
   76132321   6.640209e+00   1.263135e-01   6.640209e+00   1.263135e-01 223200605310349440       3492        721     0 2453886.661123  1.294455e+01  2.065350e-02  1.294455e+01  2.065350e-02 
   76132388   6.368976e+00   1.259687e-01   6.368976e+00   1.259687e-01 223200605310350510       3499        693     0 2453886.661898  1.298983e+01  2.147429e-02  1.298983e+01  2.147429e-02 
   76132437   6.434113e+00   1.257109e-01   6.434113e+00   1.257109e-01 223200605310351390       3501        691     0 2453886.662465  1.297878e+01  2.121340e-02  1.297878e+01  2.121340e-02 
   76132499   6.607850e+00   1.254904e-01   6.607850e+00   1.254904e-01 223200605310352410       3503        690     0 2453886.663183  1.294985e+01  2.061941e-02  1.294985e+01  2.061941e-02 
   76218791   6.509210e+00   1.295114e-01   6.509210e+00   1.295114e-01 223200606010350510       3510        684     0 2453887.661933  1.296618e+01  2.160257e-02  1.296618e+01  2.160257e-02 
   76218859   6.576935e+00   1.290286e-01   6.576935e+00   1.290286e-01 223200606010351580       3511        704     0 2453887.662720  1.295494e+01  2.130043e-02  1.295494e+01  2.130043e-02 
   76218929   6.610705e+00   1.286906e-01   6.610705e+00   1.286906e-01 223200606010353090       3514        702     0 2453887.663530  1.294938e+01  2.113611e-02  1.294938e+01  2.113611e-02 
   76219015   6.539759e+00   1.296260e-01   6.539759e+00   1.296260e-01 223200606010354350       3521        677     0 2453887.664525  1.296110e+01  2.152069e-02  1.296110e+01  2.152069e-02 
   76478197   6.768950e+00   1.373455e-01   6.768950e+00   1.373455e-01 223200606040354060       3521        676     0 2453890.664317  1.292370e+01  2.203023e-02  1.292370e+01  2.203023e-02 
   76478270   6.522873e+00   1.375725e-01   6.522873e+00   1.375725e-01 223200606040355190       3523        696     0 2453890.665162  1.296390e+01  2.289910e-02  1.296390e+01  2.289910e-02 
   76478346   6.466320e+00   1.374606e-01   6.466320e+00   1.374606e-01 223200606040356360       3530        668     0 2453890.666042  1.297336e+01  2.308058e-02  1.297336e+01  2.308058e-02 
   76478399   6.508674e+00   1.387222e-01   6.508674e+00   1.387222e-01 223200606040357280       3532        666     0 2453890.666655  1.296627e+01  2.314085e-02  1.296627e+01  2.314085e-02 
   76564539   7.210990e+00   3.110809e-01   7.210990e+00   3.110809e-01 223200606050353060       3548        660     0 2453891.663646  1.285501e+01  4.683865e-02  1.285501e+01  4.683865e-02 
   76564598   6.381422e+00   3.001125e-01   6.381422e+00   3.001125e-01 223200606050354050       3553        659     0 2453891.664329  1.298771e+01  5.106137e-02  1.298771e+01  5.106137e-02 
   76564658   5.790422e+00   3.016300e-01   5.790422e+00   3.016300e-01 223200606050355050       3555        656     0 2453891.665023  1.309322e+01  5.655749e-02  1.309322e+01  5.655749e-02 
   76564716   7.742102e+00   2.801138e-01   7.742102e+00   2.801138e-01 223200606050356020       3557        655     0 2453891.665694  1.277785e+01  3.928271e-02  1.277785e+01  3.928271e-02 
   76650910   6.340962e+00   1.261276e-01   6.340962e+00   1.261276e-01 223200606060352330       3537        656     0 2453892.663310  1.299461e+01  2.159638e-02  1.299461e+01  2.159638e-02 
   76651044   6.181937e+00   1.310594e-01   6.181937e+00   1.310594e-01 223200606060354480       3544        654     0 2453892.664861  1.302219e+01  2.301810e-02  1.302219e+01  2.301810e-02 
   76651100   6.196864e+00   1.297528e-01   6.196864e+00   1.297528e-01 223200606060355430       3546        652     0 2453892.665509  1.301957e+01  2.273373e-02  1.301957e+01  2.273373e-02 
   76651176   6.190614e+00   1.291137e-01   6.190614e+00   1.291137e-01 223200606060357000       3545        672     0 2453892.666389  1.302067e+01  2.264459e-02  1.302067e+01  2.264459e-02 
   76737404   6.184523e+00   1.328165e-01   6.184523e+00   1.328165e-01 223200606070354040       3548        658     0 2453893.664398  1.302173e+01  2.331694e-02  1.302173e+01  2.331694e-02 
   76737457   6.401766e+00   1.301502e-01   6.401766e+00   1.301502e-01 223200606070354570       3550        656     0 2453893.665012  1.298425e+01  2.207349e-02  1.298425e+01  2.207349e-02 
   76737512   6.255148e+00   1.292279e-01   6.255148e+00   1.292279e-01 223200606070355530       3552        654     0 2453893.665648  1.300941e+01  2.243078e-02  1.300941e+01  2.243078e-02 
   76737568   6.571271e+00   1.318679e-01   6.571271e+00   1.318679e-01 223200606070356480       3554        652     0 2453893.666296  1.295588e+01  2.178791e-02  1.295588e+01  2.178791e-02 
   76823794   6.501728e+00   1.309669e-01   6.501728e+00   1.309669e-01 223200606080353510       3574        657     0 2453894.664282  1.296743e+01  2.187050e-02  1.296743e+01  2.187050e-02 
   76823853   6.403946e+00   1.308687e-01   6.403946e+00   1.308687e-01 223200606080354510       3578        653     0 2453894.664965  1.298388e+01  2.218779e-02  1.298388e+01  2.218779e-02 
   76823912   6.387433e+00   1.308447e-01   6.387433e+00   1.308447e-01 223200606080355500       3580        651     0 2453894.665648  1.298668e+01  2.224107e-02  1.298668e+01  2.224107e-02 
   76823998   6.611566e+00   1.310657e-01   6.611566e+00   1.310657e-01 223200606080357160       3579        671     0 2453894.666644  1.294924e+01  2.152339e-02  1.294924e+01  2.152339e-02 
   76910220   6.325392e+00   1.277438e-01   6.325392e+00   1.277438e-01 223200606090354140       3570        644     0 2453895.664583  1.299728e+01  2.192696e-02  1.299728e+01  2.192696e-02 
   76910274   6.274958e+00   1.281115e-01   6.274958e+00   1.281115e-01 223200606090355080       3573        641     0 2453895.665208  1.300597e+01  2.216681e-02  1.300597e+01  2.216681e-02 
   76910358   6.319850e+00   1.301491e-01   6.319850e+00   1.301491e-01 223200606090356320       3572        661     0 2453895.666181  1.299823e+01  2.235940e-02  1.299823e+01  2.235940e-02 
   76910430   6.197431e+00   1.281263e-01   6.197431e+00   1.281263e-01 223200606090357440       3578        636     0 2453895.667014  1.301947e+01  2.244669e-02  1.301947e+01  2.244669e-02 
   76996575   7.714864e+00   2.404749e-01   7.714864e+00   2.404749e-01 223200606100353270       3576        644     0 2453896.664062  1.278168e+01  3.384288e-02  1.278168e+01  3.384288e-02 
   76996640   7.587522e+00   2.341249e-01   7.587522e+00   2.341249e-01 223200606100354320       3580        640     0 2453896.664815  1.279975e+01  3.350222e-02  1.279975e+01  3.350222e-02 
   76996701   8.020768e+00   2.304525e-01   8.020768e+00   2.304525e-01 223200606100355320       3582        639     0 2453896.665521  1.273946e+01  3.119545e-02  1.273946e+01  3.119545e-02 
   76996756   7.438217e+00   2.270550e-01   7.438217e+00   2.270550e-01 223200606100356270       3584        637     0 2453896.666157  1.282133e+01  3.314271e-02  1.282133e+01  3.314271e-02 
   77082994   8.534579e+00   3.976749e-01   8.534579e+00   3.976749e-01 223200606110353440       3589        633     0 2453897.664282  1.267204e+01  5.059084e-02  1.267204e+01  5.059084e-02 
   77083071   8.775106e+00   3.951861e-01   8.775106e+00   3.951861e-01 223200606110355000       3589        653     0 2453897.665174  1.264187e+01  4.889620e-02  1.264187e+01  4.889620e-02 
   77083152   8.683824e+00   3.923333e-01   8.683824e+00   3.923333e-01 223200606110356210       3595        626     0 2453897.666111  1.265322e+01  4.905350e-02  1.265322e+01  4.905350e-02 
   77083206   8.790873e+00   3.901466e-01   8.790873e+00   3.901466e-01 223200606110357160       3596        625     0 2453897.666736  1.263992e+01  4.818609e-02  1.263992e+01  4.818609e-02 
   77169260   8.672252e+00   4.932597e-01   8.672252e+00   4.932597e-01 223200606120351270       3588        649     0 2453898.662731  1.265467e+01  6.175464e-02  1.265467e+01  6.175464e-02 
   77169322   8.273638e+00   4.888498e-01   8.273638e+00   4.888498e-01 223200606120352290       3595        624     0 2453898.663449  1.270576e+01  6.415120e-02  1.270576e+01  6.415120e-02 
   77169380   8.487667e+00   4.843073e-01   8.487667e+00   4.843073e-01 223200606120353260       3597        622     0 2453898.664120  1.267803e+01  6.195246e-02  1.267803e+01  6.195246e-02 
   77169440   8.509225e+00   4.855926e-01   8.509225e+00   4.855926e-01 223200606120354260       3598        619     0 2453898.664815  1.267527e+01  6.195951e-02  1.267527e+01  6.195951e-02 
   77514750   5.473321e+00   2.796583e+00   5.473321e+00   2.796583e+00 223200606160349260       3600        588     0 2453902.661458  1.315437e+01  5.547568e-01  1.315437e+01  5.547568e-01 
   77601369   7.486535e+00   2.046511e-01   7.486535e+00   2.046511e-01 223200606170353030       3612        573     0 2453903.663993  1.281430e+01  2.967967e-02  1.281430e+01  2.967967e-02 
   77601439   7.705415e+00   2.056247e-01   7.705415e+00   2.056247e-01 223200606170354120       3611        594     0 2453903.664803  1.278301e+01  2.897378e-02  1.278301e+01  2.897378e-02 
   77601509   7.481957e+00   2.030834e-01   7.481957e+00   2.030834e-01 223200606170355220       3612        591     0 2453903.665613  1.281496e+01  2.947033e-02  1.281496e+01  2.947033e-02 
   77601566   7.622271e+00   2.059006e-01   7.622271e+00   2.059006e-01 223200606170356190       3617        566     0 2453903.666273  1.279479e+01  2.932912e-02  1.279479e+01  2.932912e-02 
   77687713   7.262160e+00   1.785281e-01   7.262160e+00   1.785281e-01 223200606180352030       3632        567     0 2453904.663345  1.284734e+01  2.669111e-02  1.284734e+01  2.669111e-02 
   77687756   7.193990e+00   1.775491e-01   7.193990e+00   1.775491e-01 223200606180352470       3634        565     0 2453904.663843  1.285758e+01  2.679628e-02  1.285758e+01  2.679628e-02 
   77687824   7.438253e+00   1.778132e-01   7.438253e+00   1.778132e-01 223200606180353550       3635        564     0 2453904.664630  1.282132e+01  2.595487e-02  1.282132e+01  2.595487e-02 
   77687875   7.397057e+00   1.771594e-01   7.397057e+00   1.771594e-01 223200606180354460       3636        562     0 2453904.665220  1.282735e+01  2.600347e-02  1.282735e+01  2.600347e-02 
   77774349   6.969181e+00   1.535091e-01   6.969181e+00   1.535091e-01 223200606190355570       3677        547     0 2453905.666076  1.289205e+01  2.391543e-02  1.289205e+01  2.391543e-02 
   77774405   6.582392e+00   1.522541e-01   6.582392e+00   1.522541e-01 223200606190356530       3678        548     0 2453905.666725  1.295404e+01  2.511372e-02  1.295404e+01  2.511372e-02 
   77774467   6.920284e+00   1.528425e-01   6.920284e+00   1.528425e-01 223200606190357560       3677        546     0 2453905.667442  1.289969e+01  2.397983e-02  1.289969e+01  2.397983e-02 
   77774532   6.889645e+00   1.539838e-01   6.889645e+00   1.539838e-01 223200606190359000       3673        570     0 2453905.668194  1.290451e+01  2.426633e-02  1.290451e+01  2.426633e-02 
   77860763   6.483367e+00   1.353621e-01   6.483367e+00   1.353621e-01 223200606200356080       3662        542     0 2453906.666238  1.297050e+01  2.266847e-02  1.297050e+01  2.266847e-02 
   77860822   6.724025e+00   1.362507e-01   6.724025e+00   1.362507e-01 223200606200357080       3663        541     0 2453906.666921  1.293093e+01  2.200065e-02  1.293093e+01  2.200065e-02 
   77860886   6.606881e+00   1.358219e-01   6.606881e+00   1.358219e-01 223200606200358110       3662        541     0 2453906.667662  1.295001e+01  2.232026e-02  1.295001e+01  2.232026e-02 
   77860951   6.664470e+00   1.378168e-01   6.664470e+00   1.378168e-01 223200606200359170       3658        565     0 2453906.668414  1.294059e+01  2.245237e-02  1.294059e+01  2.245237e-02 
   77947073   6.403776e+00   1.424213e-01   6.403776e+00   1.424213e-01 223200606210354360       3657        540     0 2453907.665197  1.298391e+01  2.414707e-02  1.298391e+01  2.414707e-02 
   77947127   6.534832e+00   1.420293e-01   6.534832e+00   1.420293e-01 223200606210355300       3657        541     0 2453907.665822  1.296191e+01  2.359767e-02  1.296191e+01  2.359767e-02 
   77947205   6.573065e+00   1.431025e-01   6.573065e+00   1.431025e-01 223200606210356480       3654        564     0 2453907.666725  1.295558e+01  2.363769e-02  1.295558e+01  2.363769e-02 
   77947272   6.537768e+00   1.423730e-01   6.537768e+00   1.423730e-01 223200606210357550       3657        541     0 2453907.667500  1.296143e+01  2.364416e-02  1.296143e+01  2.364416e-02 
   78119983   6.373164e+00   1.302519e-01   6.373164e+00   1.302519e-01 223200606230356210       3648        520     0 2453909.666470  1.298911e+01  2.218988e-02  1.298911e+01  2.218988e-02 
   78120037   6.064662e+00   1.285947e-01   6.064662e+00   1.285947e-01 223200606230357150       3647        522     0 2453909.667095  1.304298e+01  2.302196e-02  1.304298e+01  2.302196e-02 
   78120185   6.466360e+00   1.289169e-01   6.466360e+00   1.289169e-01 223200606230359440       3646        528     0 2453909.668808  1.297335e+01  2.164591e-02  1.297335e+01  2.164591e-02 
   78120247   6.199731e+00   1.285103e-01   6.199731e+00   1.285103e-01 223200606230400460       3647        508     0 2453909.669525  1.301907e+01  2.250561e-02  1.301907e+01  2.250561e-02 
   78206442   6.696956e+00   1.352925e-01   6.696956e+00   1.352925e-01 223200606240357190       3667        506     0 2453910.667153  1.293531e+01  2.193422e-02  1.293531e+01  2.193422e-02 
   78206501   6.551381e+00   1.313041e-01   6.551381e+00   1.313041e-01 223200606240358180       3664        509     0 2453910.667836  1.295917e+01  2.176062e-02  1.295917e+01  2.176062e-02 
   78206576   6.464565e+00   1.330023e-01   6.464565e+00   1.330023e-01 223200606240359320       3656        537     0 2453910.668704  1.297365e+01  2.233808e-02  1.297365e+01  2.233808e-02 
   78206635   6.411617e+00   1.335894e-01   6.411617e+00   1.335894e-01 223200606240400310       3651        523     0 2453910.669387  1.298258e+01  2.262196e-02  1.298258e+01  2.262196e-02 
   78292881   6.208200e+00   1.251965e-01   6.208200e+00   1.251965e-01 223200606250357560       3669        489     0 2453911.667604  1.301759e+01  2.189538e-02  1.301759e+01  2.189538e-02 
   78292935   6.173813e+00   1.222081e-01   6.173813e+00   1.222081e-01 223200606250358490       3663        496     0 2453911.668229  1.302362e+01  2.149178e-02  1.302362e+01  2.149178e-02 
   78292986   6.340734e+00   1.251790e-01   6.340734e+00   1.251790e-01 223200606250359400       3653        509     0 2453911.668819  1.299465e+01  2.143471e-02  1.299465e+01  2.143471e-02 
   78293048   6.347216e+00   1.256133e-01   6.347216e+00   1.256133e-01 223200606250400430       3653        508     0 2453911.669537  1.299354e+01  2.148712e-02  1.299354e+01  2.148712e-02 
   78724948   6.032867e+00   1.259925e-01   6.032867e+00   1.259925e-01 223200606300358520       3677        490     0 2453916.668380  1.304869e+01  2.267498e-02  1.304869e+01  2.267498e-02 
   78725025   6.086028e+00   1.247811e-01   6.086028e+00   1.247811e-01 223200606300400090       3683        463     0 2453916.669271  1.303917e+01  2.226080e-02  1.303917e+01  2.226080e-02 
   78725072   6.079873e+00   1.253091e-01   6.079873e+00   1.253091e-01 223200606300400570       3684        461     0 2453916.669815  1.304026e+01  2.237761e-02  1.304026e+01  2.237761e-02 
   78725136   6.115714e+00   1.264472e-01   6.115714e+00   1.264472e-01 223200606300402000       3685        459     0 2453916.670556  1.303388e+01  2.244853e-02  1.303388e+01  2.244853e-02 
   78811384   6.118814e+00   1.315370e-01   6.118814e+00   1.315370e-01 223200607010359260       3676        456     0 2453917.668796  1.303333e+01  2.334030e-02  1.303333e+01  2.334030e-02 
   78811463   6.046533e+00   1.309330e-01   6.046533e+00   1.309330e-01 223200607010400450       3675        476     0 2453917.669711  1.304623e+01  2.351087e-02  1.304623e+01  2.351087e-02 
   78811528   6.143885e+00   1.294523e-01   6.143885e+00   1.294523e-01 223200607010401510       3679        450     0 2453917.670463  1.302889e+01  2.287666e-02  1.302889e+01  2.287666e-02 
   78811579   6.040539e+00   1.282235e-01   6.040539e+00   1.282235e-01 223200607010402420       3680        448     0 2453917.671053  1.304731e+01  2.304717e-02  1.304731e+01  2.304717e-02 
   78897908   5.779617e+00   3.471467e-01   5.779617e+00   3.471467e-01 223200607020401280       3689        441     0 2453918.670231  1.309525e+01  6.521385e-02  1.309525e+01  6.521385e-02 
   78897981   5.618201e+00   2.079819e-01   5.618201e+00   2.079819e-01 223200607020402420       3686        461     0 2453918.671076  1.312601e+01  4.019333e-02  1.312601e+01  4.019333e-02 
   78984196   5.872307e+00   1.225484e-01   5.872307e+00   1.225484e-01 223200607030359350       3695        432     0 2453919.668935  1.307798e+01  2.265816e-02  1.307798e+01  2.265816e-02 
   78984250   6.107055e+00   1.225837e-01   6.107055e+00   1.225837e-01 223200607030400290       3697        429     0 2453919.669560  1.303542e+01  2.179348e-02  1.303542e+01  2.179348e-02 
   78984308   6.008632e+00   1.229596e-01   6.008632e+00   1.229596e-01 223200607030401270       3698        427     0 2453919.670231  1.305306e+01  2.221840e-02  1.305306e+01  2.221840e-02 
   78984363   6.140244e+00   1.250115e-01   6.140244e+00   1.250115e-01 223200607030402220       3698        425     0 2453919.670868  1.302954e+01  2.210499e-02  1.302954e+01  2.210499e-02 
   79070520   6.201635e+00   1.247061e-01   6.201635e+00   1.247061e-01 223200607040358180       3691        411     0 2453920.668056  1.301873e+01  2.183269e-02  1.301873e+01  2.183269e-02 
   79070566   6.127607e+00   1.244924e-01   6.127607e+00   1.244924e-01 223200607040359040       3693        409     0 2453920.668588  1.303177e+01  2.205859e-02  1.303177e+01  2.205859e-02 
   79070632   6.066170e+00   1.240100e-01   6.066170e+00   1.240100e-01 223200607040400090       3694        407     0 2453920.669352  1.304271e+01  2.219566e-02  1.304271e+01  2.219566e-02 
   79070684   6.035784e+00   1.234184e-01   6.035784e+00   1.234184e-01 223200607040401020       3694        405     0 2453920.669954  1.304817e+01  2.220097e-02  1.304817e+01  2.220097e-02 
   79415948   6.066484e+00   1.252981e-01   6.066484e+00   1.252981e-01 223200607080355190       3690        395     0 2453924.666065  1.304266e+01  2.242504e-02  1.304266e+01  2.242504e-02 
   79416105   6.071812e+00   1.229889e-01   6.071812e+00   1.229889e-01 223200607080357570       3693        415     0 2453924.667882  1.304170e+01  2.199245e-02  1.304170e+01  2.199245e-02 
   79416172   6.046000e+00   1.243128e-01   6.046000e+00   1.243128e-01 223200607080359030       3697        389     0 2453924.668657  1.304633e+01  2.232409e-02  1.304633e+01  2.232409e-02 
   79416230   6.145431e+00   1.230230e-01   6.145431e+00   1.230230e-01 223200607080400010       3698        386     0 2453924.669329  1.302862e+01  2.173502e-02  1.302862e+01  2.173502e-02 
   79502435   7.285750e+00   1.784736e-01   7.285750e+00   1.784736e-01 223200607090356460       3702        388     0 2453925.667072  1.284381e+01  2.659657e-02  1.284381e+01  2.659657e-02 
   79502487   7.102753e+00   1.763062e-01   7.102753e+00   1.763062e-01 223200607090357380       3702        386     0 2453925.667674  1.287143e+01  2.695049e-02  1.287143e+01  2.695049e-02 
   79502556   7.031934e+00   1.725131e-01   7.031934e+00   1.725131e-01 223200607090358470       3703        383     0 2453925.668472  1.288231e+01  2.663625e-02  1.288231e+01  2.663625e-02 
   79502710   6.812739e+00   1.685635e-01   6.812739e+00   1.685635e-01 223200607090401200       3700        365     0 2453925.670255  1.291670e+01  2.686382e-02  1.291670e+01  2.686382e-02 
   80278187   7.180421e+00   1.927341e-01   7.180421e+00   1.927341e-01 223200607180325470       3733        344     0 2453934.645683  1.285962e+01  2.914301e-02  1.285962e+01  2.914301e-02 
   80278249   7.248380e+00   1.836401e-01   7.248380e+00   1.836401e-01 223200607180326500       3736        317     0 2453934.646400  1.284940e+01  2.750758e-02  1.284940e+01  2.750758e-02 
   80278324   8.142965e+00   2.124172e-01   8.142965e+00   2.124172e-01 223200607180328050       3732        338     0 2453934.647269  1.272304e+01  2.832259e-02  1.272304e+01  2.832259e-02 
   80278402   5.991232e+00   2.695568e-01   5.991232e+00   2.695568e-01 223200607180329220       3737        313     0 2453934.648171  1.305621e+01  4.884949e-02  1.305621e+01  4.884949e-02 
   80364279   6.463846e+00   1.463253e-01   6.463846e+00   1.463253e-01 223200607190320380       3728        328     0 2453935.642118  1.297377e+01  2.457844e-02  1.297377e+01  2.457844e-02 
   80364335   6.588280e+00   1.465934e-01   6.588280e+00   1.465934e-01 223200607190321350       3728        327     0 2453935.642766  1.295307e+01  2.415840e-02  1.295307e+01  2.415840e-02 
   80364395   6.610779e+00   1.457816e-01   6.610779e+00   1.457816e-01 223200607190322340       3728        325     0 2453935.643461  1.294937e+01  2.394285e-02  1.294937e+01  2.394285e-02 
   80364456   6.589862e+00   1.445373e-01   6.589862e+00   1.445373e-01 223200607190323360       3729        323     0 2453935.644167  1.295281e+01  2.381384e-02  1.295281e+01  2.381384e-02 
   80450494   6.547103e+00   1.345799e-01   6.547103e+00   1.345799e-01 223200607200317340       3733        320     0 2453936.639977  1.295988e+01  2.231808e-02  1.295988e+01  2.231808e-02 
   80450555   6.336931e+00   1.340393e-01   6.336931e+00   1.340393e-01 223200607200318350       3732        318     0 2453936.640683  1.299530e+01  2.296566e-02  1.299530e+01  2.296566e-02 
   80450619   6.530705e+00   1.349311e-01   6.530705e+00   1.349311e-01 223200607200319380       3732        316     0 2453936.641424  1.296260e+01  2.243251e-02  1.296260e+01  2.243251e-02 
   80450676   6.391711e+00   1.347121e-01   6.391711e+00   1.347121e-01 223200607200320360       3733        314     0 2453936.642083  1.298596e+01  2.288313e-02  1.298596e+01  2.288313e-02 
   80967425   6.129103e+00   1.233941e-01   6.129103e+00   1.233941e-01 223200607260253020       3691        355     0 2453942.622975  1.303151e+01  2.185865e-02  1.303151e+01  2.185865e-02 
   80967484   6.011009e+00   1.211030e-01   6.011009e+00   1.211030e-01 223200607260254000       3693        353     0 2453942.623657  1.305263e+01  2.187426e-02  1.305263e+01  2.187426e-02 
   80967544   5.807210e+00   1.190450e-01   5.807210e+00   1.190450e-01 223200607260255010       3694        351     0 2453942.624352  1.309008e+01  2.225714e-02  1.309008e+01  2.225714e-02 
   80967600   5.988056e+00   1.202869e-01   5.988056e+00   1.202869e-01 223200607260255560       3695        348     0 2453942.625000  1.305679e+01  2.181014e-02  1.305679e+01  2.181014e-02 
   81053645   6.404500e+00   1.340721e-01   6.404500e+00   1.340721e-01 223200607270250020       3688        351     0 2453943.620891  1.298379e+01  2.272893e-02  1.298379e+01  2.272893e-02 
   81053707   6.397632e+00   1.383412e-01   6.397632e+00   1.383412e-01 223200607270251040       3689        348     0 2453943.621609  1.298495e+01  2.347783e-02  1.298495e+01  2.347783e-02 
   81053763   5.964393e+00   1.335150e-01   5.964393e+00   1.335150e-01 223200607270251590       3689        346     0 2453943.622257  1.306108e+01  2.430466e-02  1.306108e+01  2.430466e-02 
   81053825   6.199869e+00   1.321401e-01   6.199869e+00   1.321401e-01 223200607270253010       3690        344     0 2453943.622975  1.301904e+01  2.314077e-02  1.301904e+01  2.314077e-02 
   81139822   6.007507e+00   7.781403e-01   6.007507e+00   7.781403e-01 223200607280246190       3705        342     0 2453944.618310  1.305326e+01  1.406337e-01  1.305326e+01  1.406337e-01 
   81139881   3.875952e+00   1.314353e+00   3.875952e+00   1.314353e+00 223200607280247170       3706        340     0 2453944.618993  1.352905e+01  3.681795e-01  1.352905e+01  3.681795e-01 
   81139935   4.677894e+00   8.208608e-01   4.677894e+00   8.208608e-01 223200607280248110       3707        338     0 2453944.619618  1.332487e+01  1.905219e-01  1.332487e+01  1.905219e-01 
   81139989   4.638973e+00   5.340492e-01   4.638973e+00   5.340492e-01 223200607280249060       3707        336     0 2453944.620243  1.333395e+01  1.249929e-01  1.333395e+01  1.249929e-01 
   82346056   8.790728e+00   4.073044e-01   8.790728e+00   4.073044e-01 223200608110150170       3704        380     0 2453958.579352  1.263994e+01  5.030604e-02  1.263994e+01  5.030604e-02 
   82346112   9.147343e+00   3.665763e-01   9.147343e+00   3.665763e-01 224200608110151120      27975       2152     0 2453958.580000  1.259676e+01  4.351062e-02  1.259676e+01  4.351062e-02 
   82346112   8.004283e+00   4.044884e-01   8.004283e+00   4.044884e-01 223200608110151120       3707        378     0 2453958.580000  1.274169e+01  5.486678e-02  1.274169e+01  5.486678e-02 
   82346167   7.954106e+00   4.063697e-01   7.954106e+00   4.063697e-01 223200608110152070       3707        374     0 2453958.580637  1.274852e+01  5.546969e-02  1.274852e+01  5.546969e-02 
   82346226   9.133002e+00   3.663578e-01   9.133002e+00   3.663578e-01 224200608110153070      27972       2156     0 2453958.581319  1.259847e+01  4.355296e-02  1.259847e+01  4.355296e-02 
   82346226   7.764705e+00   4.036164e-01   7.764705e+00   4.036164e-01 223200608110153070       3707        372     0 2453958.581319  1.277469e+01  5.643775e-02  1.277469e+01  5.643775e-02 
   82518411   1.360688e+01   3.836130e-01   1.360688e+01   3.836130e-01 224200608130142530      27938       2231     0 2453960.574201  1.216560e+01  3.060980e-02  1.216560e+01  3.060980e-02 
   82518411   7.517456e+00   2.638787e-01   7.517456e+00   2.638787e-01 223200608130142530       3706        352     0 2453960.574201  1.280982e+01  3.811178e-02  1.280982e+01  3.811178e-02 
   82518470   1.336489e+01   3.827183e-01   1.336489e+01   3.827183e-01 224200608130143530      27934       2232     0 2453960.574884  1.218509e+01  3.109137e-02  1.218509e+01  3.109137e-02 
   82518470   7.704366e+00   2.625934e-01   7.704366e+00   2.625934e-01 223200608130143520       3707        350     0 2453960.574884  1.278316e+01  3.700605e-02  1.278316e+01  3.700605e-02 
   82518532   1.362788e+01   3.819517e-01   1.362788e+01   3.819517e-01 224200608130144550      27933       2233     0 2453960.575602  1.216393e+01  3.043028e-02  1.216393e+01  3.043028e-02 
   82518532   7.856053e+00   2.648026e-01   7.856053e+00   2.648026e-01 223200608130144550       3706        345     0 2453960.575602  1.276199e+01  3.659685e-02  1.276199e+01  3.659685e-02 
   82518610   8.122808e+00   2.657666e-01   8.122808e+00   2.657666e-01 223200608130146120       3703        364     0 2453960.576505  1.272573e+01  3.552385e-02  1.272573e+01  3.552385e-02 
   82604592   9.058913e+00   2.059715e-01   9.058913e+00   2.059715e-01 224200608140139160      27912       2242     0 2453961.571667  1.260731e+01  2.468635e-02  1.260731e+01  2.468635e-02 
   82604592   7.491529e+00   2.167547e-01   7.491529e+00   2.167547e-01 223200608140139160       3706        370     0 2453961.571667  1.281357e+01  3.141405e-02  1.281357e+01  3.141405e-02 
   82604648   8.697346e+00   2.048229e-01   8.697346e+00   2.048229e-01 224200608140140120      27908       2241     0 2453961.572315  1.265153e+01  2.556923e-02  1.265153e+01  2.556923e-02 
   82604648   7.754878e+00   2.160189e-01   7.754878e+00   2.160189e-01 223200608140140120       3713        367     0 2453961.572315  1.277606e+01  3.024423e-02  1.277606e+01  3.024423e-02 
   82604705   8.652597e+00   2.046084e-01   8.652597e+00   2.046084e-01 224200608140141080      27904       2238     0 2453961.572975  1.265713e+01  2.567455e-02  1.265713e+01  2.567455e-02 
   82604705   7.069201e+00   2.198512e-01   7.069201e+00   2.198512e-01 223200608140141080       3726        364     0 2453961.572975  1.287657e+01  3.376637e-02  1.287657e+01  3.376637e-02 
   82604759   8.868668e+00   2.045601e-01   8.868668e+00   2.045601e-01 224200608140142030      27904       2240     0 2453961.573600  1.263035e+01  2.504312e-02  1.263035e+01  2.504312e-02 
   82604759   7.497392e+00   2.247424e-01   7.497392e+00   2.247424e-01 223200608140142030       3726        362     0 2453961.573600  1.281272e+01  3.254623e-02  1.281272e+01  3.254623e-02 
   82863065   8.597163e+00   1.450438e-01   8.597163e+00   1.450438e-01 224200608170127120      27923       2217     0 2453964.563252  1.266411e+01  1.831765e-02  1.266411e+01  1.831765e-02 
   82863065   6.513849e+00   1.506289e-01   6.513849e+00   1.506289e-01 223200608170127120       3696        379     0 2453964.563252  1.296541e+01  2.510709e-02  1.296541e+01  2.510709e-02 
   82863133   8.805962e+00   1.450867e-01   8.805962e+00   1.450867e-01 224200608170128190      27914       2240     0 2453964.564039  1.263806e+01  1.788861e-02  1.263806e+01  1.788861e-02 
   82863133   6.798837e+00   1.537346e-01   6.798837e+00   1.537346e-01 223200608170128190       3703        349     0 2453964.564039  1.291891e+01  2.455063e-02  1.291891e+01  2.455063e-02 
   82863189   8.797025e+00   1.451206e-01   8.797025e+00   1.451206e-01 224200608170129150      27912       2240     0 2453964.564687  1.263916e+01  1.791097e-02  1.263916e+01  1.791097e-02 
   82863189   6.703133e+00   1.534581e-01   6.703133e+00   1.534581e-01 223200608170129150       3704        346     0 2453964.564687  1.293431e+01  2.485638e-02  1.293431e+01  2.485638e-02 
   82863249   8.766547e+00   1.453440e-01   8.766547e+00   1.453440e-01 224200608170130160      27911       2241     0 2453964.565382  1.264293e+01  1.800090e-02  1.264293e+01  1.800090e-02 
   82863249   6.506024e+00   1.523322e-01   6.506024e+00   1.523322e-01 223200608170130160       3705        344     0 2453964.565382  1.296671e+01  2.542155e-02  1.296671e+01  2.542155e-02 
   82949238   8.970041e+00   1.211687e-01   8.970041e+00   1.211687e-01 224200608180123250      27984       2188     0 2453965.560625  1.261801e+01  1.466634e-02  1.261801e+01  1.466634e-02 
   82949238   6.091471e+00   1.256646e-01   6.091471e+00   1.256646e-01 223200608180123250       3699        328     0 2453965.560625  1.303819e+01  2.239837e-02  1.303819e+01  2.239837e-02 
   82949300   8.941256e+00   1.227109e-01   8.941256e+00   1.227109e-01 224200608180124270      27979       2189     0 2453965.561343  1.262150e+01  1.490083e-02  1.262150e+01  1.490083e-02 
   82949300   5.778604e+00   1.248202e-01   5.778604e+00   1.248202e-01 223200608180124270       3702        327     0 2453965.561343  1.309544e+01  2.345243e-02  1.309544e+01  2.345243e-02 
   82949363   8.891441e+00   1.217759e-01   8.891441e+00   1.217759e-01 224200608180125310      27978       2191     0 2453965.562072  1.262757e+01  1.487013e-02  1.262757e+01  1.487013e-02 
   82949363   6.160527e+00   1.257870e-01   6.160527e+00   1.257870e-01 223200608180125310       3702        324     0 2453965.562072  1.302596e+01  2.216888e-02  1.302596e+01  2.216888e-02 
   82949454   9.051526e+00   1.229284e-01   9.051526e+00   1.229284e-01 224200608180127020      27980       2171     0 2453965.563125  1.260820e+01  1.474539e-02  1.260820e+01  1.474539e-02 
   82949454   5.965725e+00   1.259592e-01   5.965725e+00   1.259592e-01 223200608180127020       3699        342     0 2453965.563125  1.306084e+01  2.292412e-02  1.306084e+01  2.292412e-02 
   83724663   8.446575e+00   1.197374e-01   8.446575e+00   1.197374e-01 224200608270047250      27960       2226     0 2453974.535451  1.268330e+01  1.539129e-02  1.268330e+01  1.539129e-02 
   83724663   6.024771e+00   1.226990e-01   6.024771e+00   1.226990e-01 223200608270047250       3680        378     0 2453974.535451  1.305015e+01  2.211191e-02  1.305015e+01  2.211191e-02 
   83724727   8.584270e+00   1.199453e-01   8.584270e+00   1.199453e-01 224200608270048280      27954       2248     0 2453974.536192  1.266574e+01  1.517070e-02  1.266574e+01  1.517070e-02 
   83724727   6.111814e+00   1.236575e-01   6.111814e+00   1.236575e-01 223200608270048280       3683        345     0 2453974.536192  1.303457e+01  2.196727e-02  1.303457e+01  2.196727e-02 
   83724802   8.299303e+00   1.189089e-01   8.299303e+00   1.189089e-01 224200608270049440      27956       2228     0 2453974.537060  1.270240e+01  1.555602e-02  1.270240e+01  1.555602e-02 
   83724802   5.793261e+00   1.205295e-01   5.793261e+00   1.205295e-01 223200608270049440       3680        365     0 2453974.537060  1.309269e+01  2.258896e-02  1.309269e+01  2.258896e-02 
   83724864   8.714917e+00   1.189391e-01   8.714917e+00   1.189391e-01 224200608270050460      27952       2251     0 2453974.537778  1.264934e+01  1.481793e-02  1.264934e+01  1.481793e-02 
   83724864   6.012920e+00   1.220612e-01   6.012920e+00   1.220612e-01 223200608270050460       3683        338     0 2453974.537778  1.305229e+01  2.204033e-02  1.305229e+01  2.204033e-02 
   83810829   8.256087e+00   1.146064e-01   8.256087e+00   1.146064e-01 224200608280043330      27956       2229     0 2453975.532743  1.270806e+01  1.507164e-02  1.270806e+01  1.507164e-02 
   83810829   5.868588e+00   1.184671e-01   5.868588e+00   1.184671e-01 223200608280043330       3684        367     0 2453975.532743  1.307867e+01  2.191745e-02  1.307867e+01  2.191745e-02 
   83810881   8.471905e+00   1.152641e-01   8.471905e+00   1.152641e-01 224200608280044250      27954       2231     0 2453975.533345  1.268005e+01  1.477198e-02  1.268005e+01  1.477198e-02 
   83810881   6.048495e+00   1.199933e-01   6.048495e+00   1.199933e-01 223200608280044250       3686        365     0 2453975.533345  1.304588e+01  2.153949e-02  1.304588e+01  2.153949e-02 
   83810952   6.039324e+00   1.193696e-01   6.039324e+00   1.193696e-01 223200608280045350       3685        361     0 2453975.534167  1.304753e+01  2.146007e-02  1.304753e+01  2.146007e-02 
   83810953   8.456635e+00   1.145824e-01   8.456635e+00   1.145824e-01 224200608280045360      27954       2233     0 2453975.534178  1.268201e+01  1.471114e-02  1.268201e+01  1.471114e-02 
   83811009   8.542995e+00   1.144885e-01   8.542995e+00   1.144885e-01 224200608280046320      27953       2234     0 2453975.534826  1.267097e+01  1.455049e-02  1.267097e+01  1.455049e-02 
   83811009   5.960096e+00   1.192970e-01   5.960096e+00   1.192970e-01 223200608280046320       3685        358     0 2453975.534826  1.306187e+01  2.173211e-02  1.306187e+01  2.173211e-02 
   84328661   8.582785e+00   2.769226e-01   8.582785e+00   2.769226e-01 224200609030034170      27960       2290     0 2453981.526169  1.266593e+01  3.503129e-02  1.266593e+01  3.503129e-02 
   84328661   7.895164e+00   2.960328e-01   7.895164e+00   2.960328e-01 223200609030034170       3674        298     0 2453981.526169  1.275660e+01  4.071031e-02  1.275660e+01  4.071031e-02 
   84328733   8.901254e+00   2.785478e-01   8.901254e+00   2.785478e-01 224200609030035290      27963       2269     0 2453981.527002  1.262637e+01  3.397616e-02  1.262637e+01  3.397616e-02 
   84328733   7.728946e+00   3.014891e-01   7.728946e+00   3.014891e-01 223200609030035280       3670        316     0 2453981.527002  1.277970e+01  4.235232e-02  1.277970e+01  4.235232e-02 
   84328800   8.761250e+00   2.894698e-01   8.761250e+00   2.894698e-01 224200609030036350      27961       2291     0 2453981.527778  1.264359e+01  3.587262e-02  1.264359e+01  3.587262e-02 
   84328800   7.479727e+00   3.160106e-01   7.479727e+00   3.160106e-01 223200609030036350       3670        283     0 2453981.527778  1.281529e+01  4.587137e-02  1.281529e+01  4.587137e-02 
   84328857   8.498416e+00   2.962470e-01   8.498416e+00   2.962470e-01 224200609030037320      27959       2292     0 2453981.528437  1.267665e+01  3.784790e-02  1.267665e+01  3.784790e-02 
   84328857   7.321774e+00   3.088032e-01   7.321774e+00   3.088032e-01 223200609030037320       3671        282     0 2453981.528437  1.283846e+01  4.579218e-02  1.283846e+01  4.579218e-02 
   84500168   8.423965e+00   4.050289e-01   8.423965e+00   4.050289e-01 224200609050012480      27960       2240     0 2453983.511204  1.268621e+01  5.220298e-02  1.268621e+01  5.220298e-02 
   84500168   8.679264e+00   4.587387e-01   8.679264e+00   4.587387e-01 223200609050012480       3682        362     0 2453983.511204  1.265379e+01  5.738631e-02  1.265379e+01  5.738631e-02 
   84500228   8.130145e+00   4.016714e-01   8.130145e+00   4.016714e-01 224200609050013480      27956       2240     0 2453983.511898  1.272475e+01  5.364120e-02  1.272475e+01  5.364120e-02 
   84500228   8.921954e+00   4.598718e-01   8.921954e+00   4.598718e-01 223200609050013480       3684        359     0 2453983.511898  1.262385e+01  5.596321e-02  1.262385e+01  5.596321e-02 
   84500290   7.866113e+00   3.984581e-01   7.866113e+00   3.984581e-01 224200609050014500      27953       2242     0 2453983.512616  1.276060e+01  5.499817e-02  1.276060e+01  5.499817e-02 
   84500290   8.632581e+00   4.562595e-01   8.632581e+00   4.562595e-01 223200609050014500       3683        355     0 2453983.512616  1.265965e+01  5.738484e-02  1.265965e+01  5.738484e-02 
   84500368   8.819449e+00   4.023546e-01   8.819449e+00   4.023546e-01 224200609050016080      27956       2221     0 2453983.513519  1.263640e+01  4.953285e-02  1.263640e+01  4.953285e-02 
   84500368   8.149701e+00   4.567075e-01   8.149701e+00   4.567075e-01 223200609050016080       3680        375     0 2453983.513519  1.272215e+01  6.084463e-02  1.272215e+01  6.084463e-02 
   84844841   8.567942e+00   5.583771e-01   8.567942e+00   5.583771e-01 224200609082357310      27961       2210     0 2453987.500475  1.266781e+01  7.075823e-02  1.266781e+01  7.075823e-02 
   84844841   9.079028e+00   6.264200e-01   9.079028e+00   6.264200e-01 223200609082357310       3693        370     0 2453987.500475  1.260490e+01  7.491212e-02  1.260490e+01  7.491212e-02 
   84844897   8.145277e+00   6.208944e-01   8.145277e+00   6.208944e-01 223200609082358260       3694        366     0 2453987.501123  1.272274e+01  8.276328e-02  1.272274e+01  8.276328e-02 
   84844898   8.278721e+00   5.594546e-01   8.278721e+00   5.594546e-01 224200609082358270      27959       2212     0 2453987.501134  1.270509e+01  7.337150e-02  1.270509e+01  7.337150e-02 
   84844954   9.031452e+00   5.579721e-01   9.031452e+00   5.579721e-01 224200609082359230      27959       2213     0 2453987.501782  1.261061e+01  6.707810e-02  1.261061e+01  6.707810e-02 
   84844954   8.490789e+00   6.248131e-01   8.490789e+00   6.248131e-01 223200609082359230       3693        363     0 2453987.501782  1.267763e+01  7.989652e-02  1.267763e+01  7.989652e-02 
   84845016   8.689093e+00   5.566314e-01   8.689093e+00   5.566314e-01 224200609090000260      27958       2215     0 2453987.502500  1.265256e+01  6.955352e-02  1.265256e+01  6.955352e-02 
   84845016   8.274829e+00   6.294416e-01   8.274829e+00   6.294416e-01 223200609090000260       3693        360     0 2453987.502500  1.270560e+01  8.258900e-02  1.270560e+01  8.258900e-02 
   85017141   8.503216e+00   3.052278e-01   8.503216e+00   3.052278e-01 224200609102349160      27972       2255     0 2453989.494687  1.267604e+01  3.897326e-02  1.267604e+01  3.897326e-02 
   85017141   8.208224e+00   3.468708e-01   8.208224e+00   3.468708e-01 223200609102349160       3667        323     0 2453989.494687  1.271438e+01  4.588222e-02  1.271438e+01  4.588222e-02 
   85017208   8.128130e+00   3.924924e-01   8.128130e+00   3.924924e-01 224200609102350220      27970       2255     0 2453989.495463  1.272502e+01  5.242838e-02  1.272502e+01  5.242838e-02 
   85017208   7.246696e+00   4.439611e-01   7.246696e+00   4.439611e-01 223200609102350220       3669        320     0 2453989.495463  1.284965e+01  6.651670e-02  1.284965e+01  6.651670e-02 
   85017267   8.760620e+00   3.596182e-01   8.760620e+00   3.596182e-01 224200609102351210      27967       2256     0 2453989.496146  1.264366e+01  4.456897e-02  1.264366e+01  4.456897e-02 
   85017267   8.016217e+00   3.949495e-01   8.016217e+00   3.949495e-01 223200609102351210       3669        318     0 2453989.496146  1.274008e+01  5.349312e-02  1.274008e+01  5.349312e-02 
   85017325   8.474207e+00   3.465928e-01   8.474207e+00   3.465928e-01 224200609102352200      27968       2257     0 2453989.496817  1.267975e+01  4.440647e-02  1.267975e+01  4.440647e-02 
   85017325   7.971416e+00   4.031733e-01   7.971416e+00   4.031733e-01 223200609102352200       3667        311     0 2453989.496817  1.274616e+01  5.491388e-02  1.274616e+01  5.491388e-02 
   85361734   8.712590e+00   1.195139e-01   8.712590e+00   1.195139e-01 224200609142332380      27945       2237     0 2453993.483032  1.264963e+01  1.489351e-02  1.264963e+01  1.489351e-02 
   85361734   5.948189e+00   1.214049e-01   5.948189e+00   1.214049e-01 223200609142332380       3671        277     0 2453993.483032  1.306404e+01  2.216039e-02  1.306404e+01  2.216039e-02 
   85361787   8.419934e+00   1.187332e-01   8.419934e+00   1.187332e-01 224200609142333310      27941       2238     0 2453993.483646  1.268673e+01  1.531050e-02  1.268673e+01  1.531050e-02 
   85361791   5.902723e+00   1.211860e-01   5.902723e+00   1.211860e-01 223200609142333360       3672        274     0 2453993.483692  1.307237e+01  2.229081e-02  1.307237e+01  2.229081e-02 
   85361852   8.499629e+00   1.180385e-01   8.499629e+00   1.180385e-01 224200609142334370      27939       2239     0 2453993.484398  1.267650e+01  1.507820e-02  1.267650e+01  1.507820e-02 
   85361852   6.081958e+00   1.214555e-01   6.081958e+00   1.214555e-01 223200609142334370       3673        270     0 2453993.484398  1.303989e+01  2.168201e-02  1.303989e+01  2.168201e-02 
   85361927   8.418997e+00   1.191183e-01   8.418997e+00   1.191183e-01 224200609142335520      27941       2218     0 2453993.485266  1.268685e+01  1.536187e-02  1.268685e+01  1.536187e-02 
   85361927   5.838264e+00   1.202399e-01   5.838264e+00   1.202399e-01 223200609142335520       3669        290     0 2453993.485266  1.308429e+01  2.236097e-02  1.308429e+01  2.236097e-02 
   85620631   9.708035e+00   1.376674e-01   9.708035e+00   1.376674e-01 224200609172327440      27975       2201     0 2453996.479525  1.253217e+01  1.539663e-02  1.253217e+01  1.539663e-02 
   85620631   5.925661e+00   1.348107e-01   5.925661e+00   1.348107e-01 223200609172327440       3641        281     0 2453996.479525  1.306816e+01  2.470093e-02  1.306816e+01  2.470093e-02 
   85620690   9.585570e+00   1.379045e-01   9.585570e+00   1.379045e-01 224200609172328430      27972       2202     0 2453996.480208  1.254595e+01  1.562019e-02  1.254595e+01  1.562019e-02 
   85620690   6.050806e+00   1.353128e-01   6.050806e+00   1.353128e-01 223200609172328430       3641        278     0 2453996.480208  1.304547e+01  2.428015e-02  1.304547e+01  2.428015e-02 
   85620753   9.751564e+00   1.381340e-01   9.751564e+00   1.381340e-01 224200609172329460      27972       2204     0 2453996.480938  1.252731e+01  1.537986e-02  1.252731e+01  1.537986e-02 
   85620753   6.221913e+00   1.367501e-01   6.221913e+00   1.367501e-01 223200609172329460       3641        275     0 2453996.480938  1.301519e+01  2.386326e-02  1.301519e+01  2.386326e-02 
   85620807   9.523277e+00   1.372251e-01   9.523277e+00   1.372251e-01 224200609172330410      27971       2206     0 2453996.481562  1.255303e+01  1.564490e-02  1.255303e+01  1.564490e-02 
   85620807   6.142581e+00   1.360569e-01   6.142581e+00   1.360569e-01 223200609172330410       3641        272     0 2453996.481562  1.302912e+01  2.404893e-02  1.302912e+01  2.404893e-02 
   85706427   9.798733e+00   1.369189e-01   9.798733e+00   1.369189e-01 224200609182317440      27974       2158     0 2453997.472535  1.252208e+01  1.517118e-02  1.252208e+01  1.517118e-02 
   85706427   6.011095e+00   1.313350e-01   6.011095e+00   1.313350e-01 223200609182317440       3645        255     0 2453997.472535  1.305262e+01  2.372207e-02  1.305262e+01  2.372207e-02 
   85706490   9.427428e+00   1.354353e-01   9.427428e+00   1.354353e-01 224200609182318460      27968       2180     0 2453997.473264  1.256402e+01  1.559784e-02  1.256402e+01  1.559784e-02 
   85706490   6.365651e+00   1.351136e-01   6.365651e+00   1.351136e-01 223200609182318460       3648        233     0 2453997.473264  1.299039e+01  2.304528e-02  1.299039e+01  2.304528e-02 
   85706545   9.905601e+00   1.371953e-01   9.905601e+00   1.371953e-01 224200609182319420      27965       2182     0 2453997.473900  1.251030e+01  1.503780e-02  1.251030e+01  1.503780e-02 
   85706545   6.144455e+00   1.333791e-01   6.144455e+00   1.333791e-01 223200609182319410       3649        230     0 2453997.473900  1.302879e+01  2.356841e-02  1.302879e+01  2.356841e-02 
   85706622   9.648978e+00   1.351136e-01   9.648978e+00   1.351136e-01 224200609182320580      27968       2162     0 2453997.474792  1.253880e+01  1.520350e-02  1.253880e+01  1.520350e-02 
   85706622   6.029017e+00   1.317653e-01   6.029017e+00   1.317653e-01 223200609182320580       3646        252     0 2453997.474792  1.304938e+01  2.372904e-02  1.304938e+01  2.372904e-02 
   85878741   9.539764e+00   1.302401e-01   9.539764e+00   1.302401e-01 224200609202309430      27950       2203     0 2453999.466910  1.255116e+01  1.482289e-02  1.255116e+01  1.482289e-02 
   85878741   6.255340e+00   1.320094e-01   6.255340e+00   1.320094e-01 223200609202309430       3646        308     0 2453999.466910  1.300937e+01  2.291288e-02  1.300937e+01  2.291288e-02 
   85878798   9.278138e+00   1.306961e-01   9.278138e+00   1.306961e-01 224200609202310410      27943       2204     0 2453999.467569  1.258135e+01  1.529423e-02  1.258135e+01  1.529423e-02 
   85878798   6.482656e+00   1.321102e-01   6.482656e+00   1.321102e-01 223200609202310400       3648        305     0 2453999.467569  1.297062e+01  2.212631e-02  1.297062e+01  2.212631e-02 
   85878859   9.130693e+00   1.291594e-01   9.130693e+00   1.291594e-01 224200609202311410      27940       2206     0 2453999.468275  1.259874e+01  1.535847e-02  1.259874e+01  1.535847e-02 
   85878859   6.272291e+00   1.313188e-01   6.272291e+00   1.313188e-01 223200609202311410       3649        302     0 2453999.468275  1.300643e+01  2.273142e-02  1.300643e+01  2.273142e-02 
   85878919   8.943435e+00   1.286602e-01   8.943435e+00   1.286602e-01 224200609202312420      27939       2209     0 2453999.468970  1.262124e+01  1.561945e-02  1.262124e+01  1.561945e-02 
   85878919   6.232232e+00   1.326896e-01   6.232232e+00   1.326896e-01 223200609202312420       3649        300     0 2453999.468970  1.301339e+01  2.311635e-02  1.301339e+01  2.311635e-02 
   85964864   8.989846e+00   1.248247e-01   8.989846e+00   1.248247e-01 224200609212305090      27943       2223     0 2454000.463704  1.261562e+01  1.507559e-02  1.261562e+01  1.507559e-02 
   85964864   5.929073e+00   1.216703e-01   5.929073e+00   1.216703e-01 223200609212305090       3660        302     0 2454000.463704  1.306753e+01  2.228044e-02  1.306753e+01  2.228044e-02 
   85965017   8.628262e+00   1.227810e-01   8.628262e+00   1.227810e-01 224200609212307420      27938       2225     0 2454000.465475  1.266019e+01  1.545019e-02  1.266019e+01  1.545019e-02 
   85965017   6.135797e+00   1.232690e-01   6.135797e+00   1.232690e-01 223200609212307420       3663        295     0 2454000.465475  1.303032e+01  2.181266e-02  1.303032e+01  2.181266e-02 
   85965080   8.788268e+00   1.230317e-01   8.788268e+00   1.230317e-01 224200609212308460      27936       2227     0 2454000.466204  1.264024e+01  1.519985e-02  1.264024e+01  1.519985e-02 
   85965080   6.037716e+00   1.220791e-01   6.037716e+00   1.220791e-01 223200609212308460       3664        292     0 2454000.466204  1.304782e+01  2.195303e-02  1.304782e+01  2.195303e-02 
   85965136   9.131568e+00   1.245121e-01   9.131568e+00   1.245121e-01 224200609212309410      27934       2229     0 2454000.466852  1.259864e+01  1.480444e-02  1.259864e+01  1.480444e-02 
   85965136   6.070370e+00   1.215915e-01   6.070370e+00   1.215915e-01 223200609212309410       3664        290     0 2454000.466852  1.304196e+01  2.174773e-02  1.304196e+01  2.174773e-02 
   86404978   8.696716e+00   1.227418e-01   8.696716e+00   1.227418e-01 224200609270120390      28043       2445     0 2454005.557616  1.265161e+01  1.532368e-02  1.265161e+01  1.532368e-02 
   86405037   8.736250e+00   1.234555e-01   8.736250e+00   1.234555e-01 224200609270121390      28039       2467     0 2454005.558299  1.264669e+01  1.534304e-02  1.264669e+01  1.534304e-02 
   86405107   8.646615e+00   1.237331e-01   8.646615e+00   1.237331e-01 224200609270122490      28040       2466     0 2454005.559109  1.265788e+01  1.553695e-02  1.265788e+01  1.553695e-02 
   86405166   8.496713e+00   1.236373e-01   8.496713e+00   1.236373e-01 224200609270123480      28039       2466     0 2454005.559792  1.267687e+01  1.579881e-02  1.267687e+01  1.579881e-02 
   87688150   6.103976e+00   1.101129e-01   6.103976e+00   1.101129e-01 223200610112147440       3322        109     0 2454020.409144  1.303597e+01  1.958625e-02  1.303597e+01  1.958625e-02 
   87860495   6.210516e+00   1.210033e-01   6.210516e+00   1.210033e-01 223200610132140170       3285        131     0 2454022.403877  1.301718e+01  2.115415e-02  1.301718e+01  2.115415e-02 
   87860562   6.307528e+00   1.209451e-01   6.307528e+00   1.209451e-01 223200610132141240       3285        127     0 2454022.404653  1.300035e+01  2.081876e-02  1.300035e+01  2.081876e-02 
   87860618   6.313330e+00   1.207992e-01   6.313330e+00   1.207992e-01 223200610132142200       3285        124     0 2454022.405301  1.299935e+01  2.077453e-02  1.299935e+01  2.077453e-02 
   87860678   6.305067e+00   1.208807e-01   6.305067e+00   1.208807e-01 223200610132143190       3284        122     0 2454022.405995  1.300078e+01  2.081580e-02  1.300078e+01  2.081580e-02 
   88033108   6.031287e+00   1.141826e-01   6.031287e+00   1.141826e-01 223200610152137170       3281        161     0 2454024.401713  1.304897e+01  2.055492e-02  1.304897e+01  2.055492e-02 
   88033169   6.111024e+00   1.142820e-01   6.111024e+00   1.142820e-01 223200610152138180       3281        157     0 2454024.402419  1.303471e+01  2.030438e-02  1.303471e+01  2.030438e-02 
   88033224   6.006170e+00   1.145919e-01   6.006170e+00   1.145919e-01 223200610152139130       3280        152     0 2454024.403056  1.305351e+01  2.071487e-02  1.305351e+01  2.071487e-02 
   88033283   6.306772e+00   1.152336e-01   6.306772e+00   1.152336e-01 223200610152140120       3280        148     0 2454024.403738  1.300048e+01  1.983800e-02  1.300048e+01  1.983800e-02 
   88377431   6.164225e+00   1.158397e-01   6.164225e+00   1.158397e-01 223200610192116140       3265        176     0 2454028.386933  1.302530e+01  2.040350e-02  1.302530e+01  2.040350e-02 
   88377483   6.393041e+00   1.180293e-01   6.393041e+00   1.180293e-01 223200610192117070       3265        173     0 2454028.387535  1.298573e+01  2.004510e-02  1.298573e+01  2.004510e-02 
   88377568   6.104398e+00   1.173524e-01   6.104398e+00   1.173524e-01 223200610192118310       3261        192     0 2454028.388519  1.303589e+01  2.087253e-02  1.303589e+01  2.087253e-02 
   88377630   6.204199e+00   1.176687e-01   6.204199e+00   1.176687e-01 223200610192119340       3261        189     0 2454028.389236  1.301829e+01  2.059212e-02  1.301829e+01  2.059212e-02 
   88463596   6.387524e+00   1.170933e-01   6.387524e+00   1.170933e-01 223200610202112230       3289        133     0 2454029.384213  1.298667e+01  1.990330e-02  1.298667e+01  1.990330e-02 
   88463668   6.325292e+00   1.163737e-01   6.325292e+00   1.163737e-01 223200610202113350       3286        128     0 2454029.385046  1.299730e+01  1.997561e-02  1.299730e+01  1.997561e-02 
   88463731   6.289073e+00   1.167266e-01   6.289073e+00   1.167266e-01 223200610202114380       3286        125     0 2454029.385775  1.300353e+01  2.015158e-02  1.300353e+01  2.015158e-02 
   88463790   6.208998e+00   1.162286e-01   6.208998e+00   1.162286e-01 223200610202115380       3285        123     0 2454029.386458  1.301745e+01  2.032439e-02  1.301745e+01  2.032439e-02 
   88637606   6.698212e+00   1.216105e+00   6.698212e+00   1.216105e+00 223200610222132420       3282        113     0 2454031.398218  1.293510e+01  1.971233e-01  1.293510e+01  1.971233e-01 
   88637816   8.202024e+00   2.421845e+00   8.202024e+00   2.421845e+00 223200610222136110       3277        100     0 2454031.400648  1.271520e+01  3.205909e-01  1.271520e+01  3.205909e-01 
   88722096   6.186945e+00   1.184471e-01   6.186945e+00   1.184471e-01 223200610232100550       3272        162     0 2454032.376111  1.302131e+01  2.078615e-02  1.302131e+01  2.078615e-02 
   88722150   6.338574e+00   1.184197e-01   6.338574e+00   1.184197e-01 223200610232101500       3273        160     0 2454032.376736  1.299502e+01  2.028421e-02  1.299502e+01  2.028421e-02 
   88722212   6.083389e+00   1.178992e-01   6.083389e+00   1.178992e-01 223200610232102520       3272        157     0 2454032.377454  1.303964e+01  2.104221e-02  1.303964e+01  2.104221e-02 
   88722279   6.309222e+00   1.190030e-01   6.309222e+00   1.190030e-01 223200610232103590       3273        154     0 2454032.378229  1.300006e+01  2.047897e-02  1.300006e+01  2.047897e-02 
   88980541   6.459216e+00   1.305554e-01   6.459216e+00   1.305554e-01 223200610262048320       3274        219     0 2454035.367373  1.297455e+01  2.194527e-02  1.297455e+01  2.194527e-02 
   88980595   6.251824e+00   1.300695e-01   6.251824e+00   1.300695e-01 223200610262049260       3274        215     0 2454035.367998  1.300998e+01  2.258888e-02  1.300998e+01  2.258888e-02 
   88980655   6.275646e+00   1.298014e-01   6.275646e+00   1.298014e-01 223200610262050270       3274        213     0 2454035.368692  1.300585e+01  2.245675e-02  1.300585e+01  2.245675e-02 
   88980719   6.443256e+00   1.305535e-01   6.443256e+00   1.305535e-01 223200610262051300       3270        204     0 2454035.369433  1.297724e+01  2.199931e-02  1.297724e+01  2.199931e-02 
   89066657   6.635173e+00   1.382519e-01   6.635173e+00   1.382519e-01 223200610272043520       3295        190     0 2454036.364086  1.294537e+01  2.262272e-02  1.294537e+01  2.262272e-02 
   89066720   6.603541e+00   1.397450e-01   6.603541e+00   1.397450e-01 223200610272044550       3294        187     0 2454036.364815  1.295056e+01  2.297657e-02  1.295056e+01  2.297657e-02 
   89066776   6.778766e+00   1.418298e-01   6.778766e+00   1.418298e-01 223200610272045520       3293        183     0 2454036.365463  1.292212e+01  2.271657e-02  1.292212e+01  2.271657e-02 
   89066841   6.464917e+00   1.412044e-01   6.464917e+00   1.412044e-01 223200610272046560       3293        181     0 2454036.366215  1.297359e+01  2.371434e-02  1.297359e+01  2.371434e-02 
   89152856   8.111782e+00   2.184422e-01   8.111782e+00   2.184422e-01 223200610282040350       3278        203     0 2454037.361759  1.272721e+01  2.923790e-02  1.272721e+01  2.923790e-02 
   89152929   6.665458e+00   2.028437e-01   6.665458e+00   2.028437e-01 223200610282041480       3280        173     0 2454037.362604  1.294042e+01  3.304132e-02  1.294042e+01  3.304132e-02 
   89152990   7.240885e+00   1.772972e-01   7.240885e+00   1.772972e-01 223200610282042490       3279        171     0 2454037.363310  1.285052e+01  2.658497e-02  1.285052e+01  2.658497e-02 
   89238977   6.982967e+00   1.839054e-01   6.982967e+00   1.839054e-01 223200610292035590       3271        164     0 2454038.358530  1.288990e+01  2.859436e-02  1.288990e+01  2.859436e-02 
   89239032   7.309025e+00   1.841691e-01   7.309025e+00   1.841691e-01 223200610292036550       3272        160     0 2454038.359167  1.284035e+01  2.735792e-02  1.284035e+01  2.735792e-02 
   89239079   7.024426e+00   1.834912e-01   7.024426e+00   1.834912e-01 223200610292037410       3271        152     0 2454038.359711  1.288347e+01  2.836157e-02  1.288347e+01  2.836157e-02 
   89239157   7.154578e+00   1.842320e-01   7.154578e+00   1.842320e-01 223200610292038590       3270        150     0 2454038.360613  1.286354e+01  2.795805e-02  1.286354e+01  2.795805e-02 
   89411353   8.648787e+00   2.825928e-01   8.648787e+00   2.825928e-01 223200610312029020       3264        164     0 2454040.353623  1.265761e+01  3.547576e-02  1.265761e+01  3.547576e-02 
   89411426   8.639368e+00   2.816468e-01   8.639368e+00   2.816468e-01 223200610312030160       3262        182     0 2454040.354468  1.265880e+01  3.539554e-02  1.265880e+01  3.539554e-02 
   89411496   8.669819e+00   2.885327e-01   8.669819e+00   2.885327e-01 223200610312031250       3264        152     0 2454040.355278  1.265497e+01  3.613357e-02  1.265497e+01  3.613357e-02 
   89411553   9.004227e+00   2.859490e-01   9.004227e+00   2.859490e-01 223200610312032230       3264        149     0 2454040.355938  1.261388e+01  3.448006e-02  1.261388e+01  3.448006e-02 
   89842113   8.506707e+00   4.106425e-01   8.506707e+00   4.106425e-01 223200611052008420       3276        166     0 2454045.339271  1.267560e+01  5.241170e-02  1.267560e+01  5.241170e-02 
   89842171   8.028457e+00   4.070799e-01   8.028457e+00   4.070799e-01 223200611052009400       3276        162     0 2454045.339942  1.273842e+01  5.505204e-02  1.273842e+01  5.505204e-02 
   89842244   8.373180e+00   4.080187e-01   8.373180e+00   4.080187e-01 223200611052010530       3276        158     0 2454045.340787  1.269277e+01  5.290728e-02  1.269277e+01  5.290728e-02 
   89842303   8.546985e+00   4.102075e-01   8.546985e+00   4.102075e-01 223200611052011520       3276        156     0 2454045.341470  1.267047e+01  5.210946e-02  1.267047e+01  5.210946e-02 
   89928297   8.622161e+00   3.164173e-01   8.622161e+00   3.164173e-01 223200611062005110       3279        183     0 2454046.336771  1.266096e+01  3.984464e-02  1.266096e+01  3.984464e-02 
   89928366   7.648498e+00   3.121480e-01   7.648498e+00   3.121480e-01 223200611062006190       3279        179     0 2454046.337569  1.279106e+01  4.431086e-02  1.279106e+01  4.431086e-02 
   89928420   8.005713e+00   3.112110e-01   8.005713e+00   3.112110e-01 223200611062007140       3280        176     0 2454046.338194  1.274150e+01  4.220664e-02  1.274150e+01  4.220664e-02 
   89928484   7.738580e+00   3.124242e-01   7.738580e+00   3.124242e-01 223200611062008180       3280        174     0 2454046.338935  1.277835e+01  4.383381e-02  1.277835e+01  4.383381e-02 
   90014486   6.870409e+00   2.089738e-01   6.870409e+00   2.089738e-01 223200611072001430       3287        190     0 2454047.334329  1.290754e+01  3.302441e-02  1.290754e+01  3.302441e-02 
   90014540   7.218718e+00   1.926180e-01   7.218718e+00   1.926180e-01 223200611072002370       3287        187     0 2454047.334954  1.285385e+01  2.897095e-02  1.285385e+01  2.897095e-02 
   90014629   7.548732e+00   1.922012e-01   7.548732e+00   1.922012e-01 223200611072004050       3283        206     0 2454047.335984  1.280532e+01  2.764445e-02  1.280532e+01  2.764445e-02 
   90014691   7.601176e+00   1.976616e-01   7.601176e+00   1.976616e-01 223200611072005080       3282        203     0 2454047.336701  1.279780e+01  2.823367e-02  1.279780e+01  2.823367e-02 
   90272975   6.586252e+00   1.293614e-01   6.586252e+00   1.293614e-01 223200611101950030       3283        174     0 2454050.326100  1.295340e+01  2.132515e-02  1.295340e+01  2.132515e-02 
   90273029   6.129731e+00   1.287994e-01   6.129731e+00   1.287994e-01 223200611101950570       3283        171     0 2454050.326725  1.303140e+01  2.281383e-02  1.303140e+01  2.281383e-02 
   90273077   6.468659e+00   1.333298e-01   6.468659e+00   1.333298e-01 223200611101951450       3282        167     0 2454050.327280  1.297296e+01  2.237890e-02  1.297296e+01  2.237890e-02 
   90273142   6.354629e+00   1.289412e-01   6.354629e+00   1.289412e-01 223200611101952500       3281        165     0 2454050.328032  1.299227e+01  2.203065e-02  1.299227e+01  2.203065e-02 
   90617591   6.170681e+00   1.219014e-01   6.170681e+00   1.219014e-01 223200611141933540       3273        198     0 2454054.314711  1.302417e+01  2.144872e-02  1.302417e+01  2.144872e-02 
   90617653   6.233891e+00   1.220336e-01   6.233891e+00   1.220336e-01 223200611141934560       3274        194     0 2454054.315428  1.301310e+01  2.125426e-02  1.301310e+01  2.125426e-02 
   90617713   6.188191e+00   1.222011e-01   6.188191e+00   1.222011e-01 223200611141935570       3278        168     0 2454054.316123  1.302109e+01  2.144062e-02  1.302109e+01  2.144062e-02 
   90617764   6.200384e+00   1.221943e-01   6.200384e+00   1.221943e-01 223200611141936470       3277        166     0 2454054.316713  1.301895e+01  2.139727e-02  1.301895e+01  2.139727e-02 
   94935179   8.106239e+00   3.616182e-01   8.106239e+00   3.616182e-01 224200701031856070      27185       2107     0 2454104.286794  1.272795e+01  4.843471e-02  1.272795e+01  4.843471e-02 
   94935245   8.883710e+00   3.580832e-01   8.883710e+00   3.580832e-01 224200701031857140      27185       2107     0 2454104.287558  1.262851e+01  4.376383e-02  1.262851e+01  4.376383e-02 
   94935303   8.999646e+00   3.540016e-01   8.999646e+00   3.540016e-01 224200701031858120      27185       2107     0 2454104.288229  1.261444e+01  4.270764e-02  1.261444e+01  4.270764e-02 
   94935368   8.548791e+00   3.493440e-01   8.548791e+00   3.493440e-01 224200701031859170      27186       2107     0 2454104.288981  1.267024e+01  4.436848e-02  1.267024e+01  4.436848e-02 
   95021609   8.871325e+00   2.755206e-01   8.871325e+00   2.755206e-01 224200701041856390      27187       2094     0 2454105.287141  1.263003e+01  3.372029e-02  1.263003e+01  3.372029e-02 
   95021681   8.313543e+00   2.615164e-01   8.313543e+00   2.615164e-01 224200701041857500      27184       2117     0 2454105.287975  1.270053e+01  3.415377e-02  1.270053e+01  3.415377e-02 
   95021746   8.846753e+00   2.521151e-01   8.846753e+00   2.521151e-01 224200701041858560      27184       2116     0 2454105.288727  1.263304e+01  3.094146e-02  1.263304e+01  3.094146e-02 
   95021802   8.780232e+00   2.449483e-01   8.780232e+00   2.449483e-01 224200701041859510      27185       2116     0 2454105.289375  1.264124e+01  3.028965e-02  1.264124e+01  3.028965e-02 
   95107966   8.630303e+00   2.294987e-01   8.630303e+00   2.294987e-01 224200701051855570      27207       2129     0 2454106.286644  1.265993e+01  2.887220e-02  1.265993e+01  2.887220e-02 
   95108020   7.886597e+00   2.171818e-01   7.886597e+00   2.171818e-01 224200701051856510      27207       2129     0 2454106.287269  1.275778e+01  2.989921e-02  1.275778e+01  2.989921e-02 
   95108074   8.563143e+00   2.075213e-01   8.563143e+00   2.075213e-01 224200701051857460      27208       2129     0 2454106.287894  1.266842e+01  2.631209e-02  1.266842e+01  2.631209e-02 
   95280698   8.828590e+00   2.186568e-01   8.828590e+00   2.186568e-01 224200701071854530      27229       2117     0 2454108.285856  1.263527e+01  2.689041e-02  1.263527e+01  2.689041e-02 
   95280828   8.517917e+00   1.914988e-01   8.517917e+00   1.914988e-01 224200701071857030      27216       2061     0 2454108.287361  1.267417e+01  2.440949e-02  1.267417e+01  2.440949e-02 
   95280884   8.643420e+00   1.826881e-01   8.643420e+00   1.826881e-01 224200701071857590      27218       2062     0 2454108.288009  1.265829e+01  2.294830e-02  1.265829e+01  2.294830e-02 
   95280940   8.688143e+00   1.750374e-01   8.688143e+00   1.750374e-01 224200701071858540      27218       2062     0 2454108.288657  1.265268e+01  2.187407e-02  1.265268e+01  2.187407e-02 
   95367162   8.066747e+00   2.364707e-01   8.066747e+00   2.364707e-01 224200701081855580      27225       2139     0 2454109.286597  1.273325e+01  3.182767e-02  1.273325e+01  3.182767e-02 
   95367216   7.880481e+00   2.235161e-01   7.880481e+00   2.235161e-01 224200701081856520      27225       2138     0 2454109.287222  1.275862e+01  3.079512e-02  1.275862e+01  3.079512e-02 
   95367273   8.629146e+00   2.122123e-01   8.629146e+00   2.122123e-01 224200701081857490      27225       2137     0 2454109.287882  1.266008e+01  2.670107e-02  1.266008e+01  2.670107e-02 
   95367329   8.546996e+00   2.015191e-01   8.546996e+00   2.015191e-01 224200701081858450      27225       2137     0 2454109.288530  1.267047e+01  2.559933e-02  1.267047e+01  2.559933e-02 
   95453548   8.297053e+00   2.341030e-01   8.297053e+00   2.341030e-01 224200701091855450      27219       2159     0 2454110.286435  1.270269e+01  3.063437e-02  1.270269e+01  3.063437e-02 
   95453604   8.235399e+00   2.220676e-01   8.235399e+00   2.220676e-01 224200701091856400      27219       2158     0 2454110.287083  1.271079e+01  2.927699e-02  1.271079e+01  2.927699e-02 
   95453658   8.362075e+00   2.111022e-01   8.362075e+00   2.111022e-01 224200701091857350      27219       2157     0 2454110.287708  1.269421e+01  2.740972e-02  1.269421e+01  2.740972e-02 
   95453714   8.119821e+00   2.016371e-01   8.119821e+00   2.016371e-01 224200701091858300      27220       2157     0 2454110.288356  1.272613e+01  2.696186e-02  1.272613e+01  2.696186e-02 
   95539938   8.489861e+00   2.338590e-01   8.489861e+00   2.338590e-01 224200701101855350      27225       2166     0 2454111.286319  1.267775e+01  2.990744e-02  1.267775e+01  2.990744e-02 
   95539992   8.710734e+00   2.226382e-01   8.710734e+00   2.226382e-01 224200701101856300      27224       2165     0 2454111.286944  1.264986e+01  2.775050e-02  1.264986e+01  2.775050e-02 
   95540046   8.744738e+00   2.121483e-01   8.744738e+00   2.121483e-01 224200701101857240      27224       2164     0 2454111.287569  1.264563e+01  2.634017e-02  1.264563e+01  2.634017e-02 
   95540102   8.770850e+00   2.020605e-01   8.770850e+00   2.020605e-01 224200701101858190      27224       2164     0 2454111.288218  1.264240e+01  2.501298e-02  1.264240e+01  2.501298e-02 
   95626320   8.557037e+00   2.474860e-01   8.557037e+00   2.474860e-01 224200701111855200      27246       2155     0 2454112.286111  1.266919e+01  3.140169e-02  1.266919e+01  3.140169e-02 
   95626377   8.630477e+00   2.351223e-01   8.630477e+00   2.351223e-01 224200701111856160      27246       2155     0 2454112.286771  1.265991e+01  2.957910e-02  1.265991e+01  2.957910e-02 
   95626487   8.374947e+00   2.131854e-01   8.374947e+00   2.131854e-01 224200701111858070      27245       2154     0 2454112.288044  1.269254e+01  2.763766e-02  1.269254e+01  2.763766e-02 
   95712706   8.627089e+00   2.318230e-01   8.627089e+00   2.318230e-01 224200701121855060      27218       2156     0 2454113.285949  1.266034e+01  2.917549e-02  1.266034e+01  2.917549e-02 
   95712760   8.866665e+00   2.207399e-01   8.866665e+00   2.207399e-01 224200701121856000      27217       2155     0 2454113.286574  1.263060e+01  2.703002e-02  1.263060e+01  2.703002e-02 
   95712814   8.257302e+00   2.105360e-01   8.257302e+00   2.105360e-01 224200701121856550      27218       2155     0 2454113.287199  1.270790e+01  2.768306e-02  1.270790e+01  2.768306e-02 
   95712870   8.479290e+00   2.009026e-01   8.479290e+00   2.009026e-01 224200701121857500      27217       2155     0 2454113.287847  1.267910e+01  2.572479e-02  1.267910e+01  2.572479e-02 
   95799126   8.623330e+00   2.042408e-01   8.623330e+00   2.042408e-01 224200701131855270      27218       2171     0 2454114.286181  1.266081e+01  2.571540e-02  1.266081e+01  2.571540e-02 
   95799180   8.553714e+00   1.948586e-01   8.553714e+00   1.948586e-01 224200701131856210      27218       2171     0 2454114.286806  1.266961e+01  2.473379e-02  1.266961e+01  2.473379e-02 
   95799304   8.766381e+00   1.781043e-01   8.766381e+00   1.781043e-01 224200701131858250      27209       2179     0 2454114.288241  1.264295e+01  2.205870e-02  1.264295e+01  2.205870e-02 
   95799358   8.588157e+00   1.709959e-01   8.588157e+00   1.709959e-01 224200701131859190      27209       2178     0 2454114.288866  1.266525e+01  2.161781e-02  1.266525e+01  2.161781e-02 
   95885596   8.026526e+00   1.961563e-01   8.026526e+00   1.961563e-01 224200701141856390      27221       2177     0 2454115.286991  1.273868e+01  2.653386e-02  1.273868e+01  2.653386e-02 
   95885651   8.526961e+00   1.874261e-01   8.526961e+00   1.874261e-01 224200701141857330      27220       2176     0 2454115.287627  1.267301e+01  2.386501e-02  1.267301e+01  2.386501e-02 
   95885706   8.608262e+00   1.798104e-01   8.608262e+00   1.798104e-01 224200701141858280      27219       2176     0 2454115.288264  1.266271e+01  2.267906e-02  1.266271e+01  2.267906e-02 
   95885837   8.575734e+00   1.655680e-01   8.575734e+00   1.655680e-01 224200701141900400      27222       2172     0 2454115.289780  1.266682e+01  2.096191e-02  1.266682e+01  2.096191e-02 
  105941758   8.157688e+00   3.046553e-01   8.157688e+00   3.046553e-01 223200705110414520       3251        495     0 2454231.677755  1.272108e+01  4.054781e-02  1.272108e+01  4.054781e-02 
  105941814   8.581317e+00   3.255924e-01   8.581317e+00   3.255924e-01 223200705110415490       3254        494     0 2454231.678403  1.266611e+01  4.119515e-02  1.266611e+01  4.119515e-02 
  105941873   7.884643e+00   3.458776e-01   7.884643e+00   3.458776e-01 223200705110416470       3257        493     0 2454231.679086  1.275805e+01  4.762843e-02  1.275805e+01  4.762843e-02 
  105941928   8.598377e+00   3.699736e-01   8.598377e+00   3.699736e-01 223200705110417430       3259        493     0 2454231.679722  1.266396e+01  4.671755e-02  1.266396e+01  4.671755e-02 
  106027813   7.101585e+00   1.968582e-01   7.101585e+00   1.968582e-01 223200705120409040       3275        471     0 2454232.673762  1.287161e+01  3.009706e-02  1.287161e+01  3.009706e-02 
  106027939   7.716934e+00   2.095576e-01   7.716934e+00   2.095576e-01 223200705120411090       3263        483     0 2454232.675220  1.278139e+01  2.948387e-02  1.278139e+01  2.948387e-02 
  106027993   7.813318e+00   2.178118e-01   7.813318e+00   2.178118e-01 223200705120412040       3265        482     0 2454232.675845  1.276791e+01  3.026716e-02  1.276791e+01  3.026716e-02 
  106028047   7.723343e+00   2.292030e-01   7.723343e+00   2.292030e-01 223200705120412580       3268        482     0 2454232.676470  1.278049e+01  3.222113e-02  1.278049e+01  3.222113e-02 
  106114067   7.455678e+00   1.959986e-01   7.455678e+00   1.959986e-01 223200705130406340       3252        495     0 2454233.672072  1.281878e+01  2.854248e-02  1.281878e+01  2.854248e-02 
  106114121   7.356359e+00   2.019199e-01   7.356359e+00   2.019199e-01 223200705130407290       3255        494     0 2454233.672697  1.283334e+01  2.980176e-02  1.283334e+01  2.980176e-02 
  106114177   7.304056e+00   2.053764e-01   7.304056e+00   2.053764e-01 223200705130408240       3258        494     0 2454233.673345  1.284109e+01  3.052898e-02  1.284109e+01  3.052898e-02 
  106114231   7.476143e+00   2.101342e-01   7.476143e+00   2.101342e-01 223200705130409190       3260        493     0 2454233.673970  1.281581e+01  3.051722e-02  1.281581e+01  3.051722e-02 
  124569528   8.458542e+00   2.876187e-01   8.458542e+00   2.876187e-01 221200712121841060      17195       7974     0 2454447.276944  1.268176e+01  3.691879e-02  1.268176e+01  3.691879e-02 
  124569721   9.260549e+00   2.883521e-01   9.260549e+00   2.883521e-01 223200712121844190       2835       4097     0 2454447.279178  1.258341e+01  3.380743e-02  1.258341e+01  3.380743e-02 
  124571587   9.904022e+00   1.162954e-01   9.904022e+00   1.162954e-01 222200712121915250       6806      19235     0 2454447.300775  1.251047e+01  1.274902e-02  1.251047e+01  1.274902e-02 
  124571711   6.894543e+00   1.075264e-01   6.894543e+00   1.075264e-01 223200712121917280       2851       4055     0 2454447.302211  1.290374e+01  1.693305e-02  1.290374e+01  1.693305e-02 
  124572795   1.002124e+01   1.142717e-01   1.002124e+01   1.142717e-01 222200712121935320       6786      19252     0 2454447.314757  1.249770e+01  1.238064e-02  1.249770e+01  1.238064e-02 
  124573045   6.636467e+00   1.057229e-01   6.636467e+00   1.057229e-01 223200712121939430       2837       3981     0 2454447.317650  1.294516e+01  1.729649e-02  1.294516e+01  1.729649e-02 
