\OBJNAME = '1SWASP J001330.32-741521.7'
\OBSSTART = '2006-05-11T04:15:41'
\OBSSTOP = '2007-12-12T19:39:43'
\TSTART = 74405810
\TSTOP = 124573042
\JD_REF = 2453005.5
\RA_OBJ = '3.376361'
\DEC_OBJ = '-74.256047'
\WASP_MAG = 15.24557
\HJD_START = 2453866.678356
\HJD_STOP = 2454447.317616
\fixlen = T
\NUMRECORDS = 403
\
\ This file was produced by the NASA Exoplanet Archive  http://exoplanetarchive.ipac.caltech.edu 
\ Tue Sep 17, 14:01:54 2013
\ Documentation for the SuperWASP dataset can be found at http://exoplanetarchive.ipac.caltech.edu/docs/SuperWASPMission.html
\
|TMID      |FLUX2         |FLUX2_ERR     |TAMFLUX2      |TAMFLUX2_ERR  |IMAGEID           |CCDX      |CCDY      |FLAG |           HJD|         MAG2|     MAG2_ERR|      TAMMAG2|  TAMMAG2_ERR|
|int       |float         |float         |float         |float         |char              |int       |int       |int  |        double|        float|        float|        float|        float|
|sec       |micro Vega    |micro Vega    |micro Vega    |micro Vega    |                  |1/16 pixel|1/16 pixel|     |           day|          mag|          mag|          mag|          mag|
|null      |null          |null          |null          |null          |null              |null      |null      |null |          null|         null|         null|         null|         null|
   74405810   7.871141e-01   2.452604e-01   7.871141e-01   2.452604e-01 223200605110415410       2486       2040     0 2453866.678356  1.525991e+01  3.383107e-01  1.525991e+01  3.383107e-01 
   74491870   9.851021e-01   2.451013e-01   9.851021e-01   2.451013e-01 223200605120409570       2502       1979     0 2453867.674421  1.501630e+01  2.701409e-01  1.501630e+01  2.701409e-01 
   74492008   7.183208e-01   2.573648e-01   7.183208e-01   2.573648e-01 223200605120412150       2511       1976     0 2453867.676019  1.535920e+01  3.890063e-01  1.535920e+01  3.890063e-01 
   74492061   1.022653e+00   2.693003e-01   1.022653e+00   2.693003e-01 223200605120413070       2514       1974     0 2453867.676632  1.497568e+01  2.859133e-01  1.497568e+01  2.859133e-01 
   74750392   6.357941e-01   3.476237e-01   6.357941e-01   3.476237e-01 223200605150358270       2500       1983     0 2453870.666574  1.549171e+01  5.936339e-01  1.549171e+01  5.936339e-01 
   74750452   1.037250e+00   3.505225e-01   1.037250e+00   3.505225e-01 223200605150359270       2505       1978     0 2453870.667269  1.496029e+01  3.669090e-01  1.496029e+01  3.669090e-01 
   74750506   8.881345e-01   3.499543e-01   8.881345e-01   3.499543e-01 223200605150400210       2509       1978     0 2453870.667894  1.512880e+01  4.278174e-01  1.512880e+01  4.278174e-01 
   74750565   1.346455e+00   3.504214e-01   1.346455e+00   3.504214e-01 223200605150401200       2511       1976     0 2453870.668576  1.467702e+01  2.825691e-01  1.467702e+01  2.825691e-01 
   75613651   7.126418e-01   1.262387e-01   7.126418e-01   1.262387e-01 223200605250345300       2579       1989     0 2453880.657998  1.536782e+01  1.923301e-01  1.536782e+01  1.923301e-01 
   75613714   7.320836e-01   1.254059e-01   7.320836e-01   1.254059e-01 223200605250346340       2588       1963     0 2453880.658727  1.533860e+01  1.859872e-01  1.533860e+01  1.859872e-01 
   75613772   6.507636e-01   1.246543e-01   6.507636e-01   1.246543e-01 223200605250347310       2592       1962     0 2453880.659398  1.546644e+01  2.079743e-01  1.546644e+01  2.079743e-01 
   75613840   4.645724e-01   1.225345e-01   4.645724e-01   1.225345e-01 223200605250348400       2590       1983     0 2453880.660185  1.583237e+01  2.863722e-01  1.583237e+01  2.863722e-01 
   75700168   6.460291e-01   1.194660e-01   6.460291e-01   1.194660e-01 223200605260347250       2606       1951     0 2453881.659352  1.547437e+01  2.007789e-01  1.547437e+01  2.007789e-01 
   75700235   5.885507e-01   1.199955e-01   5.885507e-01   1.199955e-01 223200605260348310       2605       1972     0 2453881.660127  1.557554e+01  2.213640e-01  1.557554e+01  2.213640e-01 
   76132324   5.521666e-01   1.015174e-01   5.521666e-01   1.015174e-01 223200605310349440       2663       1949     0 2453886.661157  1.564482e+01  1.996164e-01  1.564482e+01  1.996164e-01 
   76218794   6.414166e-01   1.049218e-01   6.414166e-01   1.049218e-01 223200606010350510       2681       1913     0 2453887.661968  1.548215e+01  1.776034e-01  1.548215e+01  1.776034e-01 
   76218862   6.747836e-01   1.050636e-01   6.747836e-01   1.050636e-01 223200606010351580       2681       1933     0 2453887.662755  1.542709e+01  1.690493e-01  1.542709e+01  1.690493e-01 
   76218932   6.396596e-01   1.044452e-01   6.396596e-01   1.044452e-01 223200606010353090       2684       1931     0 2453887.663565  1.548513e+01  1.772823e-01  1.548513e+01  1.772823e-01 
   76478200   6.928291e-01   1.125504e-01   6.928291e-01   1.125504e-01 223200606040354060       2692       1905     0 2453890.664352  1.539843e+01  1.763790e-01  1.539843e+01  1.763790e-01 
   76478273   6.379407e-01   1.123769e-01   6.379407e-01   1.123769e-01 223200606040355190       2693       1924     0 2453890.665197  1.548805e+01  1.912593e-01  1.548805e+01  1.912593e-01 
   76478349   6.872278e-01   1.137700e-01   6.872278e-01   1.137700e-01 223200606040356360       2700       1897     0 2453890.666076  1.540725e+01  1.797433e-01  1.540725e+01  1.797433e-01 
   76564542   6.377046e-01   2.740113e-01   6.377046e-01   2.740113e-01 223200606050353060       2719       1889     0 2453891.663681  1.548845e+01  4.665248e-01  1.548845e+01  4.665248e-01 
   76564601   8.618976e-01   2.729535e-01   8.618976e-01   2.729535e-01 223200606050354050       2723       1888     0 2453891.664363  1.516136e+01  3.438419e-01  1.516136e+01  3.438419e-01 
   76564661   9.678668e-02   2.774537e-01   9.678668e-02   2.774537e-01 223200606050355050       2726       1885     0 2453891.665058  1.753546e+01  3.112438e+00  1.753546e+01  3.112438e+00 
   76564719   7.201549e-01   2.474974e-01   7.201549e-01   2.474974e-01 223200606050356020       2728       1884     0 2453891.665729  1.535643e+01  3.731390e-01  1.535643e+01  3.731390e-01 
   76650913   5.977697e-01   9.997134e-02   5.977697e-01   9.997134e-02 223200606060352330       2707       1885     0 2453892.663345  1.555867e+01  1.815798e-01  1.555867e+01  1.815798e-01 
   76651047   5.549833e-01   1.038501e-01   5.549833e-01   1.038501e-01 223200606060354480       2714       1883     0 2453892.664896  1.563930e+01  2.031669e-01  1.563930e+01  2.031669e-01 
   76651179   5.777064e-01   1.019501e-01   5.777064e-01   1.019501e-01 223200606060357000       2715       1901     0 2453892.666424  1.559573e+01  1.916047e-01  1.559573e+01  1.916047e-01 
   76737407   5.939474e-01   1.066102e-01   5.939474e-01   1.066102e-01 223200606070354040       2718       1887     0 2453893.664433  1.556563e+01  1.948842e-01  1.556563e+01  1.948842e-01 
   76737460   6.918213e-01   1.054219e-01   6.918213e-01   1.054219e-01 223200606070354570       2721       1885     0 2453893.665046  1.540001e+01  1.654484e-01  1.540001e+01  1.654484e-01 
   76737515   6.848570e-01   1.059868e-01   6.848570e-01   1.059868e-01 223200606070355530       2722       1882     0 2453893.665683  1.541100e+01  1.680266e-01  1.541100e+01  1.680266e-01 
   76737571   7.339313e-01   1.066139e-01   7.339313e-01   1.066139e-01 223200606070356480       2724       1881     0 2453893.666331  1.533586e+01  1.577191e-01  1.533586e+01  1.577191e-01 
   76823797   7.167558e-01   1.063816e-01   7.167558e-01   1.063816e-01 223200606080353510       2744       1885     0 2453894.664317  1.536157e+01  1.611466e-01  1.536157e+01  1.611466e-01 
   76823856   7.064423e-01   1.065418e-01   7.064423e-01   1.065418e-01 223200606080354510       2748       1882     0 2453894.665000  1.537731e+01  1.637455e-01  1.537731e+01  1.637455e-01 
   76823915   6.077145e-01   1.063885e-01   6.077145e-01   1.063885e-01 223200606080355500       2750       1880     0 2453894.665683  1.554075e+01  1.900733e-01  1.554075e+01  1.900733e-01 
   76824001   7.245238e-01   1.064327e-01   7.245238e-01   1.064327e-01 223200606080357160       2749       1899     0 2453894.666678  1.534987e+01  1.594954e-01  1.534987e+01  1.594954e-01 
   76910223   6.505921e-01   1.018838e-01   6.505921e-01   1.018838e-01 223200606090354140       2741       1872     0 2453895.664618  1.546673e+01  1.700287e-01  1.546673e+01  1.700287e-01 
   76910277   6.954876e-01   1.027778e-01   6.954876e-01   1.027778e-01 223200606090355080       2743       1870     0 2453895.665243  1.539428e+01  1.604485e-01  1.539428e+01  1.604485e-01 
   76910361   5.735048e-01   1.032146e-01   5.735048e-01   1.032146e-01 223200606090356320       2742       1889     0 2453895.666215  1.560366e+01  1.954025e-01  1.560366e+01  1.954025e-01 
   76910433   6.063386e-01   1.028592e-01   6.063386e-01   1.028592e-01 223200606090357440       2748       1865     0 2453895.667049  1.554321e+01  1.841849e-01  1.554321e+01  1.841849e-01 
   76996759   6.797534e-01   2.143708e-01   6.797534e-01   2.143708e-01 223200606100356270       2754       1866     0 2453896.666192  1.541912e+01  3.424050e-01  1.541912e+01  3.424050e-01 
   77082997   9.140462e-01   3.842586e-01   9.140462e-01   3.842586e-01 223200606110353440       2759       1861     0 2453897.664317  1.509758e+01  4.564374e-01  1.509758e+01  4.564374e-01 
   77083074   7.973410e-01   3.827893e-01   7.973410e-01   3.827893e-01 223200606110355000       2759       1881     0 2453897.665208  1.524589e+01  5.212446e-01  1.524589e+01  5.212446e-01 
   77083155   7.767270e-01   3.746972e-01   7.767270e-01   3.746972e-01 223200606110356210       2765       1855     0 2453897.666146  1.527433e+01  5.237667e-01  1.527433e+01  5.237667e-01 
   77169325   8.873028e-01   4.756424e-01   8.873028e-01   4.756424e-01 223200606120352290       2765       1853     0 2453898.663484  1.512982e+01  5.820155e-01  1.512982e+01  5.820155e-01 
   77169443   1.177786e+00   4.772175e-01   1.177786e+00   4.772175e-01 223200606120354260       2768       1848     0 2453898.664850  1.482233e+01  4.399222e-01  1.482233e+01  4.399222e-01 
   77514688   2.372121e+00   2.237857e+00   2.372121e+00   2.237857e+00 223200606160348210       2768       1819     0 2453902.660741  1.406216e+01  1.024286e+00  1.406216e+01  1.024286e+00 
   77514753   4.754662e+00   2.799605e+00   4.754662e+00   2.799605e+00 223200606160349260       2770       1816     0 2453902.661493  1.330720e+01  6.392973e-01  1.330720e+01  6.392973e-01 
   77601372   1.000474e+00   1.890177e-01   1.000474e+00   1.890177e-01 223200606170353030       2782       1802     0 2453903.664028  1.499949e+01  2.051269e-01  1.499949e+01  2.051269e-01 
   77601442   7.015458e-01   1.866048e-01   7.015458e-01   1.866048e-01 223200606170354120       2780       1822     0 2453903.664838  1.538486e+01  2.887969e-01  1.538486e+01  2.887969e-01 
   77601512   7.118438e-01   1.867137e-01   7.118438e-01   1.867137e-01 223200606170355220       2781       1820     0 2453903.665648  1.536904e+01  2.847852e-01  1.536904e+01  2.847852e-01 
   77601569   4.467641e-01   1.858526e-01   4.467641e-01   1.858526e-01 223200606170356190       2786       1795     0 2453903.666308  1.587480e+01  4.516647e-01  1.587480e+01  4.516647e-01 
   77687716   7.988943e-01   1.581560e-01   7.988943e-01   1.581560e-01 223200606180352030       2802       1795     0 2453904.663380  1.524378e+01  2.149424e-01  1.524378e+01  2.149424e-01 
   77687759   7.675356e-01   1.579455e-01   7.675356e-01   1.579455e-01 223200606180352470       2803       1794     0 2453904.663877  1.528725e+01  2.234265e-01  1.528725e+01  2.234265e-01 
   77687827   8.549052e-01   1.581365e-01   8.549052e-01   1.581365e-01 223200606180353550       2805       1792     0 2453904.664664  1.517021e+01  2.008352e-01  1.517021e+01  2.008352e-01 
   77687878   6.651266e-01   1.577968e-01   6.651266e-01   1.577968e-01 223200606180354460       2806       1791     0 2453904.665255  1.544274e+01  2.575845e-01  1.544274e+01  2.575845e-01 
   77774352   5.367311e-01   1.304492e-01   5.367311e-01   1.304492e-01 223200606190355570       2847       1776     0 2453905.666111  1.567561e+01  2.638825e-01  1.567561e+01  2.638825e-01 
   77774408   8.273511e-01   1.313647e-01   8.273511e-01   1.313647e-01 223200606190356530       2847       1776     0 2453905.666759  1.520578e+01  1.723911e-01  1.520578e+01  1.723911e-01 
   77774470   7.030887e-01   1.310834e-01   7.030887e-01   1.310834e-01 223200606190357560       2847       1775     0 2453905.667477  1.538247e+01  2.024246e-01  1.538247e+01  2.024246e-01 
   77774535   6.288404e-01   1.331701e-01   6.288404e-01   1.331701e-01 223200606190359000       2842       1798     0 2453905.668229  1.550365e+01  2.299282e-01  1.550365e+01  2.299282e-01 
   77860766   6.280282e-01   1.141348e-01   6.280282e-01   1.141348e-01 223200606200356080       2832       1770     0 2453906.666273  1.550505e+01  1.973172e-01  1.550505e+01  1.973172e-01 
   77947076   6.940199e-01   1.184810e-01   6.940199e-01   1.184810e-01 223200606210354360       2826       1769     0 2453907.665231  1.539657e+01  1.853542e-01  1.539657e+01  1.853542e-01 
   77947208   6.617733e-01   1.184853e-01   6.617733e-01   1.184853e-01 223200606210356480       2823       1792     0 2453907.666759  1.544823e+01  1.943932e-01  1.544823e+01  1.943932e-01 
   78119986   5.392728e-01   1.007513e-01   5.392728e-01   1.007513e-01 223200606230356210       2817       1749     0 2453909.666505  1.567048e+01  2.028467e-01  1.567048e+01  2.028467e-01 
   78120040   5.298368e-01   1.005058e-01   5.298368e-01   1.005058e-01 223200606230357150       2817       1750     0 2453909.667130  1.568964e+01  2.059561e-01  1.568964e+01  2.059561e-01 
   78120250   5.392639e-01   1.014112e-01   5.392639e-01   1.014112e-01 223200606230400460       2817       1736     0 2453909.669560  1.567050e+01  2.041787e-01  1.567050e+01  2.041787e-01 
   78206445   7.219721e-01   1.095372e-01   7.219721e-01   1.095372e-01 223200606240357190       2836       1734     0 2453910.667187  1.535370e+01  1.647279e-01  1.535370e+01  1.647279e-01 
   78206504   5.556917e-01   1.074387e-01   5.556917e-01   1.074387e-01 223200606240358180       2833       1738     0 2453910.667870  1.563792e+01  2.099194e-01  1.563792e+01  2.099194e-01 
   78206579   6.211508e-01   1.080043e-01   6.211508e-01   1.080043e-01 223200606240359320       2825       1765     0 2453910.668738  1.551701e+01  1.887860e-01  1.551701e+01  1.887860e-01 
   78206638   7.159117e-01   1.091430e-01   7.159117e-01   1.091430e-01 223200606240400310       2820       1751     0 2453910.669421  1.536285e+01  1.655245e-01  1.536285e+01  1.655245e-01 
   78292884   5.377383e-01   9.832764e-02   5.377383e-01   9.832764e-02 223200606250357560       2838       1717     0 2453911.667639  1.567357e+01  1.985320e-01  1.567357e+01  1.985320e-01 
   78292938   5.525158e-01   9.666508e-02   5.525158e-01   9.666508e-02 223200606250358490       2832       1724     0 2453911.668264  1.564414e+01  1.899550e-01  1.564414e+01  1.899550e-01 
   78725028   5.954710e-01   9.904912e-02   5.954710e-01   9.904912e-02 223200606300400090       2852       1691     0 2453916.669306  1.556285e+01  1.805992e-01  1.556285e+01  1.805992e-01 
   78725075   5.060787e-01   9.878079e-02   5.060787e-01   9.878079e-02 223200606300400570       2853       1689     0 2453916.669850  1.573946e+01  2.119241e-01  1.573946e+01  2.119241e-01 
   78725139   5.473318e-01   9.870368e-02   5.473318e-01   9.870368e-02 223200606300402000       2854       1687     0 2453916.670590  1.565437e+01  1.957981e-01  1.565437e+01  1.957981e-01 
   78811387   6.704254e-01   1.039355e-01   6.704254e-01   1.039355e-01 223200607010359260       2846       1684     0 2453917.668831  1.543412e+01  1.683214e-01  1.543412e+01  1.683214e-01 
   78811466   7.466012e-01   1.045441e-01   7.466012e-01   1.045441e-01 223200607010400450       2844       1704     0 2453917.669745  1.531728e+01  1.520326e-01  1.531728e+01  1.520326e-01 
   78811531   6.343303e-01   1.018141e-01   6.343303e-01   1.018141e-01 223200607010401510       2848       1679     0 2453917.670498  1.549421e+01  1.742684e-01  1.549421e+01  1.742684e-01 
   78811582   4.583130e-01   1.020932e-01   4.583130e-01   1.020932e-01 223200607010402420       2849       1676     0 2453917.671088  1.584709e+01  2.418580e-01  1.584709e+01  2.418580e-01 
   78897797   1.021035e+00   2.647921e-01   1.021035e+00   2.647921e-01 223200607020359350       2856       1674     0 2453918.668947  1.497740e+01  2.815726e-01  1.497740e+01  2.815726e-01 
   78897856   2.192666e+00   5.413063e-01   2.192666e+00   5.413063e-01 223200607020400340       2858       1672     0 2453918.669630  1.414757e+01  2.680381e-01  1.414757e+01  2.680381e-01 
   78897983   5.622724e-01   1.762996e-01   5.622724e-01   1.762996e-01 223200607020402420       2855       1689     0 2453918.671100  1.562513e+01  3.404320e-01  1.562513e+01  3.404320e-01 
   78984199   6.105262e-01   9.665526e-02   6.105262e-01   9.665526e-02 223200607030359350       2864       1660     0 2453919.668970  1.553574e+01  1.718886e-01  1.553574e+01  1.718886e-01 
   78984311   6.018761e-01   9.630399e-02   6.018761e-01   9.630399e-02 223200607030401270       2867       1655     0 2453919.670266  1.555123e+01  1.737253e-01  1.555123e+01  1.737253e-01 
   78984366   5.536690e-01   9.694838e-02   5.536690e-01   9.694838e-02 223200607030402220       2867       1654     0 2453919.670903  1.564187e+01  1.901149e-01  1.564187e+01  1.901149e-01 
   79070569   4.974609e-01   9.692375e-02   4.974609e-01   9.692375e-02 223200607040359040       2862       1638     0 2453920.668623  1.575810e+01  2.115422e-01  1.575810e+01  2.115422e-01 
   79070635   4.857120e-01   9.559814e-02   4.857120e-01   9.559814e-02 223200607040400090       2863       1635     0 2453920.669387  1.578405e+01  2.136960e-01  1.578405e+01  2.136960e-01 
   79415951   5.677334e-01   9.796419e-02   5.677334e-01   9.796419e-02 223200607080355190       2859       1623     0 2453924.666100  1.561464e+01  1.873479e-01  1.561464e+01  1.873479e-01 
   79416108   7.694811e-01   9.731846e-02   7.694811e-01   9.731846e-02 223200607080357570       2862       1643     0 2453924.667917  1.528450e+01  1.373166e-01  1.528450e+01  1.373166e-01 
   79416175   5.759006e-01   9.595958e-02   5.759006e-01   9.595958e-02 223200607080359030       2866       1617     0 2453924.668692  1.559913e+01  1.809117e-01  1.559913e+01  1.809117e-01 
   79416233   7.544338e-01   9.629996e-02   7.544338e-01   9.629996e-02 223200607080400010       2867       1614     0 2453924.669363  1.530595e+01  1.385897e-01  1.530595e+01  1.385897e-01 
   79502438   6.951452e-01   1.574189e-01   6.951452e-01   1.574189e-01 223200607090356460       2871       1616     0 2453925.667106  1.539481e+01  2.458708e-01  1.539481e+01  2.458708e-01 
   79502490   7.779722e-01   1.562371e-01   7.779722e-01   1.562371e-01 223200607090357380       2871       1614     0 2453925.667708  1.527259e+01  2.180449e-01  1.527259e+01  2.180449e-01 
   79502559   7.233843e-01   1.529338e-01   7.233843e-01   1.529338e-01 223200607090358470       2872       1611     0 2453925.668507  1.535158e+01  2.295410e-01  1.535158e+01  2.295410e-01 
   79502713   5.904863e-01   1.487593e-01   5.904863e-01   1.487593e-01 223200607090401200       2869       1593     0 2453925.670289  1.557198e+01  2.735268e-01  1.557198e+01  2.735268e-01 
   80278189   7.439258e-01   1.689856e-01   7.439258e-01   1.689856e-01 223200607180325470       2902       1571     0 2453934.645706  1.532118e+01  2.466301e-01  1.532118e+01  2.466301e-01 
   80278251   7.981352e-01   1.588380e-01   7.981352e-01   1.588380e-01 223200607180326500       2905       1546     0 2453934.646424  1.524481e+01  2.160747e-01  1.524481e+01  2.160747e-01 
   80278404   9.534162e-01   2.525701e-01   9.534162e-01   2.525701e-01 223200607180329220       2906       1541     0 2453934.648194  1.505179e+01  2.876240e-01  1.505179e+01  2.876240e-01 
   80364281   5.598928e-01   1.212226e-01   5.598928e-01   1.212226e-01 223200607190320380       2897       1556     0 2453935.642141  1.562974e+01  2.350739e-01  1.562974e+01  2.350739e-01 
   80364458   6.469462e-01   1.199719e-01   6.469462e-01   1.199719e-01 223200607190323360       2898       1551     0 2453935.644190  1.547283e+01  2.013434e-01  1.547283e+01  2.013434e-01 
   80450496   6.389294e-01   1.105194e-01   6.389294e-01   1.105194e-01 223200607200317340       2902       1548     0 2453936.640000  1.548637e+01  1.878068e-01  1.548637e+01  1.878068e-01 
   80450557   6.815569e-01   1.105254e-01   6.815569e-01   1.105254e-01 223200607200318350       2902       1546     0 2453936.640706  1.541624e+01  1.760702e-01  1.541624e+01  1.760702e-01 
   80450621   6.265531e-01   1.096912e-01   6.265531e-01   1.096912e-01 223200607200319380       2902       1544     0 2453936.641447  1.550761e+01  1.900815e-01  1.550761e+01  1.900815e-01 
   80450678   5.068018e-01   1.094013e-01   5.068018e-01   1.094013e-01 223200607200320360       2902       1542     0 2453936.642106  1.573790e+01  2.343744e-01  1.573790e+01  2.343744e-01 
   80967486   5.573586e-01   9.333205e-02   5.573586e-01   9.333205e-02 223200607260254000       2862       1581     0 2453942.623681  1.563466e+01  1.818117e-01  1.563466e+01  1.818117e-01 
   80967546   5.456856e-01   9.343645e-02   5.456856e-01   9.343645e-02 223200607260255010       2863       1579     0 2453942.624375  1.565764e+01  1.859087e-01  1.565764e+01  1.859087e-01 
   80967602   5.670030e-01   9.403668e-02   5.670030e-01   9.403668e-02 223200607260255560       2864       1576     0 2453942.625023  1.561604e+01  1.800685e-01  1.561604e+01  1.800685e-01 
   81053647   6.683491e-01   1.068772e-01   6.683491e-01   1.068772e-01 223200607270250020       2857       1579     0 2453943.620914  1.543749e+01  1.736232e-01  1.543749e+01  1.736232e-01 
   81053765   6.313094e-01   1.079747e-01   6.313094e-01   1.079747e-01 223200607270251590       2859       1574     0 2453943.622280  1.549939e+01  1.856973e-01  1.549939e+01  1.856973e-01 
   81053827   5.887100e-01   1.048419e-01   5.887100e-01   1.048419e-01 223200607270253010       2859       1572     0 2453943.622998  1.557525e+01  1.933568e-01  1.557525e+01  1.933568e-01 
   81139824   1.203566e-01   7.211258e-01   1.203566e-01   7.211258e-01 223200607280246190       2875       1570     0 2453944.618333  1.729883e+01  6.505295e+00  1.729883e+01  6.505295e+00 
   81139937   6.953368e-01   7.708793e-01   6.953368e-01   7.708793e-01 223200607280248110       2876       1566     0 2453944.619641  1.539451e+01  1.203696e+00  1.539451e+01  1.203696e+00 
   81139991   7.918452e-01   4.984951e-01   7.918452e-01   4.984951e-01 223200607280249060       2876       1564     0 2453944.620266  1.525340e+01  6.835124e-01  1.525340e+01  6.835124e-01 
   82346057   5.756844e-01   3.652621e-01   5.756844e-01   3.652621e-01 224200608110150170      28847        946     0 2453958.579363  1.559954e+01  6.888839e-01  1.559954e+01  6.888839e-01 
   82346057   1.021070e+00   3.912120e-01   1.021070e+00   3.912120e-01 223200608110150170       2872       1608     0 2453958.579363  1.497736e+01  4.159895e-01  1.497736e+01  4.159895e-01 
   82346113   7.431221e-01   3.691101e-01   7.431221e-01   3.691101e-01 224200608110151120      28843        948     0 2453958.580012  1.532235e+01  5.392890e-01  1.532235e+01  5.392890e-01 
   82346168   8.503357e-01   3.893133e-01   8.503357e-01   3.893133e-01 223200608110152070       2875       1602     0 2453958.580648  1.517602e+01  4.970896e-01  1.517602e+01  4.970896e-01 
   82346227   4.854730e-01   3.675264e-01   4.854730e-01   3.675264e-01 224200608110153070      28840        951     0 2453958.581331  1.578459e+01  8.219575e-01  1.578459e+01  8.219575e-01 
   82518412   1.489911e+00   3.759973e-01   1.489911e+00   3.759973e-01 224200608130142530      28805       1026     0 2453960.574213  1.456710e+01  2.739999e-01  1.456710e+01  2.739999e-01 
   82518471   1.421767e+00   3.732955e-01   1.421767e+00   3.732955e-01 224200608130143530      28801       1027     0 2453960.574896  1.461793e+01  2.850691e-01  1.461793e+01  2.850691e-01 
   82518471   8.521450e-01   2.492797e-01   8.521450e-01   2.492797e-01 223200608130143520       2876       1578     0 2453960.574896  1.517372e+01  3.176137e-01  1.517372e+01  3.176137e-01 
   82518533   1.431459e+00   3.743324e-01   1.431459e+00   3.743324e-01 224200608130144550      28800       1029     0 2453960.575613  1.461055e+01  2.839254e-01  1.461055e+01  2.839254e-01 
   82518611   9.874719e-01   2.490416e-01   9.874719e-01   2.490416e-01 223200608130146120       2871       1592     0 2453960.576516  1.501369e+01  2.738249e-01  1.501369e+01  2.738249e-01 
   82604593   1.044376e+00   1.985699e-01   1.044376e+00   1.985699e-01 224200608140139160      28779       1037     0 2453961.571678  1.495286e+01  2.064345e-01  1.495286e+01  2.064345e-01 
   82604593   6.338496e-01   1.988996e-01   6.338496e-01   1.988996e-01 223200608140139160       2874       1598     0 2453961.571678  1.549503e+01  3.407012e-01  1.549503e+01  3.407012e-01 
   82604649   8.825760e-01   2.012096e-01   8.825760e-01   2.012096e-01 223200608140140120       2882       1595     0 2453961.572326  1.513562e+01  2.475270e-01  1.513562e+01  2.475270e-01 
   82604706   9.100811e-01   2.013532e-01   9.100811e-01   2.013532e-01 224200608140141080      28771       1033     0 2453961.572986  1.510230e+01  2.402173e-01  1.510230e+01  2.402173e-01 
   82604706   8.626174e-01   2.045587e-01   8.626174e-01   2.045587e-01 223200608140141080       2894       1592     0 2453961.572986  1.516045e+01  2.574693e-01  1.516045e+01  2.574693e-01 
   82604760   1.068875e+00   2.008978e-01   1.068875e+00   2.008978e-01 224200608140142030      28771       1036     0 2453961.573611  1.492768e+01  2.040676e-01  1.492768e+01  2.040676e-01 
   82863066   1.039030e+00   1.319398e-01   1.039030e+00   1.319398e-01 224200608170127120      28790       1012     0 2453964.563264  1.495843e+01  1.378712e-01  1.495843e+01  1.378712e-01 
   82863066   8.461953e-01   1.288958e-01   8.461953e-01   1.288958e-01 223200608170127120       2865       1607     0 2453964.563264  1.518132e+01  1.653842e-01  1.518132e+01  1.653842e-01 
   82863134   1.115458e+00   1.320090e-01   1.115458e+00   1.320090e-01 224200608170128190      28781       1035     0 2453964.564051  1.488137e+01  1.284920e-01  1.488137e+01  1.284920e-01 
   82863134   5.350679e-01   1.286974e-01   5.350679e-01   1.286974e-01 223200608170128190       2872       1577     0 2453964.564051  1.567898e+01  2.611480e-01  1.567898e+01  2.611480e-01 
   82863190   7.211750e-01   1.314067e-01   7.211750e-01   1.314067e-01 224200608170129150      28779       1035     0 2453964.564699  1.535490e+01  1.978348e-01  1.535490e+01  1.978348e-01 
   82863190   8.204377e-01   1.294910e-01   8.204377e-01   1.294910e-01 223200608170129150       2873       1575     0 2453964.564699  1.521489e+01  1.713641e-01  1.521489e+01  1.713641e-01 
   82863250   1.065420e+00   1.321228e-01   1.065420e+00   1.321228e-01 224200608170130160      28778       1036     0 2453964.565394  1.493120e+01  1.346426e-01  1.493120e+01  1.346426e-01 
   82863250   7.670652e-01   1.298447e-01   7.670652e-01   1.298447e-01 223200608170130160       2873       1573     0 2453964.565394  1.528792e+01  1.837883e-01  1.528792e+01  1.837883e-01 
   82949238   1.069660e+00   1.045700e-01   1.069660e+00   1.045700e-01 224200608180123250      28850        983     0 2453965.560625  1.492689e+01  1.061420e-01  1.492689e+01  1.061420e-01 
   82949238   6.100836e-01   9.777160e-02   6.100836e-01   9.777160e-02 223200608180123250       2869       1556     0 2453965.560625  1.553653e+01  1.740000e-01  1.553653e+01  1.740000e-01 
   82949300   1.042726e+00   1.045728e-01   1.042726e+00   1.045728e-01 224200608180124270      28845        984     0 2453965.561343  1.495457e+01  1.088866e-01  1.495457e+01  1.088866e-01 
   82949300   5.594029e-01   9.816147e-02   5.594029e-01   9.816147e-02 223200608180124270       2871       1555     0 2453965.561343  1.563069e+01  1.905207e-01  1.563069e+01  1.905207e-01 
   82949363   6.900040e-01   9.789591e-02   6.900040e-01   9.789591e-02 223200608180125310       2871       1552     0 2453965.562072  1.540287e+01  1.540419e-01  1.540287e+01  1.540419e-01 
   82949454   9.741263e-01   1.048930e-01   9.741263e-01   1.048930e-01 224200608180127020      28847        966     0 2453965.563125  1.502846e+01  1.169115e-01  1.502846e+01  1.169115e-01 
   82949454   7.147934e-01   9.837793e-02   7.147934e-01   9.837793e-02 223200608180127020       2867       1569     0 2453965.563125  1.536455e+01  1.494318e-01  1.536455e+01  1.494318e-01 
   83724663   9.636652e-01   1.021403e-01   9.636652e-01   1.021403e-01 224200608270047250      28827       1021     0 2453974.535451  1.504018e+01  1.150792e-01  1.504018e+01  1.150792e-01 
   83724663   5.536214e-01   9.622058e-02   5.536214e-01   9.622058e-02 223200608270047250       2849       1606     0 2453974.535451  1.564197e+01  1.887039e-01  1.564197e+01  1.887039e-01 
   83724727   9.620155e-01   1.023977e-01   9.620155e-01   1.023977e-01 224200608270048280      28820       1043     0 2453974.536192  1.504204e+01  1.155671e-01  1.504204e+01  1.155671e-01 
   83724802   9.012452e-01   1.022534e-01   9.012452e-01   1.022534e-01 224200608270049440      28823       1024     0 2453974.537060  1.511289e+01  1.231858e-01  1.511289e+01  1.231858e-01 
   83724802   5.711142e-01   9.588952e-02   5.711142e-01   9.588952e-02 223200608270049440       2848       1593     0 2453974.537060  1.560819e+01  1.822947e-01  1.560819e+01  1.822947e-01 
   83724864   5.669403e-01   9.543733e-02   5.669403e-01   9.543733e-02 223200608270050460       2852       1566     0 2453974.537778  1.561616e+01  1.827708e-01  1.561616e+01  1.827708e-01 
   83810830   1.074343e+00   9.736618e-02   1.074343e+00   9.736618e-02 224200608280043330      28823       1024     0 2453975.532755  1.492214e+01  9.839905e-02  1.492214e+01  9.839905e-02 
   83810830   5.296842e-01   9.179109e-02   5.296842e-01   9.179109e-02 223200608280043330       2853       1595     0 2453975.532755  1.568996e+01  1.881522e-01  1.568996e+01  1.881522e-01 
   83810882   1.025286e+00   9.697356e-02   1.025286e+00   9.697356e-02 224200608280044250      28821       1026     0 2453975.533356  1.497289e+01  1.026915e-01  1.497289e+01  1.026915e-01 
   83810882   5.674522e-01   9.186449e-02   5.674522e-01   9.186449e-02 223200608280044250       2854       1593     0 2453975.533356  1.561518e+01  1.757698e-01  1.561518e+01  1.757698e-01 
   83810953   6.101904e-01   9.163801e-02   6.101904e-01   9.163801e-02 223200608280045350       2854       1589     0 2453975.534178  1.553634e+01  1.630557e-01  1.553634e+01  1.630557e-01 
   83810954   8.312652e-01   9.663641e-02   8.312652e-01   9.663641e-02 224200608280045360      28821       1028     0 2453975.534190  1.520065e+01  1.262197e-01  1.520065e+01  1.262197e-01 
   83811010   9.561852e-01   9.666576e-02   9.561852e-01   9.666576e-02 224200608280046320      28820       1029     0 2453975.534838  1.504865e+01  1.097631e-01  1.504865e+01  1.097631e-01 
   84328661   8.464456e-01   2.726315e-01   8.464456e-01   2.726315e-01 224200609030034170      28827       1085     0 2453981.526169  1.518100e+01  3.497058e-01  1.518100e+01  3.497058e-01 
   84328661   7.816185e-01   2.805558e-01   7.816185e-01   2.805558e-01 223200609030034170       2843       1526     0 2453981.526169  1.526751e+01  3.897178e-01  1.526751e+01  3.897178e-01 
   84328733   8.121946e-01   2.773531e-01   8.121946e-01   2.773531e-01 224200609030035290      28830       1064     0 2453981.527002  1.522585e+01  3.707651e-01  1.522585e+01  3.707651e-01 
   84328733   1.009742e+00   2.858490e-01   1.009742e+00   2.858490e-01 223200609030035280       2839       1544     0 2453981.527002  1.498947e+01  3.073635e-01  1.498947e+01  3.073635e-01 
   84328800   1.033575e+00   2.849616e-01   1.033575e+00   2.849616e-01 224200609030036350      28828       1085     0 2453981.527778  1.496414e+01  2.993437e-01  1.496414e+01  2.993437e-01 
   84328800   1.326726e+00   3.010584e-01   1.326726e+00   3.010584e-01 223200609030036350       2839       1512     0 2453981.527778  1.469305e+01  2.463743e-01  1.469305e+01  2.463743e-01 
   84328857   1.170323e+00   2.927628e-01   1.170323e+00   2.927628e-01 224200609030037320      28826       1086     0 2453981.528437  1.482924e+01  2.716039e-01  1.482924e+01  2.716039e-01 
   84328857   8.212376e-01   2.940376e-01   8.212376e-01   2.940376e-01 223200609030037320       2840       1510     0 2453981.528437  1.521383e+01  3.887406e-01  1.521383e+01  3.887406e-01 
   84500168   7.777554e-01   4.097739e-01   7.777554e-01   4.097739e-01 224200609050012480      28827       1035     0 2453983.511204  1.527289e+01  5.720409e-01  1.527289e+01  5.720409e-01 
   84500168   5.311086e-01   4.470990e-01   5.311086e-01   4.470990e-01 223200609050012480       2851       1590     0 2453983.511204  1.568704e+01  9.140001e-01  1.568704e+01  9.140001e-01 
   84500228   4.861445e-01   4.108458e-01   4.861445e-01   4.108458e-01 224200609050013480      28823       1035     0 2453983.511898  1.578309e+01  9.175704e-01  1.578309e+01  9.175704e-01 
   84500290   1.518329e+00   4.420622e-01   1.518329e+00   4.420622e-01 223200609050014500       2852       1583     0 2453983.512616  1.454659e+01  3.161137e-01  1.454659e+01  3.161137e-01 
   84500368   9.854029e-01   4.392007e-01   9.854029e-01   4.392007e-01 223200609050016080       2848       1602     0 2453983.513519  1.501597e+01  4.839216e-01  1.501597e+01  4.839216e-01 
   84844841   1.084628e-01   5.609606e-01   1.084628e-01   5.609606e-01 224200609082357310      28828       1005     0 2453987.500475  1.741180e+01  5.615355e+00  1.741180e+01  5.615355e+00 
   84844841   1.496156e+00   6.080855e-01   1.496156e+00   6.080855e-01 223200609082357310       2861       1598     0 2453987.500475  1.456256e+01  4.412793e-01  1.456256e+01  4.412793e-01 
   84844897   1.071508e+00   6.148511e-01   1.071508e+00   6.148511e-01 223200609082358260       2863       1593     0 2453987.501123  1.492501e+01  6.230178e-01  1.492501e+01  6.230178e-01 
   84844898   7.945906e-01   5.640158e-01   7.945906e-01   5.640158e-01 224200609082358270      28826       1007     0 2453987.501134  1.524964e+01  7.706793e-01  1.524964e+01  7.706793e-01 
   84844954   8.193889e-01   5.631146e-01   8.193889e-01   5.631146e-01 224200609082359230      28826       1008     0 2453987.501782  1.521628e+01  7.461610e-01  1.521628e+01  7.461610e-01 
   84844954   9.659535e-01   6.136295e-01   9.659535e-01   6.136295e-01 223200609082359230       2862       1591     0 2453987.501782  1.503761e+01  6.897248e-01  1.503761e+01  6.897248e-01 
   84845016   7.988595e-01   5.645080e-01   7.988595e-01   5.645080e-01 224200609090000260      28825       1010     0 2453987.502500  1.524382e+01  7.672299e-01  1.524382e+01  7.672299e-01 
   84845016   1.546588e+00   6.099332e-01   1.546588e+00   6.099332e-01 223200609090000260       2862       1588     0 2453987.502500  1.452656e+01  4.281870e-01  1.452656e+01  4.281870e-01 
   85017141   8.200613e-01   3.291728e-01   8.200613e-01   3.291728e-01 223200609102349160       2836       1552     0 2453989.494687  1.521538e+01  4.358163e-01  1.521538e+01  4.358163e-01 
   85017208   9.110342e-01   4.001372e-01   9.110342e-01   4.001372e-01 224200609102350220      28836       1050     0 2453989.495463  1.510116e+01  4.768701e-01  1.510116e+01  4.768701e-01 
   85017208   6.163357e-01   4.311648e-01   6.163357e-01   4.311648e-01 223200609102350220       2838       1549     0 2453989.495463  1.552546e+01  7.595420e-01  1.552546e+01  7.595420e-01 
   85017267   1.367641e+00   3.646773e-01   1.367641e+00   3.646773e-01 224200609102351210      28834       1051     0 2453989.496146  1.466007e+01  2.895091e-01  1.466007e+01  2.895091e-01 
   85017267   1.165877e+00   3.820241e-01   1.165877e+00   3.820241e-01 223200609102351210       2838       1546     0 2453989.496146  1.483337e+01  3.557656e-01  1.483337e+01  3.557656e-01 
   85017325   1.191452e+00   3.518562e-01   1.191452e+00   3.518562e-01 224200609102352200      28835       1051     0 2453989.496817  1.480981e+01  3.206378e-01  1.480981e+01  3.206378e-01 
   85017325   1.229271e+00   3.874649e-01   1.229271e+00   3.874649e-01 223200609102352200       2836       1539     0 2453989.496817  1.477588e+01  3.422241e-01  1.477588e+01  3.422241e-01 
   85361733   1.046574e+00   1.022410e-01   1.046574e+00   1.022410e-01 224200609142332380      28812       1032     0 2453993.483021  1.495057e+01  1.060672e-01  1.495057e+01  1.060672e-01 
   85361733   5.765151e-01   9.441502e-02   5.765151e-01   9.441502e-02 223200609142332380       2839       1505     0 2453993.483021  1.559797e+01  1.778100e-01  1.559797e+01  1.778100e-01 
   85361786   1.043236e+00   1.019936e-01   1.043236e+00   1.019936e-01 224200609142333310      28808       1032     0 2453993.483634  1.495404e+01  1.061491e-01  1.495404e+01  1.061491e-01 
   85361790   4.662203e-01   9.417908e-02   4.662203e-01   9.417908e-02 223200609142333360       2841       1502     0 2453993.483681  1.582852e+01  2.193255e-01  1.582852e+01  2.193255e-01 
   85361851   9.323686e-01   1.019015e-01   9.323686e-01   1.019015e-01 224200609142334370      28806       1034     0 2453993.484387  1.507603e+01  1.186640e-01  1.507603e+01  1.186640e-01 
   85361851   5.788341e-01   9.465682e-02   5.788341e-01   9.465682e-02 223200609142334370       2841       1498     0 2453993.484387  1.559361e+01  1.775512e-01  1.559361e+01  1.775512e-01 
   85361926   1.035239e+00   1.021111e-01   1.035239e+00   1.021111e-01 224200609142335520      28808       1013     0 2453993.485255  1.496240e+01  1.070923e-01  1.496240e+01  1.070923e-01 
   85361926   5.703552e-01   9.384105e-02   5.703552e-01   9.384105e-02 223200609142335520       2837       1518     0 2453993.485255  1.560964e+01  1.786378e-01  1.560964e+01  1.786378e-01 
   85620630   1.230906e+00   1.187720e-01   1.230906e+00   1.187720e-01 224200609172327440      28842        996     0 2453996.479514  1.477444e+01  1.047648e-01  1.477444e+01  1.047648e-01 
   85620630   5.492513e-01   1.077446e-01   5.492513e-01   1.077446e-01 223200609172327440       2809       1509     0 2453996.479514  1.565057e+01  2.129857e-01  1.565057e+01  2.129857e-01 
   85620689   7.627342e-01   1.182595e-01   7.627342e-01   1.182595e-01 224200609172328430      28840        997     0 2453996.480197  1.529407e+01  1.683405e-01  1.529407e+01  1.683405e-01 
   85620689   4.431762e-01   1.072185e-01   4.431762e-01   1.072185e-01 223200609172328430       2810       1506     0 2453996.480197  1.588356e+01  2.626753e-01  1.588356e+01  2.626753e-01 
   85620752   9.719296e-01   1.186301e-01   9.719296e-01   1.186301e-01 224200609172329460      28839        999     0 2453996.480926  1.503091e+01  1.325213e-01  1.503091e+01  1.325213e-01 
   85620752   5.667555e-01   1.078467e-01   5.667555e-01   1.078467e-01 223200609172329460       2810       1503     0 2453996.480926  1.561651e+01  2.066032e-01  1.561651e+01  2.066032e-01 
   85620806   1.098340e+00   1.199728e-01   1.098340e+00   1.199728e-01 224200609172330410      28838       1001     0 2453996.481551  1.489816e+01  1.185965e-01  1.489816e+01  1.185965e-01 
   85706426   1.128061e+00   1.173252e-01   1.128061e+00   1.173252e-01 224200609182317440      28842        953     0 2453997.472523  1.486917e+01  1.129235e-01  1.486917e+01  1.129235e-01 
   85706426   5.939591e-01   1.045735e-01   5.939591e-01   1.045735e-01 223200609182317440       2813       1482     0 2453997.472523  1.556561e+01  1.911573e-01  1.556561e+01  1.911573e-01 
   85706489   8.850911e-01   1.151849e-01   8.850911e-01   1.151849e-01 224200609182318460      28835        975     0 2453997.473252  1.513253e+01  1.412972e-01  1.513253e+01  1.412972e-01 
   85706544   1.011401e+00   1.144939e-01   1.011401e+00   1.144939e-01 224200609182319420      28832        977     0 2453997.473889  1.498769e+01  1.229093e-01  1.498769e+01  1.229093e-01 
   85706544   5.325575e-01   1.030694e-01   5.325575e-01   1.030694e-01 223200609182319410       2818       1458     0 2453997.473889  1.568408e+01  2.101304e-01  1.568408e+01  2.101304e-01 
   85706621   1.085590e+00   1.163739e-01   1.085590e+00   1.163739e-01 224200609182320580      28836        957     0 2453997.474780  1.491084e+01  1.163900e-01  1.491084e+01  1.163900e-01 
   85706621   4.446692e-01   1.038852e-01   4.446692e-01   1.038852e-01 223200609182320580       2814       1480     0 2453997.474780  1.587991e+01  2.536544e-01  1.587991e+01  2.536544e-01 
   85878740   1.048598e+00   1.122261e-01   1.048598e+00   1.122261e-01 224200609202309430      28817        998     0 2453999.466898  1.494848e+01  1.162013e-01  1.494848e+01  1.162013e-01 
   85878797   1.053631e+00   1.125474e-01   1.053631e+00   1.125474e-01 224200609202310410      28811        999     0 2453999.467558  1.494328e+01  1.159772e-01  1.494328e+01  1.159772e-01 
   85878797   5.564001e-01   1.039323e-01   5.564001e-01   1.039323e-01 223200609202310400       2817       1533     0 2453999.467558  1.563653e+01  2.028099e-01  1.563653e+01  2.028099e-01 
   85878858   9.076039e-01   1.118248e-01   9.076039e-01   1.118248e-01 224200609202311410      28807       1001     0 2453999.468264  1.510526e+01  1.337727e-01  1.510526e+01  1.337727e-01 
   85878858   5.678007e-01   1.054051e-01   5.678007e-01   1.054051e-01 223200609202311410       2817       1530     0 2453999.468264  1.561451e+01  2.015540e-01  1.561451e+01  2.015540e-01 
   85878918   1.189581e+00   1.131629e-01   1.189581e+00   1.131629e-01 224200609202312420      28806       1004     0 2453999.468958  1.481151e+01  1.032847e-01  1.481151e+01  1.032847e-01 
   85878918   5.107009e-01   1.060199e-01   5.107009e-01   1.060199e-01 223200609202312420       2818       1528     0 2453999.468958  1.572958e+01  2.253962e-01  1.572958e+01  2.253962e-01 
   85964863   1.161681e+00   1.077735e-01   1.161681e+00   1.077735e-01 224200609212305090      28810       1018     0 2454000.463692  1.483728e+01  1.007282e-01  1.483728e+01  1.007282e-01 
   85964863   6.408497e-01   9.752976e-02   6.408497e-01   9.752976e-02 223200609212305090       2829       1530     0 2454000.463692  1.548311e+01  1.652368e-01  1.548311e+01  1.652368e-01 
   85965016   1.132541e+00   1.075000e-01   1.132541e+00   1.075000e-01 224200609212307420      28805       1020     0 2454000.465463  1.486487e+01  1.030577e-01  1.486487e+01  1.030577e-01 
   85965016   5.897552e-01   9.605651e-02   5.897552e-01   9.605651e-02 223200609212307420       2831       1523     0 2454000.465463  1.557332e+01  1.768401e-01  1.557332e+01  1.768401e-01 
   85965079   1.043388e+00   1.061498e-01   1.043388e+00   1.061498e-01 224200609212308460      28803       1022     0 2454000.466192  1.495389e+01  1.104585e-01  1.495389e+01  1.104585e-01 
   85965079   6.197745e-01   9.558129e-02   6.197745e-01   9.558129e-02 223200609212308460       2832       1520     0 2454000.466192  1.551942e+01  1.674422e-01  1.551942e+01  1.674422e-01 
   85965135   1.013195e+00   1.049883e-01   1.013195e+00   1.049883e-01 224200609212309410      28802       1024     0 2454000.466840  1.498577e+01  1.125055e-01  1.498577e+01  1.125055e-01 
   85965135   6.158544e-01   9.529567e-02   6.158544e-01   9.529567e-02 223200609212309410       2832       1518     0 2454000.466840  1.552631e+01  1.680045e-01  1.552631e+01  1.680045e-01 
   86404977   1.022177e+00   1.060313e-01   1.022177e+00   1.060313e-01 224200609270120390      28911       1241     0 2454005.557604  1.497618e+01  1.126247e-01  1.497618e+01  1.126247e-01 
   86404977   6.953090e-01   1.012661e-01   6.953090e-01   1.012661e-01 223200609270120390       2694       1174     0 2454005.557604  1.539456e+01  1.581292e-01  1.539456e+01  1.581292e-01 
   86405036   1.029698e+00   1.055953e-01   1.029698e+00   1.055953e-01 224200609270121390      28907       1263     0 2454005.558287  1.496823e+01  1.113425e-01  1.496823e+01  1.113425e-01 
   86405038   6.559072e-01   1.018203e-01   6.559072e-01   1.018203e-01 223200609270121400       2697       1148     0 2454005.558310  1.545789e+01  1.685458e-01  1.545789e+01  1.685458e-01 
   86405106   8.963176e-01   1.059635e-01   8.963176e-01   1.059635e-01 224200609270122490      28908       1262     0 2454005.559097  1.511884e+01  1.283572e-01  1.511884e+01  1.283572e-01 
   86405106   6.321510e-01   1.020654e-01   6.321510e-01   1.020654e-01 223200609270122490       2695       1146     0 2454005.559097  1.549795e+01  1.753007e-01  1.549795e+01  1.753007e-01 
   86405165   8.982355e-01   1.063125e-01   8.982355e-01   1.063125e-01 224200609270123480      28908       1262     0 2454005.559780  1.511652e+01  1.285050e-01  1.511652e+01  1.285050e-01 
   86405167   6.725260e-01   1.024251e-01   6.725260e-01   1.024251e-01 223200609270123490       2695       1144     0 2454005.559803  1.543073e+01  1.653572e-01  1.543073e+01  1.653572e-01 
   87688148   5.305386e-01   8.106195e-02   5.305386e-01   8.106195e-02 223200610112147440       2492       1337     0 2454020.409120  1.568821e+01  1.658922e-01  1.568821e+01  1.658922e-01 
   87688222   5.286243e-01   7.924789e-02   5.286243e-01   7.924789e-02 223200610112148580       2495       1311     0 2454020.409977  1.569213e+01  1.627670e-01  1.569213e+01  1.627670e-01 
   87688276   4.685366e-01   8.006933e-02   4.685366e-01   8.006933e-02 223200610112149520       2495       1308     0 2454020.410602  1.582314e+01  1.855447e-01  1.582314e+01  1.855447e-01 
   87860493   5.679272e-01   9.239874e-02   5.679272e-01   9.239874e-02 223200610132140170       2454       1360     0 2454022.403854  1.561427e+01  1.766441e-01  1.561427e+01  1.766441e-01 
   87860560   5.494388e-01   9.240744e-02   5.494388e-01   9.240744e-02 223200610132141240       2454       1355     0 2454022.404630  1.565020e+01  1.826053e-01  1.565020e+01  1.826053e-01 
   87860616   7.233664e-01   9.288821e-02   7.233664e-01   9.288821e-02 223200610132142200       2454       1353     0 2454022.405278  1.535160e+01  1.394210e-01  1.535160e+01  1.394210e-01 
   87860676   6.373639e-01   9.230820e-02   6.373639e-01   9.230820e-02 223200610132143190       2454       1350     0 2454022.405972  1.548903e+01  1.572457e-01  1.548903e+01  1.572457e-01 
   88033106   5.331159e-01   8.591542e-02   5.331159e-01   8.591542e-02 223200610152137170       2450       1390     0 2454024.401690  1.568295e+01  1.749747e-01  1.568295e+01  1.749747e-01 
   88033167   7.130042e-01   8.783418e-02   7.130042e-01   8.783418e-02 223200610152138180       2450       1385     0 2454024.402396  1.536727e+01  1.337511e-01  1.536727e+01  1.337511e-01 
   88033222   5.413067e-01   8.632700e-02   5.413067e-01   8.632700e-02 223200610152139130       2449       1381     0 2454024.403032  1.566639e+01  1.731526e-01  1.566639e+01  1.731526e-01 
   88033281   7.111434e-01   8.575311e-02   7.111434e-01   8.575311e-02 223200610152140120       2449       1377     0 2454024.403715  1.537011e+01  1.309238e-01  1.537011e+01  1.309238e-01 
   88377428   5.576488e-01   8.814969e-02   5.576488e-01   8.814969e-02 223200610192116140       2434       1405     0 2454028.386898  1.563410e+01  1.716271e-01  1.563410e+01  1.716271e-01 
   88377480   6.110331e-01   9.051758e-02   6.110331e-01   9.051758e-02 223200610192117070       2434       1401     0 2454028.387500  1.553484e+01  1.608400e-01  1.553484e+01  1.608400e-01 
   88377627   6.358233e-01   9.079390e-02   6.358233e-01   9.079390e-02 223200610192119340       2429       1418     0 2454028.389201  1.549166e+01  1.550408e-01  1.549166e+01  1.550408e-01 
   88463593   6.011840e-01   8.865561e-02   6.011840e-01   8.865561e-02 223200610202112230       2458       1361     0 2454029.384178  1.555248e+01  1.601123e-01  1.555248e+01  1.601123e-01 
   88463665   5.134596e-01   8.890117e-02   5.134596e-01   8.890117e-02 223200610202113350       2455       1356     0 2454029.385012  1.572373e+01  1.879866e-01  1.572373e+01  1.879866e-01 
   88463728   5.502107e-01   8.923908e-02   5.502107e-01   8.923908e-02 223200610202114380       2455       1354     0 2454029.385741  1.564868e+01  1.760970e-01  1.564868e+01  1.760970e-01 
   88463787   5.819156e-01   8.843248e-02   5.819156e-01   8.843248e-02 223200610202115380       2455       1351     0 2454029.386424  1.558785e+01  1.649976e-01  1.558785e+01  1.649976e-01 
   88551541   5.115760e-01   9.677324e-02   5.115760e-01   9.677324e-02 223200610212138150       2453       1299     0 2454030.402095  1.572773e+01  2.053861e-01  1.572773e+01  2.053861e-01 
   88551673   6.300035e-01   9.697459e-02   6.300035e-01   9.697459e-02 223200610212140270       2450       1289     0 2454030.403623  1.550164e+01  1.671248e-01  1.550164e+01  1.671248e-01 
   88551745   6.081792e-01   9.708180e-02   6.081792e-01   9.708180e-02 223200610212141400       2445       1308     0 2454030.404456  1.553992e+01  1.733134e-01  1.553992e+01  1.733134e-01 
   88637604   1.049436e+00   1.144474e+00   1.049436e+00   1.144474e+00 223200610222132420       2451       1341     0 2454031.398194  1.494761e+01  1.184066e+00  1.494761e+01  1.184066e+00 
   88637677   5.315500e-01   1.414380e+00   5.315500e-01   1.414380e+00 223200610222133550       2450       1312     0 2454031.399039  1.568614e+01  2.889002e+00  1.568614e+01  2.889002e+00 
   88637752   1.053340e+00   1.419053e+00   1.053340e+00   1.419053e+00 223200610222135100       2446       1330     0 2454031.399907  1.494358e+01  1.462703e+00  1.494358e+01  1.462703e+00 
   88637814   1.929314e+00   2.270227e+00   1.929314e+00   2.270227e+00 223200610222136110       2446       1328     0 2454031.400625  1.428649e+01  1.277592e+00  1.428649e+01  1.277592e+00 
   88640064   1.408303e+00   2.236928e+00   1.408303e+00   2.236928e+00 223200610222213430       2443       1206     0 2454031.426667  1.462826e+01  1.724574e+00  1.462826e+01  1.724574e+00 
   88722094   6.658538e-01   9.131327e-02   6.658538e-01   9.131327e-02 223200610232100550       2441       1391     0 2454032.376088  1.544155e+01  1.488952e-01  1.544155e+01  1.488952e-01 
   88722148   7.122205e-01   9.190369e-02   7.122205e-01   9.190369e-02 223200610232101500       2442       1388     0 2454032.376713  1.536846e+01  1.401020e-01  1.536846e+01  1.401020e-01 
   88722210   6.402240e-01   9.191164e-02   6.402240e-01   9.191164e-02 223200610232102520       2442       1386     0 2454032.377431  1.548417e+01  1.558707e-01  1.548417e+01  1.558707e-01 
   88722277   5.763085e-01   9.188627e-02   5.763085e-01   9.188627e-02 223200610232103590       2442       1383     0 2454032.378206  1.559836e+01  1.731097e-01  1.559836e+01  1.731097e-01 
   88980539   5.972537e-01   1.047827e-01   5.972537e-01   1.047827e-01 223200610262048320       2442       1447     0 2454035.367350  1.555960e+01  1.904831e-01  1.555960e+01  1.904831e-01 
   88980593   7.647902e-01   1.048666e-01   7.647902e-01   1.048666e-01 223200610262049260       2442       1443     0 2454035.367975  1.529114e+01  1.488747e-01  1.529114e+01  1.488747e-01 
   88980653   6.705196e-01   1.040598e-01   6.705196e-01   1.040598e-01 223200610262050270       2443       1441     0 2454035.368669  1.543397e+01  1.684990e-01  1.543397e+01  1.684990e-01 
   88980717   7.895874e-01   1.045055e-01   7.895874e-01   1.045055e-01 223200610262051300       2439       1432     0 2454035.369410  1.525650e+01  1.437027e-01  1.525650e+01  1.437027e-01 
   89066718   7.342582e-01   1.175227e-01   7.342582e-01   1.175227e-01 223200610272044550       2462       1416     0 2454036.364792  1.533538e+01  1.737796e-01  1.533538e+01  1.737796e-01 
   89066774   6.739955e-01   1.169437e-01   6.739955e-01   1.169437e-01 223200610272045520       2462       1412     0 2454036.365440  1.542836e+01  1.883847e-01  1.542836e+01  1.883847e-01 
   89066839   6.377993e-01   1.166892e-01   6.377993e-01   1.166892e-01 223200610272046560       2462       1409     0 2454036.366192  1.548829e+01  1.986426e-01  1.548829e+01  1.986426e-01 
   89152853   7.955816e-01   1.928632e-01   7.955816e-01   1.928632e-01 223200610282040350       2447       1432     0 2454037.361725  1.524829e+01  2.632028e-01  1.524829e+01  2.632028e-01 
   89152926   9.099779e-01   1.841281e-01   9.099779e-01   1.841281e-01 223200610282041480       2449       1401     0 2454037.362569  1.510242e+01  2.196924e-01  1.510242e+01  2.196924e-01 
   89152987   7.562666e-01   1.535413e-01   7.562666e-01   1.535413e-01 223200610282042490       2449       1399     0 2454037.363275  1.530331e+01  2.204328e-01  1.530331e+01  2.204328e-01 
   89238974   8.938270e-01   1.633237e-01   8.938270e-01   1.633237e-01 223200610292035590       2441       1392     0 2454038.358495  1.512187e+01  1.983908e-01  1.512187e+01  1.983908e-01 
   89239029   7.819141e-01   1.635642e-01   7.819141e-01   1.635642e-01 223200610292036550       2442       1389     0 2454038.359132  1.526710e+01  2.271199e-01  1.526710e+01  2.271199e-01 
   89239076   6.899866e-01   1.634186e-01   6.899866e-01   1.634186e-01 223200610292037410       2440       1381     0 2454038.359676  1.540290e+01  2.571501e-01  1.540290e+01  2.571501e-01 
   89411423   1.050545e+00   2.591084e-01   1.050545e+00   2.591084e-01 223200610312030160       2430       1410     0 2454040.354433  1.494646e+01  2.677890e-01  1.494646e+01  2.677890e-01 
   89411493   1.036490e+00   2.669367e-01   1.036490e+00   2.669367e-01 223200610312031250       2433       1381     0 2454040.355243  1.496109e+01  2.796205e-01  1.496109e+01  2.796205e-01 
   89411550   9.724163e-01   2.626514e-01   9.724163e-01   2.626514e-01 223200610312032230       2433       1377     0 2454040.355903  1.503037e+01  2.932603e-01  1.503037e+01  2.932603e-01 
   89506209   8.793287e-01   2.697309e-01   8.793287e-01   2.697309e-01 223200611012250050       2363       1011     0 2454041.451493  1.513962e+01  3.330468e-01  1.513962e+01  3.330468e-01 
   89506282   1.042887e+00   2.728211e-01   1.042887e+00   2.728211e-01 223200611012251190       2365        983     0 2454041.452338  1.495441e+01  2.840314e-01  1.495441e+01  2.840314e-01 
   89842111   8.511209e-01   3.877792e-01   8.511209e-01   3.877792e-01 223200611052008420       2445       1395     0 2454045.339248  1.517502e+01  4.946740e-01  1.517502e+01  4.946740e-01 
   89842242   1.123503e+00   3.915220e-01   1.123503e+00   3.915220e-01 223200611052010530       2445       1387     0 2454045.340764  1.487356e+01  3.783623e-01  1.487356e+01  3.783623e-01 
   89842301   4.952338e-01   3.936924e-01   4.952338e-01   3.936924e-01 223200611052011520       2446       1385     0 2454045.341447  1.576297e+01  8.631227e-01  1.576297e+01  8.631227e-01 
   89928295   8.508292e-01   2.968851e-01   8.508292e-01   2.968851e-01 223200611062005110       2448       1412     0 2454046.336748  1.517539e+01  3.788539e-01  1.517539e+01  3.788539e-01 
   89928364   1.081544e+00   2.945291e-01   1.081544e+00   2.945291e-01 223200611062006190       2448       1407     0 2454046.337546  1.491489e+01  2.956718e-01  1.491489e+01  2.956718e-01 
   89928418   1.335326e+00   2.962890e-01   1.335326e+00   2.962890e-01 223200611062007140       2449       1405     0 2454046.338171  1.468603e+01  2.409095e-01  1.468603e+01  2.409095e-01 
   89928482   7.695071e-01   2.993235e-01   7.695071e-01   2.993235e-01 223200611062008180       2449       1402     0 2454046.338912  1.528447e+01  4.223320e-01  1.528447e+01  4.223320e-01 
   90014483   7.499694e-01   1.886225e-01   7.499694e-01   1.886225e-01 223200611072001430       2456       1419     0 2454047.334294  1.531239e+01  2.730711e-01  1.531239e+01  2.730711e-01 
   90014537   7.289593e-01   1.696730e-01   7.289593e-01   1.696730e-01 223200611072002370       2456       1416     0 2454047.334919  1.534324e+01  2.527174e-01  1.534324e+01  2.527174e-01 
   90014626   4.500955e-01   1.721733e-01   4.500955e-01   1.721733e-01 223200611072004050       2452       1435     0 2454047.335949  1.586674e+01  4.153240e-01  1.586674e+01  4.153240e-01 
   90014688   8.618495e-01   1.779581e-01   8.618495e-01   1.779581e-01 223200611072005080       2451       1431     0 2454047.336667  1.516142e+01  2.241879e-01  1.516142e+01  2.241879e-01 
   90272972   7.142509e-01   1.013740e-01   7.142509e-01   1.013740e-01 223200611101950030       2452       1403     0 2454050.326065  1.536537e+01  1.540997e-01  1.536537e+01  1.540997e-01 
   90273026   6.194466e-01   1.016953e-01   6.194466e-01   1.016953e-01 223200611101950570       2452       1400     0 2454050.326690  1.551999e+01  1.782473e-01  1.551999e+01  1.782473e-01 
   90273074   5.561615e-01   1.035047e-01   5.561615e-01   1.035047e-01 223200611101951450       2451       1396     0 2454050.327245  1.563700e+01  2.020622e-01  1.563700e+01  2.020622e-01 
   90273139   6.234638e-01   9.919675e-02   6.234638e-01   9.919675e-02 223200611101952500       2451       1393     0 2454050.327998  1.551297e+01  1.727476e-01  1.551297e+01  1.727476e-01 
   90617650   5.824689e-01   9.492623e-02   5.824689e-01   9.492623e-02 223200611141934560       2443       1423     0 2454054.315394  1.558682e+01  1.769454e-01  1.558682e+01  1.769454e-01 
   90617710   5.101920e-01   9.425315e-02   5.101920e-01   9.425315e-02 223200611141935570       2447       1396     0 2454054.316088  1.573067e+01  2.005802e-01  1.573067e+01  2.005802e-01 
   90617761   6.245526e-01   9.463575e-02   6.245526e-01   9.463575e-02 223200611141936470       2447       1394     0 2454054.316678  1.551108e+01  1.645175e-01  1.551108e+01  1.645175e-01 
   93120135   7.009330e-01   2.294593e-01   7.009330e-01   2.294593e-01 223200612131844400       3116       1233     0 2454083.279340  1.538581e+01  3.554307e-01  1.538581e+01  3.554307e-01 
   93120194   7.017313e-01   2.128095e-01   7.017313e-01   2.128095e-01 223200612131845380       3117       1232     0 2454083.280023  1.538457e+01  3.292654e-01  1.538457e+01  3.292654e-01 
   93120334   8.627836e-01   1.833331e-01   8.627836e-01   1.833331e-01 223200612131847580       3117       1225     0 2454083.281644  1.516024e+01  2.307092e-01  1.516024e+01  2.307092e-01 
   93292970   9.931666e-01   2.805900e-01   9.931666e-01   2.805900e-01 223200612151845190       3090       1205     0 2454085.279745  1.500744e+01  3.067438e-01  1.500744e+01  3.067438e-01 
   93293024   6.758958e-01   2.602699e-01   6.758958e-01   2.602699e-01 223200612151846130       3090       1203     0 2454085.280370  1.542530e+01  4.180903e-01  1.542530e+01  4.180903e-01 
   93293078   7.592986e-01   2.421171e-01   7.592986e-01   2.421171e-01 223200612151847070       3089       1201     0 2454085.280995  1.529897e+01  3.462093e-01  1.529897e+01  3.462093e-01 
   93293132   9.750061e-01   2.277731e-01   9.750061e-01   2.277731e-01 223200612151848010       3089       1198     0 2454085.281620  1.502748e+01  2.536419e-01  1.502748e+01  2.536419e-01 
   93467311   7.030184e-01   1.063289e-01   7.030184e-01   1.063289e-01 223200612171911070       3439       1031     0 2454087.297581  1.538258e+01  1.642141e-01  1.538258e+01  1.642141e-01 
   93467367   5.292088e-01   1.039372e-01   5.292088e-01   1.039372e-01 223200612171912030       3437       1028     0 2454087.298229  1.569093e+01  2.132406e-01  1.569093e+01  2.132406e-01 
   93467427   7.242032e-01   1.026906e-01   7.242032e-01   1.026906e-01 223200612171913020       3436       1025     0 2454087.298924  1.535035e+01  1.539558e-01  1.535035e+01  1.539558e-01 
   93467497   7.473365e-01   1.035481e-01   7.473365e-01   1.035481e-01 223200612171914130       3430       1044     0 2454087.299734  1.531621e+01  1.504361e-01  1.531621e+01  1.504361e-01 
   93556727   5.909189e-01   9.375455e-02   5.909189e-01   9.375455e-02 223200612182001250       2498        961     0 2454088.332488  1.557118e+01  1.722623e-01  1.557118e+01  1.722623e-01 
   93556796   6.186911e-01   9.368680e-02   6.186911e-01   9.368680e-02 223200612182002330       2497        958     0 2454088.333287  1.552132e+01  1.644108e-01  1.552132e+01  1.644108e-01 
   93556860   6.484535e-01   9.476613e-02   6.484535e-01   9.476613e-02 223200612182003370       2496        957     0 2454088.334028  1.547030e+01  1.586719e-01  1.547030e+01  1.586719e-01 
   93725369   1.039199e+00   2.266125e-01   1.039199e+00   2.266125e-01 223200612201852110       2557       1119     0 2454090.284363  1.495825e+01  2.367614e-01  1.495825e+01  2.367614e-01 
   93725428   7.857607e-01   2.127808e-01   7.857607e-01   2.127808e-01 223200612201853100       2557       1117     0 2454090.285046  1.526177e+01  2.940139e-01  1.526177e+01  2.940139e-01 
   93725485   8.733172e-01   2.016658e-01   8.733172e-01   2.016658e-01 223200612201854080       2556       1115     0 2454090.285706  1.514707e+01  2.507183e-01  1.514707e+01  2.507183e-01 
   93725547   8.636876e-01   1.902252e-01   8.636876e-01   1.902252e-01 223200612201855100       2556       1113     0 2454090.286424  1.515911e+01  2.391317e-01  1.515911e+01  2.391317e-01 
   94935177   9.885995e-01   4.298376e-01   9.885995e-01   4.298376e-01 223200701031856070       2498        966     0 2454104.286771  1.501245e+01  4.720737e-01  1.501245e+01  4.720737e-01 
   94935243   8.591793e-01   3.637059e-01   8.591793e-01   3.637059e-01 224200701031857140      28055        903     0 2454104.287535  1.516479e+01  4.596130e-01  1.516479e+01  4.596130e-01 
   94935243   6.881022e-01   4.216310e-01   6.881022e-01   4.216310e-01 223200701031857140       2497        965     0 2454104.287535  1.540587e+01  6.652815e-01  1.540587e+01  6.652815e-01 
   94935301   5.652225e-01   4.113749e-01   5.652225e-01   4.113749e-01 223200701031858120       2497        963     0 2454104.288206  1.561945e+01  7.902130e-01  1.561945e+01  7.902130e-01 
   94935366   9.129817e-01   3.538641e-01   9.129817e-01   3.538641e-01 224200701031859170      28055        903     0 2454104.288958  1.509884e+01  4.208237e-01  1.509884e+01  4.208237e-01 
   94935366   7.686177e-01   4.028913e-01   7.686177e-01   4.028913e-01 223200701031859170       2496        961     0 2454104.288958  1.528572e+01  5.691193e-01  1.528572e+01  5.691193e-01 
   95021678   9.486136e-01   2.624548e-01   9.486136e-01   2.624548e-01 224200701041857500      28053        913     0 2454105.287940  1.505728e+01  3.003938e-01  1.505728e+01  3.003938e-01 
   95021743   8.806746e-01   2.521721e-01   8.806746e-01   2.521721e-01 224200701041858560      28054        913     0 2454105.288692  1.513796e+01  3.108905e-01  1.513796e+01  3.108905e-01 
   95021743   6.115276e-01   2.830262e-01   6.115276e-01   2.830262e-01 223200701041858560       2498        953     0 2454105.288692  1.553396e+01  5.025004e-01  1.553396e+01  5.025004e-01 
   95021799   9.895669e-01   2.733287e-01   9.895669e-01   2.733287e-01 223200701041859510       2497        952     0 2454105.289340  1.501139e+01  2.998928e-01  1.501139e+01  2.998928e-01 
   95107908   1.149641e+00   2.387460e-01   1.149641e+00   2.387460e-01 224200701051855020      28076        926     0 2454106.285972  1.484859e+01  2.254757e-01  1.484859e+01  2.254757e-01 
   95107908   9.933943e-01   2.758178e-01   9.933943e-01   2.758178e-01 223200701051855020       2472        948     0 2454106.285972  1.500720e+01  3.014578e-01  1.500720e+01  3.014578e-01 
   95107964   1.001504e+00   2.254713e-01   1.001504e+00   2.254713e-01 224200701051855570      28076        925     0 2454106.286620  1.499837e+01  2.444355e-01  1.499837e+01  2.444355e-01 
   95107964   9.977074e-01   2.571740e-01   9.977074e-01   2.571740e-01 223200701051855570       2471        946     0 2454106.286620  1.500249e+01  2.798657e-01  1.500249e+01  2.798657e-01 
   95108018   8.896101e-01   2.128785e-01   8.896101e-01   2.128785e-01 224200701051856510      28077        925     0 2454106.287245  1.512700e+01  2.598113e-01  1.512700e+01  2.598113e-01 
   95108072   6.138654e-01   2.010345e-01   6.138654e-01   2.010345e-01 224200701051857460      28077        926     0 2454106.287870  1.552982e+01  3.555685e-01  1.552982e+01  3.555685e-01 
   95280696   1.096782e+00   2.134691e-01   1.096782e+00   2.134691e-01 224200701071854530      28098        913     0 2454108.285833  1.489970e+01  2.113200e-01  1.489970e+01  2.113200e-01 
   95280697   8.212132e-01   2.397849e-01   8.212132e-01   2.397849e-01 223200701071854540       2449        930     0 2454108.285845  1.521386e+01  3.170238e-01  1.521386e+01  3.170238e-01 
   95280826   1.079130e+00   1.896013e-01   1.079130e+00   1.896013e-01 224200701071857030      28086        858     0 2454108.287338  1.491732e+01  1.907627e-01  1.491732e+01  1.907627e-01 
   95280826   8.621002e-01   2.075202e-01   8.621002e-01   2.075202e-01 223200701071857030       2468        953     0 2454108.287338  1.516111e+01  2.613536e-01  1.516111e+01  2.613536e-01 
   95280882   9.231540e-01   1.798342e-01   9.231540e-01   1.798342e-01 224200701071857590      28087        859     0 2454108.287986  1.508681e+01  2.115066e-01  1.508681e+01  2.115066e-01 
   95280882   8.439901e-01   1.929406e-01   8.439901e-01   1.929406e-01 223200701071857590       2466        950     0 2454108.287986  1.518416e+01  2.482059e-01  1.518416e+01  2.482059e-01 
   95280938   1.094700e+00   1.709142e-01   1.094700e+00   1.709142e-01 224200701071858540      28088        858     0 2454108.288634  1.490176e+01  1.695153e-01  1.490176e+01  1.695153e-01 
   95280938   8.013702e-01   1.790608e-01   8.013702e-01   1.790608e-01 223200701071858540       2466        948     0 2454108.288634  1.524042e+01  2.426014e-01  1.524042e+01  2.426014e-01 
   95367160   4.514756e-01   2.760648e-01   4.514756e-01   2.760648e-01 223200701081855580       2452        920     0 2454109.286574  1.586341e+01  6.639000e-01  1.586341e+01  6.639000e-01 
   95367214   7.052343e-01   2.217816e-01   7.052343e-01   2.217816e-01 224200701081856520      28094        935     0 2454109.287199  1.537917e+01  3.414427e-01  1.537917e+01  3.414427e-01 
   95367216   6.331155e-01   2.578792e-01   6.331155e-01   2.578792e-01 223200701081856530       2452        919     0 2454109.287222  1.549629e+01  4.422412e-01  1.549629e+01  4.422412e-01 
   95367271   1.024599e+00   2.090627e-01   1.024599e+00   2.090627e-01 224200701081857490      28095        934     0 2454109.287859  1.497362e+01  2.215381e-01  1.497362e+01  2.215381e-01 
   95367271   8.419142e-01   2.396402e-01   8.419142e-01   2.396402e-01 223200701081857490       2450        917     0 2454109.287859  1.518683e+01  3.090421e-01  1.518683e+01  3.090421e-01 
   95367327   8.033460e-01   1.972500e-01   8.033460e-01   1.972500e-01 224200701081858450      28095        933     0 2454109.288507  1.523774e+01  2.665878e-01  1.523774e+01  2.665878e-01 
   95453545   1.244491e+00   2.357364e-01   1.244491e+00   2.357364e-01 224200701091855450      28089        956     0 2454110.286400  1.476252e+01  2.056652e-01  1.476252e+01  2.056652e-01 
   95453545   7.480646e-01   2.666573e-01   7.480646e-01   2.666573e-01 223200701091855450       2455        916     0 2454110.286400  1.531515e+01  3.870261e-01  1.531515e+01  3.870261e-01 
   95453601   8.460925e-01   2.224376e-01   8.460925e-01   2.224376e-01 224200701091856400      28089        954     0 2454110.287049  1.518146e+01  2.854409e-01  1.518146e+01  2.854409e-01 
   95453655   8.665302e-01   2.099524e-01   8.665302e-01   2.099524e-01 224200701091857350      28089        954     0 2454110.287674  1.515554e+01  2.630650e-01  1.515554e+01  2.630650e-01 
   95453655   9.062756e-01   2.322596e-01   9.062756e-01   2.322596e-01 223200701091857350       2453        914     0 2454110.287674  1.510685e+01  2.782526e-01  1.510685e+01  2.782526e-01 
   95453711   8.114592e-01   2.163373e-01   8.114592e-01   2.163373e-01 223200701091858300       2452        913     0 2454110.288322  1.522683e+01  2.894614e-01  1.522683e+01  2.894614e-01 
   95539935   8.299103e-01   2.297055e-01   8.299103e-01   2.297055e-01 224200701101855350      28094        963     0 2454111.286285  1.520242e+01  3.005149e-01  1.520242e+01  3.005149e-01 
   95539935   7.922596e-01   2.627432e-01   7.922596e-01   2.627432e-01 223200701101855350       2452        910     0 2454111.286285  1.525283e+01  3.600723e-01  1.525283e+01  3.600723e-01 
   95539989   1.094980e+00   2.167349e-01   1.094980e+00   2.167349e-01 224200701101856300      28094        962     0 2454111.286910  1.490148e+01  2.149059e-01  1.490148e+01  2.149059e-01 
   95539989   7.633341e-01   2.460589e-01   7.633341e-01   2.460589e-01 223200701101856300       2451        909     0 2454111.286910  1.529321e+01  3.499856e-01  1.529321e+01  3.499856e-01 
   95540043   1.024020e+00   2.055183e-01   1.024020e+00   2.055183e-01 224200701101857240      28094        961     0 2454111.287535  1.497423e+01  2.179054e-01  1.497423e+01  2.179054e-01 
   95540043   4.609913e-01   2.303873e-01   4.609913e-01   2.303873e-01 223200701101857240       2450        907     0 2454111.287535  1.584077e+01  5.426149e-01  1.584077e+01  5.426149e-01 
   95540099   1.013585e+00   1.944158e-01   1.013585e+00   1.944158e-01 224200701101858190      28094        961     0 2454111.288183  1.498535e+01  2.082559e-01  1.498535e+01  2.082559e-01 
   95626318   1.057738e+00   2.497945e-01   1.057738e+00   2.497945e-01 224200701111855200      28116        952     0 2454112.286088  1.493905e+01  2.564074e-01  1.493905e+01  2.564074e-01 
   95626319   1.038805e+00   2.757646e-01   1.038805e+00   2.757646e-01 223200701111855210       2433        890     0 2454112.286100  1.495866e+01  2.882242e-01  1.495866e+01  2.882242e-01 
   95626375   8.348785e-01   2.352472e-01   8.348785e-01   2.352472e-01 224200701111856160      28115        952     0 2454112.286748  1.519594e+01  3.059334e-01  1.519594e+01  3.059334e-01 
   95626375   1.020473e+00   2.573054e-01   1.020473e+00   2.573054e-01 223200701111856160       2433        889     0 2454112.286748  1.497800e+01  2.737622e-01  1.497800e+01  2.737622e-01 
   95626429   9.002631e-01   2.404266e-01   9.002631e-01   2.404266e-01 223200701111857110       2432        887     0 2454112.287373  1.511408e+01  2.899606e-01  1.511408e+01  2.899606e-01 
   95626485   8.177955e-01   2.114369e-01   8.177955e-01   2.114369e-01 224200701111858070      28115        951     0 2454112.288021  1.521839e+01  2.807126e-01  1.521839e+01  2.807126e-01 
   95626485   7.604514e-01   2.255862e-01   7.604514e-01   2.255862e-01 223200701111858070       2431        887     0 2454112.288021  1.529732e+01  3.220823e-01  1.529732e+01  3.220823e-01 
   95712702   9.444068e-01   2.526503e-01   9.444068e-01   2.526503e-01 223200701121855050       2462        884     0 2454113.285903  1.506210e+01  2.904601e-01  1.506210e+01  2.904601e-01 
   95712704   1.203895e+00   2.322183e-01   1.203895e+00   2.322183e-01 224200701121855060      28088        953     0 2454113.285926  1.479853e+01  2.094275e-01  1.479853e+01  2.094275e-01 
   95712758   7.380790e-01   2.188649e-01   7.380790e-01   2.188649e-01 224200701121856000      28087        952     0 2454113.286551  1.532974e+01  3.219579e-01  1.532974e+01  3.219579e-01 
   95712758   1.111439e+00   2.366821e-01   1.111439e+00   2.366821e-01 223200701121856000       2461        884     0 2454113.286551  1.488529e+01  2.312095e-01  1.488529e+01  2.312095e-01 
   95712812   6.881148e-01   2.074131e-01   6.881148e-01   2.074131e-01 224200701121856550      28088        951     0 2454113.287176  1.540585e+01  3.272662e-01  1.540585e+01  3.272662e-01 
   95712812   1.285489e+00   2.226025e-01   1.285489e+00   2.226025e-01 223200701121856550       2461        882     0 2454113.287176  1.472733e+01  1.880129e-01  1.472733e+01  1.880129e-01 
   95712866   8.138726e-01   2.085975e-01   8.138726e-01   2.085975e-01 223200701121857490       2460        881     0 2454113.287801  1.522361e+01  2.782777e-01  1.522361e+01  2.782777e-01 
   95712868   1.222174e+00   1.977907e-01   1.222174e+00   1.977907e-01 224200701121857500      28087        952     0 2454113.287824  1.478217e+01  1.757109e-01  1.478217e+01  1.757109e-01 
   95799124   9.107125e-01   2.011182e-01   9.107125e-01   2.011182e-01 224200701131855270      28088        968     0 2454114.286157  1.510155e+01  2.397705e-01  1.510155e+01  2.397705e-01 
   95799124   1.085002e+00   2.254183e-01   1.085002e+00   2.254183e-01 223200701131855270       2458        900     0 2454114.286157  1.491142e+01  2.255716e-01  1.491142e+01  2.255716e-01 
   95799178   1.092591e+00   1.913085e-01   1.092591e+00   1.913085e-01 224200701131856210      28088        968     0 2454114.286782  1.490386e+01  1.901089e-01  1.490386e+01  1.901089e-01 
   95799178   7.609789e-01   2.111884e-01   7.609789e-01   2.111884e-01 223200701131856210       2457        898     0 2454114.286782  1.529657e+01  3.013168e-01  1.529657e+01  3.013168e-01 
   95799302   8.958132e-01   1.681394e-01   8.958132e-01   1.681394e-01 224200701131858250      28079        976     0 2454114.288218  1.511946e+01  2.037876e-01  1.511946e+01  2.037876e-01 
   95799302   5.644529e-01   1.841185e-01   5.644529e-01   1.841185e-01 223200701131858250       2459        902     0 2454114.288218  1.562093e+01  3.541567e-01  1.562093e+01  3.541567e-01 
   95799356   8.440113e-01   1.607761e-01   8.440113e-01   1.607761e-01 224200701131859190      28079        975     0 2454114.288843  1.518413e+01  2.068232e-01  1.518413e+01  2.068232e-01 
   95799356   6.249066e-01   1.742601e-01   6.249066e-01   1.742601e-01 223200701131859190       2458        900     0 2454114.288843  1.551046e+01  3.027671e-01  1.551046e+01  3.027671e-01 
   95885594   9.092398e-01   1.918811e-01   9.092398e-01   1.918811e-01 224200701141856390      28091        974     0 2454115.286968  1.510330e+01  2.291287e-01  1.510330e+01  2.291287e-01 
   95885594   8.654201e-01   2.105556e-01   8.654201e-01   2.105556e-01 223200701141856390       2453        878     0 2454115.286968  1.515693e+01  2.641591e-01  1.515693e+01  2.641591e-01 
   95885649   8.538167e-01   1.835281e-01   8.538167e-01   1.835281e-01 224200701141857330      28090        973     0 2454115.287604  1.517159e+01  2.333800e-01  1.517159e+01  2.333800e-01 
   95885650   7.947409e-01   1.981017e-01   7.947409e-01   1.981017e-01 223200701141857340       2453        877     0 2454115.287616  1.524944e+01  2.706378e-01  1.524944e+01  2.706378e-01 
   95885704   5.672569e-01   1.855831e-01   5.672569e-01   1.855831e-01 223200701141858290       2453        876     0 2454115.288241  1.561555e+01  3.552094e-01  1.561555e+01  3.552094e-01 
   95885835   9.136130e-01   1.572770e-01   9.136130e-01   1.572770e-01 224200701141900400      28092        970     0 2454115.289757  1.509809e+01  1.869083e-01  1.509809e+01  1.869083e-01 
   95885836   7.545544e-01   1.612294e-01   7.545544e-01   1.612294e-01 223200701141900410       2450        877     0 2454115.289769  1.530577e+01  2.319955e-01  1.530577e+01  2.319955e-01 
  105941761   1.067480e+00   2.923386e-01   1.067480e+00   2.923386e-01 223200705110414520       2423       1725     0 2454231.677789  1.492910e+01  2.973391e-01  1.492910e+01  2.973391e-01 
  105941817   1.153863e+00   3.078928e-01   1.153863e+00   3.078928e-01 223200705110415490       2426       1724     0 2454231.678437  1.484461e+01  2.897151e-01  1.484461e+01  2.897151e-01 
  105941876   1.084469e+00   3.271193e-01   1.084469e+00   3.271193e-01 223200705110416470       2429       1723     0 2454231.679120  1.491196e+01  3.275026e-01  1.491196e+01  3.275026e-01 
  106027816   1.127955e+00   1.762900e-01   1.127955e+00   1.762900e-01 223200705120409040       2447       1701     0 2454232.673796  1.486927e+01  1.696921e-01  1.486927e+01  1.696921e-01 
  106027996   1.221544e+00   2.006599e-01   1.221544e+00   2.006599e-01 223200705120412040       2437       1713     0 2454232.675880  1.478273e+01  1.783517e-01  1.478273e+01  1.783517e-01 
  106028050   8.801624e-01   2.113792e-01   8.801624e-01   2.113792e-01 223200705120412580       2439       1712     0 2454232.676505  1.513859e+01  2.607506e-01  1.513859e+01  2.607506e-01 
  106114124   8.566452e-01   1.797176e-01   8.566452e-01   1.797176e-01 223200705130407290       2427       1724     0 2454233.672731  1.516800e+01  2.277799e-01  1.516800e+01  2.277799e-01 
  106114180   9.577398e-01   1.831404e-01   9.577398e-01   1.831404e-01 223200705130408240       2430       1724     0 2454233.673380  1.504688e+01  2.076167e-01  1.504688e+01  2.076167e-01 
  106114234   9.546260e-01   1.893365e-01   9.546260e-01   1.893365e-01 223200705130409190       2432       1724     0 2454233.674005  1.505042e+01  2.153411e-01  1.505042e+01  2.153411e-01 
  124569525   1.181584e+00   2.854691e-01   1.181584e+00   2.854691e-01 221200712121841060      17940       6693     0 2454447.276910  1.481884e+01  2.623132e-01  1.481884e+01  2.623132e-01 
  124570452   1.338225e+00   1.405012e-01   1.338225e+00   1.405012e-01 222200712121856320       5606      20180     0 2454447.287639  1.468368e+01  1.139926e-01  1.468368e+01  1.139926e-01 
  124571584   9.512545e-01   9.934057e-02   9.512545e-01   9.934057e-02 222200712121915250       5626      20130     0 2454447.300741  1.505426e+01  1.133850e-01  1.505426e+01  1.133850e-01 
  124571708   5.436784e-01   8.345500e-02   5.436784e-01   8.345500e-02 223200712121917280       1950       5231     0 2454447.302176  1.566164e+01  1.666618e-01  1.566164e+01  1.666618e-01 
  124572792   1.083279e+00   9.774281e-02   1.083279e+00   9.774281e-02 222200712121935320       5606      20145     0 2454447.314722  1.491315e+01  9.796486e-02  1.491315e+01  9.796486e-02 
  124572983   1.035527e+00   8.276911e-02   1.035527e+00   8.276911e-02 221200712121938430      17928       6895     0 2454447.316933  1.496210e+01  8.678262e-02  1.496210e+01  8.678262e-02 
  124573042   7.339599e-01   8.345561e-02   7.339599e-01   8.345561e-02 223200712121939430       1935       5156     0 2454447.317616  1.533582e+01  1.234551e-01  1.533582e+01  1.234551e-01 
