\OBJNAME = '1SWASP J001856.96-740643.2'
\OBSSTART = '2006-05-11T04:14:48'
\OBSSTOP = '2007-12-12T19:39:43'
\TSTART = 74405754
\TSTOP = 124573045
\JD_REF = 2453005.5
\RA_OBJ = '4.737369'
\DEC_OBJ = '-74.112008'
\WASP_MAG = 10.40711
\HJD_START = 2453866.677708
\HJD_STOP = 2454447.317650
\fixlen = T
\NUMRECORDS = 341
\
\ This file was produced by the NASA Exoplanet Archive  http://exoplanetarchive.ipac.caltech.edu 
\ Sat Sep 14, 13:53:43 2013
\ Documentation for the SuperWASP dataset can be found at http://exoplanetarchive.ipac.caltech.edu/docs/SuperWASPMission.html
\
|TMID      |FLUX2         |FLUX2_ERR     |TAMFLUX2      |TAMFLUX2_ERR  |IMAGEID           |CCDX      |CCDY      |FLAG |           HJD|         MAG2|     MAG2_ERR|      TAMMAG2|  TAMMAG2_ERR|
|int       |float         |float         |float         |float         |char              |int       |int       |int  |        double|        float|        float|        float|        float|
|sec       |micro Vega    |micro Vega    |micro Vega    |micro Vega    |                  |1/16 pixel|1/16 pixel|     |           day|          mag|          mag|          mag|          mag|
|null      |null          |null          |null          |null          |null              |null      |null      |null |          null|         null|         null|         null|         null|
   74405754   6.555070e+01   3.031225e-01   6.555070e+01   3.031225e-01 223200605110414480       3297        660     0 2453866.677708  1.045856e+01  5.020728e-03  1.045856e+01  5.020728e-03 
   74405807   6.556432e+01   3.176188e-01   6.556432e+01   3.176188e-01 223200605110415410       3301        657     0 2453866.678322  1.045833e+01  5.259743e-03  1.045833e+01  5.259743e-03 
   74405891   6.680139e+01   3.404302e-01   6.680139e+01   3.404302e-01 223200605110417040       3306        656     0 2453866.679294  1.043804e+01  5.533098e-03  1.043804e+01  5.533098e-03 
   74405956   6.740818e+01   3.681387e-01   6.740818e+01   3.681387e-01 223200605110418100       3314        632     0 2453866.680046  1.042822e+01  5.929591e-03  1.042822e+01  5.929591e-03 
   74491867   6.499883e+01   3.153330e-01   6.499883e+01   3.153330e-01 223200605120409570       3316        595     0 2453867.674387  1.046774e+01  5.267321e-03  1.046774e+01  5.267321e-03 
   74492005   6.595768e+01   3.240227e-01   6.595768e+01   3.240227e-01 223200605120412150       3325        592     0 2453867.675984  1.045184e+01  5.333790e-03  1.045184e+01  5.333790e-03 
   74492058   6.630156e+01   3.311631e-01   6.630156e+01   3.311631e-01 223200605120413070       3328        591     0 2453867.676597  1.044619e+01  5.423056e-03  1.044619e+01  5.423056e-03 
   74750389   6.716704e+01   3.993526e-01   6.716704e+01   3.993526e-01 223200605150358270       3313        600     0 2453870.666539  1.043211e+01  6.455445e-03  1.043211e+01  6.455445e-03 
   74750449   6.590198e+01   3.976914e-01   6.590198e+01   3.976914e-01 223200605150359270       3318        595     0 2453870.667234  1.045275e+01  6.551995e-03  1.045275e+01  6.551995e-03 
   74750503   6.665199e+01   3.981536e-01   6.665199e+01   3.981536e-01 223200605150400210       3322        595     0 2453870.667859  1.044047e+01  6.485797e-03  1.044047e+01  6.485797e-03 
   74750562   6.727999e+01   3.955796e-01   6.727999e+01   3.955796e-01 223200605150401200       3325        593     0 2453870.668542  1.043029e+01  6.383720e-03  1.043029e+01  6.383720e-03 
   75613647   6.808216e+01   2.732087e-01   6.808216e+01   2.732087e-01 223200605250345300       3393        606     0 2453880.657951  1.041742e+01  4.356994e-03  1.041742e+01  4.356994e-03 
   75613710   6.649317e+01   2.727696e-01   6.649317e+01   2.727696e-01 223200605250346340       3402        580     0 2453880.658681  1.044306e+01  4.453944e-03  1.044306e+01  4.453944e-03 
   75613768   6.746454e+01   2.728650e-01   6.746454e+01   2.728650e-01 223200605250347310       3405        579     0 2453880.659352  1.042731e+01  4.391350e-03  1.042731e+01  4.391350e-03 
   75613836   6.775692e+01   2.747954e-01   6.775692e+01   2.747954e-01 223200605250348400       3404        600     0 2453880.660139  1.042262e+01  4.403333e-03  1.042262e+01  4.403333e-03 
   75700102   6.720838e+01   2.707047e-01   6.720838e+01   2.707047e-01 223200605260346210       3413        596     0 2453881.658588  1.043144e+01  4.373189e-03  1.043144e+01  4.373189e-03 
   75700165   6.652077e+01   2.690031e-01   6.652077e+01   2.690031e-01 223200605260347250       3420        568     0 2453881.659317  1.044261e+01  4.390620e-03  1.044261e+01  4.390620e-03 
   75700232   6.723688e+01   2.689462e-01   6.723688e+01   2.689462e-01 223200605260348310       3419        590     0 2453881.660093  1.043098e+01  4.342939e-03  1.043098e+01  4.342939e-03 
   75700301   6.708798e+01   2.683623e-01   6.708798e+01   2.683623e-01 223200605260349400       3425        562     0 2453881.660891  1.043339e+01  4.343129e-03  1.043339e+01  4.343129e-03 
   76132321   6.643519e+01   2.546565e-01   6.643519e+01   2.546565e-01 223200605310349440       3477        567     0 2453886.661123  1.044401e+01  4.161811e-03  1.044401e+01  4.161811e-03 
   76132388   6.659456e+01   2.545592e-01   6.659456e+01   2.545592e-01 223200605310350510       3484        539     0 2453886.661898  1.044140e+01  4.150266e-03  1.044140e+01  4.150266e-03 
   76132437   6.658904e+01   2.549366e-01   6.658904e+01   2.549366e-01 223200605310351390       3486        537     0 2453886.662465  1.044149e+01  4.156763e-03  1.044149e+01  4.156763e-03 
   76132499   6.676525e+01   2.551026e-01   6.676525e+01   2.551026e-01 223200605310352410       3488        536     0 2453886.663183  1.043862e+01  4.148492e-03  1.043862e+01  4.148492e-03 
   76218791   6.657019e+01   2.551704e-01   6.657019e+01   2.551704e-01 223200606010350510       3495        531     0 2453887.661933  1.044180e+01  4.161754e-03  1.044180e+01  4.161754e-03 
   76218859   6.578922e+01   2.532346e-01   6.578922e+01   2.532346e-01 223200606010351580       3496        550     0 2453887.662720  1.045461e+01  4.179209e-03  1.045461e+01  4.179209e-03 
   76218929   6.676418e+01   2.546165e-01   6.676418e+01   2.546165e-01 223200606010353090       3499        548     0 2453887.663530  1.043864e+01  4.140653e-03  1.043864e+01  4.140653e-03 
   76219015   6.593554e+01   2.536911e-01   6.593554e+01   2.536911e-01 223200606010354350       3506        523     0 2453887.664525  1.045220e+01  4.177453e-03  1.045220e+01  4.177453e-03 
   76478196   6.714761e+01   2.674358e-01   6.714761e+01   2.674358e-01 223200606040354060       3506        522     0 2453890.664306  1.043242e+01  4.324290e-03  1.043242e+01  4.324290e-03 
   76478269   6.717145e+01   2.664689e-01   6.717145e+01   2.664689e-01 223200606040355190       3508        542     0 2453890.665150  1.043204e+01  4.307127e-03  1.043204e+01  4.307127e-03 
   76478345   6.653415e+01   2.659971e-01   6.653415e+01   2.659971e-01 223200606040356360       3515        514     0 2453890.666030  1.044239e+01  4.340684e-03  1.044239e+01  4.340684e-03 
   76478398   6.712686e+01   2.664827e-01   6.712686e+01   2.664827e-01 223200606040357280       3516        512     0 2453890.666644  1.043276e+01  4.310211e-03  1.043276e+01  4.310211e-03 
   76564538   7.487662e+01   5.021223e-01   7.487662e+01   5.021223e-01 223200606050353060       3533        506     0 2453891.663634  1.031413e+01  7.280968e-03  1.031413e+01  7.280968e-03 
   76564597   6.142934e+01   4.640527e-01   6.142934e+01   4.640527e-01 223200606050354050       3538        505     0 2453891.664317  1.052906e+01  8.201954e-03  1.052906e+01  8.201954e-03 
   76564657   5.267677e+01   4.450276e-01   5.267677e+01   4.450276e-01 223200606050355050       3540        502     0 2453891.665012  1.069595e+01  9.172625e-03  1.069595e+01  9.172625e-03 
   76564715   7.590820e+01   4.707380e-01   7.590820e+01   4.707380e-01 223200606050356020       3542        501     0 2453891.665683  1.029928e+01  6.733121e-03  1.029928e+01  6.733121e-03 
   76650909   6.691949e+01   2.701833e-01   6.691949e+01   2.701833e-01 223200606060352330       3522        502     0 2453892.663299  1.043612e+01  4.383608e-03  1.043612e+01  4.383608e-03 
   76651043   6.654838e+01   2.736474e-01   6.654838e+01   2.736474e-01 223200606060354480       3529        501     0 2453892.664850  1.044216e+01  4.464571e-03  1.044216e+01  4.464571e-03 
   76651099   6.697204e+01   2.717980e-01   6.697204e+01   2.717980e-01 223200606060355430       3531        498     0 2453892.665498  1.043527e+01  4.406346e-03  1.043527e+01  4.406346e-03 
   76651175   6.624604e+01   2.704689e-01   6.624604e+01   2.704689e-01 223200606060357000       3530        518     0 2453892.666377  1.044710e+01  4.432852e-03  1.044710e+01  4.432852e-03 
   76737403   6.605983e+01   2.678795e-01   6.605983e+01   2.678795e-01 223200606070354040       3533        504     0 2453893.664387  1.045016e+01  4.402790e-03  1.045016e+01  4.402790e-03 
   76737456   6.660582e+01   2.663713e-01   6.660582e+01   2.663713e-01 223200606070354570       3535        502     0 2453893.665000  1.044122e+01  4.342113e-03  1.044122e+01  4.342113e-03 
   76737511   6.605563e+01   2.643912e-01   6.605563e+01   2.643912e-01 223200606070355530       3537        500     0 2453893.665637  1.045022e+01  4.345733e-03  1.045022e+01  4.345733e-03 
   76737567   6.579245e+01   2.642273e-01   6.579245e+01   2.642273e-01 223200606070356480       3539        498     0 2453893.666285  1.045456e+01  4.360412e-03  1.045456e+01  4.360412e-03 
   76823793   6.737400e+01   2.625052e-01   6.737400e+01   2.625052e-01 223200606080353510       3559        503     0 2453894.664271  1.042877e+01  4.230302e-03  1.042877e+01  4.230302e-03 
   76823852   6.730923e+01   2.623878e-01   6.730923e+01   2.623878e-01 223200606080354510       3563        499     0 2453894.664954  1.042981e+01  4.232480e-03  1.042981e+01  4.232480e-03 
   76823911   6.708987e+01   2.613131e-01   6.708987e+01   2.613131e-01 223200606080355500       3565        497     0 2453894.665637  1.043336e+01  4.228925e-03  1.043336e+01  4.228925e-03 
   76823997   6.697294e+01   2.620953e-01   6.697294e+01   2.620953e-01 223200606080357160       3564        517     0 2453894.666632  1.043525e+01  4.248990e-03  1.043525e+01  4.248990e-03 
   76910219   6.638308e+01   2.651946e-01   6.638308e+01   2.651946e-01 223200606090354140       3555        490     0 2453895.664572  1.044486e+01  4.337437e-03  1.044486e+01  4.337437e-03 
   76910273   6.629009e+01   2.658734e-01   6.629009e+01   2.658734e-01 223200606090355080       3558        487     0 2453895.665197  1.044638e+01  4.354638e-03  1.044638e+01  4.354638e-03 
   76910357   6.630042e+01   2.681781e-01   6.630042e+01   2.681781e-01 223200606090356320       3557        507     0 2453895.666169  1.044621e+01  4.391702e-03  1.044621e+01  4.391702e-03 
   76910429   6.662989e+01   2.656894e-01   6.662989e+01   2.656894e-01 223200606090357440       3563        482     0 2453895.667002  1.044083e+01  4.329432e-03  1.044083e+01  4.329432e-03 
   76996574   6.847684e+01   3.220794e-01   6.847684e+01   3.220794e-01 223200606100353270       3561        490     0 2453896.664051  1.041114e+01  5.106755e-03  1.041114e+01  5.106755e-03 
   76996639   6.880520e+01   3.201169e-01   6.880520e+01   3.201169e-01 223200606100354320       3565        487     0 2453896.664803  1.040595e+01  5.051417e-03  1.040595e+01  5.051417e-03 
   76996700   6.806093e+01   3.163077e-01   6.806093e+01   3.163077e-01 223200606100355320       3567        485     0 2453896.665509  1.041776e+01  5.045890e-03  1.041776e+01  5.045890e-03 
   76996755   6.775330e+01   3.128730e-01   6.775330e+01   3.128730e-01 223200606100356270       3569        483     0 2453896.666146  1.042267e+01  5.013760e-03  1.042267e+01  5.013760e-03 
   77082994   6.673422e+01   4.276818e-01   6.673422e+01   4.276818e-01 223200606110353440       3574        479     0 2453897.664282  1.043913e+01  6.958218e-03  1.043913e+01  6.958218e-03 
   77083071   6.679730e+01   4.283711e-01   6.679730e+01   4.283711e-01 223200606110355000       3574        499     0 2453897.665174  1.043810e+01  6.962850e-03  1.043810e+01  6.962850e-03 
   77083152   6.791747e+01   4.280552e-01   6.791747e+01   4.280552e-01 223200606110356210       3580        473     0 2453897.666111  1.042005e+01  6.842962e-03  1.042005e+01  6.842962e-03 
   77083206   6.779609e+01   4.285222e-01   6.779609e+01   4.285222e-01 223200606110357160       3581        471     0 2453897.666736  1.042199e+01  6.862693e-03  1.042199e+01  6.862693e-03 
   77169260   6.999887e+01   5.188297e-01   6.999887e+01   5.188297e-01 223200606120351270       3573        495     0 2453898.662731  1.038727e+01  8.047475e-03  1.038727e+01  8.047475e-03 
   77169322   6.897214e+01   5.216568e-01   6.897214e+01   5.216568e-01 223200606120352290       3580        470     0 2453898.663449  1.040332e+01  8.211775e-03  1.040332e+01  8.211775e-03 
   77169380   6.955909e+01   5.161617e-01   6.955909e+01   5.161617e-01 223200606120353260       3582        468     0 2453898.664120  1.039412e+01  8.056710e-03  1.039412e+01  8.056710e-03 
   77169440   7.145287e+01   5.115951e-01   7.145287e+01   5.115951e-01 223200606120354260       3583        465     0 2453898.664815  1.036495e+01  7.773784e-03  1.036495e+01  7.773784e-03 
   77514685   6.357312e+01   2.085960e+00   6.357312e+01   2.085960e+00 223200606160348210       3583        436     0 2453902.660706  1.049182e+01  3.562528e-02  1.049182e+01  3.562528e-02 
   77514750   6.225504e+01   2.537382e+00   6.225504e+01   2.537382e+00 223200606160349260       3585        434     0 2453902.661458  1.051456e+01  4.425243e-02  1.051456e+01  4.425243e-02 
   77601369   6.760141e+01   2.973641e-01   6.760141e+01   2.973641e-01 223200606170353030       3597        419     0 2453903.663993  1.042511e+01  4.775937e-03  1.042511e+01  4.775937e-03 
   77601439   6.756482e+01   2.987049e-01   6.756482e+01   2.987049e-01 223200606170354120       3596        440     0 2453903.664803  1.042570e+01  4.800070e-03  1.042570e+01  4.800070e-03 
   77601509   6.761595e+01   2.976864e-01   6.761595e+01   2.976864e-01 223200606170355220       3597        437     0 2453903.665613  1.042488e+01  4.780085e-03  1.042488e+01  4.780085e-03 
   77601566   6.789222e+01   2.965172e-01   6.789222e+01   2.965172e-01 223200606170356190       3602        413     0 2453903.666273  1.042045e+01  4.741936e-03  1.042045e+01  4.741936e-03 
   77687713   6.595163e+01   2.751807e-01   6.595163e+01   2.751807e-01 223200606180352030       3617        413     0 2453904.663345  1.045194e+01  4.530209e-03  1.045194e+01  4.530209e-03 
   77687756   6.597268e+01   2.757730e-01   6.597268e+01   2.757730e-01 223200606180352470       3619        411     0 2453904.663843  1.045159e+01  4.538513e-03  1.045159e+01  4.538513e-03 
   77687824   6.671393e+01   2.776427e-01   6.671393e+01   2.776427e-01 223200606180353550       3620        410     0 2453904.664630  1.043946e+01  4.518514e-03  1.043946e+01  4.518514e-03 
   77687875   6.608695e+01   2.764112e-01   6.608695e+01   2.764112e-01 223200606180354460       3621        408     0 2453904.665220  1.044971e+01  4.541149e-03  1.044971e+01  4.541149e-03 
   77774349   6.697027e+01   2.648650e-01   6.697027e+01   2.648650e-01 223200606190355570       3663        394     0 2453905.666076  1.043530e+01  4.294063e-03  1.043530e+01  4.294063e-03 
   77774405   6.636519e+01   2.637556e-01   6.636519e+01   2.637556e-01 223200606190356530       3663        394     0 2453905.666725  1.044515e+01  4.315063e-03  1.044515e+01  4.315063e-03 
   77774467   6.598419e+01   2.634670e-01   6.598419e+01   2.634670e-01 223200606190357560       3662        393     0 2453905.667442  1.045140e+01  4.335229e-03  1.045140e+01  4.335229e-03 
   77774532   6.617962e+01   2.630958e-01   6.617962e+01   2.630958e-01 223200606190359000       3658        416     0 2453905.668194  1.044819e+01  4.316338e-03  1.044819e+01  4.316338e-03 
   77860763   6.745920e+01   2.621716e-01   6.745920e+01   2.621716e-01 223200606200356080       3647        388     0 2453906.666238  1.042740e+01  4.219591e-03  1.042740e+01  4.219591e-03 
   77860822   6.792405e+01   2.625479e-01   6.792405e+01   2.625479e-01 223200606200357080       3648        387     0 2453906.666921  1.041994e+01  4.196728e-03  1.041994e+01  4.196728e-03 
   77860886   6.767729e+01   2.622080e-01   6.767729e+01   2.622080e-01 223200606200358110       3647        387     0 2453906.667662  1.042389e+01  4.206576e-03  1.042389e+01  4.206576e-03 
   77860951   6.764067e+01   2.628683e-01   6.764067e+01   2.628683e-01 223200606200359170       3643        411     0 2453906.668414  1.042448e+01  4.219453e-03  1.042448e+01  4.219453e-03 
   77947073   6.701232e+01   2.723105e-01   6.701232e+01   2.723105e-01 223200606210354360       3642        386     0 2453907.665197  1.043461e+01  4.412001e-03  1.043461e+01  4.412001e-03 
   77947127   6.751211e+01   2.727248e-01   6.751211e+01   2.727248e-01 223200606210355300       3642        388     0 2453907.665822  1.042655e+01  4.386002e-03  1.042655e+01  4.386002e-03 
   77947205   6.726808e+01   2.728537e-01   6.726808e+01   2.728537e-01 223200606210356480       3639        410     0 2453907.666725  1.043048e+01  4.403993e-03  1.043048e+01  4.403993e-03 
   77947272   6.680759e+01   2.716903e-01   6.680759e+01   2.716903e-01 223200606210357550       3642        387     0 2453907.667500  1.043794e+01  4.415442e-03  1.043794e+01  4.415442e-03 
   78119983   6.676653e+01   2.706301e-01   6.676653e+01   2.706301e-01 223200606230356210       3633        367     0 2453909.666470  1.043860e+01  4.400916e-03  1.043860e+01  4.400916e-03 
   78120037   6.638474e+01   2.701403e-01   6.638474e+01   2.701403e-01 223200606230357150       3632        368     0 2453909.667095  1.044483e+01  4.418215e-03  1.044483e+01  4.418215e-03 
   78120185   6.630893e+01   2.720544e-01   6.630893e+01   2.720544e-01 223200606230359440       3631        374     0 2453909.668808  1.044607e+01  4.454609e-03  1.044607e+01  4.454609e-03 
   78120247   6.718690e+01   2.723628e-01   6.718690e+01   2.723628e-01 223200606230400460       3633        354     0 2453909.669525  1.043179e+01  4.401381e-03  1.043179e+01  4.401381e-03 
   78206442   6.892899e+01   2.729703e-01   6.892899e+01   2.729703e-01 223200606240357190       3652        352     0 2453910.667153  1.040400e+01  4.299712e-03  1.040400e+01  4.299712e-03 
   78206501   6.910185e+01   2.718518e-01   6.910185e+01   2.718518e-01 223200606240358180       3649        355     0 2453910.667836  1.040128e+01  4.271381e-03  1.040128e+01  4.271381e-03 
   78206576   6.957007e+01   2.732724e-01   6.957007e+01   2.732724e-01 223200606240359320       3641        383     0 2453910.668704  1.039394e+01  4.264805e-03  1.039394e+01  4.264805e-03 
   78206635   6.962218e+01   2.746462e-01   6.962218e+01   2.746462e-01 223200606240400310       3636        369     0 2453910.669387  1.039313e+01  4.283037e-03  1.039313e+01  4.283037e-03 
   78292881   6.968289e+01   2.759107e-01   6.968289e+01   2.759107e-01 223200606250357560       3654        335     0 2453911.667604  1.039218e+01  4.299007e-03  1.039218e+01  4.299007e-03 
   78292935   7.040257e+01   2.755124e-01   7.040257e+01   2.755124e-01 223200606250358490       3648        342     0 2453911.668229  1.038103e+01  4.248919e-03  1.038103e+01  4.248919e-03 
   78292986   7.148510e+01   2.781160e-01   7.148510e+01   2.781160e-01 223200606250359400       3638        355     0 2453911.668819  1.036446e+01  4.224121e-03  1.036446e+01  4.224121e-03 
   78293048   7.119468e+01   2.778447e-01   7.119468e+01   2.778447e-01 223200606250400430       3638        354     0 2453911.669537  1.036888e+01  4.237215e-03  1.036888e+01  4.237215e-03 
   78724948   6.665363e+01   2.665965e-01   6.665363e+01   2.665965e-01 223200606300358520       3662        336     0 2453916.668380  1.044044e+01  4.342666e-03  1.044044e+01  4.342666e-03 
   78725025   6.688731e+01   2.682800e-01   6.688731e+01   2.682800e-01 223200606300400090       3668        309     0 2453916.669271  1.043664e+01  4.354822e-03  1.043664e+01  4.354822e-03 
   78725072   6.716830e+01   2.686384e-01   6.716830e+01   2.686384e-01 223200606300400570       3669        307     0 2453916.669815  1.043209e+01  4.342398e-03  1.043209e+01  4.342398e-03 
   78725136   6.716792e+01   2.686076e-01   6.716792e+01   2.686076e-01 223200606300402000       3670        305     0 2453916.670556  1.043210e+01  4.341925e-03  1.043210e+01  4.341925e-03 
   78811384   6.712151e+01   2.763616e-01   6.712151e+01   2.763616e-01 223200607010359260       3662        302     0 2453917.668796  1.043285e+01  4.470353e-03  1.043285e+01  4.470353e-03 
   78811463   6.828693e+01   2.796903e-01   6.828693e+01   2.796903e-01 223200607010400450       3660        322     0 2453917.669711  1.041416e+01  4.446984e-03  1.041416e+01  4.446984e-03 
   78811528   6.795491e+01   2.787314e-01   6.795491e+01   2.787314e-01 223200607010401510       3664        297     0 2453917.670463  1.041945e+01  4.453391e-03  1.041945e+01  4.453391e-03 
   78811579   6.721053e+01   2.773134e-01   6.721053e+01   2.773134e-01 223200607010402420       3665        294     0 2453917.671053  1.043141e+01  4.479807e-03  1.043141e+01  4.479807e-03 
   78897907   8.220872e+01   7.722692e-01   8.220872e+01   7.722692e-01 223200607020401280       3674        287     0 2453918.670220  1.021271e+01  1.019945e-02  1.021271e+01  1.019945e-02 
   78897980   7.808769e+01   5.227223e-01   7.808769e+01   5.227223e-01 223200607020402420       3671        307     0 2453918.671065  1.026854e+01  7.267989e-03  1.026854e+01  7.267989e-03 
   78984196   6.829214e+01   2.754164e-01   6.829214e+01   2.754164e-01 223200607030359350       3680        278     0 2453919.668935  1.041407e+01  4.378697e-03  1.041407e+01  4.378697e-03 
   78984250   6.833440e+01   2.736838e-01   6.833440e+01   2.736838e-01 223200607030400290       3682        275     0 2453919.669560  1.041340e+01  4.348460e-03  1.041340e+01  4.348460e-03 
   78984308   6.761295e+01   2.718269e-01   6.761295e+01   2.718269e-01 223200607030401270       3683        273     0 2453919.670231  1.042493e+01  4.365041e-03  1.042493e+01  4.365041e-03 
   78984363   6.815368e+01   2.737167e-01   6.815368e+01   2.737167e-01 223200607030402220       3683        271     0 2453919.670868  1.041628e+01  4.360515e-03  1.041628e+01  4.360515e-03 
   79070520   6.649840e+01   2.610851e-01   6.649840e+01   2.610851e-01 223200607040358180       3676        257     0 2453920.668056  1.044297e+01  4.262818e-03  1.044297e+01  4.262818e-03 
   79070566   6.659988e+01   2.610100e-01   6.659988e+01   2.610100e-01 223200607040359040       3678        255     0 2453920.668588  1.044132e+01  4.255098e-03  1.044132e+01  4.255098e-03 
   79070632   6.666449e+01   2.616740e-01   6.666449e+01   2.616740e-01 223200607040400090       3679        253     0 2453920.669352  1.044026e+01  4.261787e-03  1.044026e+01  4.261787e-03 
   79070684   6.653200e+01   2.615256e-01   6.653200e+01   2.615256e-01 223200607040401020       3679        251     0 2453920.669954  1.044242e+01  4.267854e-03  1.044242e+01  4.267854e-03 
   79415948   6.769971e+01   2.704235e-01   6.769971e+01   2.704235e-01 223200607080355190       3675        241     0 2453924.666065  1.042353e+01  4.336940e-03  1.042353e+01  4.336940e-03 
   79416105   6.813127e+01   2.711284e-01   6.813127e+01   2.711284e-01 223200607080357570       3678        261     0 2453924.667882  1.041663e+01  4.320702e-03  1.041663e+01  4.320702e-03 
   79416172   6.805807e+01   2.709021e-01   6.805807e+01   2.709021e-01 223200607080359030       3682        235     0 2453924.668657  1.041780e+01  4.321739e-03  1.041780e+01  4.321739e-03 
   79416230   6.740776e+01   2.702738e-01   6.740776e+01   2.702738e-01 223200607080400010       3683        232     0 2453924.669329  1.042823e+01  4.353313e-03  1.042823e+01  4.353313e-03 
   79502435   6.659980e+01   2.836655e-01   6.659980e+01   2.836655e-01 223200607090356460       3687        234     0 2453925.667072  1.044132e+01  4.624444e-03  1.044132e+01  4.624444e-03 
   79502487   6.661879e+01   2.821710e-01   6.661879e+01   2.821710e-01 223200607090357380       3687        232     0 2453925.667674  1.044101e+01  4.598768e-03  1.044101e+01  4.598768e-03 
   79502556   6.643584e+01   2.804818e-01   6.643584e+01   2.804818e-01 223200607090358470       3688        229     0 2453925.668472  1.044399e+01  4.583826e-03  1.044399e+01  4.583826e-03 
   79502710   6.622477e+01   2.799771e-01   6.622477e+01   2.799771e-01 223200607090401200       3685        211     0 2453925.670255  1.044745e+01  4.590160e-03  1.044745e+01  4.590160e-03 
   80278187   7.444952e+01   3.431311e-01   7.444952e+01   3.431311e-01 223200607180325470       3718        190     0 2453934.645683  1.032034e+01  5.004078e-03  1.032034e+01  5.004078e-03 
   80278249   7.776940e+01   3.455741e-01   7.776940e+01   3.455741e-01 223200607180326500       3721        163     0 2453934.646400  1.027298e+01  4.824566e-03  1.027298e+01  4.824566e-03 
   80278324   8.524025e+01   3.950679e-01   8.524025e+01   3.950679e-01 223200607180328050       3718        184     0 2453934.647269  1.017339e+01  5.032142e-03  1.017339e+01  5.032142e-03 
   80278402   6.344488e+01   4.174302e-01   6.344488e+01   4.174302e-01 223200607180329220       3722        159     0 2453934.648171  1.049401e+01  7.143533e-03  1.049401e+01  7.143533e-03 
   80364278   6.732221e+01   2.749032e-01   6.732221e+01   2.749032e-01 223200607190320380       3713        174     0 2453935.642106  1.042960e+01  4.433506e-03  1.042960e+01  4.433506e-03 
   80364334   6.678628e+01   2.741294e-01   6.678628e+01   2.741294e-01 223200607190321350       3713        173     0 2453935.642755  1.043828e+01  4.456503e-03  1.043828e+01  4.456503e-03 
   80364394   6.676332e+01   2.750115e-01   6.676332e+01   2.750115e-01 223200607190322340       3713        171     0 2453935.643449  1.043865e+01  4.472380e-03  1.043865e+01  4.472380e-03 
   80364455   6.718365e+01   2.759896e-01   6.718365e+01   2.759896e-01 223200607190323360       3714        169     0 2453935.644155  1.043184e+01  4.460206e-03  1.043184e+01  4.460206e-03 
   80450494   6.708837e+01   2.682309e-01   6.708837e+01   2.682309e-01 223200607200317340       3718        166     0 2453936.639977  1.043338e+01  4.340977e-03  1.043338e+01  4.340977e-03 
   80450555   6.672473e+01   2.675927e-01   6.672473e+01   2.675927e-01 223200607200318350       3717        164     0 2453936.640683  1.043928e+01  4.354250e-03  1.043928e+01  4.354250e-03 
   80450619   6.720041e+01   2.681693e-01   6.720041e+01   2.681693e-01 223200607200319380       3717        162     0 2453936.641424  1.043157e+01  4.332743e-03  1.043157e+01  4.332743e-03 
   80450676   6.710023e+01   2.679760e-01   6.710023e+01   2.679760e-01 223200607200320360       3718        160     0 2453936.642083  1.043319e+01  4.336084e-03  1.043319e+01  4.336084e-03 
   80967425   6.869917e+01   2.759172e-01   6.869917e+01   2.759172e-01 223200607260253020       3676        201     0 2453942.622975  1.040762e+01  4.360669e-03  1.040762e+01  4.360669e-03 
   80967484   6.893481e+01   2.749768e-01   6.893481e+01   2.749768e-01 223200607260254000       3678        199     0 2453942.623657  1.040390e+01  4.330952e-03  1.040390e+01  4.330952e-03 
   80967544   6.919241e+01   2.744946e-01   6.919241e+01   2.744946e-01 223200607260255010       3679        197     0 2453942.624352  1.039985e+01  4.307261e-03  1.039985e+01  4.307261e-03 
   80967600   6.844175e+01   2.723933e-01   6.844175e+01   2.723933e-01 223200607260255560       3680        194     0 2453942.625000  1.041170e+01  4.321169e-03  1.041170e+01  4.321169e-03 
   81053645   6.769195e+01   2.789539e-01   6.769195e+01   2.789539e-01 223200607270250020       3673        197     0 2453943.620891  1.042366e+01  4.474259e-03  1.042366e+01  4.474259e-03 
   81053707   6.916664e+01   2.875207e-01   6.916664e+01   2.875207e-01 223200607270251040       3674        194     0 2453943.621609  1.040026e+01  4.513342e-03  1.040026e+01  4.513342e-03 
   81053763   6.687840e+01   2.787845e-01   6.687840e+01   2.787845e-01 223200607270251590       3674        192     0 2453943.622257  1.043679e+01  4.525939e-03  1.043679e+01  4.525939e-03 
   81053825   6.715213e+01   2.763735e-01   6.715213e+01   2.763735e-01 223200607270253010       3675        190     0 2453943.622975  1.043235e+01  4.468507e-03  1.043235e+01  4.468507e-03 
   81139822   3.019163e+01   5.183055e-01   3.019163e+01   5.183055e-01 223200607280246190       3691        188     0 2453944.618310  1.130028e+01  1.863911e-02  1.130028e+01  1.863911e-02 
   81139881   2.303632e+01   8.015781e-01   2.303632e+01   8.015781e-01 223200607280247170       3692        186     0 2453944.618993  1.159397e+01  3.777970e-02  1.159397e+01  3.777970e-02 
   81139935   2.422005e+01   5.245799e-01   2.422005e+01   5.245799e-01 223200607280248110       3692        184     0 2453944.619618  1.153956e+01  2.351595e-02  1.153956e+01  2.351595e-02 
   81139989   2.625916e+01   3.724818e-01   2.625916e+01   3.724818e-01 223200607280249060       3692        182     0 2453944.620243  1.145180e+01  1.540104e-02  1.145180e+01  1.540104e-02 
   82346055   7.207016e+01   3.942830e-01   7.207016e+01   3.942830e-01 224200608110150170      27990       2305     0 2453958.579340  1.035561e+01  5.939889e-03  1.035561e+01  5.939889e-03 
   82346055   6.969109e+01   4.511386e-01   6.969109e+01   4.511386e-01 223200608110150170       3689        226     0 2453958.579340  1.039206e+01  7.028434e-03  1.039206e+01  7.028434e-03 
   82346111   7.261299e+01   3.904568e-01   7.261299e+01   3.904568e-01 224200608110151120      27985       2307     0 2453958.579988  1.034746e+01  5.838274e-03  1.034746e+01  5.838274e-03 
   82346111   6.906286e+01   4.448591e-01   6.906286e+01   4.448591e-01 223200608110151120       3692        224     0 2453958.579988  1.040189e+01  6.993648e-03  1.040189e+01  6.993648e-03 
   82346166   7.363165e+01   3.932019e-01   7.363165e+01   3.932019e-01 224200608110152070      27984       2308     0 2453958.580625  1.033234e+01  5.797983e-03  1.033234e+01  5.797983e-03 
   82346166   6.816114e+01   4.474397e-01   6.816114e+01   4.474397e-01 223200608110152070       3692        220     0 2453958.580625  1.041616e+01  7.127275e-03  1.041616e+01  7.127275e-03 
   82346225   7.123040e+01   3.924264e-01   7.123040e+01   3.924264e-01 224200608110153070      27982       2310     0 2453958.581308  1.036834e+01  5.981618e-03  1.036834e+01  5.981618e-03 
   82346225   6.934435e+01   4.492829e-01   6.934435e+01   4.492829e-01 223200608110153070       3693        218     0 2453958.581308  1.039747e+01  7.034523e-03  1.039747e+01  7.034523e-03 
   82518411   1.132973e+02   4.761589e-01   1.132973e+02   4.761589e-01 224200608130142530      27948       2385     0 2453960.574201  9.864450e+00  4.563080e-03  9.864450e+00  4.563080e-03 
   82518411   6.734933e+01   3.417338e-01   6.734933e+01   3.417338e-01 223200608130142530       3691        198     0 2453960.574201  1.042917e+01  5.509099e-03  1.042917e+01  5.509099e-03 
   82518470   1.137358e+02   4.806885e-01   1.137358e+02   4.806885e-01 224200608130143530      27944       2387     0 2453960.574884  9.860257e+00  4.588730e-03  9.860257e+00  4.588730e-03 
   82518470   6.759058e+01   3.401330e-01   6.759058e+01   3.401330e-01 223200608130143520       3692        196     0 2453960.574884  1.042528e+01  5.463720e-03  1.042528e+01  5.463720e-03 
   82518532   1.135263e+02   4.801109e-01   1.135263e+02   4.801109e-01 224200608130144550      27943       2388     0 2453960.575602  9.862259e+00  4.591673e-03  9.862259e+00  4.591673e-03 
   82518532   6.762083e+01   3.392718e-01   6.762083e+01   3.392718e-01 223200608130144550       3691        191     0 2453960.575602  1.042480e+01  5.447448e-03  1.042480e+01  5.447448e-03 
   82518610   1.141063e+02   4.797515e-01   1.141063e+02   4.797515e-01 224200608130146120      27945       2367     0 2453960.576505  9.856726e+00  4.564913e-03  9.856726e+00  4.564913e-03 
   82518610   6.739913e+01   3.405895e-01   6.739913e+01   3.405895e-01 223200608130146120       3688        211     0 2453960.576505  1.042836e+01  5.486594e-03  1.042836e+01  5.486594e-03 
   82604592   7.246290e+01   2.688206e-01   7.246290e+01   2.688206e-01 224200608140139160      27922       2396     0 2453961.571667  1.034971e+01  4.027845e-03  1.034971e+01  4.027845e-03 
   82604592   6.721240e+01   3.104593e-01   6.721240e+01   3.104593e-01 223200608140139160       3691        216     0 2453961.571667  1.043138e+01  5.015117e-03  1.043138e+01  5.015117e-03 
   82604648   7.279025e+01   2.696449e-01   7.279025e+01   2.696449e-01 224200608140140120      27919       2395     0 2453961.572315  1.034482e+01  4.022026e-03  1.034482e+01  4.022026e-03 
   82604648   6.638811e+01   3.109514e-01   6.638811e+01   3.109514e-01 223200608140140120       3698        213     0 2453961.572315  1.044477e+01  5.085433e-03  1.044477e+01  5.085433e-03 
   82604705   7.190845e+01   2.725502e-01   7.190845e+01   2.725502e-01 224200608140141080      27914       2393     0 2453961.572975  1.035805e+01  4.115214e-03  1.035805e+01  4.115214e-03 
   82604705   6.618408e+01   3.117361e-01   6.618408e+01   3.117361e-01 223200608140141080       3711        210     0 2453961.572975  1.044812e+01  5.113985e-03  1.044812e+01  5.113985e-03 
   82604759   7.128219e+01   2.718284e-01   7.128219e+01   2.718284e-01 224200608140142030      27914       2395     0 2453961.573600  1.036755e+01  4.140375e-03  1.036755e+01  4.140375e-03 
   82604759   6.656826e+01   3.151797e-01   6.656826e+01   3.151797e-01 223200608140142030       3711        208     0 2453961.573600  1.044183e+01  5.140637e-03  1.044183e+01  5.140637e-03 
   82863065   7.094641e+01   2.290322e-01   7.094641e+01   2.290322e-01 224200608170127120      27933       2371     0 2453964.563252  1.037267e+01  3.505031e-03  1.037267e+01  3.505031e-03 
   82863065   6.688638e+01   2.782009e-01   6.688638e+01   2.782009e-01 223200608170127120       3682        225     0 2453964.563252  1.043666e+01  4.515925e-03  1.043666e+01  4.515925e-03 
   82863133   6.998497e+01   2.291454e-01   6.998497e+01   2.291454e-01 224200608170128190      27924       2394     0 2453964.564039  1.038749e+01  3.554939e-03  1.038749e+01  3.554939e-03 
   82863133   6.617405e+01   2.794500e-01   6.617405e+01   2.794500e-01 223200608170128190       3689        195     0 2453964.564039  1.044828e+01  4.585030e-03  1.044828e+01  4.585030e-03 
   82863189   7.063450e+01   2.292630e-01   7.063450e+01   2.292630e-01 224200608170129150      27923       2394     0 2453964.564687  1.037746e+01  3.524056e-03  1.037746e+01  3.524056e-03 
   82863189   6.679404e+01   2.796152e-01   6.679404e+01   2.796152e-01 223200608170129150       3689        192     0 2453964.564687  1.043816e+01  4.545156e-03  1.043816e+01  4.545156e-03 
   82863249   7.061581e+01   2.287585e-01   7.061581e+01   2.287585e-01 224200608170130160      27922       2395     0 2453964.565382  1.037774e+01  3.517233e-03  1.037774e+01  3.517233e-03 
   82863249   6.697055e+01   2.798538e-01   6.697055e+01   2.798538e-01 223200608170130160       3690        191     0 2453964.565382  1.043529e+01  4.537045e-03  1.043529e+01  4.537045e-03 
   82949237   7.080957e+01   2.149216e-01   7.080957e+01   2.149216e-01 224200608180123250      27994       2342     0 2453965.560613  1.037477e+01  3.295444e-03  1.037477e+01  3.295444e-03 
   82949237   6.732539e+01   2.717857e-01   6.732539e+01   2.717857e-01 223200608180123250       3685        174     0 2453965.560613  1.042955e+01  4.383021e-03  1.042955e+01  4.383021e-03 
   82949299   6.970399e+01   2.146831e-01   6.970399e+01   2.146831e-01 224200608180124270      27989       2343     0 2453965.561331  1.039186e+01  3.343998e-03  1.039186e+01  3.343998e-03 
   82949299   6.650333e+01   2.721855e-01   6.650333e+01   2.721855e-01 223200608180124270       3687        173     0 2453965.561331  1.044289e+01  4.443727e-03  1.044289e+01  4.443727e-03 
   82949362   6.991007e+01   2.138983e-01   6.991007e+01   2.138983e-01 224200608180125310      27988       2346     0 2453965.562060  1.038865e+01  3.321953e-03  1.038865e+01  3.321953e-03 
   82949362   6.686565e+01   2.711491e-01   6.686565e+01   2.711491e-01 223200608180125310       3687        170     0 2453965.562060  1.043699e+01  4.402820e-03  1.043699e+01  4.402820e-03 
   82949453   7.042110e+01   2.149647e-01   7.042110e+01   2.149647e-01 224200608180127020      27991       2326     0 2453965.563113  1.038074e+01  3.314287e-03  1.038074e+01  3.314287e-03 
   82949453   6.657332e+01   2.710253e-01   6.657332e+01   2.710253e-01 223200608180127020       3684        188     0 2453965.563113  1.044175e+01  4.420134e-03  1.044175e+01  4.420134e-03 
   83724663   6.964191e+01   2.108938e-01   6.964191e+01   2.108938e-01 224200608270047250      27970       2380     0 2453974.535451  1.039282e+01  3.287903e-03  1.039282e+01  3.287903e-03 
   83724663   6.786382e+01   2.672854e-01   6.786382e+01   2.672854e-01 223200608270047250       3665        224     0 2453974.535451  1.042090e+01  4.276248e-03  1.042090e+01  4.276248e-03 
   83724727   6.971347e+01   2.108838e-01   6.971347e+01   2.108838e-01 224200608270048280      27964       2403     0 2453974.536192  1.039171e+01  3.284372e-03  1.039171e+01  3.284372e-03 
   83724727   6.752525e+01   2.675199e-01   6.752525e+01   2.675199e-01 223200608270048280       3668        191     0 2453974.536192  1.042633e+01  4.301459e-03  1.042633e+01  4.301459e-03 
   83724802   6.974271e+01   2.101238e-01   6.974271e+01   2.101238e-01 224200608270049440      27966       2383     0 2453974.537060  1.039125e+01  3.271164e-03  1.039125e+01  3.271164e-03 
   83724802   6.743372e+01   2.671228e-01   6.743372e+01   2.671228e-01 223200608270049440       3665        211     0 2453974.537060  1.042781e+01  4.300904e-03  1.042781e+01  4.300904e-03 
   83724864   6.923896e+01   2.105093e-01   6.923896e+01   2.105093e-01 224200608270050460      27962       2405     0 2453974.537778  1.039912e+01  3.301008e-03  1.039912e+01  3.301008e-03 
   83724864   6.688877e+01   2.669839e-01   6.688877e+01   2.669839e-01 223200608270050460       3668        184     0 2453974.537778  1.043662e+01  4.333689e-03  1.043662e+01  4.333689e-03 
   83810829   7.003368e+01   2.093438e-01   7.003368e+01   2.093438e-01 224200608280043330      27967       2384     0 2453975.532743  1.038673e+01  3.245480e-03  1.038673e+01  3.245480e-03 
   83810829   6.698048e+01   2.668027e-01   6.698048e+01   2.668027e-01 223200608280043330       3670        213     0 2453975.532743  1.043513e+01  4.324818e-03  1.043513e+01  4.324818e-03 
   83810881   6.944711e+01   2.089115e-01   6.944711e+01   2.089115e-01 224200608280044250      27964       2385     0 2453975.533345  1.039586e+01  3.266134e-03  1.039586e+01  3.266134e-03 
   83810881   6.643645e+01   2.660210e-01   6.643645e+01   2.660210e-01 223200608280044250       3671        211     0 2453975.533345  1.044398e+01  4.347458e-03  1.044398e+01  4.347458e-03 
   83810952   6.686252e+01   2.656869e-01   6.686252e+01   2.656869e-01 223200608280045350       3670        207     0 2453975.534167  1.043704e+01  4.314329e-03  1.043704e+01  4.314329e-03 
   83810953   6.962089e+01   2.089232e-01   6.962089e+01   2.089232e-01 224200608280045360      27964       2387     0 2453975.534178  1.039315e+01  3.258165e-03  1.039315e+01  3.258165e-03 
   83811009   6.966291e+01   2.091867e-01   6.966291e+01   2.091867e-01 224200608280046320      27964       2388     0 2453975.534826  1.039250e+01  3.260306e-03  1.039250e+01  3.260306e-03 
   83811009   6.626307e+01   2.654292e-01   6.626307e+01   2.654292e-01 223200608280046320       3670        204     0 2453975.534826  1.044682e+01  4.349136e-03  1.044682e+01  4.349136e-03 
   84328661   7.096453e+01   3.257221e-01   7.096453e+01   3.257221e-01 224200609030034170      27971       2445     0 2453981.526169  1.037240e+01  4.983468e-03  1.037240e+01  4.983468e-03 
   84328661   6.740299e+01   3.768234e-01   6.740299e+01   3.768234e-01 223200609030034170       3659        144     0 2453981.526169  1.042830e+01  6.069941e-03  1.042830e+01  6.069941e-03 
   84328733   7.009399e+01   3.294081e-01   7.009399e+01   3.294081e-01 224200609030035290      27973       2423     0 2453981.527002  1.038580e+01  5.102457e-03  1.038580e+01  5.102457e-03 
   84328733   6.810526e+01   3.835974e-01   6.810526e+01   3.835974e-01 223200609030035280       3656        162     0 2453981.527002  1.041705e+01  6.115343e-03  1.041705e+01  6.115343e-03 
   84328800   6.898536e+01   3.352367e-01   6.898536e+01   3.352367e-01 224200609030036350      27971       2445     0 2453981.527778  1.040311e+01  5.276190e-03  1.040311e+01  5.276190e-03 
   84328800   6.696342e+01   3.984314e-01   6.696342e+01   3.984314e-01 223200609030036350       3656        130     0 2453981.527778  1.043541e+01  6.460138e-03  1.043541e+01  6.460138e-03 
   84328857   7.003660e+01   3.411426e-01   7.003660e+01   3.411426e-01 224200609030037320      27970       2446     0 2453981.528437  1.038669e+01  5.288552e-03  1.038669e+01  5.288552e-03 
   84328857   6.533675e+01   3.887302e-01   6.533675e+01   3.887302e-01 223200609030037320       3657        128     0 2453981.528437  1.046211e+01  6.459763e-03  1.046211e+01  6.459763e-03 
   84500168   6.810470e+01   4.276095e-01   6.810470e+01   4.276095e-01 224200609050012480      27970       2394     0 2453983.511204  1.041706e+01  6.817044e-03  1.041706e+01  6.817044e-03 
   84500168   6.959236e+01   4.954880e-01   6.959236e+01   4.954880e-01 223200609050012480       3667        208     0 2453983.511204  1.039360e+01  7.730319e-03  1.039360e+01  7.730319e-03 
   84500228   6.849313e+01   4.267088e-01   6.849313e+01   4.267088e-01 224200609050013480      27966       2394     0 2453983.511898  1.041088e+01  6.764106e-03  1.041088e+01  6.764106e-03 
   84500228   6.933498e+01   4.972813e-01   6.933498e+01   4.972813e-01 223200609050013480       3669        205     0 2453983.511898  1.039762e+01  7.787096e-03  1.039762e+01  7.787096e-03 
   84500290   6.915508e+01   4.271196e-01   6.915508e+01   4.271196e-01 224200609050014500      27963       2396     0 2453983.512616  1.040044e+01  6.705809e-03  1.040044e+01  6.705809e-03 
   84500290   6.901381e+01   4.983049e-01   6.901381e+01   4.983049e-01 223200609050014500       3669        201     0 2453983.512616  1.040266e+01  7.839439e-03  1.040266e+01  7.839439e-03 
   84500368   6.989616e+01   4.285341e-01   6.989616e+01   4.285341e-01 224200609050016080      27966       2375     0 2453983.513519  1.038887e+01  6.656684e-03  1.038887e+01  6.656684e-03 
   84500368   6.988306e+01   4.919477e-01   6.988306e+01   4.919477e-01 223200609050016080       3665        221     0 2453983.513519  1.038907e+01  7.643159e-03  1.038907e+01  7.643159e-03 
   84844841   6.763956e+01   5.568796e-01   6.763956e+01   5.568796e-01 224200609082357310      27971       2364     0 2453987.500475  1.042450e+01  8.938947e-03  1.042450e+01  8.938947e-03 
   84844841   6.890954e+01   6.550078e-01   6.890954e+01   6.550078e-01 223200609082357310       3678        216     0 2453987.500475  1.040430e+01  1.032032e-02  1.040430e+01  1.032032e-02 
   84844897   6.972426e+01   6.501862e-01   6.972426e+01   6.501862e-01 223200609082358260       3679        212     0 2453987.501123  1.039154e+01  1.012464e-02  1.039154e+01  1.012464e-02 
   84844898   6.747813e+01   5.511844e-01   6.747813e+01   5.511844e-01 224200609082358270      27969       2366     0 2453987.501134  1.042709e+01  8.868694e-03  1.042709e+01  8.868694e-03 
   84844954   6.831584e+01   5.501661e-01   6.831584e+01   5.501661e-01 224200609082359230      27969       2368     0 2453987.501782  1.041370e+01  8.743759e-03  1.041370e+01  8.743759e-03 
   84844954   6.923831e+01   6.430067e-01   6.923831e+01   6.430067e-01 223200609082359230       3678        209     0 2453987.501782  1.039913e+01  1.008312e-02  1.039913e+01  1.008312e-02 
   84845016   6.705648e+01   5.492864e-01   6.705648e+01   5.492864e-01 224200609090000260      27969       2369     0 2453987.502500  1.043390e+01  8.893729e-03  1.043390e+01  8.893729e-03 
   84845016   6.922803e+01   6.434797e-01   6.922803e+01   6.434797e-01 223200609090000260       3678        206     0 2453987.502500  1.039929e+01  1.009203e-02  1.039929e+01  1.009203e-02 
   85017141   6.875544e+01   3.477254e-01   6.875544e+01   3.477254e-01 224200609102349160      27982       2409     0 2453989.494687  1.040673e+01  5.491047e-03  1.040673e+01  5.491047e-03 
   85017141   6.982552e+01   4.203292e-01   6.982552e+01   4.203292e-01 223200609102349160       3652        169     0 2453989.494687  1.038996e+01  6.535837e-03  1.038996e+01  6.535837e-03 
   85017208   6.617683e+01   4.307257e-01   6.617683e+01   4.307257e-01 224200609102350220      27980       2409     0 2453989.495463  1.044823e+01  7.066764e-03  1.044823e+01  7.066764e-03 
   85017208   6.616427e+01   5.080799e-01   6.616427e+01   5.080799e-01 223200609102350220       3654        166     0 2453989.495463  1.044844e+01  8.337472e-03  1.044844e+01  8.337472e-03 
   85017267   7.168452e+01   4.052792e-01   7.168452e+01   4.052792e-01 224200609102351210      27978       2411     0 2453989.496146  1.036144e+01  6.138393e-03  1.036144e+01  6.138393e-03 
   85017267   6.925391e+01   4.650575e-01   6.925391e+01   4.650575e-01 223200609102351210       3654        164     0 2453989.496146  1.039889e+01  7.291019e-03  1.039889e+01  7.291019e-03 
   85017325   7.016521e+01   3.900048e-01   7.016521e+01   3.900048e-01 224200609102352200      27978       2411     0 2453989.496817  1.038470e+01  6.034954e-03  1.038470e+01  6.034954e-03 
   85017325   7.007359e+01   4.695973e-01   7.007359e+01   4.695973e-01 223200609102352200       3652        157     0 2453989.496817  1.038611e+01  7.276072e-03  1.038611e+01  7.276072e-03 
   85361734   6.882779e+01   2.103788e-01   6.882779e+01   2.103788e-01 224200609142332380      27956       2392     0 2453993.483032  1.040559e+01  3.318670e-03  1.040559e+01  3.318670e-03 
   85361734   6.629724e+01   2.644351e-01   6.629724e+01   2.644351e-01 223200609142332380       3656        123     0 2453993.483032  1.044626e+01  4.330614e-03  1.044626e+01  4.330614e-03 
   85361787   6.952112e+01   2.110120e-01   6.952112e+01   2.110120e-01 224200609142333310      27952       2392     0 2453993.483646  1.039471e+01  3.295462e-03  1.039471e+01  3.295462e-03 
   85361791   6.635447e+01   2.640800e-01   6.635447e+01   2.640800e-01 223200609142333360       3657        120     0 2453993.483692  1.044532e+01  4.321068e-03  1.044532e+01  4.321068e-03 
   85361852   6.933617e+01   2.106258e-01   6.933617e+01   2.106258e-01 224200609142334370      27949       2393     0 2453993.484398  1.039760e+01  3.298203e-03  1.039760e+01  3.298203e-03 
   85361852   6.608549e+01   2.638976e-01   6.608549e+01   2.638976e-01 223200609142334370       3658        116     0 2453993.484398  1.044973e+01  4.335660e-03  1.044973e+01  4.335660e-03 
   85361927   6.953526e+01   2.104120e-01   6.953526e+01   2.104120e-01 224200609142335520      27951       2372     0 2453993.485266  1.039449e+01  3.285423e-03  1.039449e+01  3.285423e-03 
   85361927   6.631085e+01   2.637014e-01   6.631085e+01   2.637014e-01 223200609142335520       3654        136     0 2453993.485266  1.044604e+01  4.317712e-03  1.044604e+01  4.317712e-03 
   85620631   7.665485e+01   2.366045e-01   7.665485e+01   2.366045e-01 224200609172327440      27985       2355     0 2453996.479525  1.028865e+01  3.351269e-03  1.028865e+01  3.351269e-03 
   85620631   6.682656e+01   2.817983e-01   6.682656e+01   2.817983e-01 223200609172327440       3626        127     0 2453996.479525  1.043763e+01  4.578415e-03  1.043763e+01  4.578415e-03 
   85620690   7.692769e+01   2.374665e-01   7.692769e+01   2.374665e-01 224200609172328430      27983       2357     0 2453996.480208  1.028479e+01  3.351548e-03  1.028479e+01  3.351548e-03 
   85620690   6.763591e+01   2.835167e-01   6.763591e+01   2.835167e-01 223200609172328430       3627        124     0 2453996.480208  1.042456e+01  4.551213e-03  1.042456e+01  4.551213e-03 
   85620753   7.595000e+01   2.371888e-01   7.595000e+01   2.371888e-01 224200609172329460      27982       2358     0 2453996.480938  1.029868e+01  3.390723e-03  1.029868e+01  3.390723e-03 
   85620753   6.679735e+01   2.828528e-01   6.679735e+01   2.828528e-01 223200609172329460       3626        121     0 2453996.480938  1.043810e+01  4.597557e-03  1.043810e+01  4.597557e-03 
   85620807   7.664849e+01   2.390499e-01   7.664849e+01   2.390499e-01 224200609172330410      27981       2361     0 2453996.481562  1.028874e+01  3.386185e-03  1.028874e+01  3.386185e-03 
   85620807   6.762833e+01   2.847573e-01   6.762833e+01   2.847573e-01 223200609172330410       3626        118     0 2453996.481562  1.042468e+01  4.571640e-03  1.042468e+01  4.571640e-03 
   85706427   7.717854e+01   2.405587e-01   7.717854e+01   2.405587e-01 224200609182317440      27985       2312     0 2453997.472535  1.028126e+01  3.384156e-03  1.028126e+01  3.384156e-03 
   85706427   6.829623e+01   2.869647e-01   6.829623e+01   2.869647e-01 223200609182317440       3630        101     0 2453997.472535  1.041401e+01  4.562024e-03  1.041401e+01  4.562024e-03 
   85706490   7.646741e+01   2.388713e-01   7.646741e+01   2.388713e-01 224200609182318460      27978       2335     0 2453997.473264  1.029131e+01  3.391668e-03  1.029131e+01  3.391668e-03 
   85706545   7.697905e+01   2.399232e-01   7.697905e+01   2.399232e-01 224200609182319420      27975       2337     0 2453997.473900  1.028407e+01  3.383963e-03  1.028407e+01  3.383963e-03 
   85706622   7.622791e+01   2.392281e-01   7.622791e+01   2.392281e-01 224200609182320580      27978       2317     0 2453997.474792  1.029471e+01  3.407406e-03  1.029471e+01  3.407406e-03 
   85706622   6.800446e+01   2.846830e-01   6.800446e+01   2.846830e-01 223200609182320580       3631         98     0 2453997.474792  1.041866e+01  4.545168e-03  1.041866e+01  4.545168e-03 
   85878741   7.335550e+01   2.263571e-01   7.335550e+01   2.263571e-01 224200609202309430      27960       2357     0 2453999.466910  1.033642e+01  3.350327e-03  1.033642e+01  3.350327e-03 
   85878741   6.815392e+01   2.798469e-01   6.815392e+01   2.798469e-01 223200609202309430       3631        154     0 2453999.466910  1.041627e+01  4.458158e-03  1.041627e+01  4.458158e-03 
   85878798   7.358572e+01   2.266142e-01   7.358572e+01   2.266142e-01 224200609202310410      27954       2358     0 2453999.467569  1.033302e+01  3.343639e-03  1.033302e+01  3.343639e-03 
   85878798   6.772171e+01   2.799911e-01   6.772171e+01   2.799911e-01 223200609202310400       3633        151     0 2453999.467569  1.042318e+01  4.488923e-03  1.042318e+01  4.488923e-03 
   85878859   7.415697e+01   2.269204e-01   7.415697e+01   2.269204e-01 224200609202311410      27950       2360     0 2453999.468275  1.032462e+01  3.322365e-03  1.032462e+01  3.322365e-03 
   85878859   6.880566e+01   2.812722e-01   6.880566e+01   2.812722e-01 223200609202311410       3634        148     0 2453999.468275  1.040594e+01  4.438421e-03  1.040594e+01  4.438421e-03 
   85878919   7.414859e+01   2.267664e-01   7.414859e+01   2.267664e-01 224200609202312420      27949       2363     0 2453999.468970  1.032474e+01  3.320486e-03  1.032474e+01  3.320486e-03 
   85878919   6.872417e+01   2.807213e-01   6.872417e+01   2.807213e-01 223200609202312420       3635        146     0 2453999.468970  1.040723e+01  4.434981e-03  1.040723e+01  4.434981e-03 
   85964864   7.328648e+01   2.229883e-01   7.328648e+01   2.229883e-01 224200609212305090      27953       2377     0 2454000.463704  1.033744e+01  3.303573e-03  1.033744e+01  3.303573e-03 
   85964864   6.672828e+01   2.628406e-01   6.672828e+01   2.628406e-01 223200609212305090       3646        148     0 2454000.463704  1.043923e+01  4.276696e-03  1.043923e+01  4.276696e-03 
   85965017   7.398352e+01   2.236469e-01   7.398352e+01   2.236469e-01 224200609212307420      27948       2380     0 2454000.465475  1.032716e+01  3.282115e-03  1.032716e+01  3.282115e-03 
   85965017   6.740668e+01   2.635767e-01   6.740668e+01   2.635767e-01 223200609212307420       3648        141     0 2454000.465475  1.042824e+01  4.245509e-03  1.042824e+01  4.245509e-03 
   85965080   7.352094e+01   2.228875e-01   7.352094e+01   2.228875e-01 224200609212308460      27946       2381     0 2454000.466204  1.033397e+01  3.291551e-03  1.033397e+01  3.291551e-03 
   85965080   6.726927e+01   2.637727e-01   6.726927e+01   2.637727e-01 223200609212308460       3649        138     0 2454000.466204  1.043046e+01  4.257346e-03  1.043046e+01  4.257346e-03 
   85965136   7.323193e+01   2.224634e-01   7.323193e+01   2.224634e-01 224200609212309410      27945       2383     0 2454000.466852  1.033825e+01  3.298253e-03  1.033825e+01  3.298253e-03 
   85965136   6.630011e+01   2.623339e-01   6.630011e+01   2.623339e-01 223200609212309410       3649        136     0 2454000.466852  1.044621e+01  4.296016e-03  1.044621e+01  4.296016e-03 
   86404978   6.894688e+01   2.124532e-01   6.894688e+01   2.124532e-01 224200609270120390      28053       2599     0 2454005.557616  1.040371e+01  3.345604e-03  1.040371e+01  3.345604e-03 
   86405037   6.996256e+01   2.128339e-01   6.996256e+01   2.128339e-01 224200609270121390      28049       2621     0 2454005.558299  1.038784e+01  3.302942e-03  1.038784e+01  3.302942e-03 
   86405107   6.907802e+01   2.125027e-01   6.907802e+01   2.125027e-01 224200609270122490      28050       2620     0 2454005.559109  1.040165e+01  3.340030e-03  1.040165e+01  3.340030e-03 
   86405166   6.981792e+01   2.136260e-01   6.981792e+01   2.136260e-01 224200609270123480      28050       2620     0 2454005.559792  1.039008e+01  3.322102e-03  1.039008e+01  3.322102e-03 
   94935180   6.906626e+01   3.826427e-01   6.906626e+01   3.826427e-01 224200701031856070      27195       2262     0 2454104.286806  1.040184e+01  6.015245e-03  1.040184e+01  6.015245e-03 
   94935246   6.951410e+01   3.787725e-01   6.951410e+01   3.787725e-01 224200701031857140      27195       2261     0 2454104.287569  1.039482e+01  5.916043e-03  1.039482e+01  5.916043e-03 
   94935304   6.996898e+01   3.752836e-01   6.996898e+01   3.752836e-01 224200701031858120      27195       2261     0 2454104.288241  1.038774e+01  5.823444e-03  1.038774e+01  5.823444e-03 
   94935369   6.926752e+01   3.705563e-01   6.926752e+01   3.705563e-01 224200701031859170      27196       2261     0 2454104.288993  1.039868e+01  5.808318e-03  1.039868e+01  5.808318e-03 
   95021609   6.867451e+01   3.152908e-01   6.867451e+01   3.152908e-01 224200701041856390      27197       2248     0 2454105.287141  1.040801e+01  4.984729e-03  1.040801e+01  4.984729e-03 
   95021681   7.192017e+01   3.053894e-01   7.192017e+01   3.053894e-01 224200701041857500      27194       2271     0 2454105.287975  1.035787e+01  4.610299e-03  1.035787e+01  4.610299e-03 
   95021746   6.949900e+01   2.958541e-01   6.949900e+01   2.958541e-01 224200701041858560      27194       2271     0 2454105.288727  1.039505e+01  4.621946e-03  1.039505e+01  4.621946e-03 
   95021802   7.050366e+01   2.905860e-01   7.050366e+01   2.905860e-01 224200701041859510      27195       2271     0 2454105.289375  1.037947e+01  4.474957e-03  1.037947e+01  4.474957e-03 
   95107910   7.012156e+01   2.820943e-01   7.012156e+01   2.820943e-01 224200701051855020      27217       2283     0 2454106.285995  1.038537e+01  4.367858e-03  1.038537e+01  4.367858e-03 
   95107966   6.891003e+01   2.718205e-01   6.891003e+01   2.718205e-01 224200701051855570      27217       2283     0 2454106.286644  1.040429e+01  4.282778e-03  1.040429e+01  4.282778e-03 
   95108020   6.980360e+01   2.641200e-01   6.980360e+01   2.641200e-01 224200701051856510      27217       2283     0 2454106.287269  1.039031e+01  4.108178e-03  1.039031e+01  4.108178e-03 
   95108074   6.949442e+01   2.562823e-01   6.949442e+01   2.562823e-01 224200701051857460      27218       2283     0 2454106.287894  1.039513e+01  4.004004e-03  1.039513e+01  4.004004e-03 
   95280699   6.911920e+01   2.626777e-01   6.911920e+01   2.626777e-01 224200701071854530      27239       2271     0 2454108.285868  1.040100e+01  4.126200e-03  1.040100e+01  4.126200e-03 
   95280829   6.874546e+01   2.454938e-01   6.874546e+01   2.454938e-01 224200701071857030      27226       2216     0 2454108.287373  1.040689e+01  3.877237e-03  1.040689e+01  3.877237e-03 
   95280885   6.902587e+01   2.396002e-01   6.902587e+01   2.396002e-01 224200701071857590      27228       2217     0 2454108.288021  1.040247e+01  3.768782e-03  1.040247e+01  3.768782e-03 
   95280941   6.997690e+01   2.351792e-01   6.997690e+01   2.351792e-01 224200701071858540      27228       2216     0 2454108.288669  1.038761e+01  3.648968e-03  1.038761e+01  3.648968e-03 
   95367162   6.751749e+01   2.775135e-01   6.751749e+01   2.775135e-01 224200701081855580      27235       2293     0 2454109.286597  1.042646e+01  4.462658e-03  1.042646e+01  4.462658e-03 
   95367216   6.832972e+01   2.677437e-01   6.832972e+01   2.677437e-01 224200701081856520      27235       2292     0 2454109.287222  1.041348e+01  4.254372e-03  1.041348e+01  4.254372e-03 
   95367273   6.822684e+01   2.589796e-01   6.822684e+01   2.589796e-01 224200701081857490      27235       2292     0 2454109.287882  1.041511e+01  4.121319e-03  1.041511e+01  4.121319e-03 
   95367329   6.908515e+01   2.519061e-01   6.908515e+01   2.519061e-01 224200701081858450      27235       2291     0 2454109.288530  1.040154e+01  3.958948e-03  1.040154e+01  3.958948e-03 
   95453548   6.898685e+01   2.782618e-01   6.898685e+01   2.782618e-01 224200701091855450      27229       2313     0 2454110.286435  1.040308e+01  4.379384e-03  1.040308e+01  4.379384e-03 
   95453604   6.804591e+01   2.685454e-01   6.804591e+01   2.685454e-01 224200701091856400      27229       2312     0 2454110.287083  1.041799e+01  4.284909e-03  1.041799e+01  4.284909e-03 
   95453658   6.805403e+01   2.599871e-01   6.805403e+01   2.599871e-01 224200701091857350      27229       2311     0 2454110.287708  1.041787e+01  4.147857e-03  1.041787e+01  4.147857e-03 
   95453714   6.928481e+01   2.537179e-01   6.928481e+01   2.537179e-01 224200701091858300      27230       2311     0 2454110.288356  1.039841e+01  3.975931e-03  1.039841e+01  3.975931e-03 
   95539938   6.797261e+01   2.742803e-01   6.797261e+01   2.742803e-01 224200701101855350      27235       2320     0 2454111.286319  1.041916e+01  4.381135e-03  1.041916e+01  4.381135e-03 
   95539992   6.877233e+01   2.657996e-01   6.877233e+01   2.657996e-01 224200701101856300      27234       2319     0 2454111.286944  1.040647e+01  4.196299e-03  1.040647e+01  4.196299e-03 
   95540046   6.895615e+01   2.582299e-01   6.895615e+01   2.582299e-01 224200701101857240      27234       2319     0 2454111.287569  1.040357e+01  4.065925e-03  1.040357e+01  4.065925e-03 
   95540102   6.806677e+01   2.506534e-01   6.806677e+01   2.506534e-01 224200701101858190      27234       2318     0 2454111.288218  1.041766e+01  3.998199e-03  1.041766e+01  3.998199e-03 
   95626321   6.904925e+01   2.849018e-01   6.904925e+01   2.849018e-01 224200701111855200      27256       2310     0 2454112.286123  1.040210e+01  4.479836e-03  1.040210e+01  4.479836e-03 
   95626378   6.770009e+01   2.739916e-01   6.770009e+01   2.739916e-01 224200701111856160      27256       2309     0 2454112.286782  1.042353e+01  4.394140e-03  1.042353e+01  4.394140e-03 
   95626432   6.811874e+01   2.658329e-01   6.811874e+01   2.658329e-01 224200701111857110      27256       2309     0 2454112.287407  1.041683e+01  4.237093e-03  1.041683e+01  4.237093e-03 
   95626488   6.943090e+01   2.593011e-01   6.943090e+01   2.593011e-01 224200701111858070      27255       2308     0 2454112.288056  1.039612e+01  4.054874e-03  1.039612e+01  4.054874e-03 
   95712707   7.022002e+01   2.777540e-01   7.022002e+01   2.777540e-01 224200701121855060      27228       2310     0 2454113.285961  1.038385e+01  4.294624e-03  1.038385e+01  4.294624e-03 
   95712761   7.071091e+01   2.692711e-01   7.071091e+01   2.692711e-01 224200701121856000      27227       2310     0 2454113.286586  1.037628e+01  4.134559e-03  1.037628e+01  4.134559e-03 
   95712815   7.023955e+01   2.610191e-01   7.023955e+01   2.610191e-01 224200701121856550      27228       2309     0 2454113.287211  1.038355e+01  4.034748e-03  1.038355e+01  4.034748e-03 
   95712871   6.977231e+01   2.539184e-01   6.977231e+01   2.539184e-01 224200701121857500      27227       2309     0 2454113.287859  1.039079e+01  3.951272e-03  1.039079e+01  3.951272e-03 
   95799127   6.883227e+01   2.546638e-01   6.883227e+01   2.546638e-01 224200701131855270      27228       2326     0 2454114.286192  1.040552e+01  4.016993e-03  1.040552e+01  4.016993e-03 
   95799181   6.927684e+01   2.484311e-01   6.927684e+01   2.484311e-01 224200701131856210      27228       2326     0 2454114.286817  1.039853e+01  3.893531e-03  1.039853e+01  3.893531e-03 
   95799305   6.922807e+01   2.347332e-01   6.922807e+01   2.347332e-01 224200701131858250      27219       2333     0 2454114.288252  1.039929e+01  3.681444e-03  1.039929e+01  3.681444e-03 
   95799359   6.949144e+01   2.308248e-01   6.949144e+01   2.308248e-01 224200701131859190      27219       2333     0 2454114.288877  1.039517e+01  3.606426e-03  1.039517e+01  3.606426e-03 
   95885597   6.918935e+01   2.497552e-01   6.918935e+01   2.497552e-01 224200701141856390      27231       2331     0 2454115.287002  1.039990e+01  3.919234e-03  1.039990e+01  3.919234e-03 
   95885652   7.062747e+01   2.460078e-01   7.062747e+01   2.460078e-01 224200701141857330      27230       2330     0 2454115.287639  1.037757e+01  3.781822e-03  1.037757e+01  3.781822e-03 
   95885707   6.998260e+01   2.404387e-01   6.998260e+01   2.404387e-01 224200701141858280      27229       2330     0 2454115.288275  1.038752e+01  3.730268e-03  1.038752e+01  3.730268e-03 
   95885838   7.076176e+01   2.312375e-01   7.076176e+01   2.312375e-01 224200701141900400      27232       2327     0 2454115.289792  1.037550e+01  3.548016e-03  1.037550e+01  3.548016e-03 
  105941758   6.682033e+01   3.652367e-01   6.682033e+01   3.652367e-01 223200705110414520       3236        341     0 2454231.677755  1.043773e+01  5.934602e-03  1.043773e+01  5.934602e-03 
  105941814   6.639635e+01   3.794026e-01   6.639635e+01   3.794026e-01 223200705110415490       3239        340     0 2454231.678403  1.044464e+01  6.204144e-03  1.044464e+01  6.204144e-03 
  105941873   6.699184e+01   3.956071e-01   6.699184e+01   3.956071e-01 223200705110416470       3242        339     0 2454231.679086  1.043495e+01  6.411623e-03  1.043495e+01  6.411623e-03 
  105941928   6.706145e+01   4.136823e-01   6.706145e+01   4.136823e-01 223200705110417430       3244        339     0 2454231.679722  1.043382e+01  6.697609e-03  1.043382e+01  6.697609e-03 
  106027813   6.562878e+01   2.899107e-01   6.562878e+01   2.899107e-01 223200705120409040       3260        317     0 2454232.673762  1.045726e+01  4.796183e-03  1.045726e+01  4.796183e-03 
  106027939   6.790936e+01   3.008164e-01   6.790936e+01   3.008164e-01 223200705120411090       3247        329     0 2454232.675220  1.042018e+01  4.809476e-03  1.042018e+01  4.809476e-03 
  106027993   6.799309e+01   3.069656e-01   6.799309e+01   3.069656e-01 223200705120412040       3250        329     0 2454232.675845  1.041884e+01  4.901746e-03  1.041884e+01  4.901746e-03 
  106028047   6.874954e+01   3.146799e-01   6.874954e+01   3.146799e-01 223200705120412580       3252        328     0 2454232.676470  1.040683e+01  4.969642e-03  1.040683e+01  4.969642e-03 
  106114067   6.549831e+01   2.972868e-01   6.549831e+01   2.972868e-01 223200705130406340       3236        341     0 2454233.672072  1.045942e+01  4.928008e-03  1.045942e+01  4.928008e-03 
  106114121   6.522321e+01   2.993095e-01   6.522321e+01   2.993095e-01 223200705130407290       3240        340     0 2454233.672697  1.046399e+01  4.982464e-03  1.046399e+01  4.982464e-03 
  106114177   6.667317e+01   3.028785e-01   6.667317e+01   3.028785e-01 223200705130408240       3243        340     0 2454233.673345  1.044012e+01  4.932228e-03  1.044012e+01  4.932228e-03 
  106114231   6.584423e+01   3.043322e-01   6.584423e+01   3.043322e-01 223200705130409190       3245        340     0 2454233.673970  1.045371e+01  5.018293e-03  1.045371e+01  5.018293e-03 
  124569528   7.276379e+01   3.112476e-01   7.276379e+01   3.112476e-01 221200712121841060      17221       8126     0 2454447.276944  1.034521e+01  4.644259e-03  1.034521e+01  4.644259e-03 
  124569721   7.294594e+01   3.423824e-01   7.294594e+01   3.423824e-01 223200712121844190       2830       3943     0 2454447.279178  1.034250e+01  5.096079e-03  1.034250e+01  5.096079e-03 
  124570455   8.646191e+01   2.352861e-01   8.646191e+01   2.352861e-01 222200712121856320       6821      19135     0 2454447.287674  1.015794e+01  2.954590e-03  1.015794e+01  2.954590e-03 
  124571587   8.619721e+01   2.140893e-01   8.619721e+01   2.140893e-01 222200712121915250       6842      19085     0 2454447.300775  1.016127e+01  2.696668e-03  1.016127e+01  2.696668e-03 
  124571711   7.145547e+01   2.233658e-01   7.145547e+01   2.233658e-01 223200712121917280       2845       3900     0 2454447.302211  1.036491e+01  3.393962e-03  1.036491e+01  3.393962e-03 
  124572795   8.630783e+01   2.144366e-01   8.630783e+01   2.144366e-01 222200712121935320       6822      19102     0 2454447.314757  1.015987e+01  2.697582e-03  1.015987e+01  2.697582e-03 
  124572986   7.154044e+01   1.754583e-01   7.154044e+01   1.754583e-01 221200712121938430      17208       8328     0 2454447.316968  1.036362e+01  2.662858e-03  1.036362e+01  2.662858e-03 
  124573045   7.079137e+01   2.242477e-01   7.079137e+01   2.242477e-01 223200712121939430       2831       3826     0 2454447.317650  1.037505e+01  3.439328e-03  1.037505e+01  3.439328e-03 
