\OBJNAME = '1SWASP J001624.33-742305.0'
\OBSSTART = '2006-05-11T04:14:48'
\OBSSTOP = '2007-12-12T19:39:43'
\TSTART = 74405757
\TSTOP = 124573043
\JD_REF = 2453005.5
\RA_OBJ = '4.101378'
\DEC_OBJ = '-74.384733'
\WASP_MAG = 15.29565
\HJD_START = 2453866.677743
\HJD_STOP = 2454447.317627
\fixlen = T
\NUMRECORDS = 335
\
\ This file was produced by the NASA Exoplanet Archive  http://exoplanetarchive.ipac.caltech.edu 
\ Wed Sep 11, 15:24:29 2013
\ Documentation for the SuperWASP dataset can be found at http://exoplanetarchive.ipac.caltech.edu/docs/SuperWASPMission.html
\
|TMID      |FLUX2         |FLUX2_ERR     |TAMFLUX2      |TAMFLUX2_ERR  |IMAGEID           |CCDX      |CCDY      |FLAG |           HJD|         MAG2|     MAG2_ERR|      TAMMAG2|  TAMMAG2_ERR|
|int       |float         |float         |float         |float         |char              |int       |int       |int  |        double|        float|        float|        float|        float|
|sec       |micro Vega    |micro Vega    |micro Vega    |micro Vega    |                  |1/16 pixel|1/16 pixel|     |           day|          mag|          mag|          mag|          mag|
|null      |null          |null          |null          |null          |null              |null      |null      |null |          null|         null|         null|         null|         null|
   74405757   7.712662e-01   2.293156e-01   7.712662e-01   2.293156e-01 223200605110414480       2102       1177     0 2453866.677743  1.528199e+01  3.228161e-01  1.528199e+01  3.228161e-01 
   74405810   6.194488e-01   2.513677e-01   6.194488e-01   2.513677e-01 223200605110415410       2106       1174     0 2453866.678356  1.551999e+01  4.405851e-01  1.551999e+01  4.405851e-01 
   74491869   6.346203e-01   2.497402e-01   6.346203e-01   2.497402e-01 223200605120409570       2121       1113     0 2453867.674410  1.549372e+01  4.272679e-01  1.549372e+01  4.272679e-01 
   74492007   5.978890e-01   2.636293e-01   5.978890e-01   2.636293e-01 223200605120412150       2130       1110     0 2453867.676007  1.555845e+01  4.787392e-01  1.555845e+01  4.787392e-01 
   74750391   7.855210e-01   3.592613e-01   7.855210e-01   3.592613e-01 223200605150358270       2119       1117     0 2453870.666562  1.526211e+01  4.965678e-01  1.526211e+01  4.965678e-01 
   74750451   8.497874e-01   3.586147e-01   8.497874e-01   3.586147e-01 223200605150359270       2124       1113     0 2453870.667257  1.517672e+01  4.581879e-01  1.517672e+01  4.581879e-01 
   74750505   6.639974e-01   3.574609e-01   6.639974e-01   3.574609e-01 223200605150400210       2128       1112     0 2453870.667882  1.544458e+01  5.845047e-01  1.544458e+01  5.845047e-01 
   75613650   7.906940e-01   1.301813e-01   7.906940e-01   1.301813e-01 223200605250345300       2198       1123     0 2453880.657986  1.525498e+01  1.787582e-01  1.525498e+01  1.787582e-01 
   75613713   8.001390e-01   1.289770e-01   8.001390e-01   1.289770e-01 223200605250346340       2207       1098     0 2453880.658715  1.524209e+01  1.750140e-01  1.524209e+01  1.750140e-01 
   75700104   7.563070e-01   1.263313e-01   7.563070e-01   1.263313e-01 223200605260346210       2218       1113     0 2453881.658611  1.530326e+01  1.813589e-01  1.530326e+01  1.813589e-01 
   75700167   6.964679e-01   1.225874e-01   6.964679e-01   1.225874e-01 223200605260347250       2225       1085     0 2453881.659340  1.539275e+01  1.911044e-01  1.539275e+01  1.911044e-01 
   75700303   7.882686e-01   1.248936e-01   7.882686e-01   1.248936e-01 223200605260349400       2230       1079     0 2453881.660914  1.525831e+01  1.720251e-01  1.525831e+01  1.720251e-01 
   76132439   5.151160e-01   1.030337e-01   5.151160e-01   1.030337e-01 223200605310351390       2291       1054     0 2453886.662488  1.572024e+01  2.171701e-01  1.572024e+01  2.171701e-01 
   76218861   5.722568e-01   1.069721e-01   5.722568e-01   1.069721e-01 223200606010351580       2301       1067     0 2453887.662743  1.560602e+01  2.029576e-01  1.560602e+01  2.029576e-01 
   76218931   5.723151e-01   1.069281e-01   5.723151e-01   1.069281e-01 223200606010353090       2304       1065     0 2453887.663553  1.560591e+01  2.028535e-01  1.560591e+01  2.028535e-01 
   76478199   6.977865e-01   1.163709e-01   6.977865e-01   1.163709e-01 223200606040354060       2312       1038     0 2453890.664340  1.539069e+01  1.810705e-01  1.539069e+01  1.810705e-01 
   76564541   7.736442e-01   2.821995e-01   7.736442e-01   2.821995e-01 223200606050353060       2339       1023     0 2453891.663669  1.527865e+01  3.960417e-01  1.527865e+01  3.960417e-01 
   76564600   8.823602e-01   2.823745e-01   8.823602e-01   2.823745e-01 223200606050354050       2343       1022     0 2453891.664352  1.513589e+01  3.474605e-01  1.513589e+01  3.474605e-01 
   76564660   8.626807e-01   2.861990e-01   8.626807e-01   2.861990e-01 223200606050355050       2346       1019     0 2453891.665046  1.516037e+01  3.602001e-01  1.516037e+01  3.602001e-01 
   76650912   6.551536e-01   1.039371e-01   6.551536e-01   1.039371e-01 223200606060352330       2327       1018     0 2453892.663333  1.545914e+01  1.722476e-01  1.545914e+01  1.722476e-01 
   76651046   5.981765e-01   1.067515e-01   5.981765e-01   1.067515e-01 223200606060354480       2334       1017     0 2453892.664884  1.555793e+01  1.937628e-01  1.555793e+01  1.937628e-01 
   76651178   5.253832e-01   1.042532e-01   5.253832e-01   1.042532e-01 223200606060357000       2335       1034     0 2453892.666412  1.569881e+01  2.154463e-01  1.569881e+01  2.154463e-01 
   76737406   6.917046e-01   1.106816e-01   6.917046e-01   1.106816e-01 223200606070354040       2338       1021     0 2453893.664421  1.540020e+01  1.737323e-01  1.540020e+01  1.737323e-01 
   76737459   7.152611e-01   1.099846e-01   7.152611e-01   1.099846e-01 223200606070354570       2340       1019     0 2453893.665035  1.536384e+01  1.669526e-01  1.536384e+01  1.669526e-01 
   76737514   7.967777e-01   1.094939e-01   7.967777e-01   1.094939e-01 223200606070355530       2342       1016     0 2453893.665671  1.524666e+01  1.492034e-01  1.524666e+01  1.492034e-01 
   76737570   7.897118e-01   1.093651e-01   7.897118e-01   1.093651e-01 223200606070356480       2344       1014     0 2453893.666319  1.525633e+01  1.503612e-01  1.525633e+01  1.503612e-01 
   76823914   5.545477e-01   1.091851e-01   5.545477e-01   1.091851e-01 223200606080355500       2370       1014     0 2453894.665671  1.564015e+01  2.137717e-01  1.564015e+01  2.137717e-01 
   76824000   5.864761e-01   1.095378e-01   5.864761e-01   1.095378e-01 223200606080357160       2369       1033     0 2453894.666667  1.557937e+01  2.027866e-01  1.557937e+01  2.027866e-01 
   76910276   4.998227e-01   1.045151e-01   4.998227e-01   1.045151e-01 223200606090355080       2363       1004     0 2453895.665231  1.575296e+01  2.270329e-01  1.575296e+01  2.270329e-01 
   76910360   5.532073e-01   1.055247e-01   5.532073e-01   1.055247e-01 223200606090356320       2362       1023     0 2453895.666204  1.564278e+01  2.071057e-01  1.564278e+01  2.071057e-01 
   76996576   6.759645e-01   2.246801e-01   6.759645e-01   2.246801e-01 223200606100353270       2366       1007     0 2453896.664074  1.542519e+01  3.608832e-01  1.542519e+01  3.608832e-01 
   77083154   1.040509e+00   3.837046e-01   1.040509e+00   3.837046e-01 223200606110356210       2385        989     0 2453897.666134  1.495689e+01  4.003843e-01  1.495689e+01  4.003843e-01 
   77083208   1.120334e+00   3.881509e-01   1.120334e+00   3.881509e-01 223200606110357160       2386        987     0 2453897.666759  1.487663e+01  3.761656e-01  1.487663e+01  3.761656e-01 
   77169324   6.959302e-01   4.887179e-01   6.959302e-01   4.887179e-01 223200606120352290       2385        986     0 2453898.663472  1.539359e+01  7.624624e-01  1.539359e+01  7.624624e-01 
   77169382   7.311193e-01   4.900246e-01   7.311193e-01   4.900246e-01 223200606120353260       2387        984     0 2453898.664144  1.534003e+01  7.277052e-01  1.534003e+01  7.277052e-01 
   77169442   9.388181e-01   4.883963e-01   9.388181e-01   4.883963e-01 223200606120354260       2389        981     0 2453898.664838  1.506855e+01  5.648287e-01  1.506855e+01  5.648287e-01 
   77514687  -7.362150e-01   2.314108e+00  -7.362150e-01   2.314108e+00 223200606160348210       2388        952     0 2453902.660729          null          null          null          null 
   77514752  -3.524153e-01   2.845834e+00  -3.524153e-01   2.845834e+00 223200606160349260       2390        950     0 2453902.661481          null          null          null          null 
   77601371   8.490317e-01   1.938755e-01   8.490317e-01   1.938755e-01 223200606170353030       2402        935     0 2453903.664016  1.517769e+01  2.479275e-01  1.517769e+01  2.479275e-01 
   77601511   7.805603e-01   1.921726e-01   7.805603e-01   1.921726e-01 223200606170355220       2402        953     0 2453903.665637  1.526898e+01  2.673073e-01  1.526898e+01  2.673073e-01 
   77601568   8.473782e-01   1.922825e-01   8.473782e-01   1.922825e-01 223200606170356190       2407        928     0 2453903.666296  1.517981e+01  2.463703e-01  1.517981e+01  2.463703e-01 
   77687826   6.244841e-01   1.621619e-01   6.244841e-01   1.621619e-01 223200606180353550       2425        926     0 2453904.664653  1.551120e+01  2.819378e-01  1.551120e+01  2.819378e-01 
   77774351   7.260351e-01   1.356977e-01   7.260351e-01   1.356977e-01 223200606190355570       2467        910     0 2453905.666100  1.534761e+01  2.029274e-01  1.534761e+01  2.029274e-01 
   77774534   7.188759e-01   1.350710e-01   7.188759e-01   1.350710e-01 223200606190359000       2463        931     0 2453905.668218  1.535837e+01  2.040019e-01  1.535837e+01  2.040019e-01 
   77860764   6.672615e-01   1.181610e-01   6.672615e-01   1.181610e-01 223200606200356080       2452        904     0 2453906.666250  1.543926e+01  1.922667e-01  1.543926e+01  1.922667e-01 
   77860823   8.593831e-01   1.188202e-01   8.593831e-01   1.188202e-01 223200606200357080       2453        903     0 2453906.666933  1.516453e+01  1.501168e-01  1.516453e+01  1.501168e-01 
   77860887   6.961620e-01   1.179753e-01   6.961620e-01   1.179753e-01 223200606200358110       2452        903     0 2453906.667674  1.539322e+01  1.839953e-01  1.539322e+01  1.839953e-01 
   77860952   6.321101e-01   1.152428e-01   6.321101e-01   1.152428e-01 223200606200359170       2448        927     0 2453906.668426  1.549802e+01  1.979461e-01  1.549802e+01  1.979461e-01 
   77947075   7.455840e-01   1.217774e-01   7.455840e-01   1.217774e-01 223200606210354360       2447        902     0 2453907.665220  1.531876e+01  1.773356e-01  1.531876e+01  1.773356e-01 
   77947207   6.955484e-01   1.208549e-01   6.955484e-01   1.208549e-01 223200606210356480       2444        925     0 2453907.666748  1.539418e+01  1.886525e-01  1.539418e+01  1.886525e-01 
   78119984   1.044289e+00   1.066316e-01   1.044289e+00   1.066316e-01 223200606230356210       2438        882     0 2453909.666481  1.495295e+01  1.108641e-01  1.495295e+01  1.108641e-01 
   78120248   9.628108e-01   1.068999e-01   9.628108e-01   1.068999e-01 223200606230400460       2437        870     0 2453909.669537  1.504115e+01  1.205486e-01  1.504115e+01  1.205486e-01 
   78206577   8.302193e-01   1.104643e-01   8.302193e-01   1.104643e-01 223200606240359320       2445        898     0 2453910.668715  1.520202e+01  1.444625e-01  1.520202e+01  1.444625e-01 
   78206636   7.609478e-01   1.130952e-01   7.609478e-01   1.130952e-01 223200606240400310       2441        885     0 2453910.669398  1.529661e+01  1.613671e-01  1.529661e+01  1.613671e-01 
   78292883   5.891374e-01   1.014576e-01   5.891374e-01   1.014576e-01 223200606250357560       2459        850     0 2453911.667627  1.557446e+01  1.869795e-01  1.557446e+01  1.869795e-01 
   78292937   6.710174e-01   1.015286e-01   6.710174e-01   1.015286e-01 223200606250358490       2453        858     0 2453911.668252  1.543317e+01  1.642784e-01  1.543317e+01  1.642784e-01 
   78724949   6.883149e-01   1.024982e-01   6.883149e-01   1.024982e-01 223200606300358520       2467        851     0 2453916.668391  1.540553e+01  1.616795e-01  1.540553e+01  1.616795e-01 
   78725026   6.794297e-01   1.026383e-01   6.794297e-01   1.026383e-01 223200606300400090       2473        825     0 2453916.669282  1.541964e+01  1.640177e-01  1.541964e+01  1.640177e-01 
   78725073   6.046415e-01   1.024371e-01   6.046415e-01   1.024371e-01 223200606300400570       2474        823     0 2453916.669826  1.554626e+01  1.839439e-01  1.554626e+01  1.839439e-01 
   78811385   7.227948e-01   1.066178e-01   7.227948e-01   1.066178e-01 223200607010359260       2466        817     0 2453917.668808  1.535246e+01  1.601550e-01  1.535246e+01  1.601550e-01 
   78811464   8.485089e-01   1.080193e-01   8.485089e-01   1.080193e-01 223200607010400450       2465        837     0 2453917.669722  1.517836e+01  1.382199e-01  1.517836e+01  1.382199e-01 
   78811529   6.216662e-01   1.066519e-01   6.216662e-01   1.066519e-01 223200607010401510       2469        812     0 2453917.670475  1.551611e+01  1.862675e-01  1.551611e+01  1.862675e-01 
   78811580   5.974391e-01   1.066512e-01   5.974391e-01   1.066512e-01 223200607010402420       2469        809     0 2453917.671065  1.555927e+01  1.938197e-01  1.555927e+01  1.938197e-01 
   78897796   1.015677e+00   2.735399e-01   1.015677e+00   2.735399e-01 223200607020359350       2477        807     0 2453918.668935  1.498311e+01  2.924091e-01  1.498311e+01  2.924091e-01 
   78897909   9.008694e-01   3.153636e-01   9.008694e-01   3.153636e-01 223200607020401280       2478        803     0 2453918.670243  1.511335e+01  3.800805e-01  1.511335e+01  3.800805e-01 
   78984309   7.380776e-01   1.002585e-01   7.380776e-01   1.002585e-01 223200607030401270       2487        789     0 2453919.670243  1.532975e+01  1.474840e-01  1.532975e+01  1.474840e-01 
   78984365   6.678336e-01   1.006573e-01   6.678336e-01   1.006573e-01 223200607030402220       2488        787     0 2453919.670891  1.543833e+01  1.636451e-01  1.543833e+01  1.636451e-01 
   79070567   7.135444e-01   1.006537e-01   7.135444e-01   1.006537e-01 223200607040359040       2482        771     0 2453920.668600  1.536645e+01  1.531562e-01  1.536645e+01  1.531562e-01 
   79070685   6.671586e-01   1.002962e-01   6.671586e-01   1.002962e-01 223200607040401020       2484        766     0 2453920.669965  1.543943e+01  1.632229e-01  1.543943e+01  1.632229e-01 
   79416106   6.964869e-01   1.010583e-01   6.964869e-01   1.010583e-01 223200607080357570       2483        776     0 2453924.667894  1.539272e+01  1.575378e-01  1.539272e+01  1.575378e-01 
   79416173   7.183689e-01   1.011188e-01   7.183689e-01   1.011188e-01 223200607080359030       2487        750     0 2453924.668669  1.535913e+01  1.528306e-01  1.535913e+01  1.528306e-01 
   79416231   7.275620e-01   1.007101e-01   7.275620e-01   1.007101e-01 223200607080400010       2487        747     0 2453924.669340  1.534532e+01  1.502896e-01  1.534532e+01  1.502896e-01 
   79502488   7.907961e-01   1.597223e-01   7.907961e-01   1.597223e-01 223200607090357380       2492        747     0 2453925.667685  1.525484e+01  2.192941e-01  1.525484e+01  2.192941e-01 
   79502557   7.487152e-01   1.567218e-01   7.487152e-01   1.567218e-01 223200607090358470       2492        744     0 2453925.668484  1.531421e+01  2.272682e-01  1.531421e+01  2.272682e-01 
   80278249   7.057927e-01   1.625595e-01   7.057927e-01   1.625595e-01 223200607180326500       2526        679     0 2453934.646400  1.537831e+01  2.500696e-01  1.537831e+01  2.500696e-01 
   80278402   8.541164e-01   2.528420e-01   8.541164e-01   2.528420e-01 223200607180329220       2526        674     0 2453934.648171  1.517121e+01  3.214090e-01  1.517121e+01  3.214090e-01 
   80364279   9.435837e-01   1.265469e-01   9.435837e-01   1.265469e-01 223200607190320380       2518        689     0 2453935.642118  1.506305e+01  1.456119e-01  1.506305e+01  1.456119e-01 
   80364335   8.892089e-01   1.265121e-01   8.892089e-01   1.265121e-01 223200607190321350       2518        688     0 2453935.642766  1.512749e+01  1.544735e-01  1.512749e+01  1.544735e-01 
   80364395   8.988246e-01   1.265050e-01   8.988246e-01   1.265050e-01 223200607190322340       2518        686     0 2453935.643461  1.511581e+01  1.528125e-01  1.511581e+01  1.528125e-01 
   80364456   6.696113e-01   1.258421e-01   6.696113e-01   1.258421e-01 223200607190323360       2519        684     0 2453935.644167  1.543544e+01  2.040464e-01  1.543544e+01  2.040464e-01 
   80450495   7.159163e-01   1.138416e-01   7.159163e-01   1.138416e-01 223200607200317340       2523        681     0 2453936.639988  1.536284e+01  1.726492e-01  1.536284e+01  1.726492e-01 
   80450556   7.378830e-01   1.142510e-01   7.378830e-01   1.142510e-01 223200607200318350       2522        680     0 2453936.640694  1.533003e+01  1.681119e-01  1.533003e+01  1.681119e-01 
   80450620   6.794945e-01   1.137149e-01   6.794945e-01   1.137149e-01 223200607200319380       2522        678     0 2453936.641435  1.541953e+01  1.817010e-01  1.541953e+01  1.817010e-01 
   80967425   6.769475e-01   9.782539e-02   6.769475e-01   9.782539e-02 223200607260253020       2481        717     0 2453942.622975  1.542361e+01  1.568998e-01  1.542361e+01  1.568998e-01 
   80967484   5.422272e-01   9.752339e-02   5.422272e-01   9.752339e-02 223200607260254000       2482        714     0 2453942.623657  1.566455e+01  1.952780e-01  1.566455e+01  1.952780e-01 
   80967544   7.828968e-01   9.864183e-02   7.828968e-01   9.864183e-02 223200607260255010       2484        712     0 2453942.624352  1.526574e+01  1.367988e-01  1.526574e+01  1.367988e-01 
   80967600   7.436675e-01   9.851874e-02   7.436675e-01   9.851874e-02 223200607260255560       2484        710     0 2453942.625000  1.532155e+01  1.438354e-01  1.532155e+01  1.438354e-01 
   81053707   8.407025e-01   1.148599e-01   8.407025e-01   1.148599e-01 223200607270251040       2478        710     0 2453943.621609  1.518839e+01  1.483378e-01  1.518839e+01  1.483378e-01 
   81053763   8.107988e-01   1.108490e-01   8.107988e-01   1.108490e-01 223200607270251590       2479        708     0 2453943.622257  1.522772e+01  1.484379e-01  1.522772e+01  1.484379e-01 
   81053825   7.443126e-01   1.072879e-01   7.443126e-01   1.072879e-01 223200607270253010       2480        705     0 2453943.622975  1.532061e+01  1.565024e-01  1.532061e+01  1.565024e-01 
   81139822   3.467796e-01   7.322763e-01   3.467796e-01   7.322763e-01 223200607280246190       2495        703     0 2453944.618310  1.614987e+01  2.292700e+00  1.614987e+01  2.292700e+00 
   81139881   1.417124e-01   1.277712e+00   1.417124e-01   1.277712e+00 223200607280247170       2496        701     0 2453944.618993  1.712148e+01  9.789287e+00  1.712148e+01  9.789287e+00 
   81139935   1.012215e+00   7.983829e-01   1.012215e+00   7.983829e-01 223200607280248110       2496        699     0 2453944.619618  1.498682e+01  8.563752e-01  1.498682e+01  8.563752e-01 
   81139989   1.026848e+00   5.183128e-01   1.026848e+00   5.183128e-01 223200607280249060       2497        697     0 2453944.620243  1.497123e+01  5.480392e-01  1.497123e+01  5.480392e-01 
   82346055   7.826556e-01   3.591124e-01   7.826556e-01   3.591124e-01 224200608110150170      29200       1824     0 2453958.579340  1.526607e+01  4.981791e-01  1.526607e+01  4.981791e-01 
   82346111   8.150055e-01   3.622874e-01   8.150055e-01   3.622874e-01 224200608110151120      29195       1826     0 2453958.579988  1.522210e+01  4.826347e-01  1.522210e+01  4.826347e-01 
   82346111   1.312097e+00   3.951497e-01   1.312097e+00   3.951497e-01 223200608110151120       2496        738     0 2453958.579988  1.470508e+01  3.269802e-01  1.470508e+01  3.269802e-01 
   82346166   9.640965e-01   3.661043e-01   9.640965e-01   3.661043e-01 224200608110152070      29194       1827     0 2453958.580625  1.503970e+01  4.122970e-01  1.503970e+01  4.122970e-01 
   82346166   7.421665e-01   3.941949e-01   7.421665e-01   3.941949e-01 223200608110152070       2497        735     0 2453958.580625  1.532375e+01  5.766809e-01  1.532375e+01  5.766809e-01 
   82346225   1.267537e+00   3.953322e-01   1.267537e+00   3.953322e-01 223200608110153070       2497        732     0 2453958.581308  1.474260e+01  3.386315e-01  1.474260e+01  3.386315e-01 
   82518410   1.726062e+00   3.732410e-01   1.726062e+00   3.732410e-01 224200608130142530      29158       1903     0 2453960.574190  1.440736e+01  2.347787e-01  1.440736e+01  2.347787e-01 
   82518410   7.576416e-01   2.546380e-01   7.576416e-01   2.546380e-01 223200608130142530       2495        714     0 2453960.574190  1.530134e+01  3.649095e-01  1.530134e+01  3.649095e-01 
   82518469   1.888321e+00   3.684112e-01   1.888321e+00   3.684112e-01 224200608130143530      29154       1905     0 2453960.574873  1.430981e+01  2.118278e-01  1.430981e+01  2.118278e-01 
   82518531   1.027553e+00   2.511778e-01   1.027553e+00   2.511778e-01 223200608130144550       2495        706     0 2453960.575590  1.497049e+01  2.654012e-01  1.497049e+01  2.654012e-01 
   82518609   1.956264e+00   3.698660e-01   1.956264e+00   3.698660e-01 224200608130146120      29155       1886     0 2453960.576493  1.427143e+01  2.052782e-01  1.427143e+01  2.052782e-01 
   82518609   1.089481e+00   2.556078e-01   1.089481e+00   2.556078e-01 223200608130146120       2492        725     0 2453960.576493  1.490695e+01  2.547301e-01  1.490695e+01  2.547301e-01 
   82604591   8.691412e-01   1.969474e-01   8.691412e-01   1.969474e-01 224200608140139160      29132       1914     0 2453961.571655  1.515227e+01  2.460287e-01  1.515227e+01  2.460287e-01 
   82604591   9.639407e-01   2.038189e-01   9.639407e-01   2.038189e-01 223200608140139160       2496        731     0 2453961.571655  1.503987e+01  2.295725e-01  1.503987e+01  2.295725e-01 
   82604647   1.149405e+00   1.980723e-01   1.149405e+00   1.980723e-01 224200608140140120      29128       1913     0 2453961.572303  1.484882e+01  1.871012e-01  1.484882e+01  1.871012e-01 
   82604704   1.284863e+00   1.999739e-01   1.284863e+00   1.999739e-01 224200608140141080      29124       1911     0 2453961.572963  1.472786e+01  1.689827e-01  1.472786e+01  1.689827e-01 
   82604758   1.211047e+00   2.132843e-01   1.211047e+00   2.132843e-01 223200608140142030       2515        723     0 2453961.573588  1.479210e+01  1.912158e-01  1.479210e+01  1.912158e-01 
   82863064   8.355584e-01   1.305491e-01   8.355584e-01   1.305491e-01 224200608170127120      29143       1889     0 2453964.563241  1.519506e+01  1.696379e-01  1.519506e+01  1.696379e-01 
   82863064   7.557911e-01   1.329361e-01   7.557911e-01   1.329361e-01 223200608170127120       2486        740     0 2453964.563241  1.530400e+01  1.909709e-01  1.530400e+01  1.909709e-01 
   82863132   1.091374e+00   1.312019e-01   1.091374e+00   1.312019e-01 224200608170128190      29134       1912     0 2453964.564028  1.490507e+01  1.305246e-01  1.490507e+01  1.305246e-01 
   82863132   9.120104e-01   1.336006e-01   9.120104e-01   1.336006e-01 223200608170128190       2493        710     0 2453964.564028  1.510000e+01  1.590503e-01  1.510000e+01  1.590503e-01 
   82863188   8.697745e-01   1.310805e-01   8.697745e-01   1.310805e-01 224200608170129150      29133       1912     0 2453964.564676  1.515148e+01  1.636279e-01  1.515148e+01  1.636279e-01 
   82949237   6.426037e-01   1.013716e-01   6.426037e-01   1.013716e-01 223200608180123250       2489        689     0 2453965.560613  1.548014e+01  1.712770e-01  1.548014e+01  1.712770e-01 
   82949299   8.598188e-01   1.026789e-01   8.598188e-01   1.026789e-01 224200608180124270      29199       1861     0 2453965.561331  1.516398e+01  1.296582e-01  1.516398e+01  1.296582e-01 
   82949299   6.469514e-01   1.006606e-01   6.469514e-01   1.006606e-01 223200608180124270       2492        689     0 2453965.561331  1.547282e+01  1.689327e-01  1.547282e+01  1.689327e-01 
   82949362   9.390492e-01   1.034306e-01   9.390492e-01   1.034306e-01 224200608180125310      29198       1863     0 2453965.562060  1.506828e+01  1.195878e-01  1.506828e+01  1.195878e-01 
   82949453   6.695660e-01   1.026838e-01   6.695660e-01   1.026838e-01 223200608180127020       2488        702     0 2453965.563113  1.543552e+01  1.665077e-01  1.543552e+01  1.665077e-01 
   83724662   8.832726e-01   1.016103e-01   8.832726e-01   1.016103e-01 224200608270047250      29180       1898     0 2453974.535440  1.513476e+01  1.249019e-01  1.513476e+01  1.249019e-01 
   83724662   6.635274e-01   1.002813e-01   6.635274e-01   1.002813e-01 223200608270047250       2470        739     0 2453974.535440  1.544535e+01  1.640918e-01  1.544535e+01  1.640918e-01 
   83724726   8.742388e-01   1.014696e-01   8.742388e-01   1.014696e-01 224200608270048280      29174       1921     0 2453974.536181  1.514592e+01  1.260177e-01  1.514592e+01  1.260177e-01 
   83724801   1.186312e+00   1.024092e-01   1.186312e+00   1.024092e-01 224200608270049440      29176       1901     0 2453974.537049  1.481450e+01  9.372725e-02  1.481450e+01  9.372725e-02 
   83724801   6.665419e-01   9.994737e-02   6.665419e-01   9.994737e-02 223200608270049440       2469        726     0 2453974.537049  1.544043e+01  1.628058e-01  1.544043e+01  1.628058e-01 
   83724863   7.430031e-01   1.007804e-01   7.430031e-01   1.007804e-01 224200608270050460      29172       1923     0 2453974.537766  1.532252e+01  1.472690e-01  1.532252e+01  1.472690e-01 
   83724863   6.276736e-01   9.971187e-02   6.276736e-01   9.971187e-02 223200608270050460       2473        699     0 2453974.537766  1.550567e+01  1.724800e-01  1.550567e+01  1.724800e-01 
   83810828   1.067441e+00   9.668213e-02   1.067441e+00   9.668213e-02 224200608280043330      29177       1902     0 2453975.532731  1.492914e+01  9.833957e-02  1.492914e+01  9.833957e-02 
   83810828   6.652167e-01   9.549672e-02   6.652167e-01   9.549672e-02 223200608280043330       2474        728     0 2453975.532731  1.544259e+01  1.558659e-01  1.544259e+01  1.558659e-01 
   83810880   7.705555e-01   9.585045e-02   7.705555e-01   9.585045e-02 224200608280044250      29174       1903     0 2453975.533333  1.528299e+01  1.350567e-01  1.528299e+01  1.350567e-01 
   83810951   6.476471e-01   9.395526e-02   6.476471e-01   9.395526e-02 223200608280045350       2475        721     0 2453975.534155  1.547165e+01  1.575101e-01  1.547165e+01  1.575101e-01 
   83810952   8.875561e-01   9.565060e-02   8.875561e-01   9.565060e-02 224200608280045360      29174       1906     0 2453975.534167  1.512951e+01  1.170086e-01  1.512951e+01  1.170086e-01 
   83811008   6.964912e-01   9.508506e-02   6.964912e-01   9.508506e-02 224200608280046320      29174       1906     0 2453975.534815  1.539271e+01  1.482254e-01  1.539271e+01  1.482254e-01 
   83811008   6.870720e-01   9.453361e-02   6.870720e-01   9.453361e-02 223200608280046320       2475        719     0 2453975.534815  1.540749e+01  1.493860e-01  1.540749e+01  1.493860e-01 
   84328660   7.950175e-01   2.703329e-01   7.950175e-01   2.703329e-01 224200609030034170      29181       1962     0 2453981.526157  1.524906e+01  3.691884e-01  1.524906e+01  3.691884e-01 
   84328660   9.561466e-01   2.828475e-01   9.561466e-01   2.828475e-01 223200609030034170       2464        659     0 2453981.526157  1.504869e+01  3.211838e-01  1.504869e+01  3.211838e-01 
   84328732   1.378806e+00   2.736434e-01   1.378806e+00   2.736434e-01 224200609030035290      29183       1941     0 2453981.526991  1.465124e+01  2.154803e-01  1.465124e+01  2.154803e-01 
   84328799   1.209099e+00   2.828387e-01   1.209099e+00   2.828387e-01 224200609030036350      29181       1963     0 2453981.527766  1.479385e+01  2.539819e-01  1.479385e+01  2.539819e-01 
   84328799   1.101789e+00   3.072878e-01   1.101789e+00   3.072878e-01 223200609030036350       2460        645     0 2453981.527766  1.489475e+01  3.028119e-01  1.489475e+01  3.028119e-01 
   84328856   1.279022e+00   2.900483e-01   1.279022e+00   2.900483e-01 224200609030037320      29180       1964     0 2453981.528426  1.473281e+01  2.462171e-01  1.473281e+01  2.462171e-01 
   84328856   1.125317e+00   2.986616e-01   1.125317e+00   2.986616e-01 223200609030037320       2461        643     0 2453981.528426  1.487181e+01  2.881577e-01  1.487181e+01  2.881577e-01 
   84500166   3.454467e-01   4.056609e-01   3.454467e-01   4.056609e-01 224200609050012480      29180       1913     0 2453983.511181  1.615405e+01  1.274993e+00  1.615405e+01  1.274993e+00 
   84500166   8.336350e-01   4.576455e-01   8.336350e-01   4.576455e-01 223200609050012480       2472        723     0 2453983.511181  1.519756e+01  5.960451e-01  1.519756e+01  5.960451e-01 
   84500226   2.745056e-01   4.041062e-01   2.745056e-01   4.041062e-01 224200609050013480      29176       1913     0 2453983.511875  1.640362e+01  1.598344e+00  1.640362e+01  1.598344e+00 
   84500226   7.100002e-01   4.550047e-01   7.100002e-01   4.550047e-01 223200609050013480       2473        720     0 2453983.511875  1.537185e+01  6.957980e-01  1.537185e+01  6.957980e-01 
   84500288   4.090424e-01   4.044203e-01   4.090424e-01   4.044203e-01 224200609050014500      29174       1914     0 2453983.512593  1.597058e+01  1.073471e+00  1.597058e+01  1.073471e+00 
   84500288   8.451831e-01   4.563695e-01   8.451831e-01   4.563695e-01 223200609050014500       2473        716     0 2453983.512593  1.518262e+01  5.862619e-01  1.518262e+01  5.862619e-01 
   84500366   1.016450e+00   4.039355e-01   1.016450e+00   4.039355e-01 224200609050016080      29177       1894     0 2453983.513495  1.498228e+01  4.314711e-01  1.498228e+01  4.314711e-01 
   84500366   7.042739e-01   4.532930e-01   7.042739e-01   4.532930e-01 223200609050016080       2470        735     0 2453983.513495  1.538065e+01  6.988167e-01  1.538065e+01  6.988167e-01 
   84844840   7.698137e-01   5.575529e-01   7.698137e-01   5.575529e-01 224200609082357310      29181       1882     0 2453987.500463  1.528404e+01  7.863688e-01  1.528404e+01  7.863688e-01 
   84844840   1.069681e+00   6.296980e-01   1.069681e+00   6.296980e-01 223200609082357310       2482        731     0 2453987.500463  1.492686e+01  6.391518e-01  1.492686e+01  6.391518e-01 
   84844896   1.234607e+00   6.331867e-01   1.234607e+00   6.331867e-01 223200609082358260       2484        726     0 2453987.501111  1.477118e+01  5.568380e-01  1.477118e+01  5.568380e-01 
   84844897   1.649582e-01   5.572840e-01   1.649582e-01   5.572840e-01 224200609082358270      29179       1885     0 2453987.501123  1.695657e+01  3.667993e+00  1.695657e+01  3.667993e+00 
   84844953   9.482771e-01   5.549762e-01   9.482771e-01   5.549762e-01 224200609082359230      29179       1886     0 2453987.501771  1.505766e+01  6.354259e-01  1.505766e+01  6.354259e-01 
   84845015   1.317174e+00   6.218026e-01   1.317174e+00   6.218026e-01 223200609090000260       2483        721     0 2453987.502488  1.470089e+01  5.125489e-01  1.470089e+01  5.125489e-01 
   85017140   1.489317e+00   3.018588e-01   1.489317e+00   3.018588e-01 224200609102349160      29192       1927     0 2453989.494676  1.456753e+01  2.200608e-01  1.456753e+01  2.200608e-01 
   85017140   7.739333e-01   3.392814e-01   7.739333e-01   3.392814e-01 223200609102349160       2457        684     0 2453989.494676  1.527824e+01  4.759730e-01  1.527824e+01  4.759730e-01 
   85017207   5.920405e-01   3.958434e-01   5.920405e-01   3.958434e-01 224200609102350220      29190       1927     0 2453989.495451  1.556912e+01  7.259350e-01  1.556912e+01  7.259350e-01 
   85017207   1.457009e+00   4.437580e-01   1.457009e+00   4.437580e-01 223200609102350220       2458        682     0 2453989.495451  1.459134e+01  3.306813e-01  1.459134e+01  3.306813e-01 
   85017266   7.733886e-01   3.634863e-01   7.733886e-01   3.634863e-01 224200609102351210      29188       1929     0 2453989.496134  1.527901e+01  5.102889e-01  1.527901e+01  5.102889e-01 
   85017324   6.475612e-01   3.502459e-01   6.475612e-01   3.502459e-01 224200609102352200      29188       1929     0 2453989.496806  1.547180e+01  5.872433e-01  1.547180e+01  5.872433e-01 
   85017324   9.319253e-01   3.963880e-01   9.319253e-01   3.963880e-01 223200609102352200       2457        672     0 2453989.496806  1.507655e+01  4.618120e-01  1.507655e+01  4.618120e-01 
   85361732   8.218253e-01   1.005669e-01   8.218253e-01   1.005669e-01 224200609142332380      29166       1910     0 2453993.483009  1.521305e+01  1.328622e-01  1.521305e+01  1.328622e-01 
   85361732   4.857767e-01   9.596159e-02   4.857767e-01   9.596159e-02 223200609142332380       2460        638     0 2453993.483009  1.578391e+01  2.144799e-01  1.578391e+01  2.144799e-01 
   85361785   6.792919e-01   1.006059e-01   6.792919e-01   1.006059e-01 224200609142333310      29162       1910     0 2453993.483623  1.541986e+01  1.608026e-01  1.541986e+01  1.608026e-01 
   85361850   8.101769e-01   1.004482e-01   8.101769e-01   1.004482e-01 224200609142334370      29160       1911     0 2453993.484375  1.522855e+01  1.346134e-01  1.522855e+01  1.346134e-01 
   85361850   5.414841e-01   9.750970e-02   5.414841e-01   9.750970e-02 223200609142334370       2462        631     0 2453993.484375  1.566604e+01  1.955186e-01  1.566604e+01  1.955186e-01 
   85361925   7.704552e-01   1.005620e-01   7.704552e-01   1.005620e-01 224200609142335520      29162       1890     0 2453993.485243  1.528313e+01  1.417139e-01  1.528313e+01  1.417139e-01 
   85361925   5.565854e-01   9.729944e-02   5.565854e-01   9.729944e-02 223200609142335520       2458        651     0 2453993.485243  1.563617e+01  1.898036e-01  1.563617e+01  1.898036e-01 
   85620629   1.295033e+00   1.171066e-01   1.295033e+00   1.171066e-01 224200609172327440      29196       1874     0 2453996.479502  1.471930e+01  9.818078e-02  1.471930e+01  9.818078e-02 
   85620629   6.937118e-01   1.102893e-01   6.937118e-01   1.102893e-01 223200609172327440       2430        642     0 2453996.479502  1.539705e+01  1.726157e-01  1.539705e+01  1.726157e-01 
   85620688   1.261827e+00   1.184288e-01   1.261827e+00   1.184288e-01 224200609172328430      29193       1875     0 2453996.480185  1.474750e+01  1.019021e-01  1.474750e+01  1.019021e-01 
   85620688   7.610850e-01   1.102229e-01   7.610850e-01   1.102229e-01 223200609172328430       2431        639     0 2453996.480185  1.529642e+01  1.572406e-01  1.529642e+01  1.572406e-01 
   85620751   1.228629e+00   1.188504e-01   1.228629e+00   1.188504e-01 224200609172329460      29193       1877     0 2453996.480914  1.477645e+01  1.050282e-01  1.477645e+01  1.050282e-01 
   85620751   7.824188e-01   1.117470e-01   7.824188e-01   1.117470e-01 223200609172329460       2430        636     0 2453996.480914  1.526640e+01  1.550680e-01  1.526640e+01  1.550680e-01 
   85620805   1.349298e+00   1.192227e-01   1.349298e+00   1.192227e-01 224200609172330410      29192       1879     0 2453996.481539  1.467473e+01  9.593493e-02  1.467473e+01  9.593493e-02 
   85706425   1.571387e+00   1.177571e-01   1.571387e+00   1.177571e-01 224200609182317440      29195       1831     0 2453997.472512  1.450929e+01  8.136352e-02  1.450929e+01  8.136352e-02 
   85706425   8.429974e-01   1.099991e-01   8.429974e-01   1.099991e-01 223200609182317440       2434        615     0 2453997.472512  1.518543e+01  1.416735e-01  1.518543e+01  1.416735e-01 
   85706488   1.980034e+00   1.183990e-01   1.980034e+00   1.183990e-01 224200609182318460      29189       1853     0 2453997.473241  1.425832e+01  6.492335e-02  1.425832e+01  6.492335e-02 
   85706488   7.995297e-01   1.097100e-01   7.995297e-01   1.097100e-01 223200609182318460       2438        593     0 2453997.473241  1.524291e+01  1.489832e-01  1.524291e+01  1.489832e-01 
   85706543   2.189668e+00   1.171276e-01   2.189668e+00   1.171276e-01 224200609182319420      29186       1854     0 2453997.473877  1.414905e+01  5.807736e-02  1.414905e+01  5.807736e-02 
   85706543   7.048308e-01   1.082584e-01   7.048308e-01   1.082584e-01 223200609182319410       2439        591     0 2453997.473877  1.537979e+01  1.667641e-01  1.537979e+01  1.667641e-01 
   85706620   1.934529e+00   1.189403e-01   1.934529e+00   1.189403e-01 224200609182320580      29189       1835     0 2453997.474769  1.428356e+01  6.675436e-02  1.428356e+01  6.675436e-02 
   85878739   1.135339e+00   1.111796e-01   1.135339e+00   1.111796e-01 224200609202309430      29170       1875     0 2453999.466887  1.486219e+01  1.063225e-01  1.486219e+01  1.063225e-01 
   85878739   6.095139e-01   1.087079e-01   6.095139e-01   1.087079e-01 223200609202309430       2435        669     0 2453999.466887  1.553754e+01  1.936437e-01  1.553754e+01  1.936437e-01 
   85878796   9.143176e-01   1.108991e-01   9.143176e-01   1.108991e-01 224200609202310410      29164       1877     0 2453999.467546  1.509726e+01  1.316912e-01  1.509726e+01  1.316912e-01 
   85878796   6.757768e-01   1.095556e-01   6.757768e-01   1.095556e-01 223200609202310400       2438        666     0 2453999.467546  1.542549e+01  1.760181e-01  1.542549e+01  1.760181e-01 
   85878857   1.008715e+00   1.114684e-01   1.008715e+00   1.114684e-01 224200609202311410      29161       1878     0 2453999.468252  1.499058e+01  1.199801e-01  1.499058e+01  1.199801e-01 
   85878857   7.632232e-01   1.104485e-01   7.632232e-01   1.104485e-01 223200609202311410       2438        663     0 2453999.468252  1.529337e+01  1.571210e-01  1.529337e+01  1.571210e-01 
   85878917   1.296471e+00   1.124731e-01   1.296471e+00   1.124731e-01 224200609202312420      29159       1881     0 2453999.468947  1.471809e+01  9.419145e-02  1.471809e+01  9.419145e-02 
   85964862   7.810241e-01   1.061856e-01   7.810241e-01   1.061856e-01 224200609212305090      29163       1896     0 2454000.463681  1.526834e+01  1.476138e-01  1.526834e+01  1.476138e-01 
   85965015   6.628174e-01   1.056822e-01   6.628174e-01   1.056822e-01 224200609212307420      29158       1898     0 2454000.465451  1.544652e+01  1.731147e-01  1.544652e+01  1.731147e-01 
   85965015   4.958431e-01   9.889399e-02   4.958431e-01   9.889399e-02 223200609212307420       2452        655     0 2454000.465451  1.576164e+01  2.165467e-01  1.576164e+01  2.165467e-01 
   85965078   8.709213e-01   1.057536e-01   8.709213e-01   1.057536e-01 224200609212308460      29156       1900     0 2454000.466181  1.515005e+01  1.318385e-01  1.515005e+01  1.318385e-01 
   85965078   6.090062e-01   1.001095e-01   6.090062e-01   1.001095e-01 223200609212308460       2453        652     0 2454000.466181  1.553845e+01  1.784759e-01  1.553845e+01  1.784759e-01 
   85965134   9.055302e-01   1.047220e-01   9.055302e-01   1.047220e-01 224200609212309410      29155       1901     0 2454000.466829  1.510774e+01  1.255628e-01  1.510774e+01  1.255628e-01 
   85965134   5.696550e-01   9.983010e-02   5.696550e-01   9.983010e-02 223200609212309410       2453        651     0 2454000.466829  1.561097e+01  1.902722e-01  1.561097e+01  1.902722e-01 
   86404976   6.683120e-01   1.044554e-01   6.683120e-01   1.044554e-01 224200609270120390      29264       2119     0 2454005.557593  1.543755e+01  1.696983e-01  1.543755e+01  1.696983e-01 
   86404976   5.458249e-01   1.027904e-01   5.458249e-01   1.027904e-01 223200609270120390       2315        306     0 2454005.557593  1.565737e+01  2.044678e-01  1.565737e+01  2.044678e-01 
   86405035   7.572927e-01   1.043254e-01   7.572927e-01   1.043254e-01 224200609270121390      29260       2141     0 2454005.558275  1.530184e+01  1.495726e-01  1.530184e+01  1.495726e-01 
   86405037   4.400792e-01   1.032930e-01   4.400792e-01   1.032930e-01 223200609270121400       2318        281     0 2454005.558299  1.589117e+01  2.548390e-01  1.589117e+01  2.548390e-01 
   86405105   8.436167e-01   1.051383e-01   8.436167e-01   1.051383e-01 224200609270122490      29261       2140     0 2454005.559086  1.518464e+01  1.353136e-01  1.518464e+01  1.353136e-01 
   86405105   6.820858e-01   1.049453e-01   6.820858e-01   1.049453e-01 223200609270122490       2317        278     0 2454005.559086  1.541540e+01  1.670514e-01  1.541540e+01  1.670514e-01 
   86405164   7.748464e-01   1.054523e-01   7.748464e-01   1.054523e-01 224200609270123480      29260       2140     0 2454005.559769  1.527696e+01  1.477632e-01  1.527696e+01  1.477632e-01 
   86405166   5.571141e-01   1.047783e-01   5.571141e-01   1.047783e-01 223200609270123490       2316        277     0 2454005.559792  1.563514e+01  2.041986e-01  1.563514e+01  2.041986e-01 
   87688147   5.002650e-01   8.293457e-02   5.002650e-01   8.293457e-02 223200610112147440       2112        471     0 2454020.409109  1.575200e+01  1.799954e-01  1.575200e+01  1.799954e-01 
   87688221   4.032432e-01   8.214074e-02   4.032432e-01   8.214074e-02 223200610112148580       2115        444     0 2454020.409965  1.598608e+01  2.211655e-01  1.598608e+01  2.211655e-01 
   87688275   4.533223e-01   8.322304e-02   4.533223e-01   8.322304e-02 223200610112149520       2115        441     0 2454020.410590  1.585898e+01  1.993253e-01  1.585898e+01  1.993253e-01 
   87860493   5.235453e-01   9.463245e-02   5.235453e-01   9.463245e-02 223200610132140170       2074        493     0 2454022.403854  1.570261e+01  1.962509e-01  1.570261e+01  1.962509e-01 
   87860616   4.764296e-01   9.458303e-02   4.764296e-01   9.458303e-02 223200610132142200       2074        486     0 2454022.405278  1.580500e+01  2.155462e-01  1.580500e+01  2.155462e-01 
   88033105   5.284308e-01   8.990625e-02   5.284308e-01   8.990625e-02 223200610152137170       2071        523     0 2454024.401678  1.569253e+01  1.847258e-01  1.569253e+01  1.847258e-01 
   88033166   4.120367e-01   8.866559e-02   4.120367e-01   8.866559e-02 223200610152138180       2071        518     0 2454024.402384  1.596266e+01  2.336388e-01  1.596266e+01  2.336388e-01 
   88033280   3.875720e-01   8.778645e-02   3.875720e-01   8.778645e-02 223200610152140120       2069        510     0 2454024.403704  1.602912e+01  2.459240e-01  1.602912e+01  2.459240e-01 
   88377428   4.303291e-01   9.128344e-02   4.303291e-01   9.128344e-02 223200610192116140       2055        538     0 2454028.386898  1.591550e+01  2.303123e-01  1.591550e+01  2.303123e-01 
   88377480   5.887302e-01   9.282523e-02   5.887302e-01   9.282523e-02 223200610192117070       2054        535     0 2454028.387500  1.557521e+01  1.711889e-01  1.557521e+01  1.711889e-01 
   88377565   4.923090e-01   9.334521e-02   4.923090e-01   9.334521e-02 223200610192118310       2050        554     0 2454028.388484  1.576941e+01  2.058638e-01  1.576941e+01  2.058638e-01 
   88377627   5.466172e-01   9.324467e-02   5.466172e-01   9.324467e-02 223200610192119340       2050        550     0 2454028.389201  1.565579e+01  1.852109e-01  1.565579e+01  1.852109e-01 
   88463593   5.177511e-01   8.962878e-02   5.177511e-01   8.962878e-02 223200610202112230       2078        494     0 2454029.384178  1.571470e+01  1.879543e-01  1.571470e+01  1.879543e-01 
   88463665   4.573182e-01   9.096891e-02   4.573182e-01   9.096891e-02 223200610202113350       2076        489     0 2454029.385012  1.584945e+01  2.159734e-01  1.584945e+01  2.159734e-01 
   88463728   4.805037e-01   9.146912e-02   4.805037e-01   9.146912e-02 223200610202114380       2075        487     0 2454029.385741  1.579576e+01  2.066825e-01  1.579576e+01  2.066825e-01 
   88463787   4.731766e-01   9.061673e-02   4.731766e-01   9.061673e-02 223200610202115380       2075        485     0 2454029.386424  1.581244e+01  2.079270e-01  1.581244e+01  2.079270e-01 
   88551541   5.425829e-01   9.951137e-02   5.425829e-01   9.951137e-02 223200610212138150       2073        432     0 2454030.402095  1.566383e+01  1.991280e-01  1.566383e+01  1.991280e-01 
   88551673   5.249164e-01   9.940809e-02   5.249164e-01   9.940809e-02 223200610212140270       2070        422     0 2454030.403623  1.569977e+01  2.056163e-01  1.569977e+01  2.056163e-01 
   88551745   5.059870e-01   9.993067e-02   5.059870e-01   9.993067e-02 223200610212141400       2066        441     0 2454030.404456  1.573965e+01  2.144299e-01  1.573965e+01  2.144299e-01 
   88637603   1.502055e+00   1.187910e+00   1.502055e+00   1.187910e+00 223200610222132420       2072        474     0 2454031.398183  1.455829e+01  8.586647e-01  1.455829e+01  8.586647e-01 
   88637676   1.495142e+00   1.474567e+00   1.495142e+00   1.474567e+00 223200610222133550       2071        445     0 2454031.399028  1.456329e+01  1.070799e+00  1.456329e+01  1.070799e+00 
   88637751   1.220389e-01   1.447720e+00   1.220389e-01   1.447720e+00 223200610222135100       2067        463     0 2454031.399896  1.728375e+01  1.287989e+01  1.728375e+01  1.287989e+01 
   88637813   8.238003e-01   2.340877e+00   8.238003e-01   2.340877e+00 223200610222136110       2066        461     0 2454031.400613  1.521045e+01  3.085194e+00  1.521045e+01  3.085194e+00 
   88722093   4.982755e-01   9.229279e-02   4.982755e-01   9.229279e-02 223200610232100550       2061        524     0 2454032.376076  1.575633e+01  2.011056e-01  1.575633e+01  2.011056e-01 
   88722147   4.679081e-01   9.316967e-02   4.679081e-01   9.316967e-02 223200610232101500       2062        521     0 2454032.376701  1.582460e+01  2.161921e-01  1.582460e+01  2.161921e-01 
   88722209   4.646543e-01   9.352344e-02   4.646543e-01   9.352344e-02 223200610232102520       2062        519     0 2454032.377419  1.583218e+01  2.185327e-01  1.583218e+01  2.185327e-01 
   88722276   4.055640e-01   9.252609e-02   4.055640e-01   9.252609e-02 223200610232103590       2062        516     0 2454032.378194  1.597985e+01  2.477026e-01  1.597985e+01  2.477026e-01 
   88980539   4.588946e-01   1.058578e-01   4.588946e-01   1.058578e-01 223200610262048320       2063        579     0 2454035.367350  1.584572e+01  2.504584e-01  1.584572e+01  2.504584e-01 
   88980593   7.013171e-01   1.056519e-01   7.013171e-01   1.056519e-01 223200610262049260       2063        576     0 2454035.367975  1.538521e+01  1.635645e-01  1.538521e+01  1.635645e-01 
   88980653   7.615388e-01   1.060217e-01   7.615388e-01   1.060217e-01 223200610262050270       2064        574     0 2454035.368669  1.529577e+01  1.511571e-01  1.529577e+01  1.511571e-01 
   88980717   6.351972e-01   1.067701e-01   6.351972e-01   1.067701e-01 223200610262051300       2060        564     0 2454035.369410  1.549273e+01  1.825017e-01  1.549273e+01  1.825017e-01 
   89066718   5.657992e-01   1.196172e-01   5.657992e-01   1.196172e-01 223200610272044550       2083        548     0 2454036.364792  1.561834e+01  2.295395e-01  1.561834e+01  2.295395e-01 
   89066774   5.907562e-01   1.190925e-01   5.907562e-01   1.190925e-01 223200610272045520       2083        544     0 2454036.365440  1.557148e+01  2.188779e-01  1.557148e+01  2.188779e-01 
   89152853   5.702692e-01   1.968035e-01   5.702692e-01   1.968035e-01 223200610282040350       2068        564     0 2454037.361725  1.560980e+01  3.746957e-01  1.560980e+01  3.746957e-01 
   89152926   7.451792e-01   1.885922e-01   7.451792e-01   1.885922e-01 223200610282041480       2069        534     0 2454037.362569  1.531935e+01  2.747824e-01  1.531935e+01  2.747824e-01 
   89152987   7.598261e-01   1.574068e-01   7.598261e-01   1.574068e-01 223200610282042490       2069        532     0 2454037.363275  1.529821e+01  2.249236e-01  1.529821e+01  2.249236e-01 
   89239029   8.278822e-01   1.662168e-01   8.278822e-01   1.662168e-01 223200610292036550       2062        522     0 2454038.359132  1.520508e+01  2.179879e-01  1.520508e+01  2.179879e-01 
   89239076   7.101768e-01   1.653032e-01   7.101768e-01   1.653032e-01 223200610292037410       2060        514     0 2454038.359676  1.537158e+01  2.527205e-01  1.537158e+01  2.527205e-01 
   89239154   5.758283e-01   1.645236e-01   5.758283e-01   1.645236e-01 223200610292038590       2060        512     0 2454038.360579  1.559927e+01  3.102138e-01  1.559927e+01  3.102138e-01 
   89411423   8.181407e-01   2.644922e-01   8.181407e-01   2.644922e-01 223200610312030160       2051        543     0 2454040.354433  1.521793e+01  3.510028e-01  1.521793e+01  3.510028e-01 
   89411550   9.656668e-01   2.710122e-01   9.656668e-01   2.710122e-01 223200610312032230       2053        511     0 2454040.355903  1.503793e+01  3.047104e-01  1.503793e+01  3.047104e-01 
   89506209   9.143932e-01   2.776675e-01   9.143932e-01   2.776675e-01 223200611012250050       1984        143     0 2454041.451493  1.509717e+01  3.296992e-01  1.509717e+01  3.296992e-01 
   89506339   6.799741e-01   2.812966e-01   6.799741e-01   2.812966e-01 223200611012252160       1986        113     0 2454041.452998  1.541877e+01  4.491567e-01  1.541877e+01  4.491567e-01 
   89506401   6.889689e-01   2.822740e-01   6.889689e-01   2.822740e-01 223200611012253170       1984        111     0 2454041.453715  1.540450e+01  4.448331e-01  1.540450e+01  4.448331e-01 
   89842169   9.030712e-01   3.978833e-01   9.030712e-01   3.978833e-01 223200611052009400       2066        524     0 2454045.339919  1.511069e+01  4.783651e-01  1.511069e+01  4.783651e-01 
   89842242   1.060795e+00   4.032621e-01   1.060795e+00   4.032621e-01 223200611052010530       2066        520     0 2454045.340764  1.493592e+01  4.127448e-01  1.493592e+01  4.127448e-01 
   89842301   7.917759e-01   4.025629e-01   7.917759e-01   4.025629e-01 223200611052011520       2066        518     0 2454045.341447  1.525349e+01  5.520231e-01  1.525349e+01  5.520231e-01 
   89928418   4.618214e-01   3.063039e-01   4.618214e-01   3.063039e-01 223200611062007140       2069        538     0 2454046.338171  1.583881e+01  7.201189e-01  1.583881e+01  7.201189e-01 
   89928482   7.454926e-01   3.077462e-01   7.454926e-01   3.077462e-01 223200611062008180       2069        535     0 2454046.338912  1.531889e+01  4.482034e-01  1.531889e+01  4.482034e-01 
   90014483   3.007407e-01   1.905725e-01   3.007407e-01   1.905725e-01 223200611072001430       2076        552     0 2454047.334294  1.630452e+01  6.880085e-01  1.630452e+01  6.880085e-01 
   90014537   4.464922e-01   1.708167e-01   4.464922e-01   1.708167e-01 223200611072002370       2077        549     0 2454047.334919  1.587547e+01  4.153768e-01  1.587547e+01  4.153768e-01 
   90014626   4.721885e-01   1.757582e-01   4.721885e-01   1.757582e-01 223200611072004050       2073        567     0 2454047.335949  1.581471e+01  4.041345e-01  1.581471e+01  4.041345e-01 
   90014688   6.798984e-01   1.817122e-01   6.798984e-01   1.817122e-01 223200611072005080       2072        564     0 2454047.336667  1.541889e+01  2.901790e-01  1.541889e+01  2.901790e-01 
   90272972   4.914121e-01   1.030776e-01   4.914121e-01   1.030776e-01 223200611101950030       2072        536     0 2454050.326065  1.577139e+01  2.277427e-01  1.577139e+01  2.277427e-01 
   90273026   4.110087e-01   1.033376e-01   4.110087e-01   1.033376e-01 223200611101950570       2072        533     0 2454050.326690  1.596537e+01  2.729816e-01  1.596537e+01  2.729816e-01 
   90273139   5.808564e-01   1.029083e-01   5.808564e-01   1.029083e-01 223200611101952500       2071        527     0 2454050.327998  1.558983e+01  1.923567e-01  1.558983e+01  1.923567e-01 
   90617588   5.559875e-01   9.671816e-02   5.559875e-01   9.671816e-02 223200611141933540       2063        560     0 2454054.314676  1.563734e+01  1.888726e-01  1.563734e+01  1.888726e-01 
   90617650   4.875745e-01   9.692643e-02   4.875745e-01   9.692643e-02 223200611141934560       2063        556     0 2454054.315394  1.577990e+01  2.158376e-01  1.577990e+01  2.158376e-01 
   90617710   4.898493e-01   9.675942e-02   4.898493e-01   9.675942e-02 223200611141935570       2067        529     0 2454054.316088  1.577484e+01  2.144651e-01  1.577484e+01  2.144651e-01 
   90617761   5.674679e-01   9.705332e-02   5.674679e-01   9.705332e-02 223200611141936470       2067        527     0 2454054.316678  1.561515e+01  1.856928e-01  1.561515e+01  1.856928e-01 
   93120136   5.804396e-01   2.322286e-01   5.804396e-01   2.322286e-01 223200612131844400       2737        366     0 2454083.279352  1.559061e+01  4.343946e-01  1.559061e+01  4.343946e-01 
   93120271   7.256178e-01   1.957474e-01   7.256178e-01   1.957474e-01 223200612131846550       2735        383     0 2454083.280914  1.534823e+01  2.928964e-01  1.534823e+01  2.928964e-01 
   93292971   5.275965e-01   2.860452e-01   5.275965e-01   2.860452e-01 223200612151845190       2711        338     0 2454085.279757  1.569425e+01  5.886520e-01  1.569425e+01  5.886520e-01 
   93293025   7.762066e-01   2.674358e-01   7.762066e-01   2.674358e-01 223200612151846130       2711        336     0 2454085.280382  1.527506e+01  3.740830e-01  1.527506e+01  3.740830e-01 
   93467369   5.626693e-01   1.075242e-01   5.626693e-01   1.075242e-01 223200612171912030       3058        161     0 2454087.298252  1.562437e+01  2.074812e-01  1.562437e+01  2.074812e-01 
   93467429   5.398330e-01   1.059777e-01   5.398330e-01   1.059777e-01 223200612171913020       3057        158     0 2454087.298947  1.566935e+01  2.131478e-01  1.566935e+01  2.131478e-01 
   93467499   5.442120e-01   1.061109e-01   5.442120e-01   1.061109e-01 223200612171914130       3051        177     0 2454087.299757  1.566058e+01  2.116984e-01  1.566058e+01  2.116984e-01 
   93556670   4.427198e-01   9.948764e-02   4.427198e-01   9.948764e-02 223200612182000260       2119         96     0 2454088.331829  1.588468e+01  2.439866e-01  1.588468e+01  2.439866e-01 
   93725370   6.134373e-01   2.326037e-01   6.134373e-01   2.326037e-01 223200612201852110       2178        252     0 2454090.284375  1.553057e+01  4.116918e-01  1.553057e+01  4.116918e-01 
   93725429   5.964617e-01   2.188097e-01   5.964617e-01   2.188097e-01 223200612201853100       2177        250     0 2454090.285058  1.556104e+01  3.982995e-01  1.556104e+01  3.982995e-01 
   93725486   6.951213e-01   2.067584e-01   6.951213e-01   2.067584e-01 223200612201854080       2177        248     0 2454090.285718  1.539485e+01  3.229449e-01  1.539485e+01  3.229449e-01 
   93725548   7.308684e-01   1.934959e-01   7.308684e-01   1.934959e-01 223200612201855100       2176        246     0 2454090.286435  1.534040e+01  2.874474e-01  1.534040e+01  2.874474e-01 
   94935178   7.429694e-01   3.638264e-01   7.429694e-01   3.638264e-01 224200701031856070      28407       1782     0 2454104.286782  1.532257e+01  5.316785e-01  1.532257e+01  5.316785e-01 
   94935244   8.763477e-01   3.597510e-01   8.763477e-01   3.597510e-01 224200701031857140      28406       1782     0 2454104.287546  1.514331e+01  4.457089e-01  1.514331e+01  4.457089e-01 
   94935302   1.095052e+00   3.553795e-01   1.095052e+00   3.553795e-01 224200701031858120      28407       1782     0 2454104.288218  1.490141e+01  3.523573e-01  1.490141e+01  3.523573e-01 
   94935367   9.299755e-01   3.504273e-01   9.299755e-01   3.504273e-01 224200701031859170      28407       1782     0 2454104.288970  1.507882e+01  4.091215e-01  1.507882e+01  4.091215e-01 
   95021608   1.070980e+00   2.742420e-01   1.070980e+00   2.742420e-01 224200701041856390      28409       1769     0 2454105.287130  1.492555e+01  2.780215e-01  1.492555e+01  2.780215e-01 
   95021680   1.047078e+00   2.585686e-01   1.047078e+00   2.585686e-01 224200701041857500      28405       1792     0 2454105.287963  1.495005e+01  2.681158e-01  1.495005e+01  2.681158e-01 
   95021801   7.529071e-01   2.407730e-01   7.529071e-01   2.407730e-01 224200701041859510      28406       1791     0 2454105.289363  1.530815e+01  3.472100e-01  1.530815e+01  3.472100e-01 
   95107909   3.608043e-01   2.361376e-01   3.608043e-01   2.361376e-01 224200701051855020      28428       1804     0 2454106.285984  1.610682e+01  7.105902e-01  1.610682e+01  7.105902e-01 
   95107965   8.467965e-01   2.236710e-01   8.467965e-01   2.236710e-01 224200701051855570      28428       1804     0 2454106.286632  1.518055e+01  2.867850e-01  1.518055e+01  2.867850e-01 
   95108019   7.044737e-01   2.110465e-01   7.044737e-01   2.110465e-01 224200701051856510      28429       1804     0 2454106.287257  1.538034e+01  3.252665e-01  1.538034e+01  3.252665e-01 
   95108073   4.773224e-01   1.995011e-01   4.773224e-01   1.995011e-01 224200701051857460      28429       1804     0 2454106.287882  1.580297e+01  4.537944e-01  1.580297e+01  4.537944e-01 
   95280698   6.837432e-01   2.095192e-01   6.837432e-01   2.095192e-01 224200701071854530      28450       1792     0 2454108.285856  1.541277e+01  3.327029e-01  1.541277e+01  3.327029e-01 
   95280828   9.697184e-01   1.869316e-01   9.697184e-01   1.869316e-01 224200701071857030      28438       1737     0 2454108.287361  1.503339e+01  2.092969e-01  1.503339e+01  2.092969e-01 
   95280884   1.066015e+00   1.773495e-01   1.066015e+00   1.773495e-01 224200701071857590      28439       1738     0 2454108.288009  1.493059e+01  1.806311e-01  1.493059e+01  1.806311e-01 
   95280940   8.774740e-01   1.679590e-01   8.774740e-01   1.679590e-01 224200701071858540      28439       1737     0 2454108.288657  1.514191e+01  2.078236e-01  1.514191e+01  2.078236e-01 
   95367161   4.057148e-01   2.314582e-01   4.057148e-01   2.314582e-01 224200701081855580      28447       1814     0 2454109.286586  1.597945e+01  6.194091e-01  1.597945e+01  6.194091e-01 
   95367215   9.987005e-01   2.180132e-01   9.987005e-01   2.180132e-01 224200701081856520      28446       1813     0 2454109.287211  1.500141e+01  2.370136e-01  1.500141e+01  2.370136e-01 
   95367272   6.969585e-01   2.049875e-01   6.969585e-01   2.049875e-01 224200701081857490      28447       1812     0 2454109.287870  1.539198e+01  3.193348e-01  1.539198e+01  3.193348e-01 
   95367328   6.522451e-01   1.934692e-01   6.522451e-01   1.934692e-01 224200701081858450      28447       1812     0 2454109.288519  1.546397e+01  3.220525e-01  1.546397e+01  3.220525e-01 
   95453547   3.279156e-01   2.314057e-01   3.279156e-01   2.314057e-01 224200701091855450      28441       1834     0 2454110.286424  1.621059e+01  7.661926e-01  1.621059e+01  7.661926e-01 
   95453603   4.200637e-01   2.181931e-01   4.200637e-01   2.181931e-01 224200701091856400      28440       1833     0 2454110.287072  1.594171e+01  5.639645e-01  1.594171e+01  5.639645e-01 
   95453657   1.062655e+00   2.067455e-01   1.062655e+00   2.067455e-01 224200701091857350      28440       1832     0 2454110.287697  1.493402e+01  2.112368e-01  1.493402e+01  2.112368e-01 
   95453713   1.030405e+00   1.965399e-01   1.030405e+00   1.965399e-01 224200701091858300      28441       1832     0 2454110.288345  1.496748e+01  2.070946e-01  1.496748e+01  2.070946e-01 
   95539937   8.595932e-01   2.256799e-01   8.595932e-01   2.256799e-01 224200701101855350      28446       1841     0 2454111.286308  1.516427e+01  2.850531e-01  1.516427e+01  2.850531e-01 
   95539991   7.914858e-01   2.129578e-01   7.914858e-01   2.129578e-01 224200701101856300      28446       1840     0 2454111.286933  1.525389e+01  2.921301e-01  1.525389e+01  2.921301e-01 
   95540045   7.592847e-01   2.020838e-01   7.592847e-01   2.020838e-01 224200701101857240      28445       1840     0 2454111.287558  1.529899e+01  2.889700e-01  1.529899e+01  2.889700e-01 
   95540101   8.774952e-01   1.915867e-01   8.774952e-01   1.915867e-01 224200701101858190      28446       1839     0 2454111.288206  1.514189e+01  2.370535e-01  1.514189e+01  2.370535e-01 
   95626320   8.633305e-01   2.462416e-01   8.633305e-01   2.462416e-01 224200701111855200      28468       1831     0 2454112.286111  1.515956e+01  3.096779e-01  1.515956e+01  3.096779e-01 
   95626377   5.770449e-01   2.315168e-01   5.770449e-01   2.315168e-01 224200701111856160      28467       1830     0 2454112.286771  1.559698e+01  4.356110e-01  1.559698e+01  4.356110e-01 
   95626431   9.792327e-01   2.196055e-01   9.792327e-01   2.196055e-01 224200701111857110      28467       1830     0 2454112.287396  1.502279e+01  2.434911e-01  1.502279e+01  2.434911e-01 
   95626487   5.614135e-01   2.075646e-01   5.614135e-01   2.075646e-01 224200701111858070      28467       1829     0 2454112.288044  1.562679e+01  4.014175e-01  1.562679e+01  4.014175e-01 
   95712706   7.543941e-01   2.279371e-01   7.543941e-01   2.279371e-01 224200701121855060      28439       1832     0 2454113.285949  1.530600e+01  3.280519e-01  1.530600e+01  3.280519e-01 
   95712760   5.759835e-01   2.158649e-01   5.759835e-01   2.158649e-01 224200701121856000      28439       1831     0 2454113.286574  1.559898e+01  4.069096e-01  1.559898e+01  4.069096e-01 
   95712870   3.936481e-01   1.945972e-01   3.936481e-01   1.945972e-01 224200701121857500      28439       1830     0 2454113.287847  1.601223e+01  5.367280e-01  1.601223e+01  5.367280e-01 
   95799126   7.679762e-01   1.983081e-01   7.679762e-01   1.983081e-01 224200701131855270      28440       1847     0 2454114.286181  1.528663e+01  2.803616e-01  1.528663e+01  2.803616e-01 
   95799180   6.230599e-01   1.882077e-01   6.230599e-01   1.882077e-01 224200701131856210      28439       1847     0 2454114.286806  1.551368e+01  3.279695e-01  1.551368e+01  3.279695e-01 
   95799304   8.364203e-01   1.662922e-01   8.364203e-01   1.662922e-01 224200701131858250      28430       1854     0 2454114.288241  1.519394e+01  2.158605e-01  1.519394e+01  2.158605e-01 
   95799358   8.598632e-01   1.590939e-01   8.598632e-01   1.590939e-01 224200701131859190      28431       1854     0 2454114.288866  1.516393e+01  2.008861e-01  1.516393e+01  2.008861e-01 
   95885596   7.641754e-01   1.899881e-01   7.641754e-01   1.899881e-01 224200701141856390      28442       1853     0 2454115.286991  1.529202e+01  2.699351e-01  1.529202e+01  2.699351e-01 
   95885651   7.923892e-01   1.816500e-01   7.923892e-01   1.816500e-01 224200701141857330      28441       1852     0 2454115.287627  1.525265e+01  2.488987e-01  1.525265e+01  2.488987e-01 
   95885837   8.079545e-01   1.553292e-01   8.079545e-01   1.553292e-01 224200701141900400      28444       1848     0 2454115.289780  1.523153e+01  2.087334e-01  1.523153e+01  2.087334e-01 
  105941761   9.784803e-01   2.989567e-01   9.784803e-01   2.989567e-01 223200705110414520       2041        859     0 2454231.677789  1.502362e+01  3.317279e-01  1.502362e+01  3.317279e-01 
  105941817   1.212902e+00   3.149777e-01   1.212902e+00   3.149777e-01 223200705110415490       2044        858     0 2454231.678437  1.479044e+01  2.819551e-01  1.479044e+01  2.819551e-01 
  105941876   8.445948e-01   3.346421e-01   8.445948e-01   3.346421e-01 223200705110416470       2047        857     0 2454231.679120  1.518338e+01  4.301878e-01  1.518338e+01  4.301878e-01 
  106027815   9.480648e-01   1.797010e-01   9.480648e-01   1.797010e-01 223200705120409040       2066        835     0 2454232.673785  1.505791e+01  2.057966e-01  1.505791e+01  2.057966e-01 
  106027995   1.131689e+00   2.055591e-01   1.131689e+00   2.055591e-01 223200705120412040       2055        847     0 2454232.675868  1.486568e+01  1.972130e-01  1.486568e+01  1.972130e-01 
  106028049   1.001655e+00   2.163209e-01   1.001655e+00   2.163209e-01 223200705120412580       2058        846     0 2454232.676493  1.499820e+01  2.344801e-01  1.499820e+01  2.344801e-01 
  106114070   6.616403e-01   1.799676e-01   6.616403e-01   1.799676e-01 223200705130406340       2042        859     0 2454233.672106  1.544845e+01  2.953235e-01  1.544845e+01  2.953235e-01 
  106114124   8.449653e-01   1.844198e-01   8.449653e-01   1.844198e-01 223200705130407290       2045        858     0 2454233.672731  1.518290e+01  2.369707e-01  1.518290e+01  2.369707e-01 
  106114234   7.822570e-01   1.955341e-01   7.822570e-01   1.955341e-01 223200705130409190       2050        858     0 2454233.674005  1.526663e+01  2.713932e-01  1.526663e+01  2.713932e-01 
  124570453   7.449027e-01   1.378882e-01   7.449027e-01   1.378882e-01 222200712121856320       5526      19240     0 2454447.287650  1.531975e+01  2.009803e-01  1.531975e+01  2.009803e-01 
  124571585   7.437333e-01   9.880159e-02   7.437333e-01   9.880159e-02 222200712121915250       5547      19189     0 2454447.300752  1.532146e+01  1.442356e-01  1.532146e+01  1.442356e-01 
  124571649   7.244659e-01   8.339551e-02   7.244659e-01   8.339551e-02 221200712121916280      18326       7662     0 2454447.301493  1.534996e+01  1.249829e-01  1.534996e+01  1.249829e-01 
  124571709   4.235982e-01   8.603665e-02   4.235982e-01   8.603665e-02 223200712121917280       1622       4344     0 2454447.302188  1.593261e+01  2.205237e-01  1.593261e+01  2.205237e-01 
  124572793   7.661588e-01   9.681382e-02   7.661588e-01   9.681382e-02 222200712121935320       5527      19205     0 2454447.314734  1.528920e+01  1.371969e-01  1.528920e+01  1.371969e-01 
  124572984   7.295529e-01   8.153914e-02   7.295529e-01   8.153914e-02 221200712121938430      18364       7733     0 2454447.316944  1.534236e+01  1.213487e-01  1.534236e+01  1.213487e-01 
  124573043   4.310186e-01   8.501904e-02   4.310186e-01   8.501904e-02 223200712121939430       1608       4269     0 2454447.317627  1.591376e+01  2.141638e-01  1.591376e+01  2.141638e-01 
