\OBJNAME = '1SWASP J001705.73-740748.3'
\OBSSTART = '2006-05-11T04:14:48'
\OBSSTOP = '2007-12-12T19:39:43'
\TSTART = 74405755
\TSTOP = 124573044
\JD_REF = 2453005.5
\RA_OBJ = '4.273911'
\DEC_OBJ = '-74.130083'
\WASP_MAG = 13.72288
\HJD_START = 2453866.677720
\HJD_STOP = 2454447.317639
\fixlen = T
\NUMRECORDS = 425
\
\ This file was produced by the NASA Exoplanet Archive  http://exoplanetarchive.ipac.caltech.edu 
\ Mon Sep 16, 23:25:27 2013
\ Documentation for the SuperWASP dataset can be found at http://exoplanetarchive.ipac.caltech.edu/docs/SuperWASPMission.html
\
|TMID      |FLUX2         |FLUX2_ERR     |TAMFLUX2      |TAMFLUX2_ERR  |IMAGEID           |CCDX      |CCDY      |FLAG |           HJD|         MAG2|     MAG2_ERR|      TAMMAG2|  TAMMAG2_ERR|
|int       |float         |float         |float         |float         |char              |int       |int       |int  |        double|        float|        float|        float|        float|
|sec       |micro Vega    |micro Vega    |micro Vega    |micro Vega    |                  |1/16 pixel|1/16 pixel|     |           day|          mag|          mag|          mag|          mag|
|null      |null          |null          |null          |null          |null              |null      |null      |null |          null|         null|         null|         null|         null|
   74405755   3.741977e+00   2.323876e-01   3.741977e+00   2.323876e-01 223200605110414480       3146       1155     0 2453866.677720  1.356725e+01  6.742761e-02  1.356725e+01  6.742761e-02 
   74405808   3.825795e+00   2.492068e-01   3.825795e+00   2.492068e-01 223200605110415410       3150       1151     0 2453866.678333  1.354320e+01  7.072355e-02  1.354320e+01  7.072355e-02 
   74405892   3.848829e+00   2.827692e-01   3.848829e+00   2.827692e-01 223200605110417040       3156       1150     0 2453866.679306  1.353668e+01  7.976812e-02  1.353668e+01  7.976812e-02 
   74405957   3.966239e+00   3.206402e-01   3.966239e+00   3.206402e-01 223200605110418100       3163       1126     0 2453866.680058  1.350405e+01  8.777380e-02  1.350405e+01  8.777380e-02 
   74491867   3.750835e+00   2.499716e-01   3.750835e+00   2.499716e-01 223200605120409570       3165       1090     0 2453867.674387  1.356468e+01  7.235833e-02  1.356468e+01  7.235833e-02 
   74492005   4.074664e+00   2.664093e-01   4.074664e+00   2.664093e-01 223200605120412150       3174       1086     0 2453867.675984  1.347477e+01  7.098775e-02  1.347477e+01  7.098775e-02 
   74492058   3.718657e+00   2.771066e-01   3.718657e+00   2.771066e-01 223200605120413070       3177       1085     0 2453867.676597  1.357403e+01  8.090711e-02  1.357403e+01  8.090711e-02 
   74750390   3.729394e+00   3.584398e-01   3.729394e+00   3.584398e-01 223200605150358270       3163       1094     0 2453870.666551  1.357090e+01  1.043527e-01  1.357090e+01  1.043527e-01 
   74750450   3.863214e+00   3.509966e-01   3.863214e+00   3.509966e-01 223200605150359270       3168       1089     0 2453870.667245  1.353263e+01  9.864613e-02  1.353263e+01  9.864613e-02 
   74750504   3.490834e+00   3.541950e-01   3.490834e+00   3.541950e-01 223200605150400210       3172       1089     0 2453870.667870  1.364268e+01  1.101638e-01  1.364268e+01  1.101638e-01 
   74750563   4.132802e+00   3.572076e-01   4.132802e+00   3.572076e-01 223200605150401200       3174       1088     0 2453870.668553  1.345939e+01  9.384301e-02  1.345939e+01  9.384301e-02 
   75613648   3.076100e+00   1.365129e-01   3.076100e+00   1.365129e-01 223200605250345300       3242       1101     0 2453880.657963  1.378000e+01  4.818358e-02  1.378000e+01  4.818358e-02 
   75613711   3.095023e+00   1.360438e-01   3.095023e+00   1.360438e-01 223200605250346340       3251       1075     0 2453880.658692  1.377334e+01  4.772444e-02  1.377334e+01  4.772444e-02 
   75613769   3.141062e+00   1.365773e-01   3.141062e+00   1.365773e-01 223200605250347310       3255       1073     0 2453880.659363  1.375731e+01  4.720932e-02  1.375731e+01  4.720932e-02 
   75613837   2.983519e+00   1.360932e-01   2.983519e+00   1.360932e-01 223200605250348400       3253       1094     0 2453880.660150  1.381318e+01  4.952602e-02  1.381318e+01  4.952602e-02 
   75700103   2.887760e+00   1.318097e-01   2.887760e+00   1.318097e-01 223200605260346210       3262       1091     0 2453881.658600  1.384860e+01  4.955780e-02  1.384860e+01  4.955780e-02 
   75700166   3.092007e+00   1.324331e-01   3.092007e+00   1.324331e-01 223200605260347250       3269       1062     0 2453881.659329  1.377440e+01  4.650309e-02  1.377440e+01  4.650309e-02 
   75700233   2.954522e+00   1.312449e-01   2.954522e+00   1.312449e-01 223200605260348310       3268       1084     0 2453881.660104  1.382378e+01  4.823043e-02  1.382378e+01  4.823043e-02 
   75700302   3.115969e+00   1.324818e-01   3.115969e+00   1.324818e-01 223200605260349400       3274       1056     0 2453881.660903  1.376602e+01  4.616246e-02  1.376602e+01  4.616246e-02 
   76132322   2.720437e+00   1.116041e-01   2.720437e+00   1.116041e-01 223200605310349440       3327       1061     0 2453886.661134  1.391340e+01  4.454177e-02  1.391340e+01  4.454177e-02 
   76132389   2.740555e+00   1.120328e-01   2.740555e+00   1.120328e-01 223200605310350510       3334       1033     0 2453886.661910  1.390540e+01  4.438462e-02  1.390540e+01  4.438462e-02 
   76132438   2.634099e+00   1.116549e-01   2.634099e+00   1.116549e-01 223200605310351390       3335       1032     0 2453886.662477  1.394842e+01  4.602265e-02  1.394842e+01  4.602265e-02 
   76132500   2.795869e+00   1.128022e-01   2.795869e+00   1.128022e-01 223200605310352410       3337       1030     0 2453886.663194  1.388371e+01  4.380528e-02  1.388371e+01  4.380528e-02 
   76218792   2.687192e+00   1.131602e-01   2.687192e+00   1.131602e-01 223200606010350510       3345       1025     0 2453887.661944  1.392675e+01  4.572152e-02  1.392675e+01  4.572152e-02 
   76218860   2.712513e+00   1.142840e-01   2.712513e+00   1.142840e-01 223200606010351580       3345       1044     0 2453887.662731  1.391657e+01  4.574457e-02  1.391657e+01  4.574457e-02 
   76218930   2.870823e+00   1.149642e-01   2.870823e+00   1.149642e-01 223200606010353090       3348       1042     0 2453887.663542  1.385498e+01  4.347926e-02  1.385498e+01  4.347926e-02 
   76219016   2.665386e+00   1.158660e-01   2.665386e+00   1.158660e-01 223200606010354350       3355       1017     0 2453887.664537  1.393560e+01  4.719780e-02  1.393560e+01  4.719780e-02 
   76478197   2.751319e+00   1.235754e-01   2.751319e+00   1.235754e-01 223200606040354060       3356       1016     0 2453890.664317  1.390115e+01  4.876598e-02  1.390115e+01  4.876598e-02 
   76478270   2.958304e+00   1.228036e-01   2.958304e+00   1.228036e-01 223200606040355190       3357       1036     0 2453890.665162  1.382239e+01  4.507068e-02  1.382239e+01  4.507068e-02 
   76478346   2.784147e+00   1.226253e-01   2.784147e+00   1.226253e-01 223200606040356360       3364       1008     0 2453890.666042  1.388827e+01  4.782045e-02  1.388827e+01  4.782045e-02 
   76478399   2.818342e+00   1.246673e-01   2.818342e+00   1.246673e-01 223200606040357280       3366       1006     0 2453890.666655  1.387502e+01  4.802691e-02  1.387502e+01  4.802691e-02 
   76564539   2.942988e+00   2.933542e-01   2.942988e+00   2.933542e-01 223200606050353060       3383       1000     0 2453891.663646  1.382803e+01  1.082255e-01  1.382803e+01  1.082255e-01 
   76564598   2.348971e+00   2.868040e-01   2.348971e+00   2.868040e-01 223200606050354050       3387        999     0 2453891.664329  1.407281e+01  1.325663e-01  1.407281e+01  1.325663e-01 
   76564658   2.292840e+00   2.873365e-01   2.292840e+00   2.873365e-01 223200606050355050       3390        996     0 2453891.665023  1.409907e+01  1.360639e-01  1.409907e+01  1.360639e-01 
   76564716   2.982351e+00   2.583408e-01   2.982351e+00   2.583408e-01 223200606050356020       3392        995     0 2453891.665694  1.381360e+01  9.405029e-02  1.381360e+01  9.405029e-02 
   76650910   2.519111e+00   1.117102e-01   2.519111e+00   1.117102e-01 223200606060352330       3371        996     0 2453892.663310  1.399688e+01  4.814725e-02  1.399688e+01  4.814725e-02 
   76651044   2.665400e+00   1.150066e-01   2.665400e+00   1.150066e-01 223200606060354480       3378        995     0 2453892.664861  1.393559e+01  4.684747e-02  1.393559e+01  4.684747e-02 
   76651101   2.604219e+00   1.139734e-01   2.604219e+00   1.139734e-01 223200606060355430       3381        992     0 2453892.665521  1.396081e+01  4.751732e-02  1.396081e+01  4.751732e-02 
   76651177   2.608817e+00   1.137461e-01   2.608817e+00   1.137461e-01 223200606060357000       3379       1013     0 2453892.666400  1.395889e+01  4.733898e-02  1.395889e+01  4.733898e-02 
   76737405   2.705518e+00   1.194672e-01   2.705518e+00   1.194672e-01 223200606070354040       3382        999     0 2453893.664410  1.391937e+01  4.794288e-02  1.391937e+01  4.794288e-02 
   76737458   2.864763e+00   1.181092e-01   2.864763e+00   1.181092e-01 223200606070354570       3385        996     0 2453893.665023  1.385728e+01  4.476316e-02  1.385728e+01  4.476316e-02 
   76737513   2.774162e+00   1.168561e-01   2.774162e+00   1.168561e-01 223200606070355530       3386        994     0 2453893.665660  1.389217e+01  4.573466e-02  1.389217e+01  4.573466e-02 
   76737569   2.759634e+00   1.162793e-01   2.759634e+00   1.162793e-01 223200606070356480       3388        992     0 2453893.666308  1.389787e+01  4.574847e-02  1.389787e+01  4.574847e-02 
   76823794   2.787652e+00   1.163796e-01   2.787652e+00   1.163796e-01 223200606080353510       3408        997     0 2453894.664282  1.388690e+01  4.532777e-02  1.388690e+01  4.532777e-02 
   76823853   2.831313e+00   1.166334e-01   2.831313e+00   1.166334e-01 223200606080354510       3412        993     0 2453894.664965  1.387003e+01  4.472610e-02  1.387003e+01  4.472610e-02 
   76823912   2.698633e+00   1.169683e-01   2.698633e+00   1.169683e-01 223200606080355500       3414        992     0 2453894.665648  1.392214e+01  4.705982e-02  1.392214e+01  4.705982e-02 
   76823998   2.925658e+00   1.178921e-01   2.925658e+00   1.178921e-01 223200606080357160       3413       1011     0 2453894.666644  1.383444e+01  4.375090e-02  1.383444e+01  4.375090e-02 
   76910220   2.656734e+00   1.134787e-01   2.656734e+00   1.134787e-01 223200606090354140       3405        984     0 2453895.664583  1.393913e+01  4.637590e-02  1.393913e+01  4.637590e-02 
   76910274   2.687792e+00   1.132990e-01   2.687792e+00   1.132990e-01 223200606090355080       3407        982     0 2453895.665208  1.392651e+01  4.576742e-02  1.392651e+01  4.576742e-02 
   76910358   2.551405e+00   1.139748e-01   2.551405e+00   1.139748e-01 223200606090356320       3406       1001     0 2453895.666181  1.398305e+01  4.850151e-02  1.398305e+01  4.850151e-02 
   76910430   2.588188e+00   1.124528e-01   2.588188e+00   1.124528e-01 223200606090357440       3412        976     0 2453895.667014  1.396751e+01  4.717374e-02  1.396751e+01  4.717374e-02 
   76996575   3.570902e+00   2.314215e-01   3.570902e+00   2.314215e-01 223200606100353270       3410        985     0 2453896.664062  1.361806e+01  7.036417e-02  1.361806e+01  7.036417e-02 
   76996640   3.666229e+00   2.282869e-01   3.666229e+00   2.282869e-01 223200606100354320       3414        981     0 2453896.664815  1.358945e+01  6.760629e-02  1.358945e+01  6.760629e-02 
   76996701   3.778241e+00   2.258219e-01   3.778241e+00   2.258219e-01 223200606100355320       3416        979     0 2453896.665521  1.355678e+01  6.489367e-02  1.355678e+01  6.489367e-02 
   76996756   3.393231e+00   2.208274e-01   3.393231e+00   2.208274e-01 223200606100356270       3418        977     0 2453896.666157  1.367347e+01  7.065864e-02  1.367347e+01  7.065864e-02 
   77082995   3.651845e+00   3.837392e-01   3.651845e+00   3.837392e-01 223200606110353440       3423        973     0 2453897.664294  1.359372e+01  1.140906e-01  1.359372e+01  1.140906e-01 
   77083072   4.071350e+00   3.816931e-01   4.071350e+00   3.816931e-01 223200606110355000       3423        993     0 2453897.665185  1.347565e+01  1.017892e-01  1.347565e+01  1.017892e-01 
   77083153   3.247380e+00   3.861757e-01   3.247380e+00   3.861757e-01 223200606110356210       3429        967     0 2453897.666123  1.372117e+01  1.291153e-01  1.372117e+01  1.291153e-01 
   77083207   4.234322e+00   3.883846e-01   4.234322e+00   3.883846e-01 223200606110357160       3431        965     0 2453897.666748  1.343304e+01  9.958730e-02  1.343304e+01  9.958730e-02 
   77169323   4.162796e+00   4.871701e-01   4.162796e+00   4.871701e-01 223200606120352290       3429        964     0 2453898.663461  1.345154e+01  1.270636e-01  1.345154e+01  1.270636e-01 
   77169381   4.087375e+00   4.850847e-01   4.087375e+00   4.850847e-01 223200606120353260       3431        962     0 2453898.664132  1.347139e+01  1.288543e-01  1.347139e+01  1.288543e-01 
   77514686   2.401594e+00   2.278408e+00   2.401594e+00   2.278408e+00 223200606160348210       3432        930     0 2453902.660718  1.404875e+01  1.030049e+00  1.404875e+01  1.030049e+00 
   77514751   3.187434e+00   2.797636e+00   3.187434e+00   2.797636e+00 223200606160349260       3434        928     0 2453902.661470  1.374140e+01  9.529625e-01  1.374140e+01  9.529625e-01 
   77601370   3.399876e+00   1.968705e-01   3.399876e+00   1.968705e-01 223200606170353030       3446        914     0 2453903.664005  1.367134e+01  6.287000e-02  1.367134e+01  6.287000e-02 
   77601440   3.738649e+00   1.972524e-01   3.738649e+00   1.972524e-01 223200606170354120       3444        934     0 2453903.664815  1.356821e+01  5.728402e-02  1.356821e+01  5.728402e-02 
   77601510   3.343391e+00   1.959568e-01   3.343391e+00   1.959568e-01 223200606170355220       3446        932     0 2453903.665625  1.368953e+01  6.363542e-02  1.368953e+01  6.363542e-02 
   77601567   3.460717e+00   1.961418e-01   3.460717e+00   1.961418e-01 223200606170356190       3451        907     0 2453903.666285  1.365208e+01  6.153608e-02  1.365208e+01  6.153608e-02 
   77687714   2.963823e+00   1.672508e-01   2.963823e+00   1.672508e-01 223200606180352030       3466        907     0 2453904.663356  1.382037e+01  6.126915e-02  1.382037e+01  6.126915e-02 
   77687757   3.175466e+00   1.672692e-01   3.175466e+00   1.672692e-01 223200606180352470       3468        906     0 2453904.663854  1.374548e+01  5.719189e-02  1.374548e+01  5.719189e-02 
   77687825   3.290854e+00   1.673956e-01   3.290854e+00   1.673956e-01 223200606180353550       3469        904     0 2453904.664641  1.370673e+01  5.522823e-02  1.370673e+01  5.522823e-02 
   77687876   3.421043e+00   1.670741e-01   3.421043e+00   1.670741e-01 223200606180354460       3470        902     0 2453904.665231  1.366460e+01  5.302448e-02  1.366460e+01  5.302448e-02 
   77774350   3.171376e+00   1.424894e-01   3.171376e+00   1.424894e-01 223200606190355570       3512        888     0 2453905.666088  1.374688e+01  4.878213e-02  1.374688e+01  4.878213e-02 
   77774406   3.094275e+00   1.420624e-01   3.094275e+00   1.420624e-01 223200606190356530       3512        888     0 2453905.666736  1.377360e+01  4.984779e-02  1.377360e+01  4.984779e-02 
   77774468   3.158730e+00   1.423954e-01   3.158730e+00   1.423954e-01 223200606190357560       3512        887     0 2453905.667454  1.375122e+01  4.894512e-02  1.375122e+01  4.894512e-02 
   77774533   3.064046e+00   1.408155e-01   3.064046e+00   1.408155e-01 223200606190359000       3507        910     0 2453905.668206  1.378426e+01  4.989777e-02  1.378426e+01  4.989777e-02 
   77860764   3.036994e+00   1.252054e-01   3.036994e+00   1.252054e-01 223200606200356080       3496        882     0 2453906.666250  1.379389e+01  4.476155e-02  1.379389e+01  4.476155e-02 
   77860823   2.901150e+00   1.248686e-01   2.901150e+00   1.248686e-01 223200606200357080       3497        881     0 2453906.666933  1.384357e+01  4.673143e-02  1.384357e+01  4.673143e-02 
   77860887   2.838694e+00   1.245453e-01   2.838694e+00   1.245453e-01 223200606200358110       3496        882     0 2453906.667674  1.386720e+01  4.763591e-02  1.386720e+01  4.763591e-02 
   77860952   2.867172e+00   1.246210e-01   2.867172e+00   1.246210e-01 223200606200359170       3492        905     0 2453906.668426  1.385637e+01  4.719145e-02  1.385637e+01  4.719145e-02 
   77947074   2.782751e+00   1.272703e-01   2.782751e+00   1.272703e-01 223200606210354360       3491        881     0 2453907.665208  1.388881e+01  4.965678e-02  1.388881e+01  4.965678e-02 
   77947128   2.919271e+00   1.277654e-01   2.919271e+00   1.277654e-01 223200606210355300       3491        882     0 2453907.665833  1.383681e+01  4.751870e-02  1.383681e+01  4.751870e-02 
   77947206   3.068167e+00   1.295534e-01   3.068167e+00   1.295534e-01 223200606210356480       3488        904     0 2453907.666736  1.378280e+01  4.584539e-02  1.378280e+01  4.584539e-02 
   77947273   2.796185e+00   1.279320e-01   2.796185e+00   1.279320e-01 223200606210357550       3491        882     0 2453907.667512  1.388358e+01  4.967513e-02  1.388358e+01  4.967513e-02 
   78119984   2.848167e+00   1.142355e-01   2.848167e+00   1.142355e-01 223200606230356210       3482        861     0 2453909.666481  1.386359e+01  4.354733e-02  1.386359e+01  4.354733e-02 
   78120038   2.680652e+00   1.135499e-01   2.680652e+00   1.135499e-01 223200606230357150       3481        862     0 2453909.667106  1.392940e+01  4.599093e-02  1.392940e+01  4.599093e-02 
   78120186   2.805881e+00   1.148397e-01   2.805881e+00   1.148397e-01 223200606230359440       3480        868     0 2453909.668819  1.387983e+01  4.443739e-02  1.387983e+01  4.443739e-02 
   78120248   2.692741e+00   1.137165e-01   2.692741e+00   1.137165e-01 223200606230400460       3481        848     0 2453909.669537  1.392451e+01  4.585161e-02  1.392451e+01  4.585161e-02 
   78206443   2.944379e+00   1.191053e-01   2.944379e+00   1.191053e-01 223200606240357190       3501        846     0 2453910.667164  1.382752e+01  4.392007e-02  1.382752e+01  4.392007e-02 
   78206502   2.918998e+00   1.188595e-01   2.918998e+00   1.188595e-01 223200606240358180       3498        850     0 2453910.667847  1.383692e+01  4.421056e-02  1.383692e+01  4.421056e-02 
   78206577   2.846665e+00   1.174329e-01   2.846665e+00   1.174329e-01 223200606240359320       3490        877     0 2453910.668715  1.386416e+01  4.478980e-02  1.386416e+01  4.478980e-02 
   78206636   2.947061e+00   1.186458e-01   2.947061e+00   1.186458e-01 223200606240400310       3485        863     0 2453910.669398  1.382653e+01  4.371085e-02  1.382653e+01  4.371085e-02 
   78292882   2.702055e+00   1.086367e-01   2.702055e+00   1.086367e-01 223200606250357560       3503        829     0 2453911.667616  1.392076e+01  4.365242e-02  1.392076e+01  4.365242e-02 
   78292936   2.865329e+00   1.104946e-01   2.865329e+00   1.104946e-01 223200606250358490       3497        836     0 2453911.668241  1.385706e+01  4.186898e-02  1.385706e+01  4.186898e-02 
   78292987   2.951754e+00   1.095195e-01   2.951754e+00   1.095195e-01 223200606250359400       3487        850     0 2453911.668831  1.382480e+01  4.028441e-02  1.382480e+01  4.028441e-02 
   78293049   2.610223e+00   1.081242e-01   2.610223e+00   1.081242e-01 223200606250400430       3487        848     0 2453911.669549  1.395831e+01  4.497501e-02  1.395831e+01  4.497501e-02 
   78724949   2.642639e+00   1.111593e-01   2.642639e+00   1.111593e-01 223200606300358520       3511        830     0 2453916.668391  1.394491e+01  4.567027e-02  1.394491e+01  4.567027e-02 
   78725026   2.548395e+00   1.097598e-01   2.548395e+00   1.097598e-01 223200606300400090       3517        803     0 2453916.669282  1.398433e+01  4.676298e-02  1.398433e+01  4.676298e-02 
   78725073   2.702007e+00   1.095999e-01   2.702007e+00   1.095999e-01 223200606300400570       3518        802     0 2453916.669826  1.392078e+01  4.404023e-02  1.392078e+01  4.404023e-02 
   78725137   2.708498e+00   1.094342e-01   2.708498e+00   1.094342e-01 223200606300402000       3519        799     0 2453916.670567  1.391818e+01  4.386825e-02  1.391818e+01  4.386825e-02 
   78811385   2.712298e+00   1.165396e-01   2.712298e+00   1.165396e-01 223200607010359260       3510        796     0 2453917.668808  1.391666e+01  4.665112e-02  1.391666e+01  4.665112e-02 
   78811464   2.705745e+00   1.155106e-01   2.705745e+00   1.155106e-01 223200607010400450       3509        816     0 2453917.669722  1.391928e+01  4.635117e-02  1.391928e+01  4.635117e-02 
   78811529   2.753382e+00   1.156980e-01   2.753382e+00   1.156980e-01 223200607010401510       3513        791     0 2453917.670475  1.390033e+01  4.562312e-02  1.390033e+01  4.562312e-02 
   78811580   2.600341e+00   1.152926e-01   2.600341e+00   1.152926e-01 223200607010402420       3514        788     0 2453917.671065  1.396242e+01  4.813902e-02  1.396242e+01  4.813902e-02 
   78897908   2.210646e+00   3.215637e-01   2.210646e+00   3.215637e-01 223200607020401280       3523        782     0 2453918.670231  1.413870e+01  1.579332e-01  1.413870e+01  1.579332e-01 
   78897981   1.979949e+00   1.852678e-01   1.979949e+00   1.852678e-01 223200607020402420       3520        801     0 2453918.671076  1.425836e+01  1.015948e-01  1.425836e+01  1.015948e-01 
   78984197   2.812618e+00   1.109693e-01   2.812618e+00   1.109693e-01 223200607030359350       3529        772     0 2453919.668947  1.387722e+01  4.283689e-02  1.387722e+01  4.283689e-02 
   78984251   2.567857e+00   1.075672e-01   2.567857e+00   1.075672e-01 223200607030400290       3531        770     0 2453919.669572  1.397607e+01  4.548150e-02  1.397607e+01  4.548150e-02 
   78984309   2.471399e+00   1.065733e-01   2.471399e+00   1.065733e-01 223200607030401270       3532        767     0 2453919.670243  1.401764e+01  4.682001e-02  1.401764e+01  4.682001e-02 
   78984364   2.811090e+00   1.090321e-01   2.811090e+00   1.090321e-01 223200607030402220       3532        766     0 2453919.670880  1.387781e+01  4.211198e-02  1.387781e+01  4.211198e-02 
   79070521   2.856023e+00   1.100365e-01   2.856023e+00   1.100365e-01 223200607040358180       3525        751     0 2453920.668067  1.386060e+01  4.183127e-02  1.386060e+01  4.183127e-02 
   79070567   2.778171e+00   1.100504e-01   2.778171e+00   1.100504e-01 223200607040359040       3527        750     0 2453920.668600  1.389060e+01  4.300892e-02  1.389060e+01  4.300892e-02 
   79070633   2.728011e+00   1.094638e-01   2.728011e+00   1.094638e-01 223200607040400090       3528        747     0 2453920.669363  1.391038e+01  4.356624e-02  1.391038e+01  4.356624e-02 
   79070685   2.728841e+00   1.094499e-01   2.728841e+00   1.094499e-01 223200607040401020       3528        745     0 2453920.669965  1.391005e+01  4.354748e-02  1.391005e+01  4.354748e-02 
   79415949   2.621743e+00   1.087629e-01   2.621743e+00   1.087629e-01 223200607080355190       3524        735     0 2453924.666076  1.395352e+01  4.504186e-02  1.395352e+01  4.504186e-02 
   79416106   2.796629e+00   1.102800e-01   2.796629e+00   1.102800e-01 223200607080357570       3527        756     0 2453924.667894  1.388341e+01  4.281419e-02  1.388341e+01  4.281419e-02 
   79416173   2.676943e+00   1.097039e-01   2.676943e+00   1.097039e-01 223200607080359030       3531        729     0 2453924.668669  1.393090e+01  4.449475e-02  1.393090e+01  4.449475e-02 
   79416231   2.750417e+00   1.093341e-01   2.750417e+00   1.093341e-01 223200607080400010       3531        726     0 2453924.669340  1.390150e+01  4.316016e-02  1.390150e+01  4.316016e-02 
   79502436   3.213518e+00   1.662401e-01   3.213518e+00   1.662401e-01 223200607090356460       3535        728     0 2453925.667083  1.373255e+01  5.616694e-02  1.373255e+01  5.616694e-02 
   79502488   3.219272e+00   1.651530e-01   3.219272e+00   1.651530e-01 223200607090357380       3536        726     0 2453925.667685  1.373061e+01  5.569993e-02  1.373061e+01  5.569993e-02 
   79502557   3.353174e+00   1.603892e-01   3.353174e+00   1.603892e-01 223200607090358470       3537        723     0 2453925.668484  1.368636e+01  5.193318e-02  1.368636e+01  5.193318e-02 
   79502711   3.197675e+00   1.558081e-01   3.197675e+00   1.558081e-01 223200607090401200       3534        705     0 2453925.670266  1.373791e+01  5.290315e-02  1.373791e+01  5.290315e-02 
   80278187   3.298823e+00   1.773080e-01   3.298823e+00   1.773080e-01 223200607180325470       3567        684     0 2453934.645683  1.370410e+01  5.835728e-02  1.370410e+01  5.835728e-02 
   80278249   3.219230e+00   1.676479e-01   3.219230e+00   1.676479e-01 223200607180326500       3570        658     0 2453934.646400  1.373062e+01  5.654208e-02  1.373062e+01  5.654208e-02 
   80278324   3.836039e+00   1.975258e-01   3.836039e+00   1.975258e-01 223200607180328050       3566        679     0 2453934.647269  1.354029e+01  5.590706e-02  1.354029e+01  5.590706e-02 
   80278402   2.615646e+00   2.570145e-01   2.615646e+00   2.570145e-01 223200607180329220       3570        653     0 2453934.648171  1.395605e+01  1.066853e-01  1.395605e+01  1.066853e-01 
   80364279   2.790040e+00   1.325489e-01   2.790040e+00   1.325489e-01 223200607190320380       3562        668     0 2453935.642118  1.388597e+01  5.158121e-02  1.388597e+01  5.158121e-02 
   80364335   2.925889e+00   1.333402e-01   2.925889e+00   1.333402e-01 223200607190321350       3562        667     0 2453935.642766  1.383436e+01  4.947994e-02  1.383436e+01  4.947994e-02 
   80364395   3.003724e+00   1.336310e-01   3.003724e+00   1.336310e-01 223200607190322340       3562        665     0 2453935.643461  1.380585e+01  4.830286e-02  1.380585e+01  4.830286e-02 
   80364456   2.857916e+00   1.325537e-01   2.857916e+00   1.325537e-01 223200607190323360       3563        663     0 2453935.644167  1.385988e+01  5.035798e-02  1.385988e+01  5.035798e-02 
   80450495   2.794687e+00   1.201704e-01   2.794687e+00   1.201704e-01 223200607200317340       3567        660     0 2453936.639988  1.388417e+01  4.668637e-02  1.388417e+01  4.668637e-02 
   80450556   2.747592e+00   1.194473e-01   2.747592e+00   1.194473e-01 223200607200318350       3566        658     0 2453936.640694  1.390262e+01  4.720087e-02  1.390262e+01  4.720087e-02 
   80450620   2.842579e+00   1.189416e-01   2.842579e+00   1.189416e-01 223200607200319380       3566        656     0 2453936.641435  1.386572e+01  4.543044e-02  1.386572e+01  4.543044e-02 
   80450677   2.884825e+00   1.192221e-01   2.884825e+00   1.192221e-01 223200607200320360       3567        654     0 2453936.642095  1.384970e+01  4.487074e-02  1.384970e+01  4.487074e-02 
   80967425   2.685549e+00   1.081492e-01   2.685549e+00   1.081492e-01 223200607260253020       3525        695     0 2453942.622975  1.392742e+01  4.372362e-02  1.392742e+01  4.372362e-02 
   80967484   2.536275e+00   1.067434e-01   2.536275e+00   1.067434e-01 223200607260254000       3527        693     0 2453942.623657  1.398951e+01  4.569518e-02  1.398951e+01  4.569518e-02 
   80967544   2.541457e+00   1.063491e-01   2.541457e+00   1.063491e-01 223200607260255010       3528        691     0 2453942.624352  1.398729e+01  4.543358e-02  1.398729e+01  4.543358e-02 
   80967600   2.722624e+00   1.068361e-01   2.722624e+00   1.068361e-01 223200607260255560       3528        689     0 2453942.625000  1.391253e+01  4.260457e-02  1.391253e+01  4.260457e-02 
   81053646   2.722177e+00   1.176293e-01   2.722177e+00   1.176293e-01 223200607270250020       3522        691     0 2453943.620903  1.391271e+01  4.691641e-02  1.391271e+01  4.691641e-02 
   81053708   2.758014e+00   1.209874e-01   2.758014e+00   1.209874e-01 223200607270251040       3523        689     0 2453943.621620  1.389851e+01  4.762879e-02  1.389851e+01  4.762879e-02 
   81053764   2.696862e+00   1.180745e-01   2.696862e+00   1.180745e-01 223200607270251590       3523        687     0 2453943.622269  1.392285e+01  4.753607e-02  1.392285e+01  4.753607e-02 
   81053826   2.879885e+00   1.174493e-01   2.879885e+00   1.174493e-01 223200607270253010       3524        684     0 2453943.622986  1.385156e+01  4.427934e-02  1.385156e+01  4.427934e-02 
   81139823   2.487432e+00   7.491974e-01   2.487432e+00   7.491974e-01 223200607280246190       3539        682     0 2453944.618322  1.401062e+01  3.270174e-01  1.401062e+01  3.270174e-01 
   81139882   2.179764e+00   1.292413e+00   2.179764e+00   1.292413e+00 223200607280247170       3540        680     0 2453944.619005  1.415398e+01  6.437504e-01  1.415398e+01  6.437504e-01 
   81139936   1.860140e+00   8.021323e-01   1.860140e+00   8.021323e-01 223200607280248110       3541        678     0 2453944.619630  1.432614e+01  4.681945e-01  1.432614e+01  4.681945e-01 
   82346056   4.086866e+00   3.669975e-01   4.086866e+00   3.669975e-01 224200608110150170      28156       1815     0 2453958.579352  1.347152e+01  9.749862e-02  1.347152e+01  9.749862e-02 
   82346056   4.072127e+00   3.925873e-01   4.072127e+00   3.925873e-01 223200608110150170       3537        720     0 2453958.579352  1.347545e+01  1.046745e-01  1.347545e+01  1.046745e-01 
   82346112   4.789932e+00   3.656034e-01   4.789932e+00   3.656034e-01 224200608110151120      28151       1817     0 2453958.580000  1.329918e+01  8.287180e-02  1.329918e+01  8.287180e-02 
   82346112   3.830454e+00   3.952407e-01   3.830454e+00   3.952407e-01 223200608110151120       3540        718     0 2453958.580000  1.354187e+01  1.120307e-01  1.354187e+01  1.120307e-01 
   82346167   3.742193e+00   3.667494e-01   3.742193e+00   3.667494e-01 224200608110152070      28150       1818     0 2453958.580637  1.356718e+01  1.064067e-01  1.356718e+01  1.064067e-01 
   82346167   4.209611e+00   3.998216e-01   4.209611e+00   3.998216e-01 223200608110152070       3541        714     0 2453958.580637  1.343939e+01  1.031217e-01  1.343939e+01  1.031217e-01 
   82346226   4.428699e+00   3.642970e-01   4.428699e+00   3.642970e-01 224200608110153070      28148       1820     0 2453958.581319  1.338431e+01  8.931109e-02  1.338431e+01  8.931109e-02 
   82346226   3.992071e+00   3.979332e-01   3.992071e+00   3.979332e-01 223200608110153070       3541        712     0 2453958.581319  1.349700e+01  1.082275e-01  1.349700e+01  1.082275e-01 
   82518411   6.221256e+00   3.770809e-01   6.221256e+00   3.770809e-01 224200608130142530      28114       1895     0 2453960.574201  1.301530e+01  6.580854e-02  1.301530e+01  6.580854e-02 
   82518411   3.736385e+00   2.568915e-01   3.736385e+00   2.568915e-01 223200608130142530       3540        693     0 2453960.574201  1.356887e+01  7.464898e-02  1.356887e+01  7.464898e-02 
   82518470   6.164699e+00   3.760124e-01   6.164699e+00   3.760124e-01 224200608130143530      28110       1897     0 2453960.574884  1.302522e+01  6.622412e-02  1.302522e+01  6.622412e-02 
   82518470   3.630674e+00   2.558576e-01   3.630674e+00   2.558576e-01 223200608130143520       3541        690     0 2453960.574884  1.360003e+01  7.651328e-02  1.360003e+01  7.651328e-02 
   82518532   5.794968e+00   3.746785e-01   5.794968e+00   3.746785e-01 224200608130144550      28109       1898     0 2453960.575602  1.309237e+01  7.019943e-02  1.309237e+01  7.019943e-02 
   82518532   3.308535e+00   2.544521e-01   3.308535e+00   2.544521e-01 223200608130144550       3540        685     0 2453960.575602  1.370091e+01  8.350187e-02  1.370091e+01  8.350187e-02 
   82518610   6.642102e+00   3.751149e-01   6.642102e+00   3.751149e-01 224200608130146120      28111       1877     0 2453960.576505  1.294424e+01  6.131753e-02  1.294424e+01  6.131753e-02 
   82518610   3.516256e+00   2.520258e-01   3.516256e+00   2.520258e-01 223200608130146120       3536        705     0 2453960.576505  1.363480e+01  7.781985e-02  1.363480e+01  7.781985e-02 
   82604592   3.733718e+00   1.999068e-01   3.733718e+00   1.999068e-01 224200608140139160      28088       1906     0 2453961.571667  1.356965e+01  5.813153e-02  1.356965e+01  5.813153e-02 
   82604592   3.522161e+00   2.081979e-01   3.522161e+00   2.081979e-01 223200608140139160       3540        710     0 2453961.571667  1.363298e+01  6.417901e-02  1.363298e+01  6.417901e-02 
   82604648   3.893519e+00   1.994364e-01   3.893519e+00   1.994364e-01 224200608140140120      28084       1906     0 2453961.572315  1.352414e+01  5.561449e-02  1.352414e+01  5.561449e-02 
   82604648   3.189060e+00   2.090433e-01   3.189060e+00   2.090433e-01 223200608140140120       3547        707     0 2453961.572315  1.374084e+01  7.117042e-02  1.374084e+01  7.117042e-02 
   82604705   3.876571e+00   1.984701e-01   3.876571e+00   1.984701e-01 224200608140141080      28080       1903     0 2453961.572975  1.352888e+01  5.558698e-02  1.352888e+01  5.558698e-02 
   82604705   3.352290e+00   2.124085e-01   3.352290e+00   2.124085e-01 223200608140141080       3560        704     0 2453961.572975  1.368665e+01  6.879491e-02  1.368665e+01  6.879491e-02 
   82604759   3.842329e+00   1.987114e-01   3.842329e+00   1.987114e-01 224200608140142030      28080       1905     0 2453961.573600  1.353851e+01  5.615056e-02  1.353851e+01  5.615056e-02 
   82604759   3.825077e+00   2.166637e-01   3.825077e+00   2.166637e-01 223200608140142030       3559        702     0 2453961.573600  1.354340e+01  6.149955e-02  1.354340e+01  6.149955e-02 
   82863065   4.149364e+00   1.368289e-01   4.149364e+00   1.368289e-01 224200608170127120      28099       1881     0 2453964.563252  1.345505e+01  3.580322e-02  1.345505e+01  3.580322e-02 
   82863065   3.078083e+00   1.389003e-01   3.078083e+00   1.389003e-01 223200608170127120       3530        720     0 2453964.563252  1.377930e+01  4.899466e-02  1.377930e+01  4.899466e-02 
   82863133   3.853861e+00   1.360888e-01   3.853861e+00   1.360888e-01 224200608170128190      28090       1904     0 2453964.564039  1.353526e+01  3.833999e-02  1.353526e+01  3.833999e-02 
   82863133   2.983639e+00   1.379542e-01   2.983639e+00   1.379542e-01 223200608170128190       3537        689     0 2453964.564039  1.381313e+01  5.020125e-02  1.381313e+01  5.020125e-02 
   82863189   3.928715e+00   1.363642e-01   3.928715e+00   1.363642e-01 224200608170129150      28088       1905     0 2453964.564687  1.351437e+01  3.768563e-02  1.351437e+01  3.768563e-02 
   82863189   3.178750e+00   1.384378e-01   3.178750e+00   1.384378e-01 223200608170129150       3538        687     0 2453964.564687  1.374436e+01  4.728508e-02  1.374436e+01  4.728508e-02 
   82863249   3.986628e+00   1.367779e-01   3.986628e+00   1.367779e-01 224200608170130160      28087       1906     0 2453964.565382  1.349849e+01  3.725084e-02  1.349849e+01  3.725084e-02 
   82863249   2.847497e+00   1.380628e-01   2.847497e+00   1.380628e-01 223200608170130160       3538        685     0 2453964.565382  1.386384e+01  5.264282e-02  1.386384e+01  5.264282e-02 
   82949238   3.871493e+00   1.096541e-01   3.871493e+00   1.096541e-01 224200608180123250      28160       1852     0 2453965.560625  1.353030e+01  3.075190e-02  1.353030e+01  3.075190e-02 
   82949238   2.540592e+00   1.084675e-01   2.540592e+00   1.084675e-01 223200608180123250       3533        668     0 2453965.560625  1.398766e+01  4.635435e-02  1.398766e+01  4.635435e-02 
   82949300   3.677478e+00   1.108449e-01   3.677478e+00   1.108449e-01 224200608180124270      28155       1853     0 2453965.561343  1.358612e+01  3.272588e-02  1.358612e+01  3.272588e-02 
   82949300   2.392588e+00   1.088656e-01   2.392588e+00   1.088656e-01 223200608180124270       3536        668     0 2453965.561343  1.405283e+01  4.940249e-02  1.405283e+01  4.940249e-02 
   82949363   3.782902e+00   1.103978e-01   3.782902e+00   1.103978e-01 224200608180125310      28154       1856     0 2453965.562072  1.355544e+01  3.168555e-02  1.355544e+01  3.168555e-02 
   82949363   2.534380e+00   1.092760e-01   2.534380e+00   1.092760e-01 223200608180125310       3536        664     0 2453965.562072  1.399032e+01  4.681432e-02  1.399032e+01  4.681432e-02 
   82949454   3.853844e+00   1.113088e-01   3.853844e+00   1.113088e-01 224200608180127020      28156       1836     0 2453965.563125  1.353526e+01  3.135892e-02  1.353526e+01  3.135892e-02 
   82949454   2.514125e+00   1.104946e-01   2.514125e+00   1.104946e-01 223200608180127020       3533        682     0 2453965.563125  1.399903e+01  4.771775e-02  1.399903e+01  4.771775e-02 
   83724663   3.803196e+00   1.093976e-01   3.803196e+00   1.093976e-01 224200608270047250      28136       1890     0 2453974.535451  1.354963e+01  3.123095e-02  1.354963e+01  3.123095e-02 
   83724663   2.684734e+00   1.081496e-01   2.684734e+00   1.081496e-01 223200608270047250       3514        718     0 2453974.535451  1.392775e+01  4.373706e-02  1.392775e+01  4.373706e-02 
   83724727   3.848197e+00   1.093038e-01   3.848197e+00   1.093038e-01 224200608270048280      28130       1913     0 2453974.536192  1.353686e+01  3.083926e-02  1.353686e+01  3.083926e-02 
   83724727   2.534251e+00   1.066922e-01   2.534251e+00   1.066922e-01 223200608270048280       3517        686     0 2453974.536192  1.399038e+01  4.570974e-02  1.399038e+01  4.570974e-02 
   83724802   3.847030e+00   1.090363e-01   3.847030e+00   1.090363e-01 224200608270049440      28132       1893     0 2453974.537060  1.353719e+01  3.077312e-02  1.353719e+01  3.077312e-02 
   83724802   2.672221e+00   1.082187e-01   2.672221e+00   1.082187e-01 223200608270049440       3513        705     0 2453974.537060  1.393282e+01  4.396995e-02  1.393282e+01  4.396995e-02 
   83724864   3.838550e+00   1.080553e-01   3.838550e+00   1.080553e-01 224200608270050460      28128       1916     0 2453974.537778  1.353958e+01  3.056362e-02  1.353958e+01  3.056362e-02 
   83724864   2.558987e+00   1.077698e-01   2.558987e+00   1.077698e-01 223200608270050460       3517        678     0 2453974.537778  1.397983e+01  4.572513e-02  1.397983e+01  4.572513e-02 
   83810830   3.617427e+00   1.039803e-01   3.617427e+00   1.039803e-01 224200608280043330      28133       1894     0 2453975.532755  1.360400e+01  3.120879e-02  1.360400e+01  3.120879e-02 
   83810830   2.416319e+00   1.024814e-01   2.416319e+00   1.024814e-01 223200608280043330       3518        708     0 2453975.532755  1.404211e+01  4.604860e-02  1.404211e+01  4.604860e-02 
   83810882   3.689175e+00   1.041663e-01   3.689175e+00   1.041663e-01 224200608280044250      28130       1895     0 2453975.533356  1.358268e+01  3.065658e-02  1.358268e+01  3.065658e-02 
   83810882   2.507098e+00   1.022918e-01   2.507098e+00   1.022918e-01 223200608280044250       3519        705     0 2453975.533356  1.400207e+01  4.429916e-02  1.400207e+01  4.429916e-02 
   83810953   2.573269e+00   1.022109e-01   2.573269e+00   1.022109e-01 223200608280045350       3519        701     0 2453975.534178  1.397379e+01  4.312587e-02  1.397379e+01  4.312587e-02 
   83810954   3.859433e+00   1.037438e-01   3.859433e+00   1.037438e-01 224200608280045360      28130       1898     0 2453975.534190  1.353369e+01  2.918531e-02  1.353369e+01  2.918531e-02 
   83811010   3.993981e+00   1.036567e-01   3.993981e+00   1.036567e-01 224200608280046320      28129       1898     0 2453975.534838  1.349648e+01  2.817845e-02  1.349648e+01  2.817845e-02 
   83811010   2.428457e+00   1.022138e-01   2.428457e+00   1.022138e-01 223200608280046320       3519        698     0 2453975.534838  1.403667e+01  4.569881e-02  1.403667e+01  4.569881e-02 
   84328661   4.110741e+00   2.732332e-01   4.110741e+00   2.732332e-01 224200609030034170      28136       1955     0 2453981.526169  1.346520e+01  7.216709e-02  1.346520e+01  7.216709e-02 
   84328661   3.557192e+00   2.848779e-01   3.557192e+00   2.848779e-01 223200609030034170       3508        638     0 2453981.526169  1.362223e+01  8.695155e-02  1.362223e+01  8.695155e-02 
   84328733   3.841092e+00   2.737181e-01   3.841092e+00   2.737181e-01 224200609030035290      28139       1933     0 2453981.527002  1.353886e+01  7.737039e-02  1.353886e+01  7.737039e-02 
   84328733   3.487042e+00   2.869016e-01   3.487042e+00   2.869016e-01 223200609030035280       3504        656     0 2453981.527002  1.364386e+01  8.933088e-02  1.364386e+01  8.933088e-02 
   84328800   3.771744e+00   2.853708e-01   3.771744e+00   2.853708e-01 224200609030036350      28137       1955     0 2453981.527778  1.355864e+01  8.214728e-02  1.355864e+01  8.214728e-02 
   84328800   3.709153e+00   3.017215e-01   3.709153e+00   3.017215e-01 223200609030036350       3504        624     0 2453981.527778  1.357681e+01  8.831966e-02  1.357681e+01  8.831966e-02 
   84328857   4.105404e+00   2.927041e-01   4.105404e+00   2.927041e-01 224200609030037320      28135       1956     0 2453981.528437  1.346661e+01  7.741031e-02  1.346661e+01  7.741031e-02 
   84328857   3.461957e+00   2.961477e-01   3.461957e+00   2.961477e-01 223200609030037320       3505        622     0 2453981.528437  1.365170e+01  9.287795e-02  1.365170e+01  9.287795e-02 
   84500168   4.152595e+00   4.041280e-01   4.152595e+00   4.041280e-01 224200609050012480      28136       1905     0 2453983.511204  1.345420e+01  1.056635e-01  1.345420e+01  1.056635e-01 
   84500168   2.984446e+00   4.467670e-01   2.984446e+00   4.467670e-01 223200609050012480       3516        702     0 2453983.511204  1.381284e+01  1.625336e-01  1.381284e+01  1.625336e-01 
   84500228   4.119950e+00   4.010301e-01   4.119950e+00   4.010301e-01 224200609050013480      28132       1905     0 2453983.511898  1.346277e+01  1.056844e-01  1.346277e+01  1.056844e-01 
   84500228   2.762609e+00   4.483039e-01   2.762609e+00   4.483039e-01 223200609050013480       3517        699     0 2453983.511898  1.389670e+01  1.761891e-01  1.389670e+01  1.761891e-01 
   84500290   3.893798e+00   3.979702e-01   3.893798e+00   3.979702e-01 224200609050014500      28129       1906     0 2453983.512616  1.352407e+01  1.109693e-01  1.352407e+01  1.109693e-01 
   84500290   3.792552e+00   4.514775e-01   3.792552e+00   4.514775e-01 223200609050014500       3517        695     0 2453983.512616  1.355267e+01  1.292500e-01  1.355267e+01  1.292500e-01 
   84500368   3.133743e+00   4.004374e-01   3.133743e+00   4.004374e-01 224200609050016080      28132       1885     0 2453983.513519  1.375984e+01  1.387385e-01  1.375984e+01  1.387385e-01 
   84500368   4.005669e+00   4.511058e-01   4.005669e+00   4.511058e-01 223200609050016080       3514        715     0 2453983.513519  1.349331e+01  1.222726e-01  1.349331e+01  1.222726e-01 
   84844842   3.560082e+00   5.577613e-01   3.560082e+00   5.577613e-01 224200609082357310      28137       1874     0 2453987.500486  1.362135e+01  1.701039e-01  1.362135e+01  1.701039e-01 
   84844842   4.004921e+00   6.242118e-01   4.004921e+00   6.242118e-01 223200609082357310       3527        710     0 2453987.500486  1.349352e+01  1.692247e-01  1.349352e+01  1.692247e-01 
   84844898   3.360885e+00   6.247694e-01   3.360885e+00   6.247694e-01 223200609082358260       3528        706     0 2453987.501134  1.368387e+01  2.018329e-01  1.368387e+01  2.018329e-01 
   84844899   3.945055e+00   5.591493e-01   3.945055e+00   5.591493e-01 224200609082358270      28135       1877     0 2453987.501146  1.350987e+01  1.538865e-01  1.350987e+01  1.538865e-01 
   84844955   4.418159e+00   5.570890e-01   4.418159e+00   5.570890e-01 224200609082359230      28135       1878     0 2453987.501794  1.338690e+01  1.369018e-01  1.338690e+01  1.369018e-01 
   84844955   3.937321e+00   6.202677e-01   3.937321e+00   6.202677e-01 223200609082359230       3527        703     0 2453987.501794  1.351200e+01  1.710425e-01  1.351200e+01  1.710425e-01 
   84845017   3.453126e+00   5.551830e-01   3.453126e+00   5.551830e-01 224200609090000260      28134       1879     0 2453987.502512  1.365447e+01  1.745620e-01  1.365447e+01  1.745620e-01 
   84845017   2.965277e+00   6.218396e-01   2.965277e+00   6.218396e-01 223200609090000260       3527        700     0 2453987.502512  1.381984e+01  2.276873e-01  1.381984e+01  2.276873e-01 
   85017141   3.284902e+00   3.012034e-01   3.284902e+00   3.012034e-01 224200609102349160      28148       1919     0 2453989.494687  1.370869e+01  9.955508e-02  1.370869e+01  9.955508e-02 
   85017141   3.863307e+00   3.407009e-01   3.863307e+00   3.407009e-01 223200609102349160       3501        664     0 2453989.494687  1.353260e+01  9.575024e-02  1.353260e+01  9.575024e-02 
   85017208   3.664735e+00   3.899306e-01   3.664735e+00   3.899306e-01 224200609102350220      28146       1919     0 2453989.495463  1.358989e+01  1.155236e-01  1.358989e+01  1.155236e-01 
   85017208   3.355836e+00   4.363353e-01   3.355836e+00   4.363353e-01 223200609102350220       3503        661     0 2453989.495463  1.368550e+01  1.411710e-01  1.368550e+01  1.411710e-01 
   85017267   4.426300e+00   3.571287e-01   4.426300e+00   3.571287e-01 224200609102351210      28143       1921     0 2453989.496146  1.338490e+01  8.760114e-02  1.338490e+01  8.760114e-02 
   85017267   3.504630e+00   3.830075e-01   3.504630e+00   3.830075e-01 223200609102351210       3503        658     0 2453989.496146  1.363839e+01  1.186563e-01  1.363839e+01  1.186563e-01 
   85017325   3.654981e+00   3.437822e-01   3.654981e+00   3.437822e-01 224200609102352200      28144       1921     0 2453989.496817  1.359279e+01  1.021231e-01  1.359279e+01  1.021231e-01 
   85017325   3.449648e+00   3.917308e-01   3.449648e+00   3.917308e-01 223200609102352200       3501        651     0 2453989.496817  1.365556e+01  1.232931e-01  1.365556e+01  1.232931e-01 
   85361734   3.821606e+00   1.082893e-01   3.821606e+00   1.082893e-01 224200609142332380      28121       1902     0 2453993.483032  1.354438e+01  3.076561e-02  1.354438e+01  3.076561e-02 
   85361734   2.528455e+00   1.059570e-01   2.528455e+00   1.059570e-01 223200609142332380       3504        617     0 2453993.483032  1.399286e+01  4.549885e-02  1.399286e+01  4.549885e-02 
   85361787   3.688040e+00   1.081369e-01   3.688040e+00   1.081369e-01 224200609142333310      28117       1902     0 2453993.483646  1.358301e+01  3.183494e-02  1.358301e+01  3.183494e-02 
   85361791   2.377068e+00   1.053876e-01   2.377068e+00   1.053876e-01 223200609142333360       3506        614     0 2453993.483692  1.405990e+01  4.813644e-02  1.405990e+01  4.813644e-02 
   85361852   3.949089e+00   1.077952e-01   3.949089e+00   1.077952e-01 224200609142334370      28115       1903     0 2453993.484398  1.350876e+01  2.963659e-02  1.350876e+01  2.963659e-02 
   85361852   2.699264e+00   1.060102e-01   2.699264e+00   1.060102e-01 223200609142334370       3506        611     0 2453993.484398  1.392189e+01  4.264107e-02  1.392189e+01  4.264107e-02 
   85361927   3.985594e+00   1.091031e-01   3.985594e+00   1.091031e-01 224200609142335520      28117       1882     0 2453993.485266  1.349877e+01  2.972143e-02  1.349877e+01  2.972143e-02 
   85361927   2.564200e+00   1.058069e-01   2.564200e+00   1.058069e-01 223200609142335520       3502        630     0 2453993.485266  1.397762e+01  4.480103e-02  1.397762e+01  4.480103e-02 
   85620631   4.445790e+00   1.261971e-01   4.445790e+00   1.261971e-01 224200609172327440      28151       1865     0 2453996.479525  1.338013e+01  3.081954e-02  1.338013e+01  3.081954e-02 
   85620631   2.693938e+00   1.189207e-01   2.693938e+00   1.189207e-01 223200609172327440       3474        622     0 2453996.479525  1.392403e+01  4.792871e-02  1.392403e+01  4.792871e-02 
   85620690   4.280480e+00   1.261425e-01   4.280480e+00   1.261425e-01 224200609172328430      28149       1867     0 2453996.480208  1.342127e+01  3.199594e-02  1.342127e+01  3.199594e-02 
   85620690   2.763377e+00   1.203433e-01   2.763377e+00   1.203433e-01 223200609172328430       3475        618     0 2453996.480208  1.389640e+01  4.728331e-02  1.389640e+01  4.728331e-02 
   85620753   4.498115e+00   1.264329e-01   4.498115e+00   1.264329e-01 224200609172329460      28148       1869     0 2453996.480938  1.336742e+01  3.051794e-02  1.336742e+01  3.051794e-02 
   85620753   2.768071e+00   1.212592e-01   2.768071e+00   1.212592e-01 223200609172329460       3475        615     0 2453996.480938  1.389456e+01  4.756234e-02  1.389456e+01  4.756234e-02 
   85620807   4.405310e+00   1.261208e-01   4.405310e+00   1.261208e-01 224200609172330410      28147       1871     0 2453996.481562  1.339006e+01  3.108395e-02  1.339006e+01  3.108395e-02 
   85620807   2.823010e+00   1.212704e-01   2.823010e+00   1.212704e-01 223200609172330410       3475        612     0 2453996.481562  1.387322e+01  4.664104e-02  1.387322e+01  4.664104e-02 
   85706427   4.514718e+00   1.251647e-01   4.514718e+00   1.251647e-01 224200609182317440      28151       1822     0 2453997.472535  1.336342e+01  3.010073e-02  1.336342e+01  3.010073e-02 
   85706427   2.642568e+00   1.174470e-01   2.642568e+00   1.174470e-01 223200609182317440       3479        595     0 2453997.472535  1.394493e+01  4.825492e-02  1.394493e+01  4.825492e-02 
   85706490   4.540769e+00   1.245215e-01   4.540769e+00   1.245215e-01 224200609182318460      28144       1845     0 2453997.473264  1.335718e+01  2.977424e-02  1.335718e+01  2.977424e-02 
   85706490   2.749681e+00   1.181401e-01   2.749681e+00   1.181401e-01 223200609182318460       3482        573     0 2453997.473264  1.390179e+01  4.664885e-02  1.390179e+01  4.664885e-02 
   85706545   4.373967e+00   1.246049e-01   4.373967e+00   1.246049e-01 224200609182319420      28141       1847     0 2453997.473900  1.339781e+01  3.093039e-02  1.339781e+01  3.093039e-02 
   85706545   2.586720e+00   1.166681e-01   2.586720e+00   1.166681e-01 223200609182319410       3483        570     0 2453997.473900  1.396813e+01  4.896984e-02  1.396813e+01  4.896984e-02 
   85706622   4.334795e+00   1.234146e-01   4.334795e+00   1.234146e-01 224200609182320580      28144       1827     0 2453997.474792  1.340758e+01  3.091177e-02  1.340758e+01  3.091177e-02 
   85706622   2.666164e+00   1.170541e-01   2.666164e+00   1.170541e-01 223200609182320580       3479        592     0 2453997.474792  1.393528e+01  4.766785e-02  1.393528e+01  4.766785e-02 
   85878741   3.929909e+00   1.179182e-01   3.929909e+00   1.179182e-01 224200609202309430      28126       1867     0 2453999.466910  1.351404e+01  3.257800e-02  1.351404e+01  3.257800e-02 
   85878741   2.725080e+00   1.174648e-01   2.725080e+00   1.174648e-01 223200609202309430       3480        648     0 2453999.466910  1.391155e+01  4.680093e-02  1.391155e+01  4.680093e-02 
   85878798   4.141891e+00   1.195341e-01   4.141891e+00   1.195341e-01 224200609202310410      28120       1868     0 2453999.467569  1.345700e+01  3.133423e-02  1.345700e+01  3.133423e-02 
   85878798   2.722694e+00   1.181593e-01   2.722694e+00   1.181593e-01 223200609202310400       3482        645     0 2453999.467569  1.391250e+01  4.711886e-02  1.391250e+01  4.711886e-02 
   85878859   4.091609e+00   1.184565e-01   4.091609e+00   1.184565e-01 224200609202311410      28116       1870     0 2453999.468275  1.347026e+01  3.143334e-02  1.347026e+01  3.143334e-02 
   85878859   2.736700e+00   1.177630e-01   2.736700e+00   1.177630e-01 223200609202311410       3483        643     0 2453999.468275  1.390693e+01  4.672049e-02  1.390693e+01  4.672049e-02 
   85878919   4.139433e+00   1.183590e-01   4.139433e+00   1.183590e-01 224200609202312420      28115       1873     0 2453999.468970  1.345765e+01  3.104460e-02  1.345765e+01  3.104460e-02 
   85878919   2.766062e+00   1.176245e-01   2.766062e+00   1.176245e-01 223200609202312420       3483        640     0 2453999.468970  1.389535e+01  4.617019e-02  1.389535e+01  4.617019e-02 
   85964864   3.902760e+00   1.137214e-01   3.902760e+00   1.137214e-01 224200609212305090      28119       1887     0 2454000.463704  1.352157e+01  3.163708e-02  1.352157e+01  3.163708e-02 
   85964864   2.741236e+00   1.095275e-01   2.741236e+00   1.095275e-01 223200609212305090       3494        643     0 2454000.463704  1.390513e+01  4.338130e-02  1.390513e+01  4.338130e-02 
   85965017   4.201397e+00   1.130969e-01   4.201397e+00   1.130969e-01 224200609212307420      28114       1890     0 2454000.465475  1.344152e+01  2.922690e-02  1.344152e+01  2.922690e-02 
   85965017   2.681753e+00   1.089786e-01   2.681753e+00   1.089786e-01 223200609212307420       3496        635     0 2454000.465475  1.392895e+01  4.412129e-02  1.392895e+01  4.412129e-02 
   85965080   3.741554e+00   1.123323e-01   3.741554e+00   1.123323e-01 224200609212308460      28112       1891     0 2454000.466204  1.356737e+01  3.259706e-02  1.356737e+01  3.259706e-02 
   85965080   2.416003e+00   1.076698e-01   2.416003e+00   1.076698e-01 223200609212308460       3497        632     0 2454000.466204  1.404226e+01  4.838627e-02  1.404226e+01  4.838627e-02 
   85965136   4.096083e+00   1.133832e-01   4.096083e+00   1.133832e-01 224200609212309410      28111       1893     0 2454000.466852  1.346908e+01  3.005425e-02  1.346908e+01  3.005425e-02 
   85965136   2.633897e+00   1.084164e-01   2.633897e+00   1.084164e-01 223200609212309410       3498        630     0 2454000.466852  1.394850e+01  4.469120e-02  1.394850e+01  4.469120e-02 
   86404978   3.787958e+00   1.116937e-01   3.787958e+00   1.116937e-01 224200609270120390      28219       2109     0 2454005.557616  1.355399e+01  3.201471e-02  1.355399e+01  3.201471e-02 
   86404978   2.581130e+00   1.103720e-01   2.581130e+00   1.103720e-01 223200609270120390       3360        286     0 2454005.557616  1.397048e+01  4.642747e-02  1.397048e+01  4.642747e-02 
   86405037   3.626661e+00   1.122272e-01   3.626661e+00   1.122272e-01 224200609270121390      28215       2132     0 2454005.558299  1.360123e+01  3.359827e-02  1.360123e+01  3.359827e-02 
   86405039   2.605359e+00   1.125963e-01   2.605359e+00   1.125963e-01 223200609270121400       3363        261     0 2454005.558322  1.396033e+01  4.692264e-02  1.396033e+01  4.692264e-02 
   86405107   3.618958e+00   1.126841e-01   3.618958e+00   1.126841e-01 224200609270122490      28216       2131     0 2454005.559109  1.360354e+01  3.380686e-02  1.360354e+01  3.380686e-02 
   86405107   2.678692e+00   1.124722e-01   2.678692e+00   1.124722e-01 223200609270122490       3361        258     0 2454005.559109  1.393019e+01  4.558778e-02  1.393019e+01  4.558778e-02 
   86405166   3.786023e+00   1.135249e-01   3.786023e+00   1.135249e-01 224200609270123480      28216       2131     0 2454005.559792  1.355454e+01  3.255621e-02  1.355454e+01  3.255621e-02 
   86405168   2.634600e+00   1.119253e-01   2.634600e+00   1.119253e-01 223200609270123490       3361        257     0 2454005.559815  1.394821e+01  4.612534e-02  1.394821e+01  4.612534e-02 
   87688149   2.455821e+00   9.225956e-02   2.455821e+00   9.225956e-02 223200610112147440       3156        449     0 2454020.409132  1.402451e+01  4.078875e-02  1.402451e+01  4.078875e-02 
   87688223   2.353845e+00   9.214812e-02   2.353845e+00   9.214812e-02 223200610112148580       3159        422     0 2454020.409988  1.407055e+01  4.250445e-02  1.407055e+01  4.250445e-02 
   87688277   2.405883e+00   9.261942e-02   2.405883e+00   9.261942e-02 223200610112149520       3159        420     0 2454020.410613  1.404681e+01  4.179779e-02  1.404681e+01  4.179779e-02 
   87860495   2.500997e+00   1.037156e-01   2.500997e+00   1.037156e-01 223200610132140170       3119        471     0 2454022.403877  1.400472e+01  4.502530e-02  1.400472e+01  4.502530e-02 
   87860562   2.532876e+00   1.026305e-01   2.532876e+00   1.026305e-01 223200610132141240       3119        467     0 2454022.404653  1.399096e+01  4.399346e-02  1.399096e+01  4.399346e-02 
   87860618   2.731895e+00   1.030196e-01   2.731895e+00   1.030196e-01 223200610132142200       3119        465     0 2454022.405301  1.390884e+01  4.094318e-02  1.390884e+01  4.094318e-02 
   87860678   2.806238e+00   1.030713e-01   2.806238e+00   1.030713e-01 223200610132143190       3118        462     0 2454022.405995  1.387969e+01  3.987852e-02  1.387969e+01  3.987852e-02 
   88033107   2.441769e+00   9.866566e-02   2.441769e+00   9.866566e-02 223200610152137170       3115        502     0 2454024.401701  1.403074e+01  4.387198e-02  1.403074e+01  4.387198e-02 
   88033168   2.485263e+00   9.810185e-02   2.485263e+00   9.810185e-02 223200610152138180       3115        497     0 2454024.402407  1.401157e+01  4.285787e-02  1.401157e+01  4.285787e-02 
   88033223   2.474607e+00   9.797927e-02   2.474607e+00   9.797927e-02 223200610152139130       3113        493     0 2454024.403044  1.401623e+01  4.298864e-02  1.401623e+01  4.298864e-02 
   88033282   2.520868e+00   9.829227e-02   2.520868e+00   9.829227e-02 223200610152140120       3114        489     0 2454024.403727  1.399612e+01  4.233456e-02  1.399612e+01  4.233456e-02 
   88377430   2.636402e+00   1.009868e-01   2.636402e+00   1.009868e-01 223200610192116140       3099        517     0 2454028.386921  1.394747e+01  4.158901e-02  1.394747e+01  4.158901e-02 
   88377482   2.654081e+00   1.018733e-01   2.654081e+00   1.018733e-01 223200610192117070       3099        513     0 2454028.387523  1.394021e+01  4.167464e-02  1.394021e+01  4.167464e-02 
   88377567   2.774562e+00   1.033404e-01   2.774562e+00   1.033404e-01 223200610192118310       3094        533     0 2454028.388507  1.389201e+01  4.043913e-02  1.389201e+01  4.043913e-02 
   88377629   2.616513e+00   1.023899e-01   2.616513e+00   1.023899e-01 223200610192119340       3095        530     0 2454028.389225  1.395569e+01  4.248739e-02  1.395569e+01  4.248739e-02 
   88463595   2.536590e+00   9.998411e-02   2.536590e+00   9.998411e-02 223200610202112230       3123        473     0 2454029.384201  1.398937e+01  4.279632e-02  1.398937e+01  4.279632e-02 
   88463667   2.614710e+00   9.914639e-02   2.614710e+00   9.914639e-02 223200610202113350       3120        468     0 2454029.385035  1.395644e+01  4.116984e-02  1.395644e+01  4.116984e-02 
   88463730   2.549209e+00   9.870826e-02   2.549209e+00   9.870826e-02 223200610202114380       3120        465     0 2454029.385764  1.398399e+01  4.204109e-02  1.398399e+01  4.204109e-02 
   88463789   2.483704e+00   9.756605e-02   2.483704e+00   9.756605e-02 223200610202115380       3119        463     0 2454029.386447  1.401225e+01  4.265056e-02  1.401225e+01  4.265056e-02 
   88551543   2.572851e+00   1.072831e-01   2.572851e+00   1.072831e-01 223200610212138150       3117        411     0 2454030.402118  1.397396e+01  4.527336e-02  1.397396e+01  4.527336e-02 
   88551675   2.656121e+00   1.075679e-01   2.656121e+00   1.075679e-01 223200610212140270       3115        401     0 2454030.403646  1.393938e+01  4.397042e-02  1.393938e+01  4.397042e-02 
   88551747   2.597586e+00   1.085694e-01   2.597586e+00   1.085694e-01 223200610212141400       3110        420     0 2454030.404479  1.396358e+01  4.537989e-02  1.396358e+01  4.537989e-02 
   88637605   3.220617e+00   1.175320e+00   3.220617e+00   1.175320e+00 223200610222132420       3116        453     0 2454031.398206  1.373015e+01  3.962260e-01  1.373015e+01  3.962260e-01 
   88637678   3.894778e+00   1.465947e+00   3.894778e+00   1.465947e+00 223200610222133550       3115        424     0 2454031.399051  1.352379e+01  4.086592e-01  1.352379e+01  4.086592e-01 
   88637753   3.367063e+00   1.469849e+00   3.367063e+00   1.469849e+00 223200610222135100       3111        443     0 2454031.399919  1.368187e+01  4.739660e-01  1.368187e+01  4.739660e-01 
   88722096   2.562864e+00   1.021226e-01   2.562864e+00   1.021226e-01 223200610232100550       3106        503     0 2454032.376111  1.397819e+01  4.326355e-02  1.397819e+01  4.326355e-02 
   88722150   2.705080e+00   1.023416e-01   2.705080e+00   1.023416e-01 223200610232101500       3107        500     0 2454032.376736  1.391955e+01  4.107692e-02  1.391955e+01  4.107692e-02 
   88722212   2.617751e+00   1.016356e-01   2.617751e+00   1.016356e-01 223200610232102520       3106        497     0 2454032.377454  1.395518e+01  4.215445e-02  1.395518e+01  4.215445e-02 
   88722279   2.624399e+00   1.016774e-01   2.624399e+00   1.016774e-01 223200610232103590       3107        494     0 2454032.378229  1.395243e+01  4.206497e-02  1.395243e+01  4.206497e-02 
   88980541   2.996224e+00   1.154823e-01   2.996224e+00   1.154823e-01 223200610262048320       3108        559     0 2454035.367373  1.380856e+01  4.184725e-02  1.380856e+01  4.184725e-02 
   88980595   2.916996e+00   1.159826e-01   2.916996e+00   1.159826e-01 223200610262049260       3108        555     0 2454035.367998  1.383766e+01  4.317008e-02  1.383766e+01  4.317008e-02 
   88980655   2.792798e+00   1.156019e-01   2.792798e+00   1.156019e-01 223200610262050270       3108        553     0 2454035.368692  1.388490e+01  4.494186e-02  1.388490e+01  4.494186e-02 
   88980719   2.754814e+00   1.130924e-01   2.754814e+00   1.130924e-01 223200610262051300       3104        544     0 2454035.369433  1.389977e+01  4.457251e-02  1.389977e+01  4.457251e-02 
   89066657   2.809678e+00   1.265943e-01   2.809678e+00   1.265943e-01 223200610272043520       3128        530     0 2454036.364086  1.387836e+01  4.891968e-02  1.387836e+01  4.891968e-02 
   89066720   2.744527e+00   1.263099e-01   2.744527e+00   1.263099e-01 223200610272044550       3128        528     0 2454036.364815  1.390383e+01  4.996845e-02  1.390383e+01  4.996845e-02 
   89066776   3.086926e+00   1.284220e-01   3.086926e+00   1.284220e-01 223200610272045520       3127        524     0 2454036.365463  1.377618e+01  4.516884e-02  1.377618e+01  4.516884e-02 
   89066841   2.832862e+00   1.278773e-01   2.832862e+00   1.278773e-01 223200610272046560       3127        522     0 2454036.366215  1.386944e+01  4.901103e-02  1.386944e+01  4.901103e-02 
   89152855   3.531122e+00   2.035044e-01   3.531122e+00   2.035044e-01 223200610282040350       3112        544     0 2454037.361748  1.363022e+01  6.257299e-02  1.363022e+01  6.257299e-02 
   89152928   2.685377e+00   1.910917e-01   2.685377e+00   1.910917e-01 223200610282041480       3114        513     0 2454037.362593  1.392749e+01  7.726136e-02  1.392749e+01  7.726136e-02 
   89238976   3.389349e+00   1.717954e-01   3.389349e+00   1.717954e-01 223200610292035590       3105        504     0 2454038.358519  1.367471e+01  5.503273e-02  1.367471e+01  5.503273e-02 
   89239031   3.192721e+00   1.709297e-01   3.192721e+00   1.709297e-01 223200610292036550       3106        501     0 2454038.359155  1.373960e+01  5.812759e-02  1.373960e+01  5.812759e-02 
   89239078   3.123002e+00   1.690032e-01   3.123002e+00   1.690032e-01 223200610292037410       3105        493     0 2454038.359699  1.376357e+01  5.875551e-02  1.376357e+01  5.875551e-02 
   89239156   3.212815e+00   1.701049e-01   3.212815e+00   1.701049e-01 223200610292038590       3104        491     0 2454038.360602  1.373279e+01  5.748532e-02  1.373279e+01  5.748532e-02 
   89411352   4.020668e+00   2.729309e-01   4.020668e+00   2.729309e-01 223200610312029020       3098        504     0 2454040.353611  1.348925e+01  7.370218e-02  1.348925e+01  7.370218e-02 
   89411425   3.740964e+00   2.699271e-01   3.740964e+00   2.699271e-01 223200610312030160       3095        522     0 2454040.354456  1.356754e+01  7.834094e-02  1.356754e+01  7.834094e-02 
   89411495   3.975855e+00   2.753129e-01   3.975855e+00   2.753129e-01 223200610312031250       3098        492     0 2454040.355266  1.350142e+01  7.518338e-02  1.350142e+01  7.518338e-02 
   89411552   4.098292e+00   2.740838e-01   4.098292e+00   2.740838e-01 223200610312032230       3098        489     0 2454040.355926  1.346849e+01  7.261163e-02  1.346849e+01  7.261163e-02 
   89506211   3.863451e+00   2.837121e-01   3.863451e+00   2.837121e-01 223200611012250050       3029        123     0 2454041.451516  1.353256e+01  7.973120e-02  1.353256e+01  7.973120e-02 
   89842113   4.019444e+00   3.981474e-01   4.019444e+00   3.981474e-01 223200611052008420       3110        506     0 2454045.339271  1.348958e+01  1.075483e-01  1.348958e+01  1.075483e-01 
   89842171   3.467543e+00   3.974853e-01   3.467543e+00   3.974853e-01 223200611052009400       3110        503     0 2454045.339942  1.364995e+01  1.244586e-01  1.364995e+01  1.244586e-01 
   89842244   4.244381e+00   4.001506e-01   4.244381e+00   4.001506e-01 223200611052010530       3110        499     0 2454045.340787  1.343046e+01  1.023611e-01  1.343046e+01  1.023611e-01 
   89842303   4.037555e+00   3.986527e-01   4.037555e+00   3.986527e-01 223200611052011520       3110        496     0 2454045.341470  1.348470e+01  1.072018e-01  1.348470e+01  1.072018e-01 
   89928297   3.412736e+00   3.057350e-01   3.412736e+00   3.057350e-01 223200611062005110       3113        523     0 2454046.336771  1.366724e+01  9.726763e-02  1.366724e+01  9.726763e-02 
   89928366   4.174396e+00   3.062069e-01   4.174396e+00   3.062069e-01 223200611062006190       3113        519     0 2454046.337569  1.344852e+01  7.964292e-02  1.344852e+01  7.964292e-02 
   89928420   3.775524e+00   3.064156e-01   3.775524e+00   3.064156e-01 223200611062007140       3113        517     0 2454046.338194  1.355756e+01  8.811694e-02  1.355756e+01  8.811694e-02 
   89928484   3.647198e+00   3.064653e-01   3.647198e+00   3.064653e-01 223200611062008180       3114        514     0 2454046.338935  1.359510e+01  9.123214e-02  1.359510e+01  9.123214e-02 
   90014485   2.996111e+00   1.948992e-01   2.996111e+00   1.948992e-01 223200611072001430       3121        531     0 2454047.334317  1.380861e+01  7.062820e-02  1.380861e+01  7.062820e-02 
   90014539   3.188148e+00   1.769280e-01   3.188148e+00   1.769280e-01 223200611072002370       3121        528     0 2454047.334942  1.374115e+01  6.025371e-02  1.374115e+01  6.025371e-02 
   90014628   3.123084e+00   1.794353e-01   3.123084e+00   1.794353e-01 223200611072004050       3117        547     0 2454047.335972  1.376354e+01  6.238069e-02  1.376354e+01  6.238069e-02 
   90014690   3.242618e+00   1.835465e-01   3.242618e+00   1.835465e-01 223200611072005080       3116        543     0 2454047.336690  1.372276e+01  6.145769e-02  1.372276e+01  6.145769e-02 
   90272974   2.727446e+00   1.124218e-01   2.727446e+00   1.124218e-01 223200611101950030       3117        515     0 2454050.326088  1.391061e+01  4.475278e-02  1.391061e+01  4.475278e-02 
   90273028   2.581731e+00   1.115257e-01   2.581731e+00   1.115257e-01 223200611101950570       3117        511     0 2454050.326713  1.397022e+01  4.690183e-02  1.397022e+01  4.690183e-02 
   90273076   2.809177e+00   1.159248e-01   2.809177e+00   1.159248e-01 223200611101951450       3116        508     0 2454050.327269  1.387855e+01  4.480465e-02  1.387855e+01  4.480465e-02 
   90273141   2.640650e+00   1.121232e-01   2.640650e+00   1.121232e-01 223200611101952500       3115        505     0 2454050.328021  1.394572e+01  4.610103e-02  1.394572e+01  4.610103e-02 
   90617590   2.606529e+00   1.065898e-01   2.606529e+00   1.065898e-01 223200611141933540       3107        539     0 2454054.314699  1.395984e+01  4.439960e-02  1.395984e+01  4.439960e-02 
   90617652   2.659769e+00   1.066987e-01   2.659769e+00   1.066987e-01 223200611141934560       3108        535     0 2454054.315417  1.393789e+01  4.355529e-02  1.393789e+01  4.355529e-02 
   90617712   2.680194e+00   1.070541e-01   2.680194e+00   1.070541e-01 223200611141935570       3112        508     0 2454054.316111  1.392958e+01  4.336737e-02  1.392958e+01  4.336737e-02 
   90617763   2.710614e+00   1.071992e-01   2.710614e+00   1.071992e-01 223200611141936470       3111        506     0 2454054.316701  1.391733e+01  4.293877e-02  1.391733e+01  4.293877e-02 
   93120137   3.498029e+00   2.382795e-01   3.498029e+00   2.382795e-01 223200612131844400       3781        346     0 2454083.279363  1.364044e+01  7.395868e-02  1.364044e+01  7.395868e-02 
   93120196   3.341605e+00   2.219702e-01   3.341605e+00   2.219702e-01 223200612131845380       3782        344     0 2454083.280046  1.369011e+01  7.212162e-02  1.369011e+01  7.212162e-02 
   93120272   3.167965e+00   2.017244e-01   3.167965e+00   2.017244e-01 223200612131846550       3779        363     0 2454083.280926  1.374805e+01  6.913593e-02  1.374805e+01  6.913593e-02 
   93120336   3.112179e+00   1.894884e-01   3.112179e+00   1.894884e-01 223200612131847580       3782        338     0 2454083.281667  1.376734e+01  6.610646e-02  1.376734e+01  6.610646e-02 
   93292972   3.099516e+00   2.833351e-01   3.099516e+00   2.833351e-01 223200612151845190       3755        318     0 2454085.279769  1.377177e+01  9.925040e-02  1.377177e+01  9.925040e-02 
   93293026   3.492969e+00   2.677125e-01   3.492969e+00   2.677125e-01 223200612151846130       3755        316     0 2454085.280394  1.364201e+01  8.321463e-02  1.364201e+01  8.321463e-02 
   93293080   3.462881e+00   2.521851e-01   3.462881e+00   2.521851e-01 223200612151847070       3754        314     0 2454085.281019  1.365141e+01  7.906926e-02  1.365141e+01  7.906926e-02 
   93293134   3.510648e+00   2.377255e-01   3.510648e+00   2.377255e-01 223200612151848010       3754        311     0 2454085.281644  1.363653e+01  7.352149e-02  1.363653e+01  7.352149e-02 
   93467314   2.634994e+00   1.181357e-01   2.634994e+00   1.181357e-01 223200612171911070       4104        143     0 2454087.297616  1.394805e+01  4.867740e-02  1.394805e+01  4.867740e-02 
   93467370   2.699469e+00   1.176618e-01   2.699469e+00   1.176618e-01 223200612171912030       4102        140     0 2454087.298264  1.392180e+01  4.732415e-02  1.392180e+01  4.732415e-02 
   93467430   2.743106e+00   1.163800e-01   2.743106e+00   1.163800e-01 223200612171913020       4101        137     0 2454087.298958  1.390439e+01  4.606398e-02  1.390439e+01  4.606398e-02 
   93467500   2.652399e+00   1.140455e-01   2.652399e+00   1.140455e-01 223200612171914130       4095        156     0 2454087.299769  1.394090e+01  4.668371e-02  1.394090e+01  4.668371e-02 
   93725371   3.352582e+00   2.372312e-01   3.352582e+00   2.372312e-01 223200612201852110       3222        232     0 2454090.284387  1.368655e+01  7.682775e-02  1.368655e+01  7.682775e-02 
   93725430   3.447721e+00   2.237419e-01   3.447721e+00   2.237419e-01 223200612201853100       3222        229     0 2454090.285069  1.365617e+01  7.045972e-02  1.365617e+01  7.045972e-02 
   93725487   3.396926e+00   2.109615e-01   3.396926e+00   2.109615e-01 223200612201854080       3221        227     0 2454090.285729  1.367229e+01  6.742843e-02  1.367229e+01  6.742843e-02 
   93725549   3.304433e+00   1.973216e-01   3.304433e+00   1.973216e-01 223200612201855100       3221        225     0 2454090.286447  1.370226e+01  6.483409e-02  1.370226e+01  6.483409e-02 
   94935179   3.473628e+00   3.603665e-01   3.473628e+00   3.603665e-01 224200701031856070      27362       1772     0 2454104.286794  1.364804e+01  1.126385e-01  1.364804e+01  1.126385e-01 
   94935303   3.622906e+00   3.521135e-01   3.622906e+00   3.521135e-01 224200701031858120      27362       1772     0 2454104.288229  1.360236e+01  1.055240e-01  1.360236e+01  1.055240e-01 
   94935368   3.643649e+00   3.482395e-01   3.643649e+00   3.482395e-01 224200701031859170      27363       1771     0 2454104.288981  1.359616e+01  1.037689e-01  1.359616e+01  1.037689e-01 
   95021608   3.708308e+00   2.729562e-01   3.708308e+00   2.729562e-01 224200701041856390      27364       1759     0 2454105.287130  1.357706e+01  7.991771e-02  1.357706e+01  7.991771e-02 
   95021680   3.210893e+00   2.591621e-01   3.210893e+00   2.591621e-01 224200701041857500      27360       1781     0 2454105.287963  1.373344e+01  8.763376e-02  1.373344e+01  8.763376e-02 
   95021745   3.955816e+00   2.497977e-01   3.955816e+00   2.497977e-01 224200701041858560      27361       1781     0 2454105.288715  1.350691e+01  6.856116e-02  1.350691e+01  6.856116e-02 
   95021801   3.805842e+00   2.424172e-01   3.805842e+00   2.424172e-01 224200701041859510      27361       1781     0 2454105.289363  1.354887e+01  6.915740e-02  1.354887e+01  6.915740e-02 
   95107909   3.606120e+00   2.391202e-01   3.606120e+00   2.391202e-01 224200701051855020      27384       1794     0 2454106.285984  1.360740e+01  7.199492e-02  1.360740e+01  7.199492e-02 
   95107965   3.527890e+00   2.262268e-01   3.527890e+00   2.262268e-01 224200701051855570      27384       1794     0 2454106.286632  1.363121e+01  6.962335e-02  1.363121e+01  6.962335e-02 
   95108019   3.527229e+00   2.142444e-01   3.527229e+00   2.142444e-01 224200701051856510      27384       1794     0 2454106.287257  1.363142e+01  6.594801e-02  1.363142e+01  6.594801e-02 
   95108073   3.970507e+00   2.038544e-01   3.970507e+00   2.038544e-01 224200701051857460      27384       1794     0 2454106.287882  1.350288e+01  5.574424e-02  1.350288e+01  5.574424e-02 
   95280698   3.485056e+00   2.146454e-01   3.485056e+00   2.146454e-01 224200701071854530      27405       1782     0 2454108.285856  1.364448e+01  6.687098e-02  1.364448e+01  6.687098e-02 
   95280828   3.855504e+00   1.869269e-01   3.855504e+00   1.869269e-01 224200701071857030      27393       1726     0 2454108.287361  1.353480e+01  5.264008e-02  1.353480e+01  5.264008e-02 
   95280884   3.800897e+00   1.778416e-01   3.800897e+00   1.778416e-01 224200701071857590      27394       1727     0 2454108.288009  1.355028e+01  5.080109e-02  1.355028e+01  5.080109e-02 
   95280940   3.992425e+00   1.700550e-01   3.992425e+00   1.700550e-01 224200701071858540      27395       1727     0 2454108.288657  1.349691e+01  4.624644e-02  1.349691e+01  4.624644e-02 
   95367161   3.729371e+00   2.336872e-01   3.729371e+00   2.336872e-01 224200701081855580      27402       1803     0 2454109.286586  1.357091e+01  6.803387e-02  1.357091e+01  6.803387e-02 
   95367215   3.688719e+00   2.208920e-01   3.688719e+00   2.208920e-01 224200701081856520      27401       1803     0 2454109.287211  1.358281e+01  6.501748e-02  1.358281e+01  6.501748e-02 
   95367272   3.709251e+00   2.086101e-01   3.709251e+00   2.086101e-01 224200701081857490      27402       1802     0 2454109.287870  1.357678e+01  6.106254e-02  1.357678e+01  6.106254e-02 
   95367328   3.773544e+00   1.977940e-01   3.773544e+00   1.977940e-01 224200701081858450      27402       1801     0 2454109.288519  1.355813e+01  5.691013e-02  1.355813e+01  5.691013e-02 
   95453547   4.156606e+00   2.319991e-01   4.156606e+00   2.319991e-01 224200701091855450      27396       1824     0 2454110.286424  1.345315e+01  6.060009e-02  1.345315e+01  6.060009e-02 
   95453603   3.468442e+00   2.188986e-01   3.468442e+00   2.188986e-01 224200701091856400      27396       1822     0 2454110.287072  1.364966e+01  6.852268e-02  1.364966e+01  6.852268e-02 
   95453657   3.957258e+00   2.078029e-01   3.957258e+00   2.078029e-01 224200701091857350      27396       1822     0 2454110.287697  1.350651e+01  5.701420e-02  1.350651e+01  5.701420e-02 
   95453713   3.342553e+00   1.975346e-01   3.342553e+00   1.975346e-01 224200701091858300      27397       1822     0 2454110.288345  1.368980e+01  6.416388e-02  1.368980e+01  6.416388e-02 
   95539937   4.008944e+00   2.311449e-01   4.008944e+00   2.311449e-01 224200701101855350      27401       1831     0 2454111.286308  1.349242e+01  6.260087e-02  1.349242e+01  6.260087e-02 
   95539991   3.741399e+00   2.184280e-01   3.741399e+00   2.184280e-01 224200701101856300      27401       1830     0 2454111.286933  1.356742e+01  6.338700e-02  1.356742e+01  6.338700e-02 
   95540045   3.475531e+00   2.075265e-01   3.475531e+00   2.075265e-01 224200701101857240      27401       1829     0 2454111.287558  1.364745e+01  6.483033e-02  1.364745e+01  6.483033e-02 
   95540101   3.672252e+00   1.974493e-01   3.672252e+00   1.974493e-01 224200701101858190      27401       1829     0 2454111.288206  1.358767e+01  5.837797e-02  1.358767e+01  5.837797e-02 
   95626320   3.784362e+00   2.438585e-01   3.784362e+00   2.438585e-01 224200701111855200      27423       1820     0 2454112.286111  1.355502e+01  6.996341e-02  1.355502e+01  6.996341e-02 
   95626377   3.579950e+00   2.309080e-01   3.579950e+00   2.309080e-01 224200701111856160      27422       1819     0 2454112.286771  1.361531e+01  7.003061e-02  1.361531e+01  7.003061e-02 
   95626431   3.978909e+00   2.197776e-01   3.978909e+00   2.197776e-01 224200701111857110      27423       1819     0 2454112.287396  1.350059e+01  5.997156e-02  1.350059e+01  5.997156e-02 
   95626487   3.899222e+00   2.089888e-01   3.899222e+00   2.089888e-01 224200701111858070      27422       1819     0 2454112.288044  1.352256e+01  5.819303e-02  1.352256e+01  5.819303e-02 
   95712706   3.740470e+00   2.282248e-01   3.740470e+00   2.282248e-01 224200701121855060      27395       1821     0 2454113.285949  1.356768e+01  6.624644e-02  1.356768e+01  6.624644e-02 
   95712760   3.783506e+00   2.167602e-01   3.783506e+00   2.167602e-01 224200701121856000      27394       1820     0 2454113.286574  1.355526e+01  6.220294e-02  1.355526e+01  6.220294e-02 
   95712814   4.132790e+00   2.073995e-01   4.132790e+00   2.073995e-01 224200701121856550      27395       1819     0 2454113.287199  1.345939e+01  5.448668e-02  1.345939e+01  5.448668e-02 
   95712870   3.696870e+00   1.962290e-01   3.696870e+00   1.962290e-01 224200701121857500      27394       1820     0 2454113.287847  1.358041e+01  5.763083e-02  1.358041e+01  5.763083e-02 
   95799126   3.635802e+00   2.000359e-01   3.635802e+00   2.000359e-01 224200701131855270      27395       1836     0 2454114.286181  1.359850e+01  5.973564e-02  1.359850e+01  5.973564e-02 
   95799180   3.848015e+00   1.903766e-01   3.848015e+00   1.903766e-01 224200701131856210      27395       1836     0 2454114.286806  1.353691e+01  5.371587e-02  1.353691e+01  5.371587e-02 
   95799304   3.748600e+00   1.725772e-01   3.748600e+00   1.725772e-01 224200701131858250      27386       1843     0 2454114.288241  1.356533e+01  4.998507e-02  1.356533e+01  4.998507e-02 
   95799358   3.647181e+00   1.649083e-01   3.647181e+00   1.649083e-01 224200701131859190      27386       1843     0 2454114.288866  1.359511e+01  4.909202e-02  1.359511e+01  4.909202e-02 
   95885596   3.655025e+00   1.928483e-01   3.655025e+00   1.928483e-01 224200701141856390      27398       1842     0 2454115.286991  1.359277e+01  5.728637e-02  1.359277e+01  5.728637e-02 
   95885651   3.700379e+00   1.832281e-01   3.700379e+00   1.832281e-01 224200701141857330      27396       1841     0 2454115.287627  1.357938e+01  5.376153e-02  1.357938e+01  5.376153e-02 
   95885706   3.586945e+00   1.747050e-01   3.586945e+00   1.747050e-01 224200701141858280      27396       1841     0 2454115.288264  1.361319e+01  5.288184e-02  1.361319e+01  5.288184e-02 
   95885837   3.917889e+00   1.596811e-01   3.917889e+00   1.596811e-01 224200701141900400      27399       1837     0 2454115.289780  1.351737e+01  4.425141e-02  1.351737e+01  4.425141e-02 
  105941759   3.669080e+00   2.977805e-01   3.669080e+00   2.977805e-01 223200705110414520       3086        835     0 2454231.677766  1.358861e+01  8.811806e-02  1.358861e+01  8.811806e-02 
  105941815   3.529521e+00   3.132578e-01   3.529521e+00   3.132578e-01 223200705110415490       3089        835     0 2454231.678414  1.363071e+01  9.636336e-02  1.363071e+01  9.636336e-02 
  105941874   3.850872e+00   3.344029e-01   3.850872e+00   3.344029e-01 223200705110416470       3091        834     0 2454231.679097  1.353610e+01  9.428376e-02  1.353610e+01  9.428376e-02 
  105941929   3.882776e+00   3.624848e-01   3.882776e+00   3.624848e-01 223200705110417430       3093        833     0 2454231.679734  1.352714e+01  1.013616e-01  1.352714e+01  1.013616e-01 
  106027813   3.217618e+00   1.864679e-01   3.217618e+00   1.864679e-01 223200705120409040       3110        812     0 2454232.673762  1.373116e+01  6.292098e-02  1.373116e+01  6.292098e-02 
  106027939   3.472885e+00   2.007839e-01   3.472885e+00   2.007839e-01 223200705120411090       3097        824     0 2454232.675220  1.364827e+01  6.277177e-02  1.364827e+01  6.277177e-02 
  106027993   3.634706e+00   2.109168e-01   3.634706e+00   2.109168e-01 223200705120412040       3100        823     0 2454232.675845  1.359883e+01  6.300396e-02  1.359883e+01  6.300396e-02 
  106028047   3.524822e+00   2.208768e-01   3.524822e+00   2.208768e-01 223200705120412580       3102        823     0 2454232.676470  1.363216e+01  6.803600e-02  1.363216e+01  6.803600e-02 
  106114068   3.202307e+00   1.838002e-01   3.202307e+00   1.838002e-01 223200705130406340       3086        835     0 2454233.672083  1.373634e+01  6.231733e-02  1.373634e+01  6.231733e-02 
  106114122   3.345560e+00   1.885815e-01   3.345560e+00   1.885815e-01 223200705130407290       3090        834     0 2454233.672708  1.368883e+01  6.120067e-02  1.368883e+01  6.120067e-02 
  106114178   3.215636e+00   1.940547e-01   3.215636e+00   1.940547e-01 223200705130408240       3093        834     0 2454233.673356  1.373183e+01  6.552138e-02  1.373183e+01  6.552138e-02 
  106114232   3.293914e+00   2.011540e-01   3.293914e+00   2.011540e-01 223200705130409190       3094        834     0 2454233.673981  1.370572e+01  6.630440e-02  1.370572e+01  6.630440e-02 
  124569527   3.402677e+00   2.848347e-01   3.402677e+00   2.848347e-01 221200712121841060      17338       7623     0 2454447.276933  1.367045e+01  9.088619e-02  1.367045e+01  9.088619e-02 
  124569720   3.507143e+00   2.845928e-01   3.507143e+00   2.845928e-01 223200712121844190       2650       4427     0 2454447.279167  1.363762e+01  8.810414e-02  1.363762e+01  8.810414e-02 
  124571650   3.923541e+00   9.042785e-02   3.923541e+00   9.042785e-02 221200712121916280      17287       7754     0 2454447.301505  1.351580e+01  2.502360e-02  1.351580e+01  2.502360e-02 
  124571710   2.648704e+00   9.327918e-02   2.648704e+00   9.327918e-02 223200712121917280       2665       4384     0 2454447.302199  1.394242e+01  3.823641e-02  1.394242e+01  3.823641e-02 
  124572985   3.833567e+00   8.788212e-02   3.833567e+00   8.788212e-02 221200712121938430      17325       7825     0 2454447.316956  1.354099e+01  2.488991e-02  1.354099e+01  2.488991e-02 
  124573044   2.497557e+00   9.225649e-02   2.497557e+00   9.225649e-02 223200712121939430       2651       4310     0 2454447.317639  1.400621e+01  4.010581e-02  1.400621e+01  4.010581e-02 
