\INPUT_FILE = /exodata/ETSS-prep/KELT/doN02/raw/KELT_N02_lc_020425_V01_west_raw.dat
\INPUT_TYPE = "RAW"
\START_DATE = "Fri Oct 27, 07:06:26 2006"               
\STOP_DATE = "Mon Nov 24, 09:34:38 2008"               
\fixlen = T
\NUMRECORDS = 601      
\
\ This file was produced by the NASA Exoplanet Archive  http://exoplanetarchive.ipac.caltech.edu 
\ Thu Feb 25, 16:57:48 2016
\ Documentation for the KELT Survey dataset can be found at http://exoplanetarchive.ipac.caltech.edu/docs/KELT.html
\
|          TIME|     MAG|MAG_ERR|
|          real|    real|   real|
|             d|     mag|    mag|
|          null|    null|   null|
 2454035.796138 11.87406 0.00211 
 2454035.801601 11.86321 0.00199 
 2454036.792748 11.87461 0.00201 
 2454036.798212 11.85921 0.00196 
 2454036.803677 11.88802 0.00177 
 2454037.790288 11.87158 0.00205 
 2454037.795751 11.86312 0.00193 
 2454037.801215 11.86225 0.00194 
 2454038.786837 11.86648 0.00201 
 2454038.792301 11.85894 0.00196 
 2454038.797767 11.91752 0.00206 
 2454039.786156 11.86591 0.00215 
 2454040.782391 11.87724 0.00235 
 2454048.758326 11.85797 0.00244 
 2454048.769051 11.87125 0.00224 
 2454048.774412 11.86335 0.00219 
 2454048.779774 11.86425 0.00231 
 2454050.753257 11.87899 0.00228 
 2454050.758623 11.86060 0.00221 
 2454050.763985 11.86890 0.00211 
 2454050.769353 11.86303 0.00217 
 2454052.749244 11.89373 0.00208 
 2454052.754611 11.87246 0.00192 
 2454052.759974 11.88739 0.00205 
 2454052.765340 11.88196 0.00192 
 2454052.770701 11.87365 0.00194 
 2454053.747612 11.85469 0.00214 
 2454053.758345 11.85129 0.00207 
 2454053.763714 11.85024 0.00204 
 2454053.769083 11.86830 0.00196 
 2454054.744176 11.85558 0.00211 
 2454054.754916 11.86435 0.00196 
 2454054.760287 11.85448 0.00194 
 2454054.765656 11.85636 0.00202 
 2454055.738458 11.86320 0.00210 
 2454055.749196 11.86379 0.00198 
 2454055.754566 11.85180 0.00199 
 2454055.759929 11.85067 0.00204 
 2454055.765298 11.86220 0.00196 
 2454056.739140 11.86052 0.00225 
 2454056.744508 11.86004 0.00198 
 2454056.749872 11.85290 0.00207 
 2454056.755241 11.84637 0.00210 
 2454056.760609 11.85278 0.00204 
 2454057.734189 11.85634 0.00214 
 2454057.744929 11.86226 0.00208 
 2454057.750291 11.84310 0.00206 
 2454057.755659 11.85857 0.00208 
 2454057.761029 11.84458 0.00213 
 2454058.733748 11.86659 0.00210 
 2454058.744484 11.85552 0.00210 
 2454058.749848 11.85931 0.00201 
 2454058.755216 11.86174 0.00207 
 2454059.730258 11.84854 0.00212 
 2454059.735624 11.85542 0.00199 
 2454059.740993 11.85987 0.00203 
 2454059.746355 11.85604 0.00206 
 2454059.751725 11.85373 0.00209 
 2454060.728783 11.87255 0.00207 
 2454060.739524 11.86556 0.00200 
 2454060.744893 11.85918 0.00197 
 2454060.750255 11.87281 0.00196 
 2454061.722118 11.87778 0.00206 
 2454061.727488 11.86327 0.00199 
 2454061.732857 11.86877 0.00201 
 2454061.738226 11.85847 0.00198 
 2454061.743597 11.86699 0.00190 
 2454066.711492 11.91568 0.00222 
 2454077.691249 11.86310 0.00229 
 2454077.696620 11.85820 0.00235 
 2454077.701990 11.85854 0.00228 
 2454079.672519 11.86117 0.00196 
 2454079.677036 11.86655 0.00194 
 2454079.681552 11.86141 0.00196 
 2454079.686077 11.86534 0.00197 
 2454079.690600 11.86496 0.00198 
 2454079.695114 11.86416 0.00197 
 2454079.702584 11.86793 0.00198 
 2454079.707953 11.85620 0.00199 
 2454079.713321 11.86514 0.00195 
 2454079.718682 11.86566 0.00202 
 2454079.724050 11.85655 0.00205 
 2454079.759937 11.88570 0.00170 
 2454079.768968 12.02814 0.00356 
 2454080.671458 11.88156 0.00207 
 2454080.682195 11.86015 0.00197 
 2454080.687562 11.86482 0.00200 
 2454080.692929 11.86849 0.00200 
 2454081.673345 11.87352 0.00195 
 2454081.678713 11.85746 0.00206 
 2454081.684082 11.86121 0.00204 
 2454081.689451 11.86266 0.00196 
 2454083.674103 11.88103 0.00218 
 2454083.679473 11.86288 0.00198 
 2454083.684834 11.86625 0.00207 
 2454093.643970 11.87543 0.00199 
 2454093.649544 11.88815 0.00188 
 2454093.655121 11.87561 0.00196 
 2454094.651041 11.86618 0.00198 
 2454107.602977 11.85612 0.00196 
 2454107.608549 11.87634 0.00193 
 2454107.614119 11.86649 0.00192 
 2454108.598930 11.87889 0.00194 
 2454108.604493 11.86099 0.00194 
 2454108.610056 11.86749 0.00188 
 2454362.907062 11.86310 0.00194 
 2454362.912605 11.85470 0.00196 
 2454363.903042 11.87165 0.00187 
 2454363.908597 11.86232 0.00195 
 2454378.861883 12.00735 0.00153 
 2454381.853588 11.87242 0.00194 
 2454381.859134 11.86730 0.00196 
 2454382.851098 11.85310 0.00196 
 2454384.845291 11.86106 0.00198 
 2454384.850843 11.87048 0.00195 
 2454385.843495 11.85737 0.00193 
 2454386.840028 11.86525 0.00197 
 2454386.845578 11.86166 0.00197 
 2454388.832463 11.85729 0.00194 
 2454389.829958 11.85390 0.00199 
 2454391.825905 11.86590 0.00200 
 2454392.820761 11.85647 0.00197 
 2454393.819097 11.86605 0.00191 
 2454395.810092 11.86713 0.00224 
 2454395.815647 11.86413 0.00216 
 2454404.790024 11.86171 0.00209 
 2454405.785689 11.88529 0.00174 
 2454405.791241 11.89170 0.00235 
 2454407.783322 11.85548 0.00195 
 2454408.779689 11.86469 0.00191 
 2454408.785242 11.86281 0.00195 
 2454409.778091 11.85957 0.00194 
 2454412.768413 11.85698 0.00195 
 2454412.773964 11.85673 0.00191 
 2454413.766817 11.85611 0.00195 
 2454414.764021 11.85553 0.00200 
 2454414.769574 11.88827 0.00227 
 2454416.757388 11.86431 0.00184 
 2454416.762754 11.86269 0.00186 
 2454416.768115 11.85208 0.00194 
 2454437.700178 11.85222 0.00195 
 2454438.697134 11.86109 0.00201 
 2454439.693856 11.86144 0.00193 
 2454439.699267 11.84823 0.00196 
 2454447.672188 11.88052 0.00193 
 2454447.677597 11.85936 0.00193 
 2454448.666253 11.86990 0.00190 
 2454448.671703 11.86875 0.00197 
 2454448.677119 11.87298 0.00190 
 2454449.666915 11.86813 0.00189 
 2454450.664386 11.86936 0.00193 
 2454460.634944 11.85009 0.00225 
 2454460.640304 11.85940 0.00223 
 2454461.630294 11.86499 0.00195 
 2454461.635650 11.86599 0.00200 
 2454461.641009 11.85380 0.00201 
 2454462.631829 11.87467 0.00192 
 2454462.637189 11.88592 0.00189 
 2454463.627305 11.86683 0.00188 
 2454463.632664 11.86881 0.00184 
 2454464.622717 11.86784 0.00193 
 2454464.628076 11.86360 0.00196 
 2454464.633437 11.85668 0.00191 
 2454465.623549 11.85900 0.00197 
 2454465.628908 11.86107 0.00193 
 2454731.906846 11.84668 0.00203 
 2454731.913903 11.86323 0.00199 
 2454731.920953 11.87999 0.00186 
 2454731.928018 11.88462 0.00181 
 2454731.935075 11.86848 0.00196 
 2454731.942128 11.87129 0.00199 
 2454731.949184 11.85794 0.00198 
 2454731.956232 11.87738 0.00198 
 2454731.960957 11.87343 0.00201 
 2454731.965660 11.86999 0.00202 
 2454731.970378 11.85861 0.00206 
 2454731.991444 11.86517 0.00195 
 2454731.993643 11.86482 0.00201 
 2454731.995831 11.87437 0.00199 
 2454731.998037 11.87289 0.00192 
 2454732.000225 11.86863 0.00195 
 2454732.002434 11.87079 0.00200 
 2454732.004629 11.87686 0.00200 
 2454732.006828 11.87492 0.00205 
 2454732.009028 11.87368 0.00215 
 2454732.011219 11.88030 0.00229 
 2454732.013426 11.87395 0.00254 
 2454732.911568 11.86539 0.00190 
 2454732.918624 11.88928 0.00176 
 2454732.925683 11.88394 0.00183 
 2454732.932736 11.87150 0.00192 
 2454732.939785 11.87608 0.00192 
 2454732.946843 11.86744 0.00190 
 2454732.953893 11.87563 0.00190 
 2454732.958605 11.87033 0.00191 
 2454732.963321 11.87023 0.00194 
 2454732.968038 11.87330 0.00194 
 2454732.989102 11.87377 0.00186 
 2454732.991292 11.87125 0.00185 
 2454732.993501 11.87608 0.00185 
 2454732.995701 11.86848 0.00192 
 2454732.997901 11.87163 0.00192 
 2454733.000096 11.87095 0.00192 
 2454733.002288 11.87858 0.00188 
 2454733.004495 11.87012 0.00191 
 2454733.006681 11.87705 0.00196 
 2454733.008892 11.87302 0.00205 
 2454733.011090 11.87606 0.00214 
 2454733.013279 11.87622 0.00233 
 2454733.901125 11.86952 0.00183 
 2454733.911292 11.84435 0.00190 
 2454733.921461 11.84206 0.00180 
 2454733.975612 11.83398 0.00172 
 2454733.987543 11.82929 0.00170 
 2454733.992276 11.86591 0.00185 
 2454733.997003 11.87174 0.00184 
 2454734.001726 11.87221 0.00184 
 2454734.006453 11.86943 0.00194 
 2454734.011183 11.88053 0.00208 
 2454734.905837 11.86031 0.00186 
 2454734.918267 11.85153 0.00190 
 2454734.930691 11.85591 0.00186 
 2454734.943120 11.82655 0.00189 
 2454734.960785 11.84417 0.00181 
 2454734.976174 11.79829 0.00172 
 2454735.007888 11.85756 0.00196 
 2454737.895504 11.85932 0.00185 
 2454737.907936 11.86442 0.00180 
 2454737.920366 11.85961 0.00183 
 2454737.932813 11.86311 0.00176 
 2454737.945293 11.83483 0.00175 
 2454737.975308 11.84712 0.00174 
 2454737.985491 11.83721 0.00186 
 2454737.995667 11.85614 0.00177 
 2454738.005848 11.87432 0.00175 
 2454738.016019 11.85727 0.00241 
 2454738.895219 11.87625 0.00178 
 2454738.907643 11.86052 0.00173 
 2454738.920061 11.86108 0.00181 
 2454738.932473 11.87254 0.00175 
 2454738.972448 11.83453 0.00161 
 2454738.982609 11.85893 0.00177 
 2454738.992772 11.83886 0.00169 
 2454739.002951 11.86670 0.00173 
 2454739.015405 11.88291 0.00222 
 2454739.891311 11.87625 0.00177 
 2454739.903730 11.88149 0.00172 
 2454739.916144 11.83742 0.00148 
 2454739.928556 11.86958 0.00178 
 2454739.941012 11.86496 0.00172 
 2454739.991322 11.87972 0.00160 
 2454740.001486 11.88688 0.00158 
 2454741.887485 11.86942 0.00186 
 2454741.899906 11.86631 0.00182 
 2454741.912318 11.85834 0.00183 
 2454741.924734 11.85175 0.00188 
 2454741.934719 11.83650 0.00180 
 2454741.964697 11.84920 0.00177 
 2454741.974875 11.85349 0.00186 
 2454741.985039 11.86686 0.00171 
 2454741.995205 11.88094 0.00162 
 2454742.007665 11.88163 0.00174 
 2454742.897478 11.86379 0.00180 
 2454742.909906 11.84050 0.00176 
 2454742.922331 11.84542 0.00162 
 2454742.972515 11.85903 0.00178 
 2454742.982695 11.86352 0.00170 
 2454742.992869 11.87482 0.00166 
 2454743.005360 11.89058 0.00166 
 2454743.015363 11.86843 0.00193 
 2454743.880195 11.87004 0.00215 
 2454743.892611 11.85564 0.00184 
 2454743.905025 11.86764 0.00155 
 2454743.929876 11.85113 0.00186 
 2454743.980153 11.84446 0.00187 
 2454743.990306 11.86464 0.00184 
 2454744.002750 11.88884 0.00162 
 2454744.012736 11.87945 0.00178 
 2454745.873877 11.87231 0.00180 
 2454745.886296 11.86403 0.00176 
 2454745.898707 11.83522 0.00186 
 2454745.911117 11.72196 0.00186 
 2454745.923577 11.82503 0.00181 
 2454745.973874 11.85656 0.00192 
 2454745.984047 11.85122 0.00188 
 2454745.996517 11.86407 0.00190 
 2454746.006531 11.87829 0.00177 
 2454746.016512 11.87663 0.00212 
 2454746.873787 11.86346 0.00197 
 2454746.886196 11.87447 0.00187 
 2454746.898609 11.85335 0.00185 
 2454746.911015 11.86360 0.00192 
 2454746.961114 11.66906 0.00188 
 2454746.971263 11.86570 0.00187 
 2454746.981423 11.85427 0.00197 
 2454746.993882 11.86704 0.00196 
 2454747.003869 11.87155 0.00187 
 2454747.013857 11.88434 0.00198 
 2454747.870728 11.84868 0.00195 
 2454747.883144 11.83338 0.00188 
 2454747.895556 11.84467 0.00193 
 2454747.907964 11.83361 0.00187 
 2454747.917946 11.50017 0.00188 
 2454747.968236 11.74717 0.00187 
 2454747.978394 11.86097 0.00190 
 2454747.990849 11.86363 0.00197 
 2454748.000857 11.86419 0.00194 
 2454748.010841 11.86804 0.00196 
 2454748.868068 11.86601 0.00181 
 2454748.880441 11.86326 0.00180 
 2454748.892818 11.70974 0.00188 
 2454748.905191 11.82371 0.00187 
 2454748.915150 11.77199 0.00187 
 2454748.935061 11.87068 0.00187 
 2454748.965290 11.81070 0.00182 
 2454748.975422 11.85870 0.00187 
 2454748.987838 11.87972 0.00186 
 2454748.997800 11.87456 0.00185 
 2454749.007759 11.86676 0.00178 
 2454749.017711 11.86599 0.00204 
 2454749.865403 11.86112 0.00196 
 2454749.877826 11.84181 0.00184 
 2454749.890245 11.83240 0.00195 
 2454749.902658 11.80358 0.00182 
 2454749.942627 11.83803 0.00186 
 2454749.952799 11.78329 0.00186 
 2454749.962973 11.83202 0.00179 
 2454749.973141 11.86128 0.00182 
 2454749.985609 11.86770 0.00185 
 2454749.995604 11.91911 0.00259 
 2454750.005593 12.12031 0.00303 
 2454750.015579 11.90378 0.00188 
 2454758.836382 11.85585 0.00232 
 2454758.843551 11.85443 0.00232 
 2454758.850719 11.87701 0.00220 
 2454758.857884 11.86526 0.00226 
 2454758.865044 11.85921 0.00227 
 2454758.872204 11.86155 0.00228 
 2454758.879351 11.85705 0.00233 
 2454758.886418 11.86434 0.00231 
 2454758.891146 11.85311 0.00231 
 2454758.900600 11.85631 0.00225 
 2454758.921705 11.87466 0.00204 
 2454758.923912 11.86752 0.00208 
 2454758.926115 11.86865 0.00216 
 2454758.928322 11.86580 0.00221 
 2454758.930522 11.86708 0.00225 
 2454758.932724 11.86754 0.00226 
 2454758.934932 11.86496 0.00228 
 2454758.937137 11.85405 0.00227 
 2454758.939342 11.85995 0.00223 
 2454758.941543 11.85710 0.00220 
 2454758.943748 11.86075 0.00217 
 2454758.945947 11.85708 0.00216 
 2454758.948150 11.85752 0.00215 
 2454758.950352 11.86197 0.00213 
 2454758.952555 11.86810 0.00205 
 2454758.954760 11.87834 0.00208 
 2454758.959855 11.85162 0.00225 
 2454759.832185 11.84209 0.00215 
 2454759.839255 11.85789 0.00198 
 2454759.846312 11.87108 0.00193 
 2454759.853369 11.86685 0.00207 
 2454759.860426 11.86524 0.00211 
 2454759.867484 11.85833 0.00208 
 2454759.874542 11.84585 0.00207 
 2454759.881601 11.85200 0.00201 
 2454759.886312 11.86038 0.00203 
 2454759.891041 11.84872 0.00202 
 2454759.916829 11.88233 0.00208 
 2454759.919023 11.87834 0.00211 
 2454759.921230 11.86967 0.00213 
 2454759.923419 11.86314 0.00212 
 2454759.925629 11.85836 0.00212 
 2454759.927830 11.86718 0.00208 
 2454759.930021 11.86801 0.00206 
 2454759.932232 11.86377 0.00210 
 2454759.934423 11.86277 0.00216 
 2454759.936633 11.86586 0.00214 
 2454759.938835 11.87811 0.00210 
 2454759.941028 11.88708 0.00207 
 2454759.943238 11.88345 0.00211 
 2454759.945426 11.88167 0.00212 
 2454759.947637 11.87609 0.00213 
 2454759.949841 11.87147 0.00218 
 2454759.952034 11.86278 0.00217 
 2454759.954240 11.86449 0.00214 
 2454759.956432 11.86718 0.00211 
 2454759.958643 11.86718 0.00212 
 2454759.960845 11.87039 0.00210 
 2454759.963038 11.87769 0.00208 
 2454759.965246 11.88252 0.00203 
 2454759.967438 11.89308 0.00201 
 2454759.969649 11.89323 0.00197 
 2454759.971850 11.91178 0.00191 
 2454759.974047 11.90523 0.00194 
 2454759.976255 11.87580 0.00196 
 2454759.978445 11.85667 0.00203 
 2454759.980655 11.85355 0.00211 
 2454759.982856 11.85723 0.00219 
 2454760.828970 11.87585 0.00195 
 2454760.839132 11.85852 0.00213 
 2454760.849290 11.85903 0.00207 
 2454760.859454 11.83485 0.00205 
 2454760.869619 11.85181 0.00206 
 2454760.879783 11.85721 0.00206 
 2454760.912836 11.85195 0.00208 
 2454760.917559 11.85357 0.00201 
 2454760.922284 11.87613 0.00191 
 2454760.927010 11.86843 0.00198 
 2454760.931731 11.87674 0.00208 
 2454760.936452 11.86651 0.00203 
 2454760.941168 11.85763 0.00203 
 2454760.945885 11.86716 0.00192 
 2454760.950601 11.87177 0.00200 
 2454777.788205 11.81573 0.00202 
 2454777.800129 11.88289 0.00191 
 2454777.812060 11.87230 0.00196 
 2454777.823994 11.88516 0.00098 
 2454777.845588 11.84174 0.00262 
 2454777.894135 11.86426 0.00128 
 2454777.915896 11.87017 0.00157 
 2454777.935102 11.87155 0.00185 
 2454777.944695 11.87198 0.00193 
 2454778.778065 11.84111 0.00227 
 2454778.785702 11.84506 0.00218 
 2454778.793361 11.83071 0.00233 
 2454778.808645 11.59360 0.00212 
 2454778.826093 11.85126 0.00219 
 2454778.840931 11.78140 0.00213 
 2454778.848354 11.77028 0.00212 
 2454778.863188 11.85215 0.00216 
 2454779.776836 11.85131 0.00225 
 2454786.759329 11.75312 0.00236 
 2454786.766112 11.85866 0.00218 
 2454786.772896 11.87939 0.00210 
 2454786.779694 11.86989 0.00215 
 2454786.786478 11.86278 0.00222 
 2454786.793271 11.86113 0.00224 
 2454786.800061 11.86446 0.00227 
 2454786.806870 11.85348 0.00232 
 2454786.811415 11.84024 0.00240 
 2454786.815957 11.84090 0.00244 
 2454786.820506 11.84710 0.00243 
 2454786.825049 11.85889 0.00241 
 2454786.829579 11.85013 0.00237 
 2454786.834127 11.85012 0.00238 
 2454786.838672 11.85261 0.00247 
 2454786.843210 11.85530 0.00235 
 2454786.845312 11.84276 0.00231 
 2454786.847428 11.84295 0.00233 
 2454786.849541 11.82794 0.00231 
 2454786.851651 11.82752 0.00227 
 2454786.853764 11.85318 0.00236 
 2454786.855874 11.85753 0.00235 
 2454786.857990 11.86409 0.00236 
 2454786.860099 11.86554 0.00237 
 2454786.862208 11.86068 0.00240 
 2454786.864316 11.86527 0.00235 
 2454786.866432 11.86726 0.00233 
 2454786.868542 11.85684 0.00233 
 2454786.870655 11.86312 0.00231 
 2454786.872766 11.85922 0.00234 
 2454786.874879 11.86188 0.00235 
 2454786.876989 11.86748 0.00233 
 2454786.879104 11.87015 0.00233 
 2454786.881219 11.86332 0.00233 
 2454786.883335 11.85721 0.00241 
 2454786.885442 11.86270 0.00235 
 2454786.887552 11.86085 0.00241 
 2454786.889662 11.86349 0.00237 
 2454786.891777 11.86418 0.00240 
 2454786.893885 11.86655 0.00238 
 2454786.895990 11.86561 0.00235 
 2454786.898099 11.86071 0.00239 
 2454786.900212 11.87301 0.00239 
 2454786.902326 11.86031 0.00239 
 2454786.904441 11.86442 0.00234 
 2454786.906551 11.86418 0.00233 
 2454786.908661 11.86385 0.00234 
 2454786.910772 11.86723 0.00233 
 2454786.912882 11.86963 0.00232 
 2454786.917097 11.88581 0.00238 
 2454786.919207 11.89928 0.00233 
 2454787.755338 11.86642 0.00198 
 2454787.765136 11.86357 0.00219 
 2454787.774938 11.85745 0.00205 
 2454787.784756 12.44566 0.00210 
 2454787.804375 11.71974 0.00211 
 2454787.808917 11.87138 0.00213 
 2454787.813453 11.87539 0.00206 
 2454787.817993 11.86438 0.00220 
 2454787.822534 11.86041 0.00220 
 2454787.831623 11.87473 0.00218 
 2454787.843094 11.86869 0.00212 
 2454787.847629 11.85706 0.00205 
 2454787.852169 11.85540 0.00210 
 2454787.856716 11.87768 0.00213 
 2454787.861253 11.88520 0.00215 
 2454787.865793 11.87872 0.00212 
 2454787.870330 11.88400 0.00208 
 2454787.874870 11.84994 0.00205 
 2454787.879407 11.87283 0.00213 
 2454787.883956 11.88628 0.00213 
 2454787.888496 11.88701 0.00215 
 2454787.893043 11.87970 0.00212 
 2454787.897576 11.85323 0.00213 
 2454787.902121 11.84535 0.00212 
 2454787.906661 11.87373 0.00216 
 2454787.911205 11.86285 0.00219 
 2454787.915743 11.89058 0.00223 
 2454788.755449 11.85231 0.00201 
 2454788.765250 11.83943 0.00208 
 2454788.775055 11.72608 0.00200 
 2454788.794654 11.45517 0.00199 
 2454788.808996 11.88526 0.00206 
 2454788.813538 11.86904 0.00211 
 2454788.818070 11.85050 0.00213 
 2454788.822608 11.86819 0.00209 
 2454788.827150 11.86734 0.00209 
 2454788.836222 11.87320 0.00204 
 2454788.840762 11.86788 0.00200 
 2454788.845304 11.86677 0.00199 
 2454788.849853 11.85883 0.00203 
 2454788.854385 11.86705 0.00207 
 2454788.858931 11.87378 0.00209 
 2454788.863468 11.86475 0.00208 
 2454788.868010 11.87196 0.00202 
 2454788.872553 11.86766 0.00201 
 2454788.877099 11.85017 0.00200 
 2454788.881637 11.86890 0.00205 
 2454788.886181 11.87775 0.00207 
 2454788.890723 11.87597 0.00206 
 2454788.895264 11.87666 0.00204 
 2454788.899818 11.86574 0.00207 
 2454788.904360 11.87541 0.00206 
 2454788.908895 11.88802 0.00203 
 2454788.913430 11.86659 0.00203 
 2454789.754110 11.85227 0.00180 
 2454789.766079 11.84338 0.00188 
 2454789.778041 11.83140 0.00191 
 2454789.789988 11.80178 0.00192 
 2454789.801956 11.68157 0.00191 
 2454789.809373 11.74465 0.00196 
 2454789.831644 11.85870 0.00201 
 2454789.846950 11.73957 0.00200 
 2454789.854585 11.85643 0.00199 
 2454789.862234 11.85650 0.00206 
 2454789.869881 11.78973 0.00199 
 2454789.877527 11.85472 0.00201 
 2454789.882064 11.87697 0.00199 
 2454789.886602 11.87740 0.00199 
 2454789.891142 11.86570 0.00198 
 2454789.895680 11.86234 0.00201 
 2454789.900219 11.87835 0.00203 
 2454789.904765 11.86324 0.00202 
 2454789.911685 11.87714 0.00196 
 2454790.750743 11.86484 0.00184 
 2454790.762704 11.85626 0.00195 
 2454790.798579 11.85790 0.00196 
 2454790.835882 11.84045 0.00191 
 2454790.858813 11.84178 0.00201 
 2454790.866473 11.68664 0.00198 
 2454790.874105 11.86782 0.00194 
 2454790.878635 11.86013 0.00195 
 2454790.883177 11.87330 0.00190 
 2454790.887715 11.86928 0.00188 
 2454790.892253 11.87315 0.00186 
 2454790.896789 11.87415 0.00200 
 2454790.901313 11.87873 0.00191 
 2454790.908235 11.86048 0.00191 
 2454791.749116 11.85657 0.00185 
 2454791.761086 11.65603 0.00188 
 2454791.773037 11.77096 0.00183 
 2454791.784978 11.81075 0.00186 
 2454791.828055 11.86725 0.00193 
 2454791.847657 11.82104 0.00184 
 2454791.874688 11.83610 0.00190 
 2454791.882096 11.89672 0.00175 
 2454791.889512 11.86394 0.00206 
 2454791.896929 11.84006 0.00194 
 2454791.904346 11.84954 0.00193 
 2454792.757885 11.88925 0.00184 
 2454792.769829 11.90228 0.00145 
 2454792.781785 11.89204 0.00170 
 2454792.875863 12.06058 0.00195 
 2454792.885475 11.84169 0.00193 
 2454792.904719 11.91320 0.00159 
 2454793.777071 12.79179 0.00181 
 2454794.740211 11.86153 0.00181 
 2454794.752176 11.86859 0.00187 
 2454794.764138 11.85397 0.00186 
 2454794.776090 11.80802 0.00188 
 2454794.790295 11.69833 0.00179 
 2454794.809543 11.86206 0.00192 
 2454794.828960 11.63177 0.00184 
 2454794.838759 11.85896 0.00184 
 2454794.860584 11.86031 0.00208 
 2454794.870191 11.87983 0.00179 
 2454794.889436 11.89648 0.00187 
 2454794.899059 11.93240 0.00157 
